   8.1785397152162967E-005
   7.4466223844253668E-005
   1.0510104416442557E-004
   6.9975411939402965E-005
   1.2282498805555063E-004
   1.0506430646844664E-004
   6.5394157282925458E-005
   6.4439946511975199E-005
   8.0062656126700152E-005
   7.0245511060383102E-005
   7.7344457076839251E-005
   8.3352938391639266E-005
   1.1951806695910089E-004
   7.0199673220490189E-005
   7.6744826101742211E-005
   7.4710743484487173E-005
   8.6643417131677727E-005
   7.4279480212434296E-005
   6.0272868451000263E-005
   9.8891159671035764E-005
   1.2785233318180644E-004
   6.9866618380847692E-005
   7.4494410781233704E-005
   9.5250675950611251E-005
   9.9819608669773181E-005
   9.2928596292603567E-005
   7.8959509738748906E-005
   6.9327515996675816E-005
   7.6731943997500714E-005
   6.3909543606161578E-005
   9.7017659128107098E-005
   1.1459760373205717E-004
   7.6437735815799662E-005
   1.0009495254197618E-004
   7.2532892396550674E-005
   7.2538283473818003E-005
   7.7787090772650632E-005
   1.1396772900564226E-004
   1.5602664936822187E-004
   9.0021054135640833E-005
   7.7213305176205874E-005
   1.0279867447701093E-004
   1.0012850535366758E-004
   1.0687089952180987E-004
   1.1182177219393669E-004
   7.6906431560831910E-005
   1.3773950198248081E-004
   5.3278884474756592E-005
   1.1952709810248217E-004
   9.7646979291283095E-005
   6.8973433228664103E-005
   1.0762164479395551E-004
   8.6579198778049900E-005
   7.9237011727317590E-005
   8.1033307825395404E-005
   7.5819892590161275E-005
   6.7323741242605292E-005
   8.7969486890724784E-005
   1.5428017838335908E-004
   1.0839729081798745E-004
   7.9050457878986961E-005
   8.7944457185887777E-005
   7.3528473428646673E-005
   7.9964419349348766E-005
   4.5218791735854828E-005
   8.2735304808209407E-005
   7.3430286152873390E-005
   1.1074656970333663E-004
   1.2438111827231852E-004
   1.0086673985685653E-004
   7.6583940402394921E-005
   9.8614841794607708E-005
   1.7084003000356632E-004
   9.2429199532612958E-005
   5.6230836927833821E-005
   1.4173022505707458E-004
   8.4514739130742042E-005
   9.4909989097314925E-005
   1.3483917937278322E-004
   8.4944572298120574E-005
   6.9922223308196654E-005
   5.8094618843130314E-005
   6.8570245965492632E-005
   7.5402988651119868E-005
   7.6850363480839514E-005
   7.1228431005553123E-005
   6.3283109003962659E-005
   9.8435944730954316E-005
   1.0526515013149781E-004
   1.1229716438902476E-004
   1.0745820167497566E-004
   9.3044456723592823E-005
   9.6442390835086933E-005
   1.4948797426126166E-004
   7.9586317449349122E-005
   7.5466843437457502E-005
   5.9178733669701104E-005
   1.4699720324080323E-004
   8.7219387530099651E-005
   9.1181792952713169E-005
   6.0913379760483793E-005
   6.0149855600165075E-005
   8.2342774201115819E-005
   5.8502360461357218E-005
   1.1524653667133059E-004
   1.0321899756680016E-004
   1.0717200119581043E-004
   1.0052274931373326E-004
   9.6148372040589838E-005
   6.3919819114883434E-005
   6.0468124063130575E-005
   7.6016442336436860E-005
   6.7193591249389676E-005
   5.6795761676874209E-005
   7.2077734638766074E-005
   5.5603945954920030E-005
   7.5425142427561163E-005
   4.7576669362891205E-005
   1.0537356342052129E-004
   8.6935878137912341E-005
   9.9376596864252052E-005
   5.8650897183017511E-005
   9.5549759549092326E-005
   6.8675341180310582E-005
   1.2764682684260592E-004
   7.0514400157138961E-005
   6.7277484470542432E-005
   6.4976673139891696E-005
   8.8934942165908753E-005
   6.6273357602538531E-005
   1.0111784401143619E-004
   8.7234981467289790E-005
   1.0286696506760866E-004
   1.0374981926878655E-004
   1.2865817847700035E-004
   1.0017459623415751E-004
   7.3352276006541568E-005
   6.5428697694321341E-005
   1.0631333584034749E-004
   1.0035444555028533E-004
   7.3879234486802929E-005
   1.3785366450060185E-004
   1.5606445955486557E-004
   8.9140782237154530E-005
   1.0342765055807312E-004
   1.3714514508017598E-004
   9.8982361621356010E-005
   9.1266535232765704E-005
   8.6849198253859599E-005
   8.7464715435319726E-005
   5.8320452262833572E-005
   1.1338898834453618E-004
   8.6283927994292318E-005
   8.5626563883740736E-005
   1.0981378398174416E-004
   1.2048233860835007E-004
   1.2830445768311432E-004
   1.4692923489280824E-004
   8.5011286052846737E-005
   6.9968936371074799E-005
   8.6368077786051211E-005
   6.5374453924665842E-005
   9.9180480258512872E-005
   1.2202253445802790E-004
   7.6062636946219229E-005
   9.1302733447350449E-005
   8.5254147571282946E-005
   9.0938596302356508E-005
   9.2003500289458169E-005
   6.6627338338183002E-005
   8.2890207678330642E-005
   1.4700495008748097E-004
   9.2966623589792302E-005
   8.4077450227406885E-005
   8.1360822325229673E-005
   6.5981433426646886E-005
   5.3681178828758378E-005
   9.5572107965042924E-005
   9.4666344167596581E-005
   7.5648363084229530E-005
   1.2983795935136533E-004
   1.1684199511268590E-004
   9.8665472809539314E-005
   1.0520295076838161E-004
   8.9913706396569092E-005
   6.1661202898819712E-005
   1.0584730279829034E-004
   1.1769246785260385E-004
   7.3631627467106079E-005
   7.0687479746573450E-005
   5.2575418283575857E-005
   8.6399033256263355E-005
   6.3417470990543800E-005
   9.8742735801616939E-005
   8.1675481273055269E-005
   8.0498008482873272E-005
   1.2059724064739555E-004
   9.3017874467551993E-005
   1.3862141319364723E-004
   9.5099898512284980E-005
   7.4093271915020892E-005
   6.9245876523341747E-005
   7.5662102573035957E-005
   5.6237992308042536E-005
   7.1952500230841631E-005
   7.7432034650816667E-005
   1.2289489638572370E-004
   7.3956905200675140E-005
   1.0986580920921405E-004
   9.4520599019894244E-005
   5.5851235955526674E-005
   6.0108287643776725E-005
   1.6738148254956536E-004
   8.2414614659181030E-005
   6.8335842343491442E-005
   1.1467683679628397E-004
   7.5578179338736231E-005
   1.5311426772158588E-004
   8.7244116910169920E-005
   1.0190373007447682E-004
   1.0643939685851600E-004
   9.9685031032189275E-005
   9.3041723129634236E-005
   8.9888820609357339E-005
   1.0775655602331329E-004
   9.0574917275351762E-005
   8.6070258928220208E-005
   1.4323923009750060E-004
   7.4818469747401419E-005
   1.0451077442441064E-004
   1.0837996939115285E-004
   1.2701196494899523E-004
   8.9864437284258952E-005
   7.0234809201145617E-005
   1.0914275999278117E-004
   8.4107990018014535E-005
   6.9582463940745331E-005
   6.4365575050394982E-005
   6.3867066596683345E-005
   8.2381199747790150E-005
   8.1277271676760842E-005
   7.5579168746676194E-005
   8.7450550501003274E-005
   1.0982110294061856E-004
   9.7763245429364825E-005
   1.3873576375199328E-004
   8.5684732144033972E-005
   1.1535642735157897E-004
   1.1850302187808448E-004
   1.1199355784522246E-004
   9.6953105397228019E-005
   1.1978888087608566E-004
   6.9976715854076736E-005
   9.5691461558728685E-005
   1.0602278355187545E-004
   8.6026834344102345E-005
   9.6373130229475201E-005
   9.9784587589424781E-005
   1.4147013245024802E-004
   1.8149791596791892E-004
   6.9461263558168174E-005
   1.0494284086604135E-004
   5.8010179309203419E-005
   1.2155354550131939E-004
   7.0035730591910459E-005
   9.6900431773626629E-005
   1.1255076693483159E-004
   1.0369949364444390E-004
   8.8214067169891847E-005
   1.2891463238966114E-004
   1.0320301137039929E-004
   1.5007489376864898E-004
   1.1917132397136411E-004
   1.2196105390544370E-004
   1.1064155229222768E-004
   9.6622825481263393E-005
   9.3099760945138807E-005
   5.6288173444678942E-005
   7.5467850421877071E-005
   1.0591276008981452E-004
   9.9645285196151877E-005
   7.7237429746679234E-005
   8.1341045504534717E-005
   9.1749329534359197E-005
   6.7414551078543437E-005
   6.6783009767992243E-005
   1.1346794718345568E-004
   7.8606901314253158E-005
   7.5809405993625118E-005
   9.9244426045320023E-005
   9.6618021491604356E-005
   8.6946473792278066E-005
   8.5992483430778345E-005
   6.6695840733969962E-005
   8.0703571583528246E-005
   9.7227776537563889E-005
   1.0770784110157179E-004
   1.8829145976235535E-004
   7.9995127156231585E-005
   5.4201736753098408E-005
   9.4387653417503714E-005
   1.0392234522673722E-004
   1.2261959554054209E-004
   1.0923897118355126E-004
   1.0233746578540668E-004
   1.2063810391285175E-004
   1.0538090034311683E-004
   1.3715357738365200E-004
   5.8632744997918564E-005
   8.1628392037493911E-005
   6.3155637409133370E-005
   6.5763388217448952E-005
   6.4217479132816510E-005
   1.5847233310756602E-004
   7.5495565893954372E-005
   1.2555929122351681E-004
   8.6598604043887568E-005
   8.2860929103487427E-005
   8.5422182773381766E-005
   1.0921749635528097E-004
   6.7621940686156664E-005
   1.0696758759409959E-004
   1.0963142208491900E-004
   8.5379341022653405E-005
   7.0485643894870108E-005
   1.3855952246152905E-004
   6.7104052027740880E-005
   1.4548510765736078E-004
   8.6502699362063588E-005
   1.0342009313662935E-004
   1.1001369791551786E-004
   7.1801849140347079E-005
   5.5807920909773870E-005
   7.7411032548360635E-005
   4.7370135912109253E-005
   5.7347876082777909E-005
   1.2150498333944573E-004
   9.1942993633263839E-005
   1.3165539427507751E-004
   8.2763513582113720E-005
   8.8990136683453469E-005
   6.6068336686869497E-005
   9.8483266069199156E-005
   6.8685696101450987E-005
   6.8140699526596582E-005
   7.4140609657690059E-005
   5.9340667473335390E-005
   7.7933978019547538E-005
   8.4205169317030080E-005
   8.4439752720990026E-005
   1.0516366576770575E-004
   1.6197580987806445E-004
   1.0075645342141331E-004
   9.6467060410056972E-005
   1.0795259079916554E-004
   9.6807066903714919E-005
   1.4123895155859721E-004
   8.4792452709091362E-005
   7.6566012229865231E-005
   6.7993994960147025E-005
   1.1430453291755326E-004
   1.7384382735427832E-004
   9.0419883364004940E-005
   6.5198099052742294E-005
   1.2906831860493714E-004
   7.7308262505141972E-005
   9.1404357121036215E-005
   7.2082747294534730E-005
   7.4735260840150513E-005
   7.2120666028591986E-005
   6.3725053067383675E-005
   6.5139403088863314E-005
   5.2211533469031264E-005
   6.6821153535986689E-005
   6.2357162743234022E-005
   9.3315102882686674E-005
   1.7241002137626874E-004
   8.9354708900272345E-005
   6.1882218112256244E-005
   8.9677121433910008E-005
   7.5953625968826411E-005
   8.3482366509567688E-005
   8.7920655014590620E-005
   5.9912127850589665E-005
   9.7867657448681125E-005
   1.0495611721844268E-004
   5.6562405055095833E-005
   9.0384930141462652E-005
   1.0663702071263940E-004
   1.2037530033199326E-004
   3.7058219917165421E-005
   9.2962858697893155E-005
   1.2828416173458541E-004
   9.5380599848871459E-005
   8.9501606098305248E-005
   6.3510651823209225E-005
   8.2363765534206336E-005
   1.0893137549394387E-004
   6.1317987247260677E-005
   1.3252981342037646E-004
   8.4673924501817421E-005
   1.2300377912854432E-004
   7.2105200045022500E-005
   7.8625423191460120E-005
   4.9104121804090715E-005
   9.6992051050434302E-005
   8.3633850477451841E-005
   7.6457713754316640E-005
   1.0068319319517919E-004
   8.7773320959788371E-005
   8.3823972330904784E-005
   1.1767013339521198E-004
   7.3526198986120686E-005
   7.8202728250444792E-005
   8.9394389550293571E-005
   1.1982169158432964E-004
   6.1505167884547981E-005
   9.9747725882304845E-005
   1.1087444812162207E-004
   7.8934552290324544E-005
   9.9913991939668063E-005
   8.2525181746810175E-005
   1.1123136087495865E-004
   7.4981042079527070E-005
   1.7717983541606604E-004
   6.9692150960571500E-005
   1.1613523446458518E-004
   8.1745108348186323E-005
   5.5328160321784131E-005
   6.4763202775942931E-005
   9.7612773171717242E-005
   5.4074041013558426E-005
   8.5327389127588311E-005
   8.0334554488292934E-005
   1.1079521620838419E-004
   1.2557909412622329E-004
   7.0111352525949303E-005
   6.6232338389043307E-005
   9.7914611600822272E-005
   7.5713365423745054E-005
   1.0488790964035225E-004
   1.0759921854466809E-004
   1.1980758109639417E-004
   8.0256358639630416E-005
   1.1540131487100525E-004
   1.0406226869714935E-004
   6.4084913567151783E-005
   7.2135594591418852E-005
   1.3122300496612980E-004
   6.5698189715899708E-005
   7.4358273661335057E-005
   8.1451526176190024E-005
   7.4542199733573450E-005
   1.0148637633092748E-004
   8.2394310675468191E-005
   1.6926729605905232E-004
   8.8554528535240984E-005
   6.5838569328087525E-005
   1.2497481710395988E-004
   8.8600474564828324E-005
   8.8486578859911399E-005
   4.9878925563456978E-005
   6.6958055585893058E-005
   6.4353477042859085E-005
   6.6479003695650880E-005
   8.9954324532336076E-005
   1.2485066838649101E-004
   1.2312266338192091E-004
   1.1690872710658933E-004
   8.3454171306350741E-005
   1.1869805752067856E-004
   1.2370209448042606E-004
   9.6886371356676618E-005
   1.1729912706186037E-004
   9.7822453983100136E-005
   5.7500805079760455E-005
   6.4354557567995735E-005
   5.2419376776041641E-005
   6.8486217085212919E-005
   1.4223804008104538E-004
   8.4501377937447379E-005
   6.9149167500398573E-005
   9.2907236930441748E-005
   1.1093618068527967E-004
   6.2785354625533965E-005
   1.1618076627528306E-004
   1.3547396623902471E-004
   6.7409299635432369E-005
   9.1295883250662983E-005
   1.0270308224215361E-004
   1.0472228649793526E-004
   1.8109937952308692E-004
   6.4608498264760779E-005
   7.6786165604082862E-005
   7.1124126429316240E-005
   8.5960210561542916E-005
   1.0388205635010939E-004
   9.8425331361734432E-005
   7.3921963323037943E-005
   1.1469573507157622E-004
   5.9373352987316028E-005
   8.1221900581396458E-005
   7.3199727047558336E-005
   6.6249613767611871E-005
   1.3889020760519965E-004
   8.3608886330878107E-005
   1.4691122004564466E-004
   9.3478815668461405E-005
   8.0003847599020524E-005
   7.1533951981906656E-005
   7.9889844776473730E-005
   9.8200475087612861E-005
   9.4719232538550223E-005
   9.4114751458294272E-005
   7.0066152554702652E-005
   9.6201301666159618E-005
   9.8404649053356513E-005
   9.1164521829417794E-005
   7.5639595078066927E-005
   6.9276465828768170E-005
   7.0226075797446934E-005
   4.6189508398030713E-005
   6.0802717876298050E-005
   7.1306910842663146E-005
   8.0070359983831817E-005
   7.6528159852345414E-005
   4.9559123470711409E-005
   8.0551330614543292E-005
   6.2470288052742063E-005
   7.1581847486363521E-005
   8.1787476225599558E-005
   8.2224320278256083E-005
   8.2884898084898185E-005
   5.2506287586493013E-005
   7.2560635991044669E-005
   9.0304726579061044E-005
   9.0599383405673900E-005
   1.0262732550048245E-004
   7.2698052756752689E-005
   7.1573112429242620E-005
   5.7090940144682825E-005
   8.5465267013479533E-005
   9.3982619177482272E-005
   7.3433744458410675E-005
   8.0298753222714394E-005
   8.0029427218355584E-005
   1.2051762387098779E-004
   6.4209967217386635E-005
   1.2379484513029091E-004
   9.0582446000272204E-005
   1.1502340484923524E-004
   8.9535559233904277E-005
   6.6849491782251447E-005
   6.8820691655611997E-005
   7.5287684383306143E-005
   7.8942015983438508E-005
   6.2031188661920385E-005
   8.3914717525749289E-005
   1.0928320443810367E-004
   8.7776310858333603E-005
   1.1027097682031027E-004
   8.2340243531447152E-005
   8.8166783037607488E-005
   8.1333620393414337E-005
   1.1903212072981560E-004
   7.7356755880306951E-005
   7.6557715663709086E-005
   1.3486902555622467E-004
   1.1108248826067624E-004
   1.0831498733082966E-004
   9.8879287977956490E-005
   8.7768623200682957E-005
   7.5745575898000052E-005
   1.0806163499628486E-004
   1.1183958058917103E-004
   9.2827553210746998E-005
   5.2827497004716212E-005
   1.1811826194798510E-004
   9.6085633877925070E-005
   8.9849847969397187E-005
   5.9019588411988213E-005
   1.2267289386019153E-004
   8.4623691588937735E-005
   6.7391926612709867E-005
   8.1481549757167457E-005
   6.4242181632775957E-005
   1.0680514682898492E-004
   8.4685493094325279E-005
   6.2068308492409382E-005
   1.1972267376799440E-004
   4.7321472543613393E-005
   8.3033588550316016E-005
   1.2266344129334411E-004
   1.5095750845928025E-004
   9.5132247892352475E-005
   1.0314974693957635E-004
   7.1886245237790371E-005
   1.0550515965333760E-004
   7.6056113825449749E-005
   5.9109892892572636E-005
   1.6026534887973455E-004
   1.2326942740410057E-004
   1.1280517232409317E-004
   1.1246722918133006E-004
   8.0588849381745339E-005
   7.5184318893233506E-005
   6.7601880888850123E-005
   1.0672733639203612E-004
   7.6390720346267301E-005
   8.5120958738874286E-005
   7.7876107883843634E-005
   1.1070154672272395E-004
   1.2903135023986895E-004
   8.0880213758231789E-005
   1.2363320314035168E-004
   6.6916676379685057E-005
   8.4586353596673541E-005
   7.0700369467054645E-005
   1.0412825902693746E-004
   9.7946078364648253E-005
   8.5242224864985391E-005
   1.2997832730029694E-004
   4.9462021580705906E-005
   1.1116343730451361E-004
   7.8702786994707297E-005
   6.3850262106056416E-005
   6.3002635138037789E-005
   1.7914049280781755E-004
   6.8240404967117766E-005
   7.8071733763174209E-005
   8.6458265709584304E-005
   7.3669216688382355E-005
   1.1766919134544569E-004
   8.9509618657984447E-005
   3.5400286723748402E-005
   9.1299070920424584E-005
   1.0432107098709709E-004
   7.0501992499470245E-005
   1.1282814132585855E-004
   8.4040363146275300E-005
   1.1088761112658145E-004
   1.4023756939412815E-004
   9.4138583239746835E-005
   1.2366272316860732E-004
   1.1963181207463296E-004
   8.2440282932985841E-005
   7.7835699264613663E-005
   7.7564682446549851E-005
   1.7907192483979019E-004
   5.6858237957348077E-005
   9.5425411027606186E-005
   1.2535394544355993E-004
   8.2848950955823042E-005
   7.6375790426561971E-005
   9.8119161744957529E-005
   8.8116046214345632E-005
   6.5613529918992825E-005
   1.0313333558462928E-004
   1.1232004513106683E-004
   1.1535730365192031E-004
   9.4586308140623903E-005
   1.3270965233718208E-004
   8.2941618297956675E-005
   1.0010297956599312E-004
   4.9073214138002980E-005
   6.4985192450706970E-005
   7.5818363759098619E-005
   8.7882912135722960E-005
   7.7074129269291819E-005
   9.2948474779411944E-005
   1.0991704044933687E-004
   1.2621701621161175E-004
   6.8114685220101409E-005
   9.7272384733186078E-005
   1.5330851438134639E-004
   1.1143006309115761E-004
   9.3402247306631429E-005
   7.9468316524817592E-005
   5.7972432024742173E-005
   7.2494412495677062E-005
   7.3386444045679287E-005
   7.5879848292647426E-005
   7.8239276327367774E-005
   6.6120080889867311E-005
   1.4402972070172277E-004
   1.0806032380189127E-004
   8.3429842119378710E-005
   1.0751263195839471E-004
   1.6432894355150043E-004
   1.1685657156242976E-004
   7.7763065161265090E-005
   7.1275908589051433E-005
   7.4140225918998724E-005
   7.1623104460177150E-005
   1.0113763137642445E-004
   1.0233067394081816E-004
   8.2656950493368450E-005
   5.6436344806142744E-005
   8.2009868204735163E-005
   9.9847645474189744E-005
   1.4397973136082268E-004
   8.4854915079113786E-005
   1.4285265561688346E-004
   8.6239477412686219E-005
   7.7084877114925947E-005
   5.8171424616419793E-005
   9.6817747540394256E-005
   7.6776732527259755E-005
   6.6225646135390049E-005
   9.0090108592144716E-005
   1.0037499157168224E-004
   9.7368948676078619E-005
   6.6640269470484201E-005
   1.5393059978279273E-004
   8.0662406263871890E-005
   7.3485920480868616E-005
   7.1848972025521305E-005
   9.2080900555785637E-005
   1.1472010889974354E-004
   8.1622987339126119E-005
   6.0573312632468434E-005
   8.2728235645354085E-005
   9.3447771636377423E-005
   8.1625136889712827E-005
   8.3231499504965781E-005
   2.0025529257197488E-004
   1.0508673678952328E-004
   8.8339255015070661E-005
   1.0796025529937229E-004
   7.7929341207985130E-005
   5.4278186960066329E-005
   8.2267470531933353E-005
   1.1556438619357775E-004
   8.2409711864145135E-005
   5.8719586571929427E-005
   8.3676091997827626E-005
   1.5217466386021193E-004
   7.7858018285195988E-005
   8.2841743503962256E-005
   9.7452093338968487E-005
   8.4627025161360586E-005
   7.1618339776309374E-005
   8.2130982901582595E-005
   8.1626688531810432E-005
   1.3504817926873034E-004
   1.0024857735447238E-004
   8.4124344491295431E-005
   1.1029448367247236E-004
   1.0505034611032514E-004
   9.7791354008076257E-005
   7.7776296073413367E-005
   1.0819627832972252E-004
   1.2645735888114001E-004
   7.6344642433709975E-005
   1.1864525816415130E-004
   9.1219360522497945E-005
   8.1440366567774974E-005
   5.7655071343758879E-005
   1.2642064084905817E-004
   6.4503914350787022E-005
   1.1833415204557726E-004
   1.8863894100892289E-004
   4.8773303446154423E-005
   8.2659284486544412E-005
   7.8608236291285004E-005
   1.2120958276143615E-004
   9.6332142147157894E-005
   1.2553508755222764E-004
   7.9407643473509604E-005
   6.7559271301441065E-005
   5.2151679286757211E-005
   6.1457756683838869E-005
   6.1465881947643953E-005
   7.2964041499382681E-005
   5.0068587569066917E-005
   1.1498453234962645E-004
   9.6687965366479441E-005
   7.4802016696277451E-005
   9.2397882490195804E-005
   1.1818751057672219E-004
   1.1225799192603666E-004
   9.4037358822949104E-005
   3.7644306304999344E-005
   1.1048600948239428E-004
   9.8162230906595100E-005
   1.1218437651473840E-004
   5.6023454450831691E-005
   7.0019749084736130E-005
   9.9242072084615969E-005
   1.1946602206999405E-004
   9.0343147926568468E-005
   7.8604992576884178E-005
   1.0510002475368618E-004
   6.0477017168939106E-005
   9.0366846816105853E-005
   1.1276023502812763E-004
   5.0776790534863519E-005
   8.1307631443758446E-005
   1.4071745460796184E-004
   6.7076966883017938E-005
   5.5464079419134033E-005
   7.7068655142184197E-005
   1.1431765953366853E-004
   5.8419121873563742E-005
   5.6150668943352448E-005
   8.4218315219377102E-005
   8.6662948785154085E-005
   5.9316820344226847E-005
   7.0164861639426883E-005
   8.1001454397248364E-005
   6.6295078509771046E-005
   9.1831896612812826E-005
   8.4164439678072300E-005
   7.9905883449986250E-005
   9.6232266479175406E-005
   1.0336386294863190E-004
   9.6061575600027589E-005
   7.9355753762065393E-005
   9.4944508533087281E-005
   7.0947899210122402E-005
   9.9002528462641213E-005
   8.3642395118808314E-005
   9.0819677990724095E-005
   8.0424804507136786E-005
   7.4316932547222099E-005
   7.4488947426056007E-005
   7.0607055192052029E-005
   7.3605474429108979E-005
   8.2325242404772465E-005
   8.2413545588492054E-005
   8.0202221705795204E-005
   6.8663955434456597E-005
   8.5505507106082253E-005
   1.1515772302865951E-004
   9.2471659226227022E-005
   8.3720971815453378E-005
   9.2206601471689624E-005
   8.1770025166467324E-005
   2.1746703573942154E-004
   1.1650644570753732E-004
   5.6915529482477468E-005
   1.2286633526955885E-004
   1.1329781386481323E-004
   7.2720816611294747E-005
   8.5795638328638334E-005
   8.6924214029353482E-005
   1.2997330403934247E-004
   7.6718415813584702E-005
   8.7501764034585451E-005
   9.4907044578731119E-005
   8.2177696220256979E-005
   6.9755995089961479E-005
   8.1331304749911990E-005
   9.7483210163580279E-005
   1.5343775791588926E-004
   1.0372709648515097E-004
   5.6469336349220696E-005
   1.0413345947942162E-004
   7.0759200594506220E-005
   1.4011177198707016E-004
   9.2897400407656591E-005
   1.3210972240583187E-004
   8.9351463653963156E-005
   9.0806570134509466E-005
   7.4084954083845746E-005
   1.0605024060331133E-004
   8.1605853309555450E-005
   5.3300611192316953E-005
   7.4451191720885745E-005
   8.6161018801371908E-005
   6.9017564768383176E-005
   9.0387369824595522E-005
   9.8796412969258746E-005
   8.3574007456690074E-005
   5.7423235282427739E-005
   1.1711254155329113E-004
   5.4359506169227964E-005
   8.2990154598997317E-005
   9.6980588344159032E-005
   1.0837290108241284E-004
   1.6262839743295748E-004
   8.1987447719574860E-005
   7.5489985783898367E-005
   9.3956409803574341E-005
   8.3426978266880870E-005
   7.4413297302282721E-005
   9.1168978717668072E-005
   1.2596172287026656E-004
   1.6747693234510892E-004
   1.5300299979648099E-004
   7.8547587844493710E-005
   7.6526578204178051E-005
   6.7556446991338557E-005
   1.0077501272084915E-004
   7.9423685392909964E-005
   1.0204960303602220E-004
   8.5896052079971811E-005
   6.9673857980999610E-005
   1.3952005671640758E-004
   8.9407069337665986E-005
   1.1074063981491311E-004
   7.0691079499128205E-005
   1.0642673942958055E-004
   1.0575984739007425E-004
   9.5637170482213490E-005
   1.0049713688015297E-004
   9.4103067930858736E-005
   9.3840819940080658E-005
   8.3559549428873956E-005
   8.5060486981867065E-005
   9.8959545505941565E-005
   1.0442660577802826E-004
   1.0314896107145766E-004
   1.2705188152028327E-004
   1.5602462803654562E-004
   1.7940578282161799E-004
   9.3603652398065385E-005
   6.5788649377223138E-005
   6.2142227594920072E-005
   6.2722993772605995E-005
   7.9373925871447694E-005
   8.9089145108053449E-005
   7.2859604517582614E-005
   9.4339648991569367E-005
   1.0150976374002229E-004
   4.9735638589399341E-005
   5.8508609800680657E-005
   1.0355626146119751E-004
   8.3898214051719616E-005
   1.1371265596256416E-004
   1.2945011691962169E-004
   6.5594524769885785E-005
   9.8818537308807054E-005
   1.0204024137994443E-004
   7.8264482576577787E-005
   1.0764486915312157E-004
   1.1684718868864533E-004
   1.0483127808531564E-004
   8.4625169730284078E-005
   1.1139189108930132E-004
   6.0918383586137431E-005
   6.1916151468646824E-005
   1.0905323077340244E-004
   6.5196293311035403E-005
   4.1432027304030231E-005
   8.3500442954808030E-005
   1.0913987220614832E-004
   6.1537432660334782E-005
   7.8784640730732465E-005
   1.1173550451133465E-004
   1.2388173702948719E-004
   8.8579303178328044E-005
   7.6051619903224477E-005
   1.3147416279658540E-004
   8.3578516007183710E-005
   7.7213763366392458E-005
   5.7766281573239058E-005
   9.4364886667591826E-005
   1.1450142036839825E-004
   1.0195256919664670E-004
   8.4724998864568515E-005
   1.1130074729293482E-004
   5.1475942850596687E-005
   1.0151025379439341E-004
   7.9142741194932208E-005
   1.1268348212852308E-004
   1.0917710443042274E-004
   6.0370097827977137E-005
   6.0444516442658460E-005
   1.0872217418480275E-004
   1.4982593492238525E-004
   1.0619148257833503E-004
   7.0757798417815139E-005
   1.2731881441964979E-004
   1.0832115484814792E-004
   1.5493591055718191E-004
   9.9726733297611693E-005
   7.2222715051673987E-005
   6.0087771228339596E-005
   5.4088089871053451E-005
   1.1733209069865961E-004
   1.5766750762561185E-004
   6.4952512996630727E-005
   6.9357357943919859E-005
   1.4972472258529621E-004
   6.8303062178796359E-005
   1.3194097879189398E-004
   7.6664076957003022E-005
   1.3225502920184367E-004
   8.4153258903334459E-005
   7.3018885549910905E-005
   1.7804685879993284E-004
   1.5739090920650946E-004
   1.1825228687408158E-004
   1.1113781678275970E-004
   1.0287235938021253E-004
   7.0808220890225263E-005
   6.7455119626741439E-005
   7.9471692408314968E-005
   6.6947006893428734E-005
   1.2630076369940965E-004
   9.6219985377955780E-005
   6.6925952573420222E-005
   6.7198676276618123E-005
   6.0414621784400261E-005
   7.2827075358123170E-005
   1.2321191294838765E-004
   9.6918904330895402E-005
   7.3897129113605536E-005
   1.0694655750614466E-004
   1.0879437526071449E-004
   9.8900339768822511E-005
   1.0551789211914350E-004
   1.1988240769590731E-004
   8.5756759710118948E-005
   1.7998378389690996E-004
   9.0496661257128978E-005
   7.3959397166341727E-005
   5.6553453835825839E-005
   7.1717768750026857E-005
   4.2591186804254417E-005
   6.3652392867587007E-005
   7.2776440209710815E-005
   7.5989747461067142E-005
   1.1018251059974740E-004
   1.1959152810340603E-004
   6.3552640017562999E-005
   7.8816222424988190E-005
   1.0905947256806033E-004
   9.4674411157775126E-005
   7.0918627859383260E-005
   6.5884509772790977E-005
   7.3889595826399202E-005
   9.6501778500884109E-005
   1.0582532830030014E-004
   1.0196167210773470E-004
   9.5491126576459164E-005
   1.8114308907455411E-004
   6.6554675263416445E-005
   1.0050715714527393E-004
   7.7631665459025818E-005
   1.0154607921275167E-004
   1.2498893474484173E-004
   5.7781950825551575E-005
   1.1383200251199455E-004
   9.0910022261776849E-005
   1.2527491714012291E-004
   9.7463358616740211E-005
   1.0486583220744547E-004
   1.7169290367798269E-004
   1.2021650765906904E-004
   1.2395703214624918E-004
   4.4654051338154393E-005
   5.8845026923997811E-005
   9.6693244307216375E-005
   8.4742833699616934E-005
   7.5712813345210433E-005
   1.2635607279764399E-004
   7.2097113100117390E-005
   1.8563913354478564E-004
   1.3527825118566611E-004
   1.0147212412119671E-004
   7.2608535794048309E-005
   8.1299228989431429E-005
   1.0599820422616060E-004
   1.3641755410082607E-004
   7.9304826109688034E-005
   9.1464306748959503E-005
   5.4742613059046337E-005
   4.3586568486521054E-005
   1.0347003476607332E-004
   1.3003576637071480E-004
   1.0625681162587218E-004
   1.1576394006850600E-004
   1.0529794985005407E-004
   8.8762198848396978E-005
   1.8956077080088530E-004
   1.0844148614535246E-004
   1.8337319228021312E-004
   1.7648442589853058E-004
   1.0275938587150662E-004
   7.7765475732110727E-005
   1.1642933266253235E-004
   9.0517075214211162E-005
   9.0865276065753284E-005
   5.9555476662869184E-005
   9.0350093225548958E-005
   1.5470445464225584E-004
   1.3529284054334518E-004
   1.3536749263182179E-004
   1.0859722599821005E-004
   6.6394215302988154E-005
   1.0117124441269365E-004
   1.3704624992816309E-004
   2.4011646222410902E-004
   9.6568888887755896E-005
   7.3203466645224927E-005
   6.8883227466623497E-005
   9.8919544674568055E-005
   9.7828731506535886E-005
   8.0527746731700898E-005
   1.4941101665237903E-004
   9.5128434651396378E-005
   7.3187733979680517E-005
   8.6279531141749538E-005
   7.7252877140535767E-005
   5.1583951020504674E-005
   1.0694099075375683E-004
   1.0333071914139952E-004
   5.3471019204394995E-005
   7.9899357091934583E-005
   8.1417391349185490E-005
   8.2875211692855108E-005
   6.6555793252359255E-005
   6.1757220710964084E-005
   7.1906052946967813E-005
   8.2013503444845520E-005
   1.4567102343153400E-004
   9.4613768523341263E-005
   8.4046112548826922E-005
   9.1652011783545327E-005
   5.4401080374476128E-005
   1.7189063591261790E-004
   9.0541739934177839E-005
   8.6150921007051650E-005
   7.1311256828682598E-005
   6.4593814434433654E-005
   1.0375500413210056E-004
   8.9960126057297751E-005
   7.0573857808132513E-005
   7.8243580600727262E-005
   1.0722979132277192E-004
   1.0267798391046568E-004
   1.1852668321138652E-004
   9.3047839408456255E-005
   8.7025483301996867E-005
   1.0341495222398455E-004
   1.1311492783904591E-004
   1.0218038203769664E-004
   8.0379176181737816E-005
   8.8915397437793435E-005
   1.2345718774739212E-004
   1.0233691942501056E-004
   7.4339461409082445E-005
   6.4483829554532826E-005
   7.0239232884417794E-005
   6.5676600381748236E-005
   1.2981270378113684E-004
   7.8770597032596843E-005
   9.8624215929237689E-005
   7.5740944225901477E-005
   7.2728585517745683E-005
   1.0275045893390619E-004
   8.4909041057715993E-005
   2.0160293939044873E-004
   1.7460114054461764E-004
   8.3537180121293040E-005
   1.1188231109294815E-004
   1.0331177066762561E-004
   1.0146447923905021E-004
   7.3612022929967427E-005
   1.7433381210293580E-004
   7.4306059933822529E-005
   8.9444802005713502E-005
   9.1226581744852645E-005
   6.2524925764296873E-005
   6.6860726715666627E-005
   1.1467142020111963E-004
   8.5390477458136864E-005
   1.3299430700455849E-004
   1.1523069338195359E-004
   8.5669230837817864E-005
   1.1668263571968985E-004
   1.4045828825424086E-004
   1.0385114366411987E-004
   2.7564371942234662E-004
   8.5188363825434418E-005
   8.5584806574667501E-005
   8.9907464247492450E-005
   7.5834175237630551E-005
   9.3958039973692214E-005
   8.9059920461215049E-005
   8.8777219350070165E-005
   1.3149124362392455E-004
   9.1108642590919070E-005
   1.0613459764265676E-004
   8.9137159749981171E-005
   1.0734586716026341E-004
   7.6257440872111643E-005
   8.5887324387928329E-005
   1.0090403995353127E-004
   5.4724123297720273E-005
   9.4117748274490771E-005
   8.8824845017955134E-005
   1.2181814632557002E-004
   6.5776590957392899E-005
   8.4664365485165625E-005
   5.8904876456968922E-005
   1.7206103393263054E-004
   1.1614713419715188E-004
   6.6310881848309186E-005
   1.5533454828603246E-004
   1.4753849469443289E-004
   8.3798022206614314E-005
   9.6257696976944837E-005
   6.9194829929350194E-005
   6.0597818952314345E-005
   1.1502412519126957E-004
   6.1765133267684244E-005
   8.6543829974686744E-005
   7.9246199900453266E-005
   9.5155008969350334E-005
   1.0913266002314098E-004
   8.8174936309533717E-005
   1.4909804130744855E-004
   1.0152693512688800E-004
   8.2849356025147412E-005
   5.5465047793359831E-005
   7.8116698136256998E-005
   1.1704498220585991E-004
   9.9015247901381944E-005
   1.0282477354710247E-004
   7.0884395659083941E-005
   5.6851622290944301E-005
   1.1661560470665393E-004
   7.1935292708539408E-005
   7.2739692547524424E-005
   7.2407076391374929E-005
   6.2650790821091424E-005
   6.9830359971556578E-005
   6.8241868890440012E-005
   8.4602837062826416E-005
   5.8716932945922927E-005
   5.9215184998822198E-005
   5.6222974090790225E-005
   6.3298086311938895E-005
   6.6295569071060689E-005
   4.7323829492925845E-005
   8.4431142692943933E-005
   1.0101446271308542E-004
   8.0754965278095241E-005
   9.0407953910876061E-005
   8.0732035300145970E-005
   9.7829177102425879E-005
   1.1076828512504548E-004
   1.4383913420340633E-004
   9.2047920140768614E-005
   7.9882148480135920E-005
   7.2432416118741109E-005
   8.6413871619521324E-005
   6.5973082090550273E-005
   8.9442866558359779E-005
   6.6416652490764377E-005
   5.0238183428080812E-005
   1.1054030420168845E-004
   7.0841514875299969E-005
   1.0232405718548102E-004
   9.8381800912365582E-005
   7.4621962139382654E-005
   6.8225811393830249E-005
   8.9989310743672922E-005
   1.3032401310980615E-004
   7.5824512344748832E-005
   8.0964638180237042E-005
   6.4833742011906245E-005
   7.1219183762704811E-005
   1.2547870843345588E-004
   1.0616084112314320E-004
   9.0322505132565137E-005
   1.0406660903672897E-004
   6.4548296518500027E-005
   1.5401895748112375E-004
   1.1539124712872062E-004
   8.7041186118326015E-005
   1.2139234283906856E-004
   8.6575787983572425E-005
   1.0525407272119519E-004
   8.3991173058427278E-005
   1.1978594923040988E-004
   9.0090123930916852E-005
   1.1931274602336946E-004
   8.1473538178093884E-005
   5.8291493099104539E-005
   8.2639579902142900E-005
   1.3784106895064680E-004
   7.8691430130494477E-005
   1.1899069007282443E-004
   7.8028568474916655E-005
   7.4074483085978903E-005
   1.0906386060140579E-004
   6.8222349149743688E-005
   9.1374504741300848E-005
   6.1275579581081816E-005
   9.1641133643164608E-005
   7.8487823357396703E-005
   5.6099928443412035E-005
   1.0279790695658239E-004
   2.0260529080829895E-004
   9.9651007007775747E-005
   9.8837213335638803E-005
   8.7972311393188162E-005
   7.7244587224986730E-005
   4.3465719535806261E-005
   1.1027062458126140E-004
   4.9923857182412395E-005
   9.0229691257230784E-005
   9.4094757167520113E-005
   8.9663783835875233E-005
   1.2445199001063148E-004
   6.1208328825563432E-005
   9.0542886696123279E-005
   8.4984653213110038E-005
   8.7518964587253711E-005
   1.1384410569359427E-004
   9.3539549368203083E-005
   7.5351359768809813E-005
   5.2277007947725717E-005
   7.3446029652501999E-005
   9.0404246700168984E-005
   6.8566074056965483E-005
   1.1456022923105700E-004
   1.2678742771268269E-004
   9.3231741224356594E-005
   8.4139938872165073E-005
   6.2667279008484381E-005
   4.3491826354549757E-005
   8.3394816371132582E-005
   1.1893890125689971E-004
   7.3653728274187695E-005
   6.5435564276998106E-005
   5.7846042680888786E-005
   1.1612529450536106E-004
   4.3105887916319207E-005
   9.3829431053059226E-005
   1.0689558600620516E-004
   9.0452410909971353E-005
   9.4225547437079609E-005
   1.2402303257570704E-004
   1.5062264278028199E-004
   7.6276871253940520E-005
   1.4457408762038826E-004
   7.5420035603802356E-005
   7.0405796559051644E-005
   7.0949541613525623E-005
   5.9275730936653080E-005
   9.7113404886886053E-005
   1.3271593961982877E-004
   6.9220767714972287E-005
   6.3070397643894338E-005
   5.0589790025072793E-005
   7.7870516698767768E-005
   8.4134465933869752E-005
   1.5834694062398597E-004
   1.0199831036977419E-004
   8.8076480982215999E-005
   7.1959085822117567E-005
   6.6021299647256223E-005
   7.2827908494520674E-005
   6.3642210762886430E-005
   8.9837400231479984E-005
   1.7865967731898699E-004
   8.9079647571771345E-005
   1.3340606491919329E-004
   1.1980503576211992E-004
   7.0048990801870552E-005
   9.9641252452072502E-005
   9.6045576937017101E-005
   7.9430726186303720E-005
   9.3584059041753451E-005
   1.1007656078240182E-004
   1.1198761209322137E-004
   1.0085126863401523E-004
   1.0813353966896658E-004
   8.9522240169990721E-005
   8.4810376212278367E-005
   1.0325061723256293E-004
   8.1246874867291758E-005
   6.7438276149557066E-005
   9.7411384617656944E-005
   7.7435998401468074E-005
   7.7682761163748085E-005
   9.2435114451953305E-005
   7.3163151294701882E-005
   7.7470596387911741E-005
   6.7297382658029655E-005
   8.5641855491907080E-005
   8.3276418488495438E-005
   8.5813924996694502E-005
   1.0413620849701545E-004
   9.8681478770587126E-005
   1.1362042375680967E-004
   1.1324401082962478E-004
   6.4123236467246238E-005
   1.0567531164799478E-004
   1.0960449508877998E-004
   7.7999309448505784E-005
   1.2247755098380853E-004
   9.2849291932911389E-005
   1.0725554371792420E-004
   1.0262976843186364E-004
   6.5886116096898343E-005
   1.5805318318865740E-004
   9.3550706481034288E-005
   1.2096998930501775E-004
   1.1670098545820587E-004
   1.0231241427231015E-004
   8.1084189215776712E-005
   9.0268111921915756E-005
   8.1347063777961298E-005
   1.6278054617179473E-004
   7.6899005098191627E-005
   8.6348261069220774E-005
   9.7949104779779383E-005
   7.5666211296606287E-005
   7.7305487015022080E-005
   1.1229453283087361E-004
   1.2293314182154969E-004
   1.1603312626566727E-004
   8.5053976174881584E-005
   6.7530812918502138E-005
   1.0049334643270863E-004
   1.0427475799918517E-004
   1.1859079131839760E-004
   1.1638677584247930E-004
   9.4197393288701850E-005
   6.1674955229935833E-005
   8.4644257751597977E-005
   7.4872213754468198E-005
   1.0087595462622225E-004
   7.1820024352448728E-005
   7.5236502747329793E-005
   7.4358353017142017E-005
   8.3617024995216206E-005
   9.3337809719217286E-005
   9.6528377215412763E-005
   9.2342731488639468E-005
   8.2725308168871828E-005
   8.1382314916246401E-005
   8.3133211001956188E-005
   1.0078315445405964E-004
   1.6575888022035077E-004
   9.6251235341183916E-005
   5.5332316998957118E-005
   6.8820070254399203E-005
   9.0910634320895636E-005
   5.5233049448363804E-005
   7.4470074885987653E-005
   7.0698005655514434E-005
   8.7523098903020372E-005
   9.9539182332090368E-005
   7.3449771904817660E-005
   5.7598254979216228E-005
   1.0351716216883246E-004
   7.8319077843349056E-005
   5.6445174019843050E-005
   7.8395317520638645E-005
   7.5997967392210430E-005
   7.0854744830463307E-005
   8.9684216527547645E-005
   1.0695624706242161E-004
   6.5222424281835082E-005
   8.3629983723477739E-005
   9.2784892973229403E-005
   1.0246035225439061E-004
   1.3912979326189301E-004
   1.1018514058886415E-004
   1.0153297616329225E-004
   7.2441411575292571E-005
   6.9439862555285535E-005
   6.1436425090586483E-005
   8.3671963585779451E-005
   1.0700179630589725E-004
   7.2851649070669009E-005
   9.7102431777666145E-005
   6.0270809220016032E-005
   8.4298619319863837E-005
   7.6569693454698752E-005
   1.0063986711636215E-004
   6.9904814496758410E-005
   9.0395776509795582E-005
   1.2144702762894494E-004
   9.5894989714395806E-005
   1.2972597967163702E-004
   8.0895563494632632E-005
   9.5842417765672108E-005
   7.4870615719970608E-005
   7.2254531775899116E-005
   6.3610012331027823E-005
   1.6167306617742051E-004
   6.4210361674248707E-005
   1.6335961773518784E-004
   1.0708905736351843E-004
   1.4177758492573154E-004
   7.1261392319986455E-005
   1.3020614386454368E-004
   1.2438673721087686E-004
   6.1870505562503484E-005
   9.1300713028384840E-005
   9.3281655405707113E-005
   8.4192554882768473E-005
   7.5089485093883667E-005
   7.0815917192267481E-005
   6.4677650131794812E-005
   1.2603373482322831E-004
   7.7012509698874145E-005
   8.0109936990216646E-005
   1.1146731340902139E-004
   7.7055542469249710E-005
   3.7391290241943105E-005
   9.8339779652147606E-005
   1.0288310468603634E-004
   7.9988439742596971E-005
   6.2352559842445991E-005
   1.1108294353805603E-004
   9.0375791360389193E-005
   9.4341098674235622E-005
   8.8368996210646655E-005
   1.3325017171500264E-004
   1.0215893223106457E-004
   8.0266278079321878E-005
   6.1388485731788439E-005
   6.0747170250848541E-005
   1.7664059558372903E-004
   9.7532954074776350E-005
   9.7989427474914434E-005
   1.7003655036465477E-004
   1.0764569802888640E-004
   7.1065530773248674E-005
   6.4509105521287131E-005
   9.3154372563628626E-005
   9.5977018411026290E-005
   7.7096554478635039E-005
   6.7852382977880136E-005
   5.9948151697111404E-005
   9.5168498709908515E-005
   6.9611341292512150E-005
   9.2977756298759040E-005
   6.0711026108578456E-005
   8.6799831547048850E-005
   5.6745909684690477E-005
   5.9248400238674437E-005
   6.8530230436352342E-005
   9.3489438954576516E-005
   9.2748555955913359E-005
   6.0269055828248405E-005
   8.1478294825747943E-005
   7.9534345593274255E-005
   7.1254641093263551E-005
   1.2890654738244813E-004
   1.1318742775156919E-004
   1.0168344626915483E-004
   1.6461543411664000E-004
   7.6594317656201872E-005
   8.9674444021090141E-005
   1.0199732131904480E-004
   1.0219510513622153E-004
   8.7909198503227136E-005
   1.5447032010872355E-004
   7.4883542213119545E-005
   8.2611988922591412E-005
   7.3020554411253020E-005
   7.9184643039620188E-005
   1.1247697501007001E-004
   8.0793064512602411E-005
   6.0713238539969481E-005
   6.8311290225575713E-005
   7.6815632652245142E-005
   1.0722253553992496E-004
   8.6834078356572955E-005
   8.5385947381734975E-005
   5.0801581123544871E-005
   7.1990261590772217E-005
   8.0134224917013564E-005
   8.8341704199130310E-005
   5.3661849903249862E-005
   5.9619213740759425E-005
   1.0639713598531400E-004
   6.8976866456360001E-005
   1.2010964063829431E-004
   1.0817248939557975E-004
   8.3533340398610084E-005
   1.0058024761922519E-004
   1.3525150482521770E-004
   8.7236639044553917E-005
   7.5387724686463468E-005
   1.1920198736813274E-004
   1.0259754611575213E-004
   1.4821379951138089E-004
   6.8753964148981611E-005
   1.0946584787173893E-004
   1.0004408277145762E-004
   5.5078892591762767E-005
   6.6611831207947933E-005
   7.6932454402198691E-005
   7.0017432033550757E-005
   1.1705807692958848E-004
   1.0549642840152741E-004
   1.8302466439383940E-004
   7.7981951236222018E-005
   8.6149752443483854E-005
   7.0333761825081838E-005
   8.4190123489697043E-005
   7.2438786533484637E-005
   6.4201346567112184E-005
   6.2774301067083433E-005
   9.2371432167568578E-005
   1.3579372314965454E-004
   1.0322188755407098E-004
   7.5838523032204476E-005
   9.2217640380762837E-005
   6.6759046859200509E-005
   6.6157353769913710E-005
   7.1103788993732937E-005
   7.1338994987040310E-005
   1.5973310478168272E-004
   9.0795413611870950E-005
   1.0429462163595873E-004
   9.4424483350389392E-005
   9.3082451240202241E-005
   1.5026832971404150E-004
   8.1469801198039989E-005
   9.4341720200708881E-005
   8.2569336083769811E-005
   6.7211594668570399E-005
   1.1961492239390669E-004
   8.8838461385076729E-005
   5.9856664968968809E-005
   6.6835017043981277E-005
   8.4702261790758074E-005
   1.0848199880555211E-004
   6.3689533612054682E-005
   1.0077955777164970E-004
   7.1058422892481080E-005
   8.9351031958160963E-005
   6.6567690196143797E-005
   1.2654862160745722E-004
   8.0554205060524904E-005
   5.1547766197523125E-005
   7.3243337545207405E-005
   1.1794808361332223E-004
   6.5298791194462767E-005
   1.0260800080204889E-004
   7.7605306626377161E-005
   1.3839489048021245E-004
   1.0661115394985375E-004
   1.3476120137919149E-004
   9.4157869426643405E-005
   8.8275678365652921E-005
   5.4217336081398401E-005
   8.4298130748300897E-005
   9.4637846652289030E-005
   7.3962417488760991E-005
   1.3710880761395801E-004
   1.1675249016611249E-004
   1.1485962885931662E-004
   1.1346415941354879E-004
   6.8966701088271791E-005
   1.9346535898926014E-004
   1.0521552371868141E-004
   7.0137797814534539E-005
   8.8051696537257371E-005
   1.1380281268528718E-004
   1.0032153435089985E-004
   8.3036373070311605E-005
   7.8291715533514790E-005
   8.5238769078948868E-005
   1.0669639245552482E-004
   1.2455119582985944E-004
   7.4282994363557143E-005
   1.1668127028879325E-004
   8.4549136920563869E-005
   1.0363561613116161E-004
   1.0237056620713945E-004
   8.5804192025355205E-005
   9.4867044063148446E-005
   7.6588607033660391E-005
   1.2722076393628946E-004
   6.2058276322423026E-005
   8.0376862290803150E-005
   7.4604573925057821E-005
   7.5779878548747960E-005
   1.2444541792647055E-004
   1.0787203885211544E-004
   9.7216761210896182E-005
   8.0069189374694429E-005
   4.8732185528616877E-005
   9.1015527200050673E-005
   7.8944802297054470E-005
   8.2394951139802550E-005
   6.8636555017851554E-005
   1.0146690530332684E-004
   7.9263064190150404E-005
   9.0658894132525153E-005
   6.9105233027608626E-005
   7.5270269727170533E-005
   1.3351442370531608E-004
   8.7155246489758700E-005
   1.3785018162307901E-004
   1.0043830711052614E-004
   7.9337257775325624E-005
   9.3133631393261626E-005
   8.6913323471255830E-005
   9.5053167601410248E-005
   6.8426165447902691E-005
   8.7636108432968441E-005
   1.0729376466502853E-004
   1.0253330327525783E-004
   8.0201040164733179E-005
   7.0836981817079254E-005
   7.1846767045717446E-005
   8.0214695216119836E-005
   1.2064223938404415E-004
   7.2932578254325322E-005
   9.5780752704941258E-005
   1.2575194966841539E-004
   9.5892434011184301E-005
   9.3064923829088060E-005
   1.1280939057484304E-004
   1.4381315580050066E-004
   1.5402077461076916E-004
   9.4268564209135479E-005
   6.6892906283248923E-005
   7.1212038676853761E-005
   9.4704792486336950E-005
   1.2936621642622469E-004
   1.1439292989345941E-004
   8.9048932208098073E-005
   1.0557553541479733E-004
