   1.2189000662188716E-004
   1.0866711855454660E-004
   9.2607188845219467E-005
   9.3577956569639717E-005
   9.1949272710533297E-005
   1.1978595438309029E-004
   1.2087977398652173E-004
   1.0434888584623477E-004
   8.5027648326155237E-005
   9.5158552610983069E-005
   1.5161017119067513E-004
   8.3100775553288922E-005
   8.1404359109267085E-005
   1.1877094013051311E-004
   7.1858849552519400E-005
   6.9353525979789804E-005
   7.2233337938234563E-005
   8.9524829521787623E-005
   7.3124673585922770E-005
   1.0154879090971608E-004
   1.2806523793450222E-004
   8.6001034393433216E-005
   7.7202698325557059E-005
   1.1080446632766959E-004
   1.2686744514641587E-004
   1.1169674869150930E-004
   1.2300791430716617E-004
   7.3672947530699649E-005
   7.7338611308716223E-005
   1.0316314950027232E-004
   7.9403941756732329E-005
   8.0176439559106642E-005
   8.9351978424897843E-005
   1.1147843486274525E-004
   7.5501938655582359E-005
   1.0947949366939314E-004
   6.4469684388086454E-005
   1.1422920019058622E-004
   9.6896555056306353E-005
   8.4981806570572327E-005
   8.4954902340040375E-005
   6.4629491991412610E-005
   8.6621673160365079E-005
   1.3981644649229793E-004
   7.9198475803008778E-005
   6.8060722648176429E-005
   7.3585144220103004E-005
   1.2088712062279707E-004
   7.5208421591509427E-005
   7.4933418002884065E-005
   1.0619768895068116E-004
   9.6399085398279034E-005
   9.4706746435881540E-005
   9.7513346324052484E-005
   6.4604759757517336E-005
   9.2334403072076720E-005
   6.8102684465273799E-005
   8.7048819272025557E-005
   1.1591864349405914E-004
   5.7331802291702288E-005
   8.2574911087152702E-005
   6.3266807196792006E-005
   7.0835769760533088E-005
   7.7307045631256434E-005
   8.0203572204296834E-005
   1.2311462443111469E-004
   1.0289796380239140E-004
   1.0354729727423171E-004
   8.4486580212976681E-005
   6.2253376970007878E-005
   7.1976589336109932E-005
   1.4822795712733083E-004
   8.3242893466266914E-005
   7.6593883724490670E-005
   9.1910770916014774E-005
   1.1617758795706914E-004
   7.1625928078064276E-005
   8.7099058740380738E-005
   6.1934870135143904E-005
   8.2756520908570597E-005
   7.0202352180190612E-005
   1.0341568609585341E-004
   8.4472472726785045E-005
   9.2852470520268972E-005
   1.1240716939925298E-004
   1.1660894792302430E-004
   7.6389562381406502E-005
   8.0879655571448265E-005
   6.7242718321271311E-005
   9.5724489656232899E-005
   1.3331168680018202E-004
   1.6687753950945678E-004
   6.3835696555788405E-005
   1.0316266866414069E-004
   9.9011366328575646E-005
   8.1542600317289490E-005
   1.1374614274124475E-004
   8.3612044805662718E-005
   1.2756560314609552E-004
   7.4783193851393154E-005
   6.8644107859458333E-005
   5.8200318105051210E-005
   7.9209016766128301E-005
   7.8396067747640722E-005
   6.1426821590046407E-005
   1.0265644134339373E-004
   1.3248878236543746E-004
   7.6255495176252508E-005
   6.5802121339344786E-005
   7.1637429077436510E-005
   1.2753140529036478E-004
   1.1367965770452698E-004
   1.1481747452434901E-004
   7.9672606135855462E-005
   1.0060785751778144E-004
   1.1736137887428130E-004
   7.3177239424648030E-005
   1.3410197188003960E-004
   1.0239646172084764E-004
   8.0223945091775328E-005
   8.6130970420201096E-005
   7.9902201714045229E-005
   8.2244907860760087E-005
   1.1585944022516835E-004
   7.5530277963598933E-005
   8.9250953175446234E-005
   6.4961282252103475E-005
   5.5896206040643390E-005
   8.1182817211492293E-005
   6.7968694065339663E-005
   8.4878342482642231E-005
   7.9079805218247880E-005
   1.1351529111031352E-004
   9.7466847287998638E-005
   8.1270189206236968E-005
   1.1496027711890913E-004
   6.2017315525535074E-005
   9.1590209070303464E-005
   6.6439231070782495E-005
   7.5706263753818275E-005
   6.1136796576659037E-005
   6.3944947156931251E-005
   6.7299167041800240E-005
   8.3236510785495566E-005
   9.4826954291761108E-005
   4.7730802007464291E-005
   9.7163382748692567E-005
   8.8542219419803433E-005
   9.3227254249242259E-005
   6.3645047363850870E-005
   5.1979913684067639E-005
   1.1228852813738068E-004
   9.0522842817098594E-005
   9.7027464180710231E-005
   8.4389736382825818E-005
   9.7270350642251476E-005
   9.1183170362189184E-005
   1.1631184889240746E-004
   1.0578556423427220E-004
   7.8488743195996265E-005
   7.9371823630914009E-005
   9.4089877830892598E-005
   1.1634701080482533E-004
   1.1133549302348534E-004
   7.1034085158531822E-005
   7.4196007271263526E-005
   6.7613104474045698E-005
   9.3843510315432519E-005
   6.7504059495208506E-005
   7.5731105041989318E-005
   6.0724703190046688E-005
   1.3993117420684330E-004
   9.2935971787250392E-005
   1.1100968583922879E-004
   9.6291728456984990E-005
   5.3943220075208310E-005
   6.8448691952495620E-005
   1.0770196148345769E-004
   1.0838958146744957E-004
   1.0058358266236306E-004
   8.3163211241440860E-005
   1.6167573305033618E-004
   7.5398561420386633E-005
   8.3049532357101243E-005
   1.5199262680312814E-004
   8.7729431382540054E-005
   1.0708569537875400E-004
   8.3322659796399170E-005
   1.1335062797857622E-004
   6.8865507246305112E-005
   8.1388003235859945E-005
   7.6997602438570677E-005
   1.3732966178347169E-004
   7.8899620732031156E-005
   7.0899026814542855E-005
   7.1956279837926594E-005
   1.0403188597194604E-004
   1.0769109778439618E-004
   1.0453867376239360E-004
   6.8904826784323828E-005
   5.1151165723787760E-005
   7.5177097393720030E-005
   8.8007335631968791E-005
   9.4366074151583444E-005
   1.0099397252340775E-004
   6.3193504106132518E-005
   1.1309220538181340E-004
   8.7245132641733232E-005
   1.0647105567937760E-004
   1.6688906362020145E-004
   1.4437965133288707E-004
   1.2427082778016551E-004
   1.1728782895186034E-004
   7.1401964090345185E-005
   1.0006272447892529E-004
   9.5763006897153134E-005
   6.4157227284894629E-005
   6.4008250870517476E-005
   8.1346020457872216E-005
   9.1430534449212287E-005
   6.3006943979468743E-005
   8.3724015426510384E-005
   9.2709011670702487E-005
   8.7904903544572865E-005
   8.5589525562736069E-005
   1.2026012289590740E-004
   1.5252332196621205E-004
   7.7529765232446375E-005
   9.2927084629777944E-005
   6.9636764015510453E-005
   7.9656482848558646E-005
   9.2045258028610743E-005
   6.5198570130995157E-005
   1.1636138588414332E-004
   1.1993404778043222E-004
   1.5686413736538845E-004
   1.5415033911605783E-004
   8.0453438532840748E-005
   7.3768078679037138E-005
   5.3714311280690522E-005
   8.7412051702669404E-005
   4.7381993334384961E-005
   1.1925626157008436E-004
   7.5793108157138218E-005
   9.7568118359011338E-005
   1.4871954736351851E-004
   1.2556507319506181E-004
   1.0066163678787813E-004
   8.6672603201103188E-005
   9.3474270208771611E-005
   7.5144962644278971E-005
   8.6440311093954422E-005
   1.4742289426199556E-004
   8.1769804148544461E-005
   1.0945698078200436E-004
   1.0975894615767536E-004
   6.7850913040304830E-005
   9.0156512891155147E-005
   8.9390666101314985E-005
   8.7761162454895350E-005
   1.2860161132903833E-004
   1.6746789178552788E-004
   1.0913640408015197E-004
   1.3686839704498102E-004
   8.3121995986930279E-005
   7.6104042077110081E-005
   8.4080784026319637E-005
   9.8616414487907706E-005
   5.6652308732883028E-005
   9.0477771405492185E-005
   5.5549162782604548E-005
   6.7422749861199371E-005
   1.4086946316249369E-004
   9.3985573252857945E-005
   1.2146778196098513E-004
   1.1585811940554535E-004
   9.1107238322106441E-005
   8.8567973334603014E-005
   1.2380385020792183E-004
   7.9320470856267570E-005
   6.9080147681957696E-005
   1.0269423052140713E-004
   9.6901805203120569E-005
   6.4094178316024408E-005
   8.4318220707126540E-005
   1.4638833830587874E-004
   1.0880707525567962E-004
   1.3239837551850972E-004
   7.9014196585609837E-005
   8.8456714287980727E-005
   8.5182330814465880E-005
   1.3899046244911865E-004
   1.4236376437931961E-004
   9.0697923885678223E-005
   8.4624142551010745E-005
   1.0933448535136223E-004
   1.0117049295642923E-004
   9.2975118528154966E-005
   9.6948381296679134E-005
   9.2616284924721683E-005
   8.2257987069078622E-005
   6.3298752700663384E-005
   6.4060716474903854E-005
   7.7078254276006714E-005
   1.1770136991180525E-004
   8.3412337820942424E-005
   8.3734588455114682E-005
   6.0268165411737482E-005
   8.5342218252765968E-005
   9.4050537520764385E-005
   1.4798620204435511E-004
   9.2320697661109422E-005
   6.8096061640506752E-005
   1.8574678195149681E-004
   1.0298659590699048E-004
   7.1810499798641240E-005
   9.1051226046851857E-005
   1.0498392849784601E-004
   1.3230548127576904E-004
   7.4786078042103852E-005
   8.9403524983997434E-005
   1.0393937829528047E-004
   9.6976343728879210E-005
   1.2786063762756605E-004
   9.4609097860989604E-005
   1.0816546539052482E-004
   8.8654451349417349E-005
   9.5431720334684372E-005
   1.0548502277065305E-004
   1.1752142679542210E-004
   1.1327920351925161E-004
   9.3395868424106778E-005
   1.2512240134184038E-004
   1.0071728783963818E-004
   7.0327516552533379E-005
   1.2517764313955672E-004
   7.6043183841350485E-005
   1.1641686444802171E-004
   6.6760566086911956E-005
   7.7930437109231373E-005
   1.0907786683934764E-004
   8.5052548179377892E-005
   1.1839264145189951E-004
   1.1469928155263412E-004
   1.2832560429764270E-004
   2.2879353261869140E-004
   8.9186833787081461E-005
   8.0313051543781167E-005
   1.1711136710803421E-004
   1.0218216631011591E-004
   1.1888604483257476E-004
   1.1661927790920054E-004
   1.0366025136071671E-004
   1.0273379362756637E-004
   1.3088309018732998E-004
   1.3041110313284215E-004
   1.3004387594635339E-004
   1.2148917983430018E-004
   1.1032647505575352E-004
   5.7912024577274376E-005
   1.1151165179329490E-004
   7.4449835324918914E-005
   1.6321463502236402E-004
   1.2236068675911449E-004
   1.3804789482351699E-004
   1.3234886708904603E-004
   1.3488975544509471E-004
   1.4962363426235939E-004
   6.4487718407838190E-005
   9.5735102919579696E-005
   9.6767318706354348E-005
   7.5279231615709124E-005
   7.6299851259040656E-005
   1.0616734969600063E-004
   1.1648836222001098E-004
   6.5642041627828008E-005
   8.5422138621910388E-005
   6.1434024113851007E-005
   9.3316386477394913E-005
   1.0093516159054733E-004
   7.0161324976215515E-005
   8.5118203536265337E-005
   8.6842645843846224E-005
   1.0359632554486629E-004
   1.1429354437703798E-004
   9.1430102275906383E-005
   6.5852956146341443E-005
   1.1777905912238579E-004
   1.1377739620351586E-004
   8.9189193350983393E-005
   7.0352578511327649E-005
   6.9646908252145331E-005
   9.7298779542268684E-005
   1.1430592193927216E-004
   7.5259368918179269E-005
   1.0356389753905179E-004
   9.1302712516064393E-005
   9.3874120672560163E-005
   7.7063371173204603E-005
   7.8990002482582825E-005
   6.8240956853618783E-005
   9.2312729228829644E-005
   1.0891098795412339E-004
   6.5152622356378227E-005
   1.0234679349116873E-004
   1.5407134394261886E-004
   7.3681290747056410E-005
   6.2589229736458786E-005
   9.6740122167385161E-005
   4.9164289664483621E-005
   7.1327299629199019E-005
   6.2813492402297806E-005
   7.4166620677849646E-005
   1.1315460266715602E-004
   7.7931070540764334E-005
   7.0899484399819410E-005
   9.8502981928419081E-005
   7.6812383207943346E-005
   7.4718259211095159E-005
   8.4889461146602736E-005
   8.0973032777408458E-005
   7.6649090409869415E-005
   7.8902338561961897E-005
   7.3401339961934347E-005
   9.6098945598340678E-005
   1.1723435846535393E-004
   1.0687605293056687E-004
   8.4104598435733740E-005
   9.9990031667949075E-005
   7.0898841277652736E-005
   1.2171865531523327E-004
   5.8905858747570266E-005
   1.2740294333092931E-004
   7.5467520492631757E-005
   7.1111620580836370E-005
   1.2464316502518494E-004
   1.5081272377543957E-004
   1.0800499391037766E-004
   9.4468612163664694E-005
   8.0964257547819476E-005
   1.1574192992002032E-004
   1.7434127065086967E-004
   9.3366395515593123E-005
   1.4533215313012720E-004
   1.4798067482133504E-004
   1.4035158507756120E-004
   1.0173051113395579E-004
   6.8982429996892000E-005
   9.6746460158020302E-005
   6.4979982666628152E-005
   1.0798437627294926E-004
   8.5080845771745247E-005
   8.8202456160074266E-005
   7.4803436815735054E-005
   8.3791298646390507E-005
   1.2657512377788383E-004
   5.7098589215726043E-005
   8.1379769784782353E-005
   7.3398961932826393E-005
   8.7546667989962842E-005
   6.3038292270759490E-005
   8.4833922547147744E-005
   1.0288451315403985E-004
   6.8553493741767258E-005
   9.5827941599010597E-005
   8.4258314542694224E-005
   1.0767134897678117E-004
   9.4649944175598553E-005
   6.2128016761142250E-005
   1.1009358891809679E-004
   1.4397022759133862E-004
   8.6567624752280657E-005
   1.3475820601212057E-004
   8.8806175231234216E-005
   8.6843320462210935E-005
   1.0040164759851545E-004
   1.0474641719444941E-004
   5.5832586706326998E-005
   9.4251619041543709E-005
   1.1838371816546120E-004
   7.7099325982855809E-005
   9.1373593872714793E-005
   7.5034161305074170E-005
   6.1583438502257627E-005
   9.3556562465905744E-005
   1.1233610510672728E-004
   9.4068487327662837E-005
   8.4272145854232658E-005
   1.4054202179250626E-004
   1.1419180121556529E-004
   7.2166985391247779E-005
   6.9076397252288452E-005
   1.0461516646074807E-004
   9.5791729049443772E-005
   9.6562897411447103E-005
   8.2388834897388771E-005
   1.0077871662139797E-004
   1.4110528215072245E-004
   7.9391235244014345E-005
   6.9500552346224607E-005
   7.3472464427720921E-005
   7.7284771858569166E-005
   9.2583924292488837E-005
   5.6843005650170325E-005
   1.4981553909533963E-004
   6.5027307697489774E-005
   9.4461615264062126E-005
   4.9479924958627864E-005
   1.1289869456428261E-004
   1.2608065120940510E-004
   1.0217526716088706E-004
   7.2639763344472912E-005
   7.7769730823116305E-005
   7.4200576523337413E-005
   7.1610471786006164E-005
   7.3638846444865752E-005
   7.8068963841328729E-005
   8.3214652882412866E-005
   1.0949611276194873E-004
   6.1828526853294774E-005
   7.5797610363502314E-005
   6.9912595131346633E-005
   6.0953343957901356E-005
   6.6443002726064031E-005
   9.4683624852301453E-005
   7.0631021433219561E-005
   8.0585505540093147E-005
   1.6221605500534164E-004
   9.0689092302062869E-005
   6.4036876474956640E-005
   9.8227229639429644E-005
   9.5924449238650781E-005
   1.0394951858148027E-004
   1.1879560539395365E-004
   8.8457028026646579E-005
   7.4003364016086103E-005
   7.4933496142087872E-005
   8.6626271467098496E-005
   1.0507389208182913E-004
   9.9683276964328778E-005
   1.2034083224783208E-004
   1.0910219827683295E-004
   1.0520494005462895E-004
   1.1375348612846137E-004
   9.1552688105006860E-005
   9.9482473937671830E-005
   1.0843902259078686E-004
   6.8830197182980247E-005
   1.3759656477481722E-004
   7.9296655494148186E-005
   6.1427480671890589E-005
   9.6335620098318890E-005
   1.3449027212536008E-004
   1.5149342984546830E-004
   1.0955331284611308E-004
   8.9382934991208161E-005
   9.2842572403597370E-005
   6.9143914122910517E-005
   6.2576823818094531E-005
   9.5619842767290288E-005
   1.1297628879817659E-004
   7.4636775490036534E-005
   5.9712771736089821E-005
   1.1194444130908187E-004
   1.0098284161152707E-004
   8.6304148204936827E-005
   1.1141739205465310E-004
   1.0107076391463881E-004
   6.5682314719609368E-005
   8.5416827708915090E-005
   9.0664036973484466E-005
   1.0209064621787775E-004
   6.5589594646129861E-005
   6.6833307173444262E-005
   5.9435268431463339E-005
   9.2641891255106361E-005
   7.9242897867582988E-005
   6.4576719592152100E-005
   1.1010614980399326E-004
   8.8122432189153302E-005
   6.7224685344838096E-005
   7.9552075164191345E-005
   5.8470443398697703E-005
   1.2168591398541671E-004
   1.1262139794107569E-004
   9.4545315889540176E-005
   5.3004869902099474E-005
   7.6957975993223349E-005
   6.0802742355792288E-005
   7.6810178655132048E-005
   8.2320516853304497E-005
   1.7526137045725782E-004
   1.2495670824690076E-004
   8.4758858867163740E-005
   1.2379918171328611E-004
   7.7625944428319962E-005
   8.0923986483425232E-005
   1.2497003597373481E-004
   1.2388815830542644E-004
   1.1930331179163958E-004
   7.8654487618973109E-005
   8.7655061780933614E-005
   8.4874725599522999E-005
   9.7646502163507384E-005
   1.0148679749331861E-004
   9.2043245535657032E-005
   7.6864902443910007E-005
   7.5458830192755844E-005
   8.0652139353451656E-005
   1.2386075085487759E-004
   9.6485574244666543E-005
   8.7192442462038987E-005
   8.1676659049952153E-005
   8.7998041213322421E-005
   9.0057029996685456E-005
   6.8615968803537129E-005
   1.2881696373487171E-004
   1.2510659841031576E-004
   6.9742073273900440E-005
   8.5359499244323908E-005
   1.0159259107711878E-004
   7.7766114092083207E-005
   1.3175402150446833E-004
   8.8192244203671186E-005
   6.1033413562533228E-005
   1.1401294834108834E-004
   8.8394665959004313E-005
   1.1522196309863075E-004
   7.0160208061122184E-005
   6.9827338263925816E-005
   1.0705267207070846E-004
   1.0872251784098229E-004
   1.3564360801090162E-004
   1.2024852584624539E-004
   9.4481057021827166E-005
   6.3125480563246765E-005
   1.5311105988772360E-004
   1.1275877219800111E-004
   1.2078686038451280E-004
   1.0140436246802250E-004
   1.1230594633249608E-004
   7.2695713946572686E-005
   1.0948338947329398E-004
   1.0357788160249282E-004
   1.2552799909377690E-004
   9.4330728933562206E-005
   9.5120621847780230E-005
   1.2156682045868170E-004
   1.0233279779423196E-004
   7.3134037715904504E-005
   9.8061487005814048E-005
   7.6775706845172044E-005
   1.2115900279761576E-004
   8.9676399706499154E-005
   1.1500045556785872E-004
   6.9902539656714670E-005
   9.5176402653523816E-005
   1.1088764814050845E-004
   1.1562213980559349E-004
   9.7653896517990659E-005
   7.9541821200244676E-005
   1.0939504810612594E-004
   8.3888079168070327E-005
   1.6436594344263700E-004
   1.0906568581944346E-004
   9.6886512416832714E-005
   7.9857164946052332E-005
   8.9210979749079942E-005
   9.8111197213481585E-005
   1.6521637874063725E-004
   1.0119106154472327E-004
   8.8514294166102610E-005
   1.0824002071013317E-004
   9.1762378134971015E-005
   1.0484366411481928E-004
   1.8875685223063669E-004
   1.0263479011072977E-004
   7.6220721949029081E-005
   1.0744893856486632E-004
   9.3166398871800547E-005
   6.0569681408967929E-005
   1.3602373268476023E-004
   8.3078449945278376E-005
   5.5942415123552409E-005
   1.1393447158990920E-004
   9.1767087735648571E-005
   1.0715431617462614E-004
   1.0105748043138455E-004
   6.9368053262016085E-005
   7.0984841693746070E-005
   1.3252458833790999E-004
   1.3290106745170768E-004
   6.0853864798780799E-005
   1.2415305824322258E-004
   1.1521104744887659E-004
   8.2773874375025781E-005
   8.6900563548374481E-005
   9.2700574016353781E-005
   1.4615514003691124E-004
   6.9840302939895278E-005
   7.7033550615806401E-005
   7.1717387087639155E-005
   9.5994167808948448E-005
   8.2055653858912353E-005
   1.9837354580910660E-004
   1.0388731784013521E-004
   1.8176619092894175E-004
   9.7610567186256209E-005
   6.7912228000193740E-005
   1.0645884082821841E-004
   1.0838111522372418E-004
   7.1165481193952930E-005
   8.5201940549063939E-005
   1.3724452379180845E-004
   1.2254387982782406E-004
   8.4145907381011990E-005
   5.7621223472567738E-005
   8.3852213394873084E-005
   9.3751516187798022E-005
   7.0492469333789743E-005
   1.3635361959543708E-004
   1.2183498108328328E-004
   9.5761038766174332E-005
   9.3152015232219950E-005
   7.3446474960356826E-005
   1.0670478161409776E-004
   1.1631399125535831E-004
   4.6389079301561045E-005
   5.5734477189410760E-005
   9.2555553782169045E-005
   8.0228474709496462E-005
   9.1084560193376872E-005
   1.1238823745869565E-004
   1.0288941168314912E-004
   5.7660219265513048E-005
   1.3862666939511007E-004
   8.7455335260697631E-005
   8.1408603621213469E-005
   1.2628000330875747E-004
   6.8900803937424411E-005
   1.1006570700638692E-004
   9.4151730352105928E-005
   9.9046392260350693E-005
   7.9362908996901408E-005
   7.9368519829749114E-005
   8.9791366750342967E-005
   8.4899988132913141E-005
   8.9530636021841468E-005
   7.6117784756270088E-005
   7.8797256981971752E-005
   8.3186143421138544E-005
   8.6429230958678637E-005
   1.2984415671015042E-004
   5.4741958267543736E-005
   7.3767122739769087E-005
   1.1244341247328007E-004
   1.3714092985453485E-004
   7.5348147239330575E-005
   8.5746277050304846E-005
   7.8122690451066880E-005
   8.2959914472933904E-005
   1.0229801828087730E-004
   7.0017433359709206E-005
   8.9690845160515889E-005
   7.7065917598061494E-005
   7.9208655103504583E-005
   6.6293224723615608E-005
   6.3357093433377839E-005
   6.4275008434729278E-005
   5.1424577341818153E-005
   1.2273765807373853E-004
   1.1691476745051462E-004
   8.3976950508238697E-005
   8.6309446206896061E-005
   6.3926368724070751E-005
   6.7186027076344683E-005
   9.7841495232293556E-005
   1.0029840225887201E-004
   4.9778838291379872E-005
   8.0179267410738510E-005
   1.1482322108445465E-004
   7.7718122956619797E-005
   1.2016671101401493E-004
   7.6333413944838926E-005
   8.1487335606459724E-005
   8.7672126636393209E-005
   7.8855710800719204E-005
   1.3688533838644997E-004
   7.6194816724128956E-005
   1.4424312953681599E-004
   1.2401198038365709E-004
   1.6880074993529944E-004
   7.1379842159100372E-005
   6.7090961204170982E-005
   5.6882185187686727E-005
   9.7971372922197016E-005
   1.0755832757672673E-004
   9.9207717606370404E-005
   8.4967703791215290E-005
   8.8483248696844395E-005
   7.6055962875246294E-005
   8.9370122757333209E-005
   8.7380882431578377E-005
   8.5915189335654990E-005
   6.9933176486767186E-005
   8.6662051778929117E-005
   9.6717407464142792E-005
   1.5092736768063534E-004
   1.3313156478268431E-004
   1.1377413943324533E-004
   9.1134216498060282E-005
   9.8613336034454656E-005
   8.2741396546948001E-005
   1.2497548470202124E-004
   1.0376169175347332E-004
   5.5868223045874611E-005
   8.0003507398970794E-005
   7.4685105588071998E-005
   5.9286504473733825E-005
   1.0504764249150649E-004
   7.4454573780943591E-005
   9.0762806195245134E-005
   7.4688899367005769E-005
   6.3563346578332251E-005
   1.1713147069313501E-004
   6.6034435358462807E-005
   1.9194586561725269E-004
   8.6421401677337826E-005
   9.2966244449715872E-005
   6.2468826790664251E-005
   8.2211226938925405E-005
   9.7064473478617212E-005
   1.0650265182310160E-004
   1.5288788762485880E-004
   8.0482903470864168E-005
   7.4954751300484283E-005
   6.9914064347045685E-005
   7.7674371405663591E-005
   1.0691695328069339E-004
   1.0116724633462624E-004
   5.8570549839012885E-005
   8.8109414823290850E-005
   1.3945537341094978E-004
   9.9496159961076676E-005
   9.2618230137245022E-005
   9.0571875686244502E-005
   1.3305807542991855E-004
   1.2469721934804041E-004
   1.3571827768397223E-004
   6.4302205693619156E-005
   1.0455234862924763E-004
   9.1331285611501108E-005
   7.7412172089079244E-005
   1.1381291179038087E-004
   7.1632746009971768E-005
   7.3222096589560987E-005
   8.9895215948164440E-005
   5.8946428631787915E-005
   7.5358734405277158E-005
   6.6354880934803507E-005
   5.8251952327149270E-005
   6.7487893967870500E-005
   8.9932135994347638E-005
   8.9148759648819252E-005
   1.4232100375882639E-004
   9.7163363620542128E-005
   5.7384423959161592E-005
   6.2542214628171313E-005
   8.4870786771138466E-005
   1.0929778731662954E-004
   9.4043277951493264E-005
   5.0589487884475163E-005
   1.1103721749182445E-004
   7.0601400891995961E-005
   6.5493525320289145E-005
   1.0350549108077775E-004
   1.1258681269008899E-004
   1.0427387027396457E-004
   7.6233737173713131E-005
   9.2191180236507385E-005
   1.0871133867524754E-004
   1.1050265141549668E-004
   8.7312075963810390E-005
   5.7048656670364413E-005
   7.7440427457460830E-005
   1.3530990676808324E-004
   1.3436917616327094E-004
   8.1913712741921513E-005
   7.6893505986295693E-005
   7.8254743970435902E-005
   8.1363631302550505E-005
   7.8719716207259301E-005
   7.1804146918999284E-005
   6.3014688252267912E-005
   1.2174409479913419E-004
   1.1712782302583319E-004
   1.1823941083462168E-004
   9.5546304342716403E-005
   8.1670630040379713E-005
   7.3685443403129124E-005
   9.5517142470520570E-005
   5.5089396141871362E-005
   6.2883785935294480E-005
   7.8580215180301064E-005
   1.4881571581655230E-004
   6.5034191228944939E-005
   6.8717133878700104E-005
   6.9676262862167527E-005
   1.3453540406427580E-004
   9.2661636292389748E-005
   9.4570705434103829E-005
   1.1825279552838571E-004
   9.2665362735505676E-005
   7.5020206369897188E-005
   9.6143231217973117E-005
   8.4101321383005386E-005
   1.0749920571018789E-004
   1.2643093721280971E-004
   1.2721770228625459E-004
   9.8373087529946969E-005
   1.0515665474094884E-004
   9.6304443846978056E-005
   6.3951256751045553E-005
   8.0123494530945889E-005
   1.5834724741478802E-004
   1.0839821898904715E-004
   1.3599453894389742E-004
   8.0214998131277094E-005
   6.1474721507578375E-005
   7.7387714875966335E-005
   7.5400281943084740E-005
   6.5116179721641680E-005
   1.2637877752006988E-004
   1.2465438896670818E-004
   7.2482023784400910E-005
   6.6793475951348777E-005
   7.4250086970346942E-005
   6.8746924799783867E-005
   5.4511004287368549E-005
   5.5341297298748727E-005
   5.5898021498780491E-005
   5.5089532920916368E-005
   5.6056809180540275E-005
   5.4171672269897052E-005
   1.3702031593547473E-004
   7.6469274248411526E-005
   1.2288508536152952E-004
   8.3895684050382902E-005
   1.4258771287323403E-004
   1.0710251779023300E-004
   9.1259199184531460E-005
   6.6400956925759797E-005
   5.4430441776744946E-005
   4.9728702945665688E-005
   8.9984541575604496E-005
   7.8547837477779527E-005
   1.1361987737255533E-004
   8.9897308964805871E-005
   1.3810338968363038E-004
   9.9237634680841302E-005
   1.0281563599932842E-004
   7.7998803821498872E-005
   9.2787696321554742E-005
   7.2121895025434446E-005
   6.2360970877886366E-005
   1.2862873071100260E-004
   7.0676922268512793E-005
   1.2132772817627553E-004
   6.9261407104273699E-005
   9.4577773324228844E-005
   7.0008259510397354E-005
   6.7777206846910028E-005
   1.3920059868652320E-004
   1.1112109193563427E-004
   1.0141272349489397E-004
   7.1502560493580958E-005
   7.0226965143864949E-005
   1.0567963614650512E-004
   1.0816686106953628E-004
   8.0879599327289385E-005
   8.1524402405073741E-005
   7.9734900052498466E-005
   5.8582255320558413E-005
   1.4099125292684847E-004
   9.0105065627066463E-005
   7.0435817808084530E-005
   7.0344713011005777E-005
   5.9044291187298082E-005
   7.5182748410780329E-005
   7.2307510946529712E-005
   1.5638516606995598E-004
   7.3350948669614999E-005
   1.3348093291765519E-004
   1.1220703598097538E-004
   9.8871926446867433E-005
   7.9691806869341489E-005
   1.0714112501023380E-004
   1.1510798969390594E-004
   8.7310287279356285E-005
   7.7389912394313544E-005
   9.2087038710647427E-005
   7.2847755692028433E-005
   1.4000431137634010E-004
   4.6982849548896426E-005
   9.0695992322784312E-005
   8.3960258608404862E-005
   9.4795640805311445E-005
   1.2013488351114417E-004
   1.0662817545796976E-004
   1.0095306888318891E-004
   1.0080208136041007E-004
   8.5255797061399639E-005
   6.4649364478573649E-005
   7.9136536767980943E-005
   1.1493276230955942E-004
   6.5923470996312778E-005
   1.2598048157920532E-004
   5.7108392048212087E-005
   5.2147363268285252E-005
   9.9810482055584531E-005
   8.7136608865093828E-005
   7.8293414324280889E-005
   7.5724023681655780E-005
   8.8371316304538359E-005
   6.6537651708050959E-005
   9.5740564706291414E-005
   9.1772470418073285E-005
   9.9479091325698347E-005
   8.0161803946254899E-005
   1.1905963475866768E-004
   1.0716120978607798E-004
   6.5699984990121024E-005
   8.4504008278094711E-005
   7.0214912503364322E-005
   1.0530319039347802E-004
   1.4705462925253908E-004
   1.1162126985511863E-004
   9.3113191114304044E-005
   9.5272706227227718E-005
   9.6460246957930229E-005
   8.4883734794900863E-005
   7.2218382871236972E-005
   9.1503259248885347E-005
   9.4555034078384976E-005
   1.2366956534660389E-004
   9.0470487241226904E-005
   7.1059554953754823E-005
   6.9230392659625639E-005
   1.1976990880880276E-004
   1.0456472803150400E-004
   6.6160397591764637E-005
   1.5321628916459900E-004
   8.1629027429844231E-005
   8.4362896019802303E-005
   6.3918911097004719E-005
   7.3763941636093594E-005
   1.3592046316676830E-004
   1.4240029186537957E-004
   9.1140590079621597E-005
   7.0435535802094586E-005
   9.1410270275705903E-005
   8.7493229917294144E-005
   8.9295314448599257E-005
   8.3596742267659654E-005
   1.1971276329197813E-004
   1.5879100610327300E-004
   7.8123302986734454E-005
   1.4871645850209747E-004
   7.3234081153981603E-005
   1.0425433400317306E-004
   8.3539347572666423E-005
   8.1662592992860685E-005
   1.1302860312527873E-004
   6.2819338601856497E-005
   5.0252647300899187E-005
   9.9831206414333949E-005
   6.4697286079097105E-005
   9.5937808322728372E-005
   6.3353606975570162E-005
   7.4352327320570464E-005
   4.7446744590645677E-005
   9.5847511113968049E-005
   7.0170117407939193E-005
   9.8346661460116698E-005
   1.2873009151158831E-004
   9.0710245509839947E-005
   7.3916664596120760E-005
   9.7864746617322556E-005
   9.4130480998354219E-005
   9.9719664841396792E-005
   7.7582829927986201E-005
   1.0374970650833529E-004
   6.8161538438321476E-005
   1.0273961921361870E-004
   7.5346703202494152E-005
   7.1284215313577410E-005
   1.6267881527412377E-004
   1.4763400551554302E-004
   1.4894074748328829E-004
   1.2119370999271603E-004
   7.5880395011513745E-005
   1.2882828467099266E-004
   7.6712051283921791E-005
   5.7116956099669115E-005
   1.1046859529699421E-004
   9.6335662420640793E-005
   1.1175423967552116E-004
   9.9376700196780092E-005
   5.5356092408400610E-005
   1.3897229382927109E-004
   1.0596147326383269E-004
   7.9052549674848703E-005
   6.6464387970173870E-005
   9.5874025240876999E-005
   8.1522484086251360E-005
   6.1690813061852993E-005
   9.8276269978532889E-005
   7.0627557446452483E-005
   8.3073578644631203E-005
   6.9649410630367596E-005
   6.8678963735158838E-005
   8.6658281691040241E-005
   8.5872357367149742E-005
   9.4416427028400269E-005
   8.8033454576888978E-005
   6.1320578785282345E-005
   1.4734049431924174E-004
   1.0238601503655354E-004
   9.7960467353554379E-005
   8.0908084963725229E-005
   9.9184491128318845E-005
   6.5260697707978179E-005
   5.6078709505057185E-005
   1.0467900278062296E-004
   9.7942019066185254E-005
   8.7115534261127968E-005
   1.1180468057950894E-004
   4.7806361993048427E-005
   5.8072451768799781E-005
   9.8486976968660368E-005
   6.5607880649821740E-005
   1.4838854269689852E-004
   1.0534285023044541E-004
   1.2676337092778719E-004
   1.3495858205401907E-004
   1.0299340054185139E-004
   9.5965359945603332E-005
   1.4072932391757243E-004
   1.1661187134283638E-004
   1.1043223402594168E-004
   9.5022278038424653E-005
   9.6307091392790740E-005
   1.3549063548825606E-004
   9.2854512212323502E-005
   9.2824366328224581E-005
   7.3474916459630768E-005
   7.8841010363137390E-005
   6.1213828976342281E-005
   8.5307651518784765E-005
   7.5026645984284154E-005
   6.9647043273901355E-005
   1.1850315398256223E-004
   8.2581451450749221E-005
   7.8058866517943733E-005
   7.8580095632910428E-005
   9.2457195568148453E-005
   7.2870728436236459E-005
   7.3089881533099519E-005
   1.3919274482937976E-004
   1.2130626947875984E-004
   1.5253614797114859E-004
   8.3572956689459659E-005
   8.5543085967751598E-005
   1.1850925758026940E-004
   8.2612616248631715E-005
   6.4170122919177296E-005
   9.1851871983238571E-005
   7.5382159160953844E-005
   9.6429546245931295E-005
   5.1628738851291321E-005
   8.9855416734989425E-005
   1.7733032270767041E-004
   1.1013557479576032E-004
   8.9927655932887089E-005
   9.7167404997218419E-005
   8.9143730991617752E-005
   1.0560409312428735E-004
   1.0625036626190269E-004
   9.4962239856075597E-005
   8.4622340884106929E-005
   1.1477644260191306E-004
   7.5726031837938522E-005
   9.8597299151530606E-005
   9.1660900797145480E-005
   9.7797041246390173E-005
   9.2503439650502140E-005
   1.3423709590518529E-004
   6.5306003920914416E-005
   7.8420935282590048E-005
   8.2624530985505402E-005
   1.3098688632377637E-004
   8.0947959437776157E-005
   8.3096153535107959E-005
   9.2952294298462838E-005
   9.1778151792299095E-005
   8.1784811514468757E-005
   1.0822804321816805E-004
   8.5275294713937173E-005
   1.0989896887009568E-004
   6.5423135873420412E-005
   9.5758231620257344E-005
   7.9219570788923479E-005
   7.2696424045937236E-005
   6.6549006086586248E-005
   1.1057345419006160E-004
   7.1105567331273585E-005
   9.8923812286097124E-005
   1.0243563223504244E-004
   8.6416285074858502E-005
   1.1727409299829135E-004
   6.1941327523814204E-005
   1.2223818031872576E-004
   8.4611704134265292E-005
   5.3659787404934545E-005
   8.3198140722066363E-005
   9.3037809623849974E-005
   7.9794693138598359E-005
   1.6100005570325148E-004
   9.5729744650480171E-005
   1.4878724687964121E-004
   6.4351229707284668E-005
   7.3950549234192653E-005
   1.0734633159099275E-004
   9.0630041249017499E-005
   1.0918115396411332E-004
   8.6305115060901678E-005
   8.9068780235736962E-005
   8.4896451055458996E-005
   9.3045071365202526E-005
   1.1077088453296473E-004
   1.1300880579736645E-004
   1.4358538402812186E-004
   7.6144196462296025E-005
   7.7866641645447308E-005
   9.0674182670707600E-005
   9.3426728226713872E-005
   7.9609055734110404E-005
   7.8006478768503654E-005
   1.5776549054114121E-004
   8.7958396687822511E-005
   9.7592167162446303E-005
   7.9481779057141897E-005
   5.9068085121289036E-005
   8.2737382056087997E-005
   9.5297095043041761E-005
   9.4231808979175057E-005
   1.0177685736435296E-004
   1.0117109307088716E-004
   1.0263925839193562E-004
   9.7072580953228132E-005
   6.6879611550534423E-005
   6.2741542524423729E-005
   9.9147767981133458E-005
   7.0696316384768579E-005
   7.9397233475746832E-005
   1.1314983653965119E-004
   9.9859250594368533E-005
   6.9993624085720811E-005
   1.1305396493427147E-004
   1.0119707421925501E-004
   1.3445033316526831E-004
   2.0770714257616377E-004
   4.7337920154157327E-005
   6.1877238955422104E-005
   7.2262369184473540E-005
   1.8740036629246267E-004
   1.1003444170006954E-004
   9.3308133263775715E-005
   7.0160354858350948E-005
   7.9007058896117215E-005
   1.0000861767487186E-004
   9.2662048527562165E-005
   8.7565142273133425E-005
   1.3637380137737409E-004
   7.0590302895109439E-005
   1.0460845370536211E-004
   7.3257515790022259E-005
   1.0290151167183879E-004
   1.1722997780925114E-004
   9.7665777821465244E-005
   1.2082592067409688E-004
   6.0613596272809289E-005
   9.5343253752977545E-005
   8.3637456334751723E-005
   1.3125503390207320E-004
   8.4416336207634716E-005
   6.4965680195449159E-005
   8.5186440361035323E-005
   1.0691497748551731E-004
   9.3809906352327645E-005
   1.0200204120466685E-004
   1.0407982110108794E-004
   1.5427777756921811E-004
   8.2928154688738682E-005
   1.6885608522896952E-004
   1.4512472740519240E-004
   8.1301538413349982E-005
   8.8620861465482379E-005
   1.0504139554281897E-004
   1.3605511231781162E-004
   9.5346958515195673E-005
   8.2725184189384290E-005
   1.1201896637894033E-004
   5.4512875297962524E-005
   6.1016762332431691E-005
   5.7791753485097825E-005
   1.1724056603489214E-004
   6.7187597172022653E-005
   9.7739387505375248E-005
   1.0565862939709850E-004
   7.7327247544316195E-005
   1.1557280296208984E-004
   7.1771727945639600E-005
   5.6972437493582095E-005
   5.6603142594787222E-005
   1.4099734874298817E-004
   7.5089952691907065E-005
   1.0898971732243991E-004
   6.6483988124759662E-005
   1.1584198714790182E-004
   8.9346673880915013E-005
   6.0514137065227498E-005
   1.0607069738696668E-004
   1.4276368406111994E-004
   1.0481974821963122E-004
   7.9385070574167698E-005
   9.5505086870550536E-005
   6.8967744098849952E-005
   7.8632127860669469E-005
   1.1590341062773954E-004
   7.4856569841081117E-005
   9.5728773044141750E-005
   1.1241277194672968E-004
   9.3590509756046717E-005
   9.8602614029540838E-005
   6.3787618084944491E-005
   7.2095534450694767E-005
   7.9657673990839593E-005
   9.1732036548364645E-005
   6.3192213485365427E-005
   1.8241534871887269E-004
   9.4521526822935901E-005
   1.0722812462140366E-004
   6.8512909819278033E-005
   1.0522038624470611E-004
   5.7199081925720981E-005
   7.9118173508239349E-005
   1.2278631918029005E-004
   5.2449497482048895E-005
   5.1151496893224062E-005
   9.3247134487012425E-005
   5.6753725687172934E-005
   8.5321980330007539E-005
   9.1836282136072242E-005
   1.1527627574650253E-004
   1.0166672115096791E-004
   7.7456446802938152E-005
   7.6847931182718815E-005
   9.9615684682927475E-005
   9.8513592746918779E-005
   9.5058041595123434E-005
   8.3919813876004454E-005
   1.0931704526586875E-004
   1.1496096581772859E-004
   9.2547080361263210E-005
   6.3991967249065000E-005
   1.2754303057619260E-004
   9.8930212293590398E-005
   9.6152749243182521E-005
   6.7331047514327863E-005
   9.3680713609004608E-005
   6.3549865338293220E-005
   5.3988626686612081E-005
   9.7214712795867111E-005
   1.2046245275677864E-004
   1.0327861799334001E-004
   6.1140062943400967E-005
   8.0959340504503806E-005
   7.6741205507926854E-005
   6.2016896715612243E-005
   1.3023316347778591E-004
   9.8595328421068458E-005
   8.1687477485861741E-005
   9.0113994718169592E-005
   8.8332419315561664E-005
   6.5186734399839887E-005
   1.0902199166109914E-004
   1.0145471474540463E-004
   8.5936283107720940E-005
   7.6606853547307369E-005
   8.6931632384416762E-005
   1.1459474003997711E-004
   1.2479368938130212E-004
   1.1513259935499179E-004
   1.1534198566511506E-004
   6.1736285356839103E-005
   8.5740554952246553E-005
   8.0323350327180903E-005
   7.7693322384716934E-005
   1.2125880470865100E-004
   2.2406692025162106E-004
   1.3373550668041375E-004
   7.9772237964733565E-005
   1.4914483840737858E-004
   7.4916414521464855E-005
   1.0356696169548082E-004
   5.6864867480973945E-005
   7.0982039722223807E-005
   5.6037279498386491E-005
   9.5461833298232418E-005
   1.0497035514599433E-004
   1.0729452624157499E-004
   1.0781225752498208E-004
   1.4328230882792564E-004
   1.1932489486266372E-004
   1.0033235787698435E-004
   6.9737814727659957E-005
   1.0492677470954306E-004
   7.4226388874657224E-005
   9.4333093220920315E-005
   7.2229390055528108E-005
   7.9581526454944508E-005
   7.9278449627344290E-005
   1.0975841846468470E-004
   1.0593656900133457E-004
   1.4652708835427689E-004
   9.4108185405566931E-005
   9.3595522831045020E-005
   6.4943215180995884E-005
   8.8412915820402566E-005
   1.0713963767915864E-004
   6.7376770426729412E-005
   5.7162797896045397E-005
   7.7077580104660876E-005
   8.4386604644514512E-005
   6.7912029555952137E-005
   1.2182488301251402E-004
   1.2011259182243282E-004
   9.7205609846457881E-005
   8.9750527120984529E-005
   8.7602470511036036E-005
   7.3619867353468563E-005
   8.7109928675720521E-005
   1.1873672456665201E-004
   8.2830739705555006E-005
   9.3505887078574462E-005
   1.2441648730341100E-004
   7.3352404086001719E-005
   6.4129014537981085E-005
   6.4293693187951595E-005
   1.6907022944758792E-004
   1.0672545737608565E-004
   5.5812890579206613E-005
   8.4627577397740122E-005
   8.3964916267108625E-005
   5.2759094230857784E-005
   7.2957327737088336E-005
   1.0632653980977633E-004
   9.5897775312400388E-005
   8.4664726120477739E-005
   1.0281664063468968E-004
   1.2512177258969706E-004
   8.6551322037804306E-005
   6.9447394415669424E-005
   6.6861842951756800E-005
   9.3044282736815459E-005
   1.6873879034926058E-004
   9.1041580204971888E-005
   6.6073314529737774E-005
   1.3293761345908704E-004
   1.1384340963617362E-004
   8.8565049383829427E-005
   8.0134380420950426E-005
   1.5347549355815596E-004
   9.8144082877159753E-005
   5.9627837534301735E-005
   9.1653577784430094E-005
   1.0765066432588082E-004
   8.3646140905932449E-005
   1.2844072384147481E-004
   1.7555984498639736E-004
   9.2701693139572600E-005
   1.1413344587517524E-004
   1.0686397924422010E-004
   9.6984154626133043E-005
   1.0490690544835063E-004
   7.1217947881438345E-005
   6.0751792139020477E-005
   6.4688119575886696E-005
   8.6657246248350684E-005
   1.1569678962412292E-004
   1.2192654420242715E-004
   8.3129582515856416E-005
   8.0184409370993962E-005
   8.1623767132886675E-005
   1.3159912904853307E-004
   1.1317587888567021E-004
   9.6691817548624393E-005
   9.2599964103312916E-005
   1.1029866453206891E-004
   1.1477812981880189E-004
   1.0462507182961351E-004
   8.7190767722770932E-005
   1.1638244038163433E-004
   9.4900154746506248E-005
   5.0805251380440551E-005
   7.1256478415807767E-005
   6.6410406108733755E-005
   8.3411494608066152E-005
   1.1254852132474048E-004
   7.7886666980676072E-005
   8.1574841947490000E-005
   1.0343857982898942E-004
   8.8603601237788497E-005
   1.3375279377514487E-004
   9.5865125408511380E-005
   7.2380663692714375E-005
   8.6806084669496073E-005
   9.7752185864442796E-005
   9.9445551336689987E-005
   6.8477668128365271E-005
   7.9336398494412030E-005
   1.0177754543932353E-004
   8.4713939786045791E-005
   8.2548217145191635E-005
   9.0348443086323243E-005
   8.4011124724033760E-005
   8.8874540148086350E-005
   9.6667739626988793E-005
   1.2088187096075737E-004
   1.1048648480983082E-004
   1.2146253660561459E-004
   1.4412126595485057E-004
   7.0316414724036453E-005
   9.1940283429344872E-005
   1.6238492623156249E-004
   1.1227137753894334E-004
   1.5088229543316615E-004
   9.9260323328601369E-005
   6.5976819663079496E-005
   7.3213824827779135E-005
   2.4838811540634051E-004
   8.5143500324631817E-005
   1.2085271432237656E-004
   1.0092475225904883E-004
   6.6194268648893384E-005
   1.1618561242319458E-004
   9.4516523395180997E-005
   8.8372369356415638E-005
   8.7328891103007262E-005
   1.2107605345033420E-004
   5.8002867880757872E-005
   9.8245291349108134E-005
   1.1707816751228716E-004
   8.0717380243623392E-005
   7.3677067676038567E-005
   8.8540034905270422E-005
   7.5691285607486735E-005
   8.4614806268125547E-005
   1.3762820962415323E-004
   1.0088676532222047E-004
   8.5600085071272421E-005
   1.3186890187754611E-004
   9.0651421359757331E-005
   7.4802045857280355E-005
   7.8350574903677365E-005
   1.1882964716372389E-004
   8.1331397870500297E-005
   9.1285697742210761E-005
   7.7666663843709249E-005
   9.4749343071324411E-005
   9.2845848494329481E-005
   9.9907578653405402E-005
   1.3375001666332084E-004
   7.3479168682578341E-005
   6.2191252541088317E-005
   5.6448168418727300E-005
   1.4199704438855928E-004
   8.6117242970166938E-005
   1.0379197868227033E-004
   9.7151736951520674E-005
   1.0596659492065328E-004
   5.3646593575443098E-005
   6.1819311355375698E-005
   9.4245130912343672E-005
   1.5352912515165866E-004
   9.0998198248218540E-005
   8.2594183028492294E-005
   7.8314636869392045E-005
   1.3923268179890448E-004
   8.4105799575141620E-005
   7.7330418614105355E-005
   7.2083545954536294E-005
   6.7704488040688497E-005
   1.6647260147647846E-004
   1.0413416877276696E-004
   9.1994144268968639E-005
   8.3345102342358406E-005
   8.9228489937258698E-005
   7.3467297110433268E-005
   8.6276329031470064E-005
   1.4915527842075397E-004
   1.2024092899055916E-004
   1.1554075016060770E-004
   1.1264068333623717E-004
   6.2800012494021492E-005
   9.6127516995307862E-005
   1.0619653416090774E-004
   1.6613633699681288E-004
   8.8972055890143548E-005
   8.2868065168786498E-005
   1.5796936067052246E-004
   1.0717681200246987E-004
   8.9614925536138465E-005
   1.0366487670292457E-004
   7.4898109537568781E-005
   9.4433617630504502E-005
   9.5327834999230557E-005
   1.0090477900994816E-004
   6.9399238552008338E-005
   7.6786863384866144E-005
   1.1642757565290569E-004
   1.2712195585832135E-004
   1.2524368824207898E-004
   1.1842299284043653E-004
   8.3049225631411772E-005
   8.9355525930682320E-005
   9.4628059149447604E-005
   6.7681652186942301E-005
   1.0172372090399007E-004
   8.1387372727647288E-005
   8.2869934901968093E-005
   1.0046584981974463E-004
   1.1176184405270616E-004
   9.8931914001967148E-005
   8.7867126022834398E-005
   5.9107795065031398E-005
   6.9523155974870503E-005
   6.5981487421347605E-005
   8.8614482821911008E-005
   8.1338466610833847E-005
   8.6364156977249980E-005
   8.6084066129142307E-005
   1.0016126163196652E-004
   7.8786820568665453E-005
   1.4220779462975248E-004
   4.6744793922789806E-005
   6.3099423693290332E-005
   1.0060632811259363E-004
   1.0505582297101286E-004
   1.6460291467347002E-004
   6.2483123820777705E-005
   8.9935012698653637E-005
   1.3888089378882954E-004
   6.8642514148260653E-005
   7.3062091793916123E-005
   9.5663516131351114E-005
   1.6363900345582526E-004
   7.4867869502102141E-005
   1.1361243465344534E-004
   8.3573213819709193E-005
   8.1689190083575477E-005
   7.7241839372056982E-005
   1.1341603088607858E-004
   1.0834338636071290E-004
   8.8929053511474835E-005
   6.3198347668073489E-005
   1.1249187499022867E-004
   7.8796313937653227E-005
   8.1230461625511491E-005
   7.8439724638780240E-005
   5.7304928534136338E-005
   1.6132330170153011E-004
   9.6980334772701283E-005
   8.5905121602903621E-005
   1.2330815402998333E-004
   9.9088226353277441E-005
   1.5720418988146413E-004
   1.0982645556234040E-004
   1.0982925889980700E-004
   9.7211126267915328E-005
   7.9017447826806568E-005
   8.7321447265819135E-005
   4.9564502518544641E-005
   6.7303031761208913E-005
   1.0540108554316945E-004
   8.7786057144771502E-005
   9.8391875183391009E-005
   9.4573779597591294E-005
   9.5515531245474392E-005
   2.0140433540576897E-004
   1.0409694652741263E-004
   6.0138391489228120E-005
   1.3035534661045564E-004
   9.0320715610647917E-005
   1.2572956895643848E-004
   7.0524441874241791E-005
   7.0745683761057446E-005
   8.3982429649521388E-005
   1.5945663163470644E-004
   1.7020882031882042E-004
   1.1458984707511687E-004
   1.1458126723481843E-004
   1.0337944673510865E-004
   1.1030935463316580E-004
   1.2604126605556492E-004
   1.1847320072234970E-004
   7.8899252325562887E-005
   8.8139407653087086E-005
   9.8377813720681030E-005
   8.4732467306854225E-005
   7.5085197130014410E-005
   1.2134979577658281E-004
   1.7705732851841914E-004
   6.8365796150205007E-005
   9.6792989412054854E-005
   5.8930113918576320E-005
   1.2053578312975330E-004
