   7.2614281852756134E-005
   1.2220499218880556E-004
   1.2345556410431314E-004
   1.1960314492657772E-004
   8.4727890453584597E-005
   7.6891325351923035E-005
   6.7266344058408841E-005
   5.6728952081807479E-005
   9.1169780131299127E-005
   7.0329000910004274E-005
   6.4576932635358264E-005
   7.4396886831790550E-005
   1.2476002582217065E-004
   1.7024633212655503E-004
   1.1743635498244824E-004
   9.2698689381832706E-005
   7.1673348607576443E-005
   1.0182669736608392E-004
   6.5306719349212007E-005
   1.0028322953799916E-004
   1.4089515252603514E-004
   6.4084669111992584E-005
   7.6157364305661128E-005
   1.2065852787038148E-004
   5.4868618092930479E-005
   5.6715022704630705E-005
   9.2856029334712156E-005
   7.6297201799843808E-005
   7.3032692604816206E-005
   6.1715256350737771E-005
   7.7308228768826568E-005
   1.3813852418983035E-004
   1.1612164648394896E-004
   8.7728415756040324E-005
   7.3027858202819848E-005
   8.5617643719606147E-005
   1.4496855443665396E-004
   7.4270545953366654E-005
   6.2083328434431841E-005
   9.2419223067072135E-005
   1.1395172875220698E-004
   7.1898950682444302E-005
   9.7352469699088406E-005
   9.9240222974964141E-005
   8.8209892444875685E-005
   9.3046530103339618E-005
   6.8075078067632817E-005
   7.3960085378791022E-005
   6.3288692881842255E-005
   1.4836304635135910E-004
   1.0140299404629385E-004
   7.4151103602514644E-005
   8.8897633955007928E-005
   8.1395777661594600E-005
   7.9848366885940260E-005
   7.7827202389563359E-005
   8.5573129104981401E-005
   6.5285139602517530E-005
   1.3314115127942299E-004
   8.7266445586748937E-005
   8.4014017905714467E-005
   1.1010840886148182E-004
   9.6613930980246228E-005
   9.4681112156474534E-005
   8.8643996074647729E-005
   1.7979205631979501E-004
   9.7103346297180461E-005
   9.4910216963657975E-005
   9.8434356548943297E-005
   8.9585435377947850E-005
   8.4801490627666766E-005
   6.8476316047587094E-005
   6.6021207064921426E-005
   8.6110201944381235E-005
   9.0834466908464275E-005
   5.1704993552971448E-005
   8.0309325804264582E-005
   1.0269475263167922E-004
   9.2404420145800168E-005
   1.0852655188750125E-004
   9.7858713805131834E-005
   7.4495116126528665E-005
   8.3435124999424118E-005
   7.8670909960094448E-005
   9.8041777314972784E-005
   6.5473843765685713E-005
   5.5836690854096619E-005
   8.9959147817428352E-005
   6.4430175396726079E-005
   5.3798214303173632E-005
   7.1153418938352299E-005
   8.8565782965140940E-005
   8.8323401292627005E-005
   8.7138627697060241E-005
   9.6013144025557760E-005
   6.1791188638671895E-005
   8.8166177756931810E-005
   9.1021756230300258E-005
   4.7780627059837852E-005
   6.8615782000953487E-005
   8.4943932030871538E-005
   9.7667709014450665E-005
   8.7947902257412219E-005
   9.1913987876640488E-005
   8.5318656266398198E-005
   8.5310754306109973E-005
   7.6696291674817774E-005
   9.5455178865861182E-005
   8.7857889635593853E-005
   7.7084527794178963E-005
   6.0310358256631592E-005
   1.0651309361288243E-004
   1.0762297472475708E-004
   6.6238203029883269E-005
   7.9574740062786912E-005
   1.0577291308631210E-004
   8.2658747822338254E-005
   7.9906399515279505E-005
   8.0516271247916990E-005
   8.5089156489428469E-005
   6.0743986235648383E-005
   8.5314367494250475E-005
   1.1198224216279711E-004
   7.8206771208307017E-005
   5.0668482052171092E-005
   9.6188555449337398E-005
   8.9058365900164090E-005
   8.2102712667284216E-005
   8.0739954029143717E-005
   6.8989720650966879E-005
   8.0161446708691840E-005
   1.0426453100842311E-004
   9.9849471982693121E-005
   8.4659547572249510E-005
   1.4338193188496114E-004
   6.3209885365812955E-005
   9.2554869465833026E-005
   9.6097478726914865E-005
   1.0761310964834759E-004
   8.0849824017192016E-005
   1.2059149759148634E-004
   1.0663844124824560E-004
   1.0933093079781500E-004
   1.2516233593885462E-004
   7.5339017495441366E-005
   8.3550629037058347E-005
   1.4328409375407133E-004
   1.0730755130611886E-004
   8.9473606808619589E-005
   9.3497880131875071E-005
   1.0673893502961044E-004
   5.8571503506274061E-005
   8.2958617288244596E-005
   9.5292073851217657E-005
   6.7515903210922334E-005
   5.3088997939549712E-005
   9.9099392667300172E-005
   7.6984369812572187E-005
   7.6708238949504970E-005
   8.9015750500113865E-005
   9.3938977206067090E-005
   1.1025814680681658E-004
   9.5122215409338900E-005
   8.4258920275506386E-005
   8.7037383825718916E-005
   8.5178119633363074E-005
   9.3825839551856126E-005
   6.0426697662040003E-005
   6.0578855153132017E-005
   9.4472427225385941E-005
   1.2991542464905226E-004
   1.0483101470637574E-004
   8.7341369980080091E-005
   7.7954696808753960E-005
   1.1716131063237484E-004
   1.2211633935282044E-004
   1.1238155150917663E-004
   1.0834274309635153E-004
   9.7189248163695737E-005
   8.9049972300637688E-005
   7.2806444135007709E-005
   8.5318955549248192E-005
   7.9598088491998660E-005
   1.0356181932981591E-004
   1.2653795463110585E-004
   1.0786041918694991E-004
   1.1908747002386979E-004
   6.0036317238142940E-005
   7.1549934667472842E-005
   9.0182695671548157E-005
   6.4566510114697490E-005
   6.2622028484735537E-005
   6.5771130814631050E-005
   7.7374578737690890E-005
   6.6218444402875551E-005
   5.4918302390433824E-005
   6.5983647812195619E-005
   7.7294358142984191E-005
   6.2093946056115097E-005
   9.7724753831103064E-005
   8.0591868379883600E-005
   1.1597641661781771E-004
   7.9130383578618436E-005
   9.1569669325778169E-005
   6.8901949901456047E-005
   1.0270971076076620E-004
   9.3617512542539465E-005
   8.5121870963291303E-005
   6.5619896073651772E-005
   7.6665646790153159E-005
   7.5067705132821224E-005
   6.6484568826121184E-005
   8.3744828304943125E-005
   1.3128055416571373E-004
   8.4806730448085888E-005
   1.0541166782475620E-004
   1.0512780752917956E-004
   7.5811215217512726E-005
   7.7573519849503353E-005
   8.1806347234341672E-005
   7.0751283760510424E-005
   1.2155696234817692E-004
   1.0440790084392192E-004
   8.8106208728601284E-005
   8.4138773030984304E-005
   7.1398244681419965E-005
   1.0457501136747167E-004
   7.2495197634735932E-005
   8.9366717462741654E-005
   7.8776179724645220E-005
   7.4814559629953698E-005
   1.3453196915239350E-004
   1.0722682519529426E-004
   7.8949400759505963E-005
   5.8655336897509808E-005
   5.7579821288527108E-005
   6.6290527902733169E-005
   7.4743954517094528E-005
   9.6700279870482196E-005
   6.7241263961305642E-005
   9.3763572083187209E-005
   7.2033370074410942E-005
   5.3217936757513141E-005
   9.9830311849520868E-005
   1.6593433933475486E-004
   1.4611067085410067E-004
   5.7718929151417961E-005
   6.4995147193316872E-005
   7.7044569871492839E-005
   7.0892824587885195E-005
   6.9734505528389081E-005
   8.5426514084802510E-005
   5.9018662369116298E-005
   8.6997424190748344E-005
   1.0337859755389673E-004
   1.1672940740528401E-004
   5.2690131309495157E-005
   5.7120406443335031E-005
   7.2063308551808538E-005
   8.6135750389899307E-005
   5.9576856705241213E-005
   8.8309963165728364E-005
   9.3862266187762469E-005
   1.1766772111652505E-004
   1.1949801910993233E-004
   9.4394115094145373E-005
   6.9693004761398373E-005
   1.0159440772636100E-004
   8.9292760857123329E-005
   6.7201896651397224E-005
   1.1006059724271150E-004
   9.8349575367150493E-005
   7.7525363900590312E-005
   9.8475381534489340E-005
   9.3261222198936009E-005
   1.0161919875023612E-004
   7.4566973537257161E-005
   8.8283802410707427E-005
   9.4509613334462875E-005
   6.6010963368217800E-005
   6.7437266374981451E-005
   5.7999542299702199E-005
   5.5849097393371173E-005
   5.0239535108411335E-005
   6.9471611232671369E-005
   7.7589970942566248E-005
   9.5702020379383673E-005
   6.3743273195353929E-005
   6.8276838860152343E-005
   5.1797600418585848E-005
   7.1860604804595965E-005
   5.1297442098580536E-005
   6.6200051746754908E-005
   1.2305898581310010E-004
   1.1377355309700530E-004
   1.1986553447951814E-004
   8.1189135639920436E-005
   6.0551774722162653E-005
   7.1534460332043205E-005
   7.4501292737781875E-005
   8.0156877598785197E-005
   5.9706139224629500E-005
   7.0507540452817205E-005
   1.1657821135665117E-004
   1.1262035877487150E-004
   7.9198097908166000E-005
   6.8096501854093892E-005
   5.6231002315542700E-005
   9.1470602640140552E-005
   5.5670133236001761E-005
   7.1735306989239968E-005
   1.0410978905830093E-004
   8.7376181018880818E-005
   1.0679184873316315E-004
   6.3300320480880000E-005
   1.1553199508483314E-004
   7.1289629473523004E-005
   1.0507663189476215E-004
   1.1673674974580147E-004
   8.8577581070904828E-005
   7.7093825798513774E-005
   9.8424574676691438E-005
   8.3400502978941328E-005
   1.0131395648027100E-004
   1.1608798193515375E-004
   9.4555447803980263E-005
   8.0686472520271344E-005
   1.0548645851823460E-004
   8.7480772273942654E-005
   7.5003212949754889E-005
   9.2118869665751591E-005
   8.4071427584932320E-005
   8.8729390469720722E-005
   6.1750833632965281E-005
   7.1933750358435384E-005
   1.1671040246471050E-004
   6.9945126576762657E-005
   7.7922803852937777E-005
   7.5432326918024558E-005
   7.4059452566923597E-005
   1.0792963532370676E-004
   1.2028658885853391E-004
   7.3630656789163988E-005
   8.8809675153976559E-005
   1.1274506170576789E-004
   1.2673514086028174E-004
   6.7143884162637247E-005
   1.0282926965801216E-004
   8.8538502472776276E-005
   1.0201259160706058E-004
   7.4393986904471195E-005
   9.9668531432211017E-005
   9.4306810447718093E-005
   7.7401578190749659E-005
   1.0371122545356779E-004
   8.4233931882394945E-005
   7.0504933338951713E-005
   8.1870089714983666E-005
   5.5240019219832871E-005
   9.1255844654339289E-005
   1.2352117216307066E-004
   8.3316691471046599E-005
   6.4443332951912331E-005
   1.1130414576803638E-004
   8.3825853088538346E-005
   1.6795188859784800E-004
   9.3029267928749560E-005
   1.3453751868187450E-004
   9.1013081031392185E-005
   7.2248673370238804E-005
   8.9363748424112904E-005
   6.2788978165963182E-005
   6.8751918344946440E-005
   1.2668216756955174E-004
   5.5244640607889016E-005
   1.2443494132045800E-004
   5.8887232481352556E-005
   1.0960599431089106E-004
   1.1773844951875042E-004
   1.1024746079301932E-004
   9.0259634664425904E-005
   8.3832585080163835E-005
   8.5302619157368771E-005
   8.1575552636685604E-005
   8.3257718614475860E-005
   7.5328436100892697E-005
   6.3227351242221123E-005
   7.8302258557930474E-005
   5.6891980109678463E-005
   8.9096355999426595E-005
   9.2572354044908402E-005
   7.2093486151154627E-005
   6.9803657939116053E-005
   7.1144134147711706E-005
   8.6464477542065818E-005
   1.2831174213477094E-004
   9.3292606699378359E-005
   9.0774022807588807E-005
   5.7693073795629497E-005
   1.4787660782158320E-004
   6.5489100092774979E-005
   8.0185381253452588E-005
   8.9163429468262900E-005
   9.7919481587265735E-005
   8.4444239306493275E-005
   8.0361130610667327E-005
   9.3840383158507021E-005
   1.0134718429881012E-004
   5.8738172757521802E-005
   5.3959651383484365E-005
   7.8607420863712656E-005
   8.0428800148917647E-005
   1.0092180116897665E-004
   8.8180053030126703E-005
   8.8132941618552867E-005
   1.3995142594496355E-004
   6.5604796715167070E-005
   7.7994272585345218E-005
   7.7782275101582649E-005
   8.8655744146443017E-005
   1.0489137266352049E-004
   7.8298218689889861E-005
   1.0999825945975410E-004
   6.3033802412446212E-005
   1.0302272344333893E-004
   7.8807698564939841E-005
   8.2290498710459946E-005
   1.1148456744139774E-004
   7.9096529541785966E-005
   9.7345448214299183E-005
   7.0094791873971096E-005
   7.1042906755660996E-005
   8.7957024788734581E-005
   8.3187444353070630E-005
   1.1836964761914343E-004
   7.3122853735050356E-005
   1.2102265260029564E-004
   9.6504028684382177E-005
   1.0599681361330485E-004
   1.1359087822182595E-004
   6.8798305177758269E-005
   8.3952177342319078E-005
   9.3593701156471299E-005
   8.0981400961752030E-005
   5.8991494267665938E-005
   8.6878122588084192E-005
   8.5931610082400425E-005
   7.1452557148214371E-005
   6.1684234875601920E-005
   8.0547563099313136E-005
   9.1638781614705473E-005
   1.0861632300055464E-004
   5.5604633399417041E-005
   9.3539387253312750E-005
   1.0884385374989695E-004
   7.9789369091033376E-005
   8.0680395253642878E-005
   9.9134026835234491E-005
   1.1197933882975254E-004
   7.8398705917551034E-005
   1.2372752417372012E-004
   8.5729188264912468E-005
   9.5158688159085447E-005
   1.2563515088714780E-004
   9.8850559612324271E-005
   9.7189680407350017E-005
   9.2170921336887581E-005
   8.0965871835201602E-005
   1.3359880411006959E-004
   1.4414825492940832E-004
   6.5071313705737251E-005
   8.8452198976654583E-005
   1.6090032785805576E-004
   7.6278992999815272E-005
   7.5414566105334166E-005
   1.2579285259748581E-004
   5.9593703401189424E-005
   9.8461901089904398E-005
   5.6329729296579936E-005
   1.1838676874193568E-004
   5.9684635615745583E-005
   1.0696845137493734E-004
   6.1000511194317059E-005
   6.9577137061020683E-005
   1.1072260251023665E-004
   8.9613981551429366E-005
   9.0453223738185811E-005
   7.7580623767478966E-005
   8.7128213830350585E-005
   1.2698621266391569E-004
   9.9831366710094121E-005
   6.9612477300277017E-005
   7.7748736171436827E-005
   1.2094722421976997E-004
   1.6356572745919784E-004
   1.0212628053556788E-004
   6.3623001167286358E-005
   6.5058145675847673E-005
   1.2499878802438573E-004
   1.1933248673806779E-004
   6.2506366119553973E-005
   6.3900057137563772E-005
   7.5759739043839788E-005
   6.8343287824227484E-005
   9.1400406060780309E-005
   8.0270071637980977E-005
   8.3205879646822776E-005
   8.5345332014439423E-005
   1.0351736697991272E-004
   1.2936245239898587E-004
   7.7009192097511462E-005
   6.5339976194984093E-005
   1.2794486278371172E-004
   1.1413220482901753E-004
   6.9941742671696832E-005
   5.5938126287196872E-005
   8.2118376658574097E-005
   1.0022473302495699E-004
   7.5102739874049139E-005
   6.3281140013115596E-005
   7.3393278382100039E-005
   8.0630645153190181E-005
   7.3238166259590424E-005
   8.9800355202234421E-005
   9.9945745954138580E-005
   1.0442296166848941E-004
   7.5240115679046913E-005
   1.0738511122858884E-004
   6.2667585023258612E-005
   8.7759422180914656E-005
   1.3356779773293940E-004
   1.0899896325335875E-004
   8.8878982904119856E-005
   9.5054557735300342E-005
   6.7212301389317657E-005
   7.9331496258698594E-005
   1.2166014997490979E-004
   8.7574172978879239E-005
   7.1219294971655144E-005
   1.3106250724954886E-004
   1.0406804103347549E-004
   8.3190014922797422E-005
   9.3305312789569963E-005
   9.5893240168131786E-005
   6.6426679632304323E-005
   8.1249559272260252E-005
   9.4442763319011909E-005
   7.9522865965608603E-005
   6.8617145673978262E-005
   1.0905326912965846E-004
   8.6816995398416596E-005
   8.2870125056323286E-005
   1.0353778358740013E-004
   6.8430753247785496E-005
   1.2318405731816132E-004
   1.0335475406088882E-004
   1.0250159572526683E-004
   1.1352785403794889E-004
   9.6717802235730553E-005
   8.3602981788299276E-005
   6.4562828983646739E-005
   6.8363507837379756E-005
   7.5735105543538514E-005
   6.9319237225385323E-005
   1.5957223638868906E-004
   6.6994528451328191E-005
   2.2768033889250492E-004
   7.9783144684821448E-005
   1.0681917567200739E-004
   5.0001245021187494E-005
   7.4043074277436682E-005
   8.4665664292899324E-005
   7.1907451089059255E-005
   8.6270819629419144E-005
   7.5992491886888385E-005
   1.0770196349557365E-004
   6.1716275938767146E-005
   8.0531126161022959E-005
   7.3746121883031223E-005
   1.0271595940251974E-004
   1.3907739333890882E-004
   8.8214247722196766E-005
   8.4550937878843485E-005
   1.1669907907201367E-004
   6.9807969544249821E-005
   7.9685310618560977E-005
   8.0370181678166602E-005
   8.5948649868337391E-005
   1.0019259570397914E-004
   7.5819455627283204E-005
   9.7077934467334519E-005
   7.0305497843654307E-005
   9.0892336899076341E-005
   1.1064057427839934E-004
   8.3448019533117384E-005
   8.5460885241010133E-005
   7.7406182388109373E-005
   5.6810086555491622E-005
   6.8017582133748442E-005
   9.7533701071691615E-005
   8.5932335978337223E-005
   8.2535539108877909E-005
   7.3128539621798087E-005
   1.0221259887070279E-004
   1.0575043535099882E-004
   9.2201626677969019E-005
   7.2370517074379665E-005
   6.9932414001476392E-005
   7.9362503722059334E-005
   6.7247422025349741E-005
   7.7346491987331830E-005
   6.4214365777380856E-005
   9.9534000331102820E-005
   1.1657378128941889E-004
   8.9043285639806331E-005
   9.1937022243196431E-005
   8.9153519033053345E-005
   8.5894567865267031E-005
   6.3181312830853538E-005
   6.6704129765940090E-005
   5.4897246770795597E-005
   6.3360097298342008E-005
   6.0933586036130540E-005
   6.8845880142120205E-005
   7.2647403111583513E-005
   8.9080821747723464E-005
   8.3813944283812241E-005
   7.3789542322137360E-005
   6.3040687973165828E-005
   8.7987109153348791E-005
   7.3160987643160869E-005
   1.1577824125794204E-004
   1.2064614831641636E-004
   1.1629616445364067E-004
   1.9343675466387413E-004
   9.3158093616737034E-005
   1.1856425070569402E-004
   7.6581938156333249E-005
   8.7158997696773201E-005
   7.3595398476155680E-005
   6.9408691609015050E-005
   6.0411230158060397E-005
   1.7164424177857233E-004
   1.1511723828748805E-004
   8.5810804336238842E-005
   1.1300080169506596E-004
   1.3828956054384083E-004
   9.9323134197091561E-005
   7.4069293899087005E-005
   9.7677350050090619E-005
   9.3937996497786758E-005
   9.0536122866791857E-005
   1.1231143433905289E-004
   8.1763376886691123E-005
   8.4416749948466581E-005
   8.2509502891675587E-005
   8.0192264089735100E-005
   9.2323214029920608E-005
   1.1947469545288865E-004
   6.5844655764130580E-005
   7.5163062162214475E-005
   1.0420689712409894E-004
   9.9544124795843277E-005
   7.5579791357608176E-005
   9.3002606335773963E-005
   1.0220537708245324E-004
   1.2732109531399054E-004
   1.1662428636621348E-004
   8.6825019849729116E-005
   6.9321653298430242E-005
   6.7062628782220047E-005
   9.0838148596086756E-005
   8.1371689343507912E-005
   9.6994741497608174E-005
   1.0574548251224919E-004
   1.1348779668106361E-004
   1.2058969828846272E-004
   7.0191406169705351E-005
   7.3105800573590099E-005
   6.1249361499208764E-005
   5.9540313303031565E-005
   9.7208855306466014E-005
   1.1594330975817455E-004
   7.4754036449056172E-005
   5.7609786499850812E-005
   7.6437152487834385E-005
   1.0365983672408271E-004
   5.7000383577655298E-005
   1.2645408702556315E-004
   8.6302746376718014E-005
   6.0557305345244277E-005
   1.0690220475281893E-004
   9.6058743034292088E-005
   9.4455255170382534E-005
   1.1279640776562664E-004
   8.2519144613380624E-005
   8.1234668796359658E-005
   5.9227033668263389E-005
   1.3815448526891227E-004
   6.3295940999718382E-005
   9.9046911437135102E-005
   1.1505456013151832E-004
   1.5077328637783119E-004
   8.7693637731453707E-005
   6.9239468879613581E-005
   8.9532752154933385E-005
   1.3197746472642268E-004
   7.8943876884276717E-005
   1.1395248708004060E-004
   5.9317640801335491E-005
   6.2508971211580077E-005
   1.4982085210770465E-004
   9.1651876013316134E-005
   6.4013083748461059E-005
   7.3365160775173041E-005
   8.3444832406730088E-005
   8.7311581597794682E-005
   8.8869971708789583E-005
   7.7530338595557420E-005
   9.5878786798115367E-005
   8.3132938132593476E-005
   5.5351538227654346E-005
   8.9263070580970284E-005
   6.7695169007400246E-005
   8.7834881160060336E-005
   9.3743676324684286E-005
   7.6973923637458749E-005
   8.4913621550161700E-005
   8.2052902592758610E-005
   1.0529458791217630E-004
   8.8925233502271033E-005
   7.3873602718445942E-005
   9.2148135810857704E-005
   1.0890642916683123E-004
   9.6376114325353424E-005
   9.9066642949662061E-005
   9.9576829021509383E-005
   7.3318488259552843E-005
   6.2672980373325204E-005
   6.6736492663779394E-005
   1.2194920499672186E-004
   8.1579497327115307E-005
   9.0574573567859322E-005
   1.0244337433827671E-004
   6.5683547641739304E-005
   6.6430478295083185E-005
   6.5786337202597520E-005
   9.6184970289421752E-005
   9.9464511016893889E-005
   7.6488605009497501E-005
   7.5847060766357394E-005
   5.4228262750534346E-005
   1.2943339612842288E-004
   6.8294472870644382E-005
   8.1182610571291737E-005
   1.0383858168561729E-004
   6.3543625227465393E-005
   9.1793748126165991E-005
   1.3652213805825304E-004
   1.0469522393645360E-004
   8.4264978712497729E-005
   1.2832616563357693E-004
   7.9653601348314790E-005
   8.5163928994684467E-005
   9.5471460469338638E-005
   6.9572779236847131E-005
   7.3991803511422481E-005
   1.0165054169224041E-004
   7.7338803853520353E-005
   7.9164685572598464E-005
   9.6176711748311908E-005
   9.8195887897144877E-005
   6.9492459287540188E-005
   7.1006157411789337E-005
   7.9119145903463694E-005
   9.1720985316509802E-005
   8.7305258703386477E-005
   7.6139843589668386E-005
   5.9637687441377469E-005
   5.4342192212102201E-005
   6.4795046799373559E-005
   1.0089238160720041E-004
   9.7545650342564498E-005
   8.4021862849441569E-005
   8.6709439284193222E-005
   6.9632224584335653E-005
   1.1443575314449585E-004
   9.0208901896871735E-005
   7.8245301438789478E-005
   8.0523132097790946E-005
   7.7383742563439585E-005
   1.0229385681463925E-004
   8.8831145495077212E-005
   6.2596873132000317E-005
   1.0474847868071615E-004
   1.1539614058607065E-004
   6.7170741608687135E-005
   9.8273638617251135E-005
   7.9387913214920111E-005
   9.3676709553007145E-005
   7.9851613705745489E-005
   1.1002416553523250E-004
   6.0530867970381392E-005
   6.2334062983397906E-005
   9.4613932620595751E-005
   5.5968585920247694E-005
   8.3639613729874745E-005
   9.8169773452570235E-005
   7.5881290918639358E-005
   9.5712782790916961E-005
   8.6748577956320542E-005
   7.4244942275355090E-005
   1.1169026678148186E-004
   1.2964409235567491E-004
   7.3291753709729760E-005
   1.2985921646713072E-004
   7.3061343672144071E-005
   7.9898044343514564E-005
   9.1059264146403057E-005
   5.8775212931207970E-005
   7.6881167189681910E-005
   7.6568317823508155E-005
   9.6527468567616191E-005
   6.9033416793523768E-005
   1.3709691460346956E-004
   1.1048205129984551E-004
   7.1475582233036593E-005
   9.3563422775339882E-005
   8.7064125176047538E-005
   8.2800906899017533E-005
   1.3170495913824583E-004
   5.9641726079461021E-005
   1.0304165670917753E-004
   6.9772059722684489E-005
   8.4346425883061817E-005
   1.0382658111336301E-004
   5.7246976299342457E-005
   5.7985171518652750E-005
   8.4956533986839465E-005
   1.0836574863945364E-004
   1.0289181318718559E-004
   7.3539409151177730E-005
   1.3864354571693467E-004
   8.8344018567858859E-005
   5.8587685997424196E-005
   6.6752959418303959E-005
   6.1473063106946764E-005
   1.4848361487433163E-004
   6.3275083737890245E-005
   6.6593802842305160E-005
   7.9828364234644936E-005
   1.0706667688553027E-004
   9.1679135232373247E-005
   9.2782211078202409E-005
   7.0221790908994049E-005
   9.1522952713136432E-005
   6.7636497803764465E-005
   4.4075173462169027E-005
   7.2098634111759046E-005
   7.6455656893947480E-005
   7.5528481576216661E-005
   1.0825821197928122E-004
   1.0809399667274390E-004
   9.6381483975306484E-005
   7.2010326398395437E-005
   8.3576284502877488E-005
   7.9839101486251632E-005
   1.5688855488301328E-004
   9.4666937757626019E-005
   1.0176657715984613E-004
   7.7272260162958683E-005
   7.0360014044887226E-005
   7.9274853054369439E-005
   1.0212274082714612E-004
   7.8667434829473397E-005
   1.2688751039313615E-004
   6.8534607923349008E-005
   1.0687443574512207E-004
   8.8000115523941444E-005
   1.1865731538991614E-004
   1.0842440505164144E-004
   1.0272481954072559E-004
   6.7544206492626535E-005
   4.9682428651871583E-005
   7.0051881669887486E-005
   1.1232437711466273E-004
   9.3855106420056512E-005
   1.0332515524995383E-004
   7.8956584580475980E-005
   1.7032389428289242E-004
   9.4127622203323832E-005
   7.6316316542960496E-005
   8.4591604982334103E-005
   8.3969409550975783E-005
   1.1409165866502363E-004
   5.6667504405016735E-005
   6.3228604064533283E-005
   7.4206436240423600E-005
   7.3631670601248455E-005
   6.5285002024274665E-005
   9.1907401466324851E-005
   9.1242947494724083E-005
   9.0450207834095762E-005
   8.9084741479840787E-005
   6.2299419351622174E-005
   1.0046102758986910E-004
   7.9578985346781330E-005
   1.6821952546528481E-004
   6.2639116784190738E-005
   6.4776065349910262E-005
   9.6258297822307491E-005
   7.9703920267941555E-005
   7.4280394112006322E-005
   1.0692312129524931E-004
   6.6558780454983838E-005
   9.6638692402199329E-005
   7.0501043313286505E-005
   6.9006427993847770E-005
   7.1405812059691407E-005
   8.5728374028772679E-005
   7.8852919289597269E-005
   9.9632442360938730E-005
   7.2263952519603918E-005
   8.0322239312071320E-005
   6.6674030757079452E-005
   8.5816896258244317E-005
   7.0837003686534340E-005
   1.0000869684234115E-004
   7.6603517023258799E-005
   9.5260212634325206E-005
   9.0554517729319947E-005
   8.7449574350267740E-005
   9.0324673565941275E-005
   1.0706280056652942E-004
   7.2729174696993323E-005
   9.6169406870253845E-005
   8.2969150421208189E-005
   9.6011398745133279E-005
   1.0629436868599395E-004
   7.8404154162812809E-005
   4.8430720389082624E-005
   7.1202426767598406E-005
   7.2219310046537117E-005
   5.2453378472251071E-005
   7.8850059468415237E-005
   6.6578931733427999E-005
   8.7346862401772269E-005
   6.8390460188398592E-005
   8.1098729090642841E-005
   9.1296675022799526E-005
   1.4246803155751632E-004
   1.2070026539793803E-004
   1.0297675327601287E-004
   9.5535662904466508E-005
   9.7736629786073227E-005
   6.7750415949062432E-005
   1.0023153595749396E-004
   9.8411780582206189E-005
   5.4282178961009558E-005
   8.8549832022780434E-005
   1.0016946664153621E-004
   9.3485133969821798E-005
   8.7098673606458222E-005
   9.5925873791557949E-005
   6.2139897350545659E-005
   7.5990188576337931E-005
   7.6184441223242459E-005
   1.0400399588317355E-004
   1.3488400493531417E-004
   7.8782044985613913E-005
   8.1365650785507316E-005
   1.2088322065019884E-004
   5.9878957414882534E-005
   7.4791348131332351E-005
   1.0043906980440102E-004
   6.2906626428733373E-005
   1.0494654655358540E-004
   7.9234480112905088E-005
   1.1005769562872700E-004
   1.2406994744180281E-004
   6.7011691778010797E-005
   6.7327000472884699E-005
   1.5140190625353363E-004
   7.8583117143127965E-005
   1.2260463081873891E-004
   6.9493873344233378E-005
   9.1810802016770369E-005
   1.0036873342965535E-004
   7.4181622590977200E-005
   1.0635352717495014E-004
   9.3686944781424939E-005
   6.8291106155576477E-005
   7.3696425856808334E-005
   9.1292621415812504E-005
   1.2785882441502427E-004
   1.3028520478274621E-004
   1.0305657837026916E-004
   7.8055492681543970E-005
   4.8155594486749828E-005
   1.1794565071486860E-004
   8.3643350903936983E-005
   7.9391546076539076E-005
   6.9502849720589775E-005
   1.2440636352326810E-004
   1.1108849806896697E-004
   7.5526710270741536E-005
   6.2833994277169481E-005
   7.2249827468820764E-005
   9.0066759557513973E-005
   9.8986789005628482E-005
   6.6366639522348389E-005
   7.6669908638857237E-005
   6.1623401114647915E-005
   1.0765129651054437E-004
   6.5458157308765565E-005
   6.4456717521616389E-005
   8.3915207481682008E-005
   1.0427234379060934E-004
   9.1898118928291443E-005
   9.7717104147861369E-005
   7.6005149700651264E-005
   9.1135621852548053E-005
   1.1295456386286541E-004
   7.5490419244046662E-005
   1.4038642443422523E-004
   1.4269226672744155E-004
   1.0494268503128422E-004
   8.0131629257520611E-005
   9.4475910710399623E-005
   9.1353348844156867E-005
   1.1303403153810277E-004
   6.9872664838701749E-005
   9.2902749794428706E-005
   9.4138735252589565E-005
   9.3034518451892356E-005
   6.9461029344542995E-005
   1.0543471586102942E-004
   6.8918353239562648E-005
   9.0239638253408893E-005
   9.4284097466497432E-005
   7.1778411772709019E-005
   9.5974701075341294E-005
   8.2765588079710930E-005
   7.8337197177219761E-005
   7.0255320675408493E-005
   1.2078504204247959E-004
   1.4375818603256624E-004
   8.5197357774978864E-005
   5.4979990221837297E-005
   8.3899881629038509E-005
   6.6971488108099667E-005
   6.8814022467678958E-005
   8.7132584790330464E-005
   8.3466371709240905E-005
   8.7852035560239268E-005
   5.5150241980245437E-005
   1.1938816675639746E-004
   6.9476351322516974E-005
   9.2434379742671596E-005
   8.6544471876297887E-005
   8.3003086541181235E-005
   6.6848244455278876E-005
   6.3828579861698208E-005
   9.4170218385573027E-005
   1.0502668310857201E-004
   1.1539880807783171E-004
   6.2537681738704864E-005
   6.7017859075442726E-005
   1.0074172541810643E-004
   5.9544810906581037E-005
   7.9044862049048882E-005
   1.1218129165953520E-004
   9.6392489413746110E-005
   1.2764156674137077E-004
   1.0203631188697604E-004
   9.0576822734144696E-005
   8.5798048175164888E-005
   8.4990586882803597E-005
   7.9169288944071171E-005
   9.0625675616847943E-005
   1.0415990063890706E-004
   9.1073556073147259E-005
   1.1247782206589530E-004
   8.4408378963267880E-005
   1.1422248483800035E-004
   9.3183167675453836E-005
   5.4542242803488362E-005
   7.3402614016259386E-005
   7.8385494271350427E-005
   7.7199918513903016E-005
   8.2429543671142536E-005
   8.2388782216780997E-005
   8.0551315580036111E-005
   9.9077047710509616E-005
   1.1717203556703635E-004
   8.4131010121876425E-005
   8.4908195376568718E-005
   8.6843950525859921E-005
   1.0082025495622455E-004
   1.0986768081536748E-004
   1.0865238448065665E-004
   5.8531960831047611E-005
   1.0791431740756880E-004
   7.2897861045247462E-005
   1.0475715939590765E-004
   1.3357841521801969E-004
   1.0702627974529620E-004
   9.6233294938698557E-005
   9.2442922780959630E-005
   1.0541282545284928E-004
   7.1876284030923321E-005
   5.9757281834362777E-005
   8.1649158452874388E-005
   9.6734526668179323E-005
   1.1872702207831726E-004
   8.0804140097789565E-005
   1.1216941144388256E-004
   1.1002006140212986E-004
   1.1158253502265720E-004
   7.5077520645065187E-005
   6.9711128872131876E-005
   6.9449943431771838E-005
   8.4330055031679111E-005
   1.0103859973259494E-004
   5.6427767365790967E-005
   1.1085340560290984E-004
   1.0362839582036172E-004
   9.2289744194700164E-005
   6.4077590222559646E-005
   7.4372337476362555E-005
   8.7696905503760957E-005
   7.4029089500801619E-005
   7.9521582495863691E-005
   9.1969070653773237E-005
   1.0200009896917716E-004
   7.5551106536926114E-005
   9.4644788467933166E-005
   9.4945092938188320E-005
   8.2213351007704517E-005
   8.5311088994000480E-005
   7.2146880954978559E-005
   8.9260853632927903E-005
   5.6390889400657920E-005
   8.3137911420825314E-005
   1.2029474462754726E-004
   1.2285444088198618E-004
   6.9952003254832246E-005
   1.5032005437154677E-004
   1.0172252552599296E-004
   7.3360642533819054E-005
   8.5155382730755475E-005
   7.6008976267426582E-005
   1.0813014340914226E-004
   1.0379499083649150E-004
   1.6203253256161123E-004
   5.8078183782687469E-005
   7.4124088323232785E-005
   9.5007397484183378E-005
   5.4764538716168489E-005
   9.1781901623610103E-005
   7.6848868823817165E-005
   1.1142065027089033E-004
   6.7286099154979806E-005
   7.0084678440708061E-005
   1.1223912284345159E-004
   1.0195635013119262E-004
   9.9671839927103294E-005
   7.6231938888405304E-005
   8.3905278060569745E-005
   7.0437389190240125E-005
   6.3550280839436612E-005
   8.5255128267747873E-005
   1.7839294431152531E-004
   1.0949687656692332E-004
   5.6729597752466677E-005
   6.6059897575235910E-005
   9.0764724182289182E-005
   7.4481306907593964E-005
   8.2880722204174006E-005
   9.0408916091224586E-005
   1.2641639158297900E-004
   8.4078075830005514E-005
   9.1835987595352968E-005
   9.4525738868210762E-005
   7.9313513349932120E-005
   8.1268099869816933E-005
   1.4967082315425005E-004
   8.4621577395454882E-005
   8.8878864074896918E-005
   9.3272006771509539E-005
   7.9661752194134462E-005
   1.3206655959313739E-004
   8.8334549071227773E-005
   8.3355607968858123E-005
   1.5982301890933340E-004
   8.9210696338861147E-005
   1.0917239927870114E-004
   6.6221457030572650E-005
   8.8410762814339854E-005
   8.9279932547191496E-005
   6.1410752090783135E-005
   9.3016855108005812E-005
   8.3420147136554809E-005
   8.2102025287968626E-005
   8.5969195819320953E-005
   9.2295645177829954E-005
   7.6315634761644455E-005
   8.6539770201966487E-005
   6.5353301075424421E-005
   9.8775800906763695E-005
   9.8823113179212203E-005
   5.9891462459835454E-005
   9.2920476964379191E-005
   9.6203037734464330E-005
   1.1061968990058995E-004
   6.8918327057090171E-005
   7.6528502554617993E-005
   9.0468438121610404E-005
   1.0005761008595850E-004
   8.3848929777023440E-005
   9.2942294670125722E-005
   9.4251360439240659E-005
   1.0079765368604276E-004
   7.0744809447356201E-005
   8.5944760667681583E-005
   1.0283475326875812E-004
   9.5922767029296598E-005
   8.4855294476815992E-005
   8.9778487531184660E-005
   1.0320484575706334E-004
   1.1676226603501184E-004
   6.8907562181553069E-005
   7.3828648397649820E-005
   8.2834843782217477E-005
   8.3682501908741988E-005
   1.5027442516321574E-004
   6.1656134345677263E-005
   1.7020643044415458E-004
   7.3904026485238986E-005
   4.4145621864776529E-005
   7.9974499577717089E-005
   7.6878208186702217E-005
   1.1905134947759841E-004
   7.7112528708404778E-005
   9.9491725481400459E-005
   6.9199322410786368E-005
   1.2011541729186365E-004
   6.2655637940227610E-005
   9.6854639098638382E-005
   8.7335918916410320E-005
   7.7367548348535408E-005
   8.7689231869224633E-005
   1.0460552373233398E-004
   1.0811015890114743E-004
   7.8065490160782614E-005
   4.6841047952819356E-005
   5.9435268205281473E-005
   6.0795555521993034E-005
   1.3672384261028490E-004
   5.5244627060847293E-005
   1.0548439845114479E-004
   8.4482668705037085E-005
   8.3968313826562576E-005
   7.1746053067019692E-005
   7.7334427970574508E-005
   9.9341966514302114E-005
   9.1106089090666544E-005
   6.3655839081452919E-005
   9.4808058556734308E-005
   1.0388174349402096E-004
   1.3250245493959213E-004
   7.1048941301177224E-005
   1.2395365267410391E-004
   9.9877894586432553E-005
   7.3334414345081086E-005
   8.9756480741300554E-005
   7.0338924119791015E-005
   9.5008380374520681E-005
   1.0810517669420382E-004
   7.6662610828246848E-005
   9.6821088568113428E-005
   5.8104720049720130E-005
   5.5696766733923487E-005
   7.2146806732046600E-005
   8.3194253823037556E-005
   8.3713252600209443E-005
   1.0015422207524506E-004
   8.1920353597696738E-005
   8.6785178836938778E-005
   9.3315028676981237E-005
   9.9315013990190822E-005
   1.2329353976460352E-004
   8.5910221733228183E-005
   9.0563055466607632E-005
   1.0438913771098746E-004
   7.3745716992183174E-005
   7.0438326858836809E-005
   7.9646551339164240E-005
   1.1960994413233244E-004
   1.0259685910781462E-004
   1.0695737669128629E-004
   9.3959607772175021E-005
   9.3805130096410912E-005
   1.2655218179070395E-004
   6.1035256475776910E-005
   1.7545888548962989E-004
   1.0017839255522853E-004
   9.8467245814839557E-005
   6.6433324331475704E-005
   6.4103927682541780E-005
   5.7462472321148840E-005
   8.2560234741614421E-005
   7.9224379368825185E-005
   8.3825724995973633E-005
   7.2100695462829636E-005
   8.1586734898042216E-005
   9.9144085113523771E-005
   1.0971352338738478E-004
   8.5716081808550430E-005
   7.9813224660098647E-005
   1.1883318727959311E-004
   7.9191515077062458E-005
   6.3092555788246533E-005
   1.0089951900895412E-004
   7.8544953884607518E-005
   7.6983919364363371E-005
   9.3453352130241823E-005
   6.9652196001634441E-005
   7.2748034643315427E-005
   4.9257092557093161E-005
   1.4159705171663573E-004
   1.2416497504922792E-004
   8.6448709598731374E-005
   8.0983442036671745E-005
   1.2659453456732427E-004
   8.2942132557928711E-005
   7.9648511394681248E-005
   9.2395150478084026E-005
   9.8819072289020246E-005
   5.8237328151246381E-005
   6.2763332384616476E-005
   7.7771103222947792E-005
   8.7131441955474418E-005
   1.0442463107387960E-004
   6.3916752115185483E-005
   1.0920576850515691E-004
   8.6731835135467149E-005
   6.5353281686443142E-005
   7.6869076259835901E-005
   8.3022829005929637E-005
   9.3856060333917418E-005
   5.6065778881960806E-005
   6.0657512145859195E-005
   4.4556798634270049E-005
   1.0750853627312153E-004
   6.9335563858209336E-005
   5.1893980568958136E-005
   9.5176711521767637E-005
   6.7920430375274928E-005
   6.6248103934313406E-005
   8.1475524498750030E-005
   7.6123649991237974E-005
   1.2398279712226172E-004
   9.9205007841095120E-005
   8.6591633809327543E-005
   1.0934799572139739E-004
   7.4571172769642303E-005
   6.9338278572313687E-005
   9.1813861237724484E-005
   9.8131716500891305E-005
   1.0647838597294594E-004
   7.0783335307937709E-005
   7.4290418301073137E-005
   7.6999209809693571E-005
   7.7317199283596859E-005
   7.4606695657853923E-005
   1.1035190142514480E-004
   5.7611576521576702E-005
   6.1294626936723347E-005
   1.3318963930325267E-004
   6.1723565600604728E-005
   1.2583642952169519E-004
   1.0854355016136542E-004
   8.7544410284478945E-005
   1.0570428122164337E-004
   9.8977208580855344E-005
   8.8100570244284776E-005
   7.2800033330589070E-005
   6.6925267306025622E-005
   1.0852307112437423E-004
   1.0439019593691685E-004
   9.5586169093331218E-005
   8.5530134068922579E-005
   7.7655764783269294E-005
   9.4246817670075330E-005
   1.2626700527472464E-004
   9.3672535648609947E-005
   9.4081791777035832E-005
   8.2352832155374163E-005
   9.1938959682740027E-005
   1.0115638976064007E-004
   5.7243559672722603E-005
   7.4502332081394934E-005
   4.6786961268927937E-005
   8.6261772091671555E-005
   9.6056085736555432E-005
   9.6443681682055718E-005
   8.4837229235579589E-005
   1.5732957896020595E-004
   8.7893876534608900E-005
   1.0458365609173324E-004
   7.4912367535332210E-005
   8.2561321185271140E-005
   1.1644882525534967E-004
   8.0242648407766249E-005
   1.0204517440868011E-004
   1.2077899765946029E-004
   1.0518615023022506E-004
   8.8651008069053118E-005
   7.6021353897266753E-005
   6.8918912399020289E-005
   9.7207780285209891E-005
   9.9294004133748657E-005
   8.7775381535802144E-005
   1.2778363666187729E-004
   1.0862171777465028E-004
   7.3508573651880841E-005
   7.7118901323763769E-005
   9.4914420425589030E-005
   8.9708726934311210E-005
   7.7735189237178648E-005
   9.0899594497428836E-005
   5.9626064783879638E-005
   8.9898830313223354E-005
   9.6577804187213641E-005
   8.5685732853861299E-005
   9.7439912699457800E-005
   8.5216915651129414E-005
   7.3505636485655829E-005
   5.9427773463852670E-005
   5.7218901610745312E-005
   9.5060493703559779E-005
   7.9652789666049959E-005
   8.8927909850951441E-005
   6.2462523068867421E-005
   6.9479338163416489E-005
   1.0106698791871223E-004
   1.3156767124675251E-004
   9.5911539886537329E-005
   8.1108482879201316E-005
   1.1928362457918666E-004
   5.0519458337936454E-005
   9.1502713270395905E-005
   7.9688629031864357E-005
   8.8546747926020436E-005
   7.9525123479365345E-005
   6.2564069312979855E-005
   9.1682909313903248E-005
   9.7592658758584124E-005
   6.6648283874690440E-005
   8.6662262222820895E-005
   6.9767167697642812E-005
   1.0950910358214630E-004
   9.8973241801093189E-005
   1.2414348785323067E-004
   5.3075573881668033E-005
   1.4573281778689686E-004
   1.1095774122999065E-004
   1.0234837581684915E-004
   9.3423465398800881E-005
   9.8588427632666649E-005
   6.8409308202800224E-005
   8.3162862346220027E-005
   5.8379585695187592E-005
   5.7027036442636704E-005
   7.8026331139344055E-005
   5.8233605559371395E-005
   6.6949966584670524E-005
   5.8767040000136126E-005
   7.3269201409729057E-005
   6.3296298314209027E-005
   9.1612277422332234E-005
   1.0232008610008302E-004
   6.7676155588454711E-005
   1.3448581601110680E-004
   9.8611879523161232E-005
   1.0476384423180423E-004
   1.0771241208974043E-004
   1.2438769387972495E-004
   9.3331431631002890E-005
   6.6528968032971935E-005
   9.0519703307727248E-005
   1.1584199708122765E-004
   1.0800373688195898E-004
   8.9739520991551268E-005
   9.4593117809537266E-005
   8.8814273078517949E-005
   7.4414786104412490E-005
   8.7014124809593640E-005
   1.3325865497321412E-004
   5.0629398391021316E-005
   7.5045436561615211E-005
   7.9153378793032320E-005
   8.7584371231147487E-005
   1.0720659205739655E-004
   9.6359665005056816E-005
   6.5705071452764544E-005
   9.6335983162550766E-005
   9.2141166138663669E-005
   1.6763567717427259E-004
   1.1842437799196123E-004
   8.8491621312980885E-005
   7.2743545098200116E-005
   5.5979333214624506E-005
   7.1452733679636392E-005
   1.2129578427128390E-004
   1.1278373353636745E-004
   7.3431873267055397E-005
   1.4625696268157575E-004
   8.3428042862226641E-005
   9.7306561068494094E-005
   5.9814693762507247E-005
   7.1685073717424149E-005
   1.1034374806224650E-004
   9.8665402902169084E-005
   6.8682587262389628E-005
   1.1407007330130216E-004
   8.2797354351587989E-005
   9.9926179077671344E-005
   9.1811623565827018E-005
   7.2848934888496768E-005
   1.1923861471084051E-004
   7.1910025991746564E-005
   5.0806478035486237E-005
   7.0946365740262804E-005
   1.1312162738959645E-004
   1.1613917505853056E-004
   7.6881629712104345E-005
   6.8960565249819421E-005
   9.9892885477806433E-005
   1.6073515732274198E-004
   1.1547341239846912E-004
   7.4322322061008543E-005
   9.1342014471831930E-005
   7.8051760048487704E-005
   5.6401983043375541E-005
   6.8905850629542056E-005
   7.7094995325584434E-005
   7.0396968483549306E-005
   7.1190966785670726E-005
   1.2567537528291038E-004
   9.7085955390012108E-005
   1.4296421971658876E-004
   8.1768510400397410E-005
   7.2113879608913246E-005
   4.9754510577094782E-005
   6.2036344657757968E-005
   6.1188031223746757E-005
   9.5023491039509104E-005
   6.7332873663557554E-005
   8.3268826236252745E-005
   6.0904628143405134E-005
   1.0372865466515112E-004
   9.1915681505884756E-005
   7.3439950935487702E-005
   7.8646547670098093E-005
   9.0940375192239764E-005
   7.2234896830070114E-005
   9.1739603732720958E-005
   6.3062508140656655E-005
   7.0068153952924228E-005
   8.9276879755807514E-005
   7.6882154909740309E-005
   9.0717768015263317E-005
   6.9336517934622452E-005
   1.6431441995504246E-004
   9.1967082797543949E-005
   1.1108994710865349E-004
   7.3362775254970659E-005
   7.1448618710822428E-005
   7.8215957907673818E-005
   6.8667345699278230E-005
   6.8162410585215826E-005
   4.0529312378505629E-005
   7.4719025991893737E-005
   9.1019679857313381E-005
   4.8644925896692958E-005
   9.3337261041306224E-005
   1.0346693158668109E-004
   1.0386217972950727E-004
   8.6085605817549690E-005
   8.3774219638489594E-005
   9.3221362604931643E-005
   7.6577645762633615E-005
   1.0330048574119833E-004
   4.9446835070496694E-005
   1.1246094320544162E-004
   1.1831958971620388E-004
   5.8983888436832133E-005
   1.4900585261217624E-004
   1.2652770859601756E-004
   1.2154053558970959E-004
   8.2524379967627320E-005
   7.4773881506347582E-005
   9.2132406348127298E-005
   8.7473607573480914E-005
   6.4763978977699325E-005
   7.6944651279907487E-005
   7.2939703720667826E-005
   5.0106231918809662E-005
   7.8532604781520206E-005
   8.5578567068704886E-005
   1.0225038093522131E-004
   8.0933790677764628E-005
   9.1603785783877240E-005
   9.4201000887430091E-005
   1.0813554023284881E-004
   8.6540009113891792E-005
   1.1189430824018844E-004
   1.4218525607480307E-004
   6.3641515084915403E-005
   6.4927985629823049E-005
   5.5268012443974840E-005
   6.3355552265168606E-005
   6.3759103433526945E-005
   6.0693790980880461E-005
   7.5801447842696644E-005
   1.2572399107279865E-004
   9.3030592718945209E-005
   5.3095016535800323E-005
   8.3555514895500106E-005
   7.7079245849191033E-005
   6.7598858378217314E-005
   6.8652049080820957E-005
   5.9746181646973173E-005
   1.2676086575166782E-004
   7.3731167615090105E-005
   9.8970132557993590E-005
   7.0789892903531864E-005
   8.4191282767520357E-005
   6.9325928898383401E-005
   4.9993286253154583E-005
   6.7971045373622059E-005
   5.0008903423119496E-005
   6.6311713835030619E-005
   8.0673854743599634E-005
   6.1242140372343910E-005
   9.2308357117160697E-005
   1.1004611647309465E-004
   1.2036222466608516E-004
   9.2646094004191564E-005
   9.4162495571084925E-005
   5.3858011491104216E-005
   6.3439354596936449E-005
   8.7367305086746223E-005
   6.2337255713775888E-005
   1.0093668231752924E-004
   9.3761357587816155E-005
   6.2964494405866076E-005
   6.4870238057587051E-005
   7.8525408928351086E-005
   7.8649805237314638E-005
   7.1275666235624704E-005
   1.1516191757216833E-004
   8.0857634141889853E-005
   9.9331321100213206E-005
   1.6629138024329307E-004
   6.2853975077208039E-005
   8.7307044337375605E-005
   7.2617538858796830E-005
   7.8541701307621966E-005
   7.4009896663010255E-005
   5.9923292939361030E-005
   8.5663762917461705E-005
   5.5809983197658373E-005
   6.6891011830668004E-005
   1.1866263026003994E-004
   5.4176044875040442E-005
   7.5027448323149531E-005
   5.7378312711893156E-005
   1.5222394873552278E-004
   1.3272742433118883E-004
   8.7890175291873533E-005
   5.1135570032835059E-005
   6.5804086997022944E-005
   9.8472666259107362E-005
   6.3883525557505554E-005
   6.2889197326179689E-005
   8.0210884246452026E-005
   1.0269853973114435E-004
   1.2252470298018092E-004
   9.6389398072784373E-005
   9.2080247056262491E-005
   9.8114936775712844E-005
   7.5235543881561824E-005
   5.4298040513587352E-005
   8.5959263645667928E-005
   7.7294222116883922E-005
   9.0477162962212756E-005
   9.2868952276067414E-005
   1.1197652768110590E-004
   6.1430225693230245E-005
   8.7787450587514042E-005
   9.7315171263709973E-005
   7.7835628894814537E-005
   7.2971820109220175E-005
   9.1449380509992735E-005
   6.8215603429594619E-005
   6.6792675250296115E-005
   7.0071783479502291E-005
   9.9674250443674379E-005
   1.0315055592810784E-004
   8.1407348440572729E-005
   9.8850422928773021E-005
   5.8266999128601692E-005
   7.4870171152497224E-005
   1.8922927688638742E-004
   7.5684290989730767E-005
   5.3521429602534839E-005
   7.5689862534411922E-005
   7.8828862081858290E-005
   8.3580418948832409E-005
   5.3843698003954318E-005
   5.0738208512700685E-005
   7.6012485505926684E-005
   9.5946235862235321E-005
   1.0776465555124527E-004
   5.5027485896761439E-005
