   3.5570799187950369E-004
   3.4811979823024447E-004
   4.0295523654501522E-004
   3.4533338329207334E-004
   2.9626736858446873E-004
   3.7637787902001623E-004
   2.8080663626822852E-004
   3.6503766942456935E-004
   3.0364648438057306E-004
   2.7939922525355490E-004
   3.6856557301572277E-004
   3.0842301382392188E-004
   4.1427854307523037E-004
   3.6696170058465589E-004
   2.8341944213077002E-004
   2.7452598281423534E-004
   3.0897641245446683E-004
   2.8697942417355910E-004
   3.6584243628138901E-004
   3.2834562076988809E-004
   3.5346776980941749E-004
   3.4687477149820348E-004
   3.1925388304170917E-004
   3.0051762845803695E-004
   3.9476262647569641E-004
   3.6867834937428547E-004
   3.5802239879524129E-004
   3.1270969071166011E-004
   3.7566663946313455E-004
   3.2038410670845278E-004
   2.9747536908337151E-004
   3.1539317118394481E-004
   2.7740453618206254E-004
   3.2099850620004138E-004
   2.9813125220650604E-004
   3.0307778559478829E-004
   2.9716594842582556E-004
   2.8399030613878877E-004
   2.8828916549903625E-004
   2.9173171266957417E-004
   3.4339737909562995E-004
   3.9273289374499584E-004
   3.2872893249541647E-004
   2.7190754064169119E-004
   2.9487959453962750E-004
   3.0090728986087537E-004
   3.0234271252235442E-004
   3.8981596410037251E-004
   2.8743938650334887E-004
   3.8279828187098662E-004
   3.7151755094473751E-004
   3.6421256452978646E-004
   2.9795320846791779E-004
   3.1084094629651174E-004
   3.7387206598243569E-004
   3.0552452305339774E-004
   3.0172762624319863E-004
   3.6808832272038089E-004
   3.2424119797028943E-004
   3.9366900423986744E-004
   2.6528898624188549E-004
   2.8477770751610159E-004
   2.9571610072859274E-004
   2.9304044035726866E-004
   3.6821525207793841E-004
   3.4981175569551870E-004
   3.7307598639719065E-004
   3.5585746155467117E-004
   3.7030030656948757E-004
   3.1358961148207664E-004
   3.1845028518802718E-004
   3.4545617044209979E-004
   3.0365766504832873E-004
   3.0777631523018245E-004
   3.4386816624117262E-004
   3.3277296435961593E-004
   3.2015501580527899E-004
   2.8610802547702542E-004
   2.9406127568745380E-004
   3.4221963826054679E-004
   2.9615657159946145E-004
   2.7426131304662132E-004
   3.1576253888973647E-004
   3.0630795339682315E-004
   3.3619725134734517E-004
   3.5118636551097313E-004
   3.1493990101976951E-004
   3.3655373519932055E-004
   3.2094278145556460E-004
   3.0246680522265503E-004
   3.3603658312918286E-004
   3.0744084198092088E-004
   2.7845547838609033E-004
   2.9214657314415065E-004
   2.7898280295227601E-004
   3.6720695054101842E-004
   3.4663456703425024E-004
   3.0927271525582134E-004
   3.7756045120010390E-004
   3.1259282703515720E-004
   3.3245955273734440E-004
   3.1856556206102173E-004
   3.6131804007422981E-004
   3.2566438387467313E-004
   2.8715799157752318E-004
   2.9927126487114502E-004
   2.9495673490470933E-004
   3.3459391264562444E-004
   3.3976915981319514E-004
   3.1937529614062087E-004
   3.5457902371316034E-004
   3.2871898860670250E-004
   3.6670687368143493E-004
   3.3829913445451086E-004
   3.8715348782995525E-004
   3.3535007614930257E-004
   3.2986361753149866E-004
   3.3065678078082761E-004
   3.6884880393187568E-004
   3.0241264978090942E-004
   3.5278965884727280E-004
   3.0644913343491701E-004
   3.4766640256759569E-004
   3.9570956773242179E-004
   3.1186563995380684E-004
   3.4424942258764638E-004
   3.1881702205726584E-004
   2.9665303652527653E-004
   2.8875030463143916E-004
   2.9810563740253180E-004
   3.6121000075529355E-004
   3.8290058452188249E-004
   3.6879738566517983E-004
   3.5172127146317750E-004
   3.4664386259677357E-004
   3.6584745945246168E-004
   2.9426345844419868E-004
   3.5125805515250156E-004
   3.0451811299364210E-004
   3.1319538283212516E-004
   3.3159048161464496E-004
   3.4922998044742773E-004
   3.0607627776786488E-004
   3.3514063264404278E-004
   3.6591205133724655E-004
   3.5858567141052020E-004
   3.0206144309158692E-004
   3.2258615179698539E-004
   3.5932020829899784E-004
   3.6977212113584629E-004
   3.0909595803494576E-004
   3.6998924946071346E-004
   3.3008264393256308E-004
   2.9362508750579590E-004
   3.4499667142159175E-004
   3.7342546298245563E-004
   3.1380644145717114E-004
   3.6967952596994558E-004
   3.0526912843902260E-004
   3.7571324235848800E-004
   3.7486219447653069E-004
   3.3593842474862162E-004
   3.3898147097481592E-004
   3.4019314429443212E-004
   2.8531232662420356E-004
   3.5393098499716410E-004
   3.7284555639376668E-004
   3.6681933213546659E-004
   3.7421447462885140E-004
   3.9307832644038009E-004
   3.2750165085887331E-004
   3.7401698538253654E-004
   3.0681658304981103E-004
   3.6314687630518343E-004
   3.4880112262697269E-004
   3.6664182460261423E-004
   3.0489110329092454E-004
   2.9858012312129170E-004
   3.1716219558941582E-004
   3.0526858677441349E-004
   3.5204620149719898E-004
   3.2379568547051714E-004
   2.8138200237470487E-004
   3.6682914824137907E-004
   3.1966227802445406E-004
   3.3590278177795391E-004
   3.3190731602111579E-004
   3.6062385734061952E-004
   3.8960286551081825E-004
   3.6079830388693272E-004
   3.3434575762058286E-004
   3.5075464752855405E-004
   2.9514168668652184E-004
   3.2206958907231872E-004
   3.5451494147921333E-004
   3.2683008685717912E-004
   3.1303413776627653E-004
   3.5954368942466437E-004
   2.9510719689424209E-004
   3.1873582005993831E-004
   3.1481006800136751E-004
   3.2505925783186132E-004
   2.9543006688317501E-004
   3.2399192655749439E-004
   2.9841589516696855E-004
   3.5881130662442285E-004
   2.8192877833738416E-004
   2.9560098683227099E-004
   3.2790485817250979E-004
   3.7984485752477602E-004
   2.6423664733796198E-004
   3.1708377202597794E-004
   2.9873158651876183E-004
   3.0599627079412541E-004
   3.7404428599926314E-004
   4.0405833253092592E-004
   2.8613483428055177E-004
   3.6571035805531326E-004
   3.0835224811176764E-004
   4.0924730630213086E-004
   3.5966879051877587E-004
   3.1432325478042953E-004
   3.1927124690284961E-004
   3.9128290786984014E-004
   3.2597330808525584E-004
   3.2429892336121251E-004
   2.8666719506853825E-004
   2.9311412967345109E-004
   2.8593795405682215E-004
   2.9453584023251389E-004
   3.5626422180101529E-004
   3.6683773098621824E-004
   3.2783766580442276E-004
   3.3920040923525956E-004
   2.9717122705876707E-004
   3.1694383942622089E-004
   3.0648317220430797E-004
   2.9473503549738538E-004
   3.6562086878312063E-004
   3.5242704119214946E-004
   3.9395465401503236E-004
   3.1554875697159957E-004
   3.6020889694270510E-004
   3.0412747206125961E-004
   3.6966896876185868E-004
   3.4737401625961633E-004
   3.4769169280436733E-004
   3.1317220681427232E-004
   3.2540024552876832E-004
   3.1386299348676268E-004
   3.0249190512120200E-004
   3.7826681410709157E-004
   2.7780769194562426E-004
   3.4802289782122944E-004
   3.0828611252359299E-004
   2.9282101564364515E-004
   3.6527328868999682E-004
   2.9330011959595068E-004
   3.7514711047262079E-004
   3.3118457715630852E-004
   3.2430617922053404E-004
   3.0740725657019569E-004
   2.7855277893083303E-004
   3.5822783428054203E-004
   3.8308081939733817E-004
   3.4057035475619951E-004
   3.2629369720679237E-004
   3.8669038138174175E-004
   3.4268987285084615E-004
   3.0485026045092348E-004
   3.7192111797335563E-004
   3.7496861645511297E-004
   3.4610152408145485E-004
   3.2182908926753351E-004
   3.0274472187610390E-004
   2.9430166240244270E-004
   3.3483971488980124E-004
   2.9167347939987987E-004
   3.0284357226942896E-004
   3.1553328392736898E-004
   3.4726676394647649E-004
   3.2052925498166844E-004
   3.0290227728462042E-004
   3.5418285648625727E-004
   3.2374751529127090E-004
   3.0919760545706208E-004
   2.9830972101124953E-004
   3.5622317455726455E-004
   3.6455432054642101E-004
   3.1243982931615153E-004
   3.1838332225569272E-004
   3.9955024501077451E-004
   3.4729152511344861E-004
   3.1460491201111318E-004
   3.6028064939188606E-004
   2.7827995538545183E-004
   3.9911174351933400E-004
   3.0587764053678526E-004
   2.8727744271277118E-004
   3.8015389234147024E-004
   3.3980843143787884E-004
   3.3225248334689913E-004
   3.5775051864495250E-004
   3.6048911734860070E-004
   2.9530534521951540E-004
   3.6172978246394502E-004
   3.1747557441913162E-004
   3.0957416725376272E-004
   3.8996371452378222E-004
   3.5366779104004326E-004
   3.5389717172580777E-004
   3.7260687000831045E-004
   3.3841962777348805E-004
   2.9769167597396630E-004
   3.0377011748593876E-004
   3.5287417459052084E-004
   3.6000478580477409E-004
   3.2395271244364105E-004
   3.1886993257614884E-004
   3.6449659241336518E-004
   3.4949589780400010E-004
   2.8356230357169860E-004
   3.5591805351833488E-004
   3.2887286255002448E-004
   3.1857284884342116E-004
   3.7265170489602203E-004
   3.7705447155406401E-004
   3.9281992087907106E-004
   3.2980638930703315E-004
   3.4980991441853939E-004
   3.1444052263570292E-004
   3.2828593806741736E-004
   3.4079383544844761E-004
   3.0728194887265061E-004
   3.3208642763213358E-004
   3.0600347575324626E-004
   3.0711992415205155E-004
   4.0285395930132154E-004
   3.5393337769253693E-004
   3.2827728713842174E-004
   3.5151219489086734E-004
   3.6429275346119432E-004
   3.4468476587339931E-004
   3.7377482022529974E-004
   3.2334042314243540E-004
   3.0020160387996052E-004
   2.9099711347765233E-004
   3.3697069368547687E-004
   3.1202406288683262E-004
   3.0188302896577858E-004
   3.1543022628064771E-004
   3.4762577580436081E-004
   3.5003966465726132E-004
   3.3634614461588162E-004
   2.9595648958795860E-004
   3.7697178577017894E-004
   3.7397303776937562E-004
   3.4100016213566491E-004
   3.2562493521897328E-004
   3.6983412792339631E-004
   3.0561241930535463E-004
   3.5323595487762513E-004
   3.4340727205771403E-004
   3.3125914448338476E-004
   3.4408044774460672E-004
   3.5339476664669370E-004
   3.0631698359192205E-004
   3.5961319192192790E-004
   3.7314581045933736E-004
   3.2672834843680440E-004
   3.7202614473661486E-004
   2.9178729480650224E-004
   3.6535573614880114E-004
   3.2138051236094736E-004
   3.5584406424397572E-004
   3.9190279651551974E-004
   2.9833796283951133E-004
   3.3591295007489138E-004
   3.6184288243769488E-004
   3.2309214199902612E-004
   3.6244063472398670E-004
   3.2068561245405370E-004
   3.8627733692109359E-004
   4.1853036132741386E-004
   3.1190774863873281E-004
   3.0109205798263777E-004
   3.1586650555446151E-004
   3.6749374648273683E-004
   3.5543621826706511E-004
   3.5111764533208862E-004
   3.5680071436904493E-004
   3.3890726518698392E-004
   3.3322827249858774E-004
   3.6139064154005291E-004
   3.2473694583092986E-004
   3.8470282224219827E-004
   3.6347600528818021E-004
   3.1427920155093565E-004
   3.3979961387849969E-004
   2.9021611663377272E-004
   2.7840141866803829E-004
   3.6174739123358144E-004
   3.7432986823839347E-004
   3.5498961000850774E-004
   2.9062650258607794E-004
   3.4645962505173538E-004
   3.1945407531972967E-004
   3.4053896165993055E-004
   3.7092947431619178E-004
   3.0852762074779383E-004
   3.5180874072111997E-004
   3.5417139607199900E-004
   3.4850602289848980E-004
   3.2378221524674583E-004
   3.1834353554252093E-004
   3.6185929496921785E-004
   3.8161886680456076E-004
   3.7684622333607253E-004
   3.0533007169314012E-004
   3.4819516683853386E-004
   3.3348045879937174E-004
   3.4223446448463399E-004
   3.4076152672724128E-004
   3.1785968983302277E-004
   3.5122862392363284E-004
   3.6256098987713019E-004
   3.2519093306732506E-004
   3.8858810167229958E-004
   3.0442208229508057E-004
   2.9692514968454570E-004
   3.1840216823972051E-004
   3.8731328540701234E-004
   3.9751929615567598E-004
   2.9481092407264079E-004
   3.9678949873112339E-004
   3.8540353541672884E-004
   3.0143051928512363E-004
   3.1512617137265298E-004
   3.8492899706398334E-004
   3.6183050289101485E-004
   3.0483713192529694E-004
   3.1842238885603196E-004
   3.0680293064425302E-004
   3.7727752217910364E-004
   2.8180899195581727E-004
   2.8703576418173833E-004
   3.3016407165810982E-004
   3.8171889666835883E-004
   2.9916295775231258E-004
   3.7499066592237281E-004
   3.2959482757443363E-004
   3.7111625656101229E-004
   3.1539293979021283E-004
   2.9202033508681343E-004
   3.2996829412082723E-004
   3.6140818304415369E-004
   3.1036434300116944E-004
   3.0345394344726684E-004
   2.8546782918290303E-004
   2.8876272470262785E-004
   2.9238232776590247E-004
   3.1038104511744611E-004
   2.8949029503757531E-004
   2.8499824275664927E-004
   3.0742356318066186E-004
   2.8193559979171285E-004
   2.8220941999243819E-004
   2.8894871112134852E-004
   3.1359139009499233E-004
   3.3498402932793714E-004
   3.0934045545425549E-004
   3.4234292305409777E-004
   2.9318324916056265E-004
   3.0188097593335006E-004
   3.1219098999852592E-004
   2.9346387805905536E-004
   3.5181381815211157E-004
   2.8660134740974457E-004
   2.7505846910262996E-004
   3.5273721566335501E-004
   3.2180932444556308E-004
   3.8221177391355008E-004
   3.5188132536753658E-004
   3.6280384394350501E-004
   3.2061319252138591E-004
   3.1317001954925808E-004
   2.8450161916193043E-004
   3.3547771850200376E-004
   3.3337590937831322E-004
   3.5213451186147648E-004
   3.0508468167646518E-004
   2.8363603077998271E-004
   3.0693850763597387E-004
   4.0693235037065028E-004
   3.5869958203190783E-004
   3.4647595656212151E-004
   3.1783836060975877E-004
   2.9128511176894345E-004
   3.6861872395065395E-004
   3.4186033945299662E-004
   3.0234759760782565E-004
   3.1599858187660696E-004
   3.7339327714309837E-004
   3.7019315506388680E-004
   3.5179786811821538E-004
   2.9011083449455034E-004
   3.0709981253500865E-004
   3.9010709917362612E-004
   3.1939978955658927E-004
   3.1186232905329198E-004
   2.8232249770140900E-004
   3.1517042884170518E-004
