   3.2771950231185739E-004
   2.7512317369831024E-004
   3.2088214084737373E-004
   3.0554176763590519E-004
   2.7287845999425216E-004
   3.3160991471498547E-004
   3.3030017711836826E-004
   2.8128156084501857E-004
   3.9013968076854642E-004
   3.3005070367398234E-004
   3.1739675126715467E-004
   3.4041910320755368E-004
   3.8626792521507142E-004
   3.4748923620977280E-004
   3.0695794035580576E-004
   3.1613728016918551E-004
   3.3205965667878725E-004
   3.4365640984997922E-004
   3.2704944997677794E-004
   3.2237756715230238E-004
   3.6019183694820925E-004
   3.0681162507732951E-004
   3.5938116957694584E-004
   3.6127825099091802E-004
   4.0138073224555457E-004
   2.9713894829474244E-004
   3.6111735620881770E-004
   3.4921101154636254E-004
   3.2077508359142440E-004
   3.3946876348311012E-004
   3.3548272272124761E-004
   3.7961361653898756E-004
   3.2377584037342389E-004
   3.9221928894232901E-004
   3.2543187993728102E-004
   3.5657042191365609E-004
   2.7586429051002333E-004
   3.4997853430110854E-004
   3.0722084358941444E-004
   3.3248006340369507E-004
   3.3188767739141428E-004
   3.6596768396035691E-004
   4.0447052751030050E-004
   3.7939123107499022E-004
   2.8688355983176448E-004
   2.9036058049824467E-004
   3.0081035811085465E-004
   3.2868762612322746E-004
   2.7306876669939235E-004
   3.7566886073740465E-004
   3.9747146763084072E-004
   3.1500076267916734E-004
   2.9163325765942273E-004
   3.1414848367308204E-004
   3.5059099745424400E-004
   2.8206840563198645E-004
   4.2170222378323623E-004
   3.3182934903099731E-004
   2.8067278950287311E-004
   3.2628137689942924E-004
   3.7896042271275544E-004
   3.2345040923345558E-004
   2.9475811553327034E-004
   3.0161049470731115E-004
   3.7434308239519919E-004
   3.0184775849659355E-004
   3.5401822521250999E-004
   3.5012692660516605E-004
   3.0055995408772782E-004
   2.8546491576407035E-004
   3.1657046381796967E-004
   3.8254055443497580E-004
   3.6222644797510200E-004
   3.2147011665100697E-004
   3.0931070678962187E-004
   3.6419810353490156E-004
   3.4076363883362533E-004
   3.0274059883408721E-004
   3.4477062880237204E-004
   3.1623483387766189E-004
   3.0686243091749763E-004
   3.8792616297753763E-004
   3.2161237235696371E-004
   3.7026371179850031E-004
   3.0281226776161519E-004
   3.7213577014190370E-004
   3.4595998729487456E-004
   3.6975977252767654E-004
   3.5752876253870256E-004
   3.5535512532974952E-004
   3.2761902534185646E-004
   2.8971956186520364E-004
   3.0013504965166552E-004
   3.0695844765910968E-004
   3.6533682304186211E-004
   3.0175540012799114E-004
   3.0821201450167052E-004
   3.6435719144676138E-004
   3.0178680578948062E-004
   2.8250018373071313E-004
   2.9716583621639626E-004
   3.7990770480981475E-004
   3.5738436786486051E-004
   3.1491154133090970E-004
   2.6505640052107481E-004
   4.1419172288793929E-004
   3.5954324810989942E-004
   3.2504425946360438E-004
   3.7291648799627055E-004
   3.1313920451320274E-004
   3.3640176608637474E-004
   3.3457122399709884E-004
   3.1897529683376849E-004
   3.4766823956742160E-004
   3.3840975939895297E-004
   3.3589166961999151E-004
   3.6219162882222057E-004
   3.4925080224511388E-004
   2.9208479009629722E-004
   3.4008093842100376E-004
   3.1419174485687503E-004
   3.2776756281844308E-004
   3.5801074340409346E-004
   3.1897637722839967E-004
   3.6752042396554911E-004
   2.8777339701949899E-004
   3.1646101377684119E-004
   3.6285912977314567E-004
   3.3154321246322118E-004
   3.3839542844156463E-004
   2.9296347976221610E-004
   3.0445233515972666E-004
   3.0584287843277001E-004
   2.8986751891520038E-004
   3.5644253295191123E-004
   3.3609842608783581E-004
   2.8026104822448166E-004
   3.6132973018183131E-004
   3.3327603788376386E-004
   2.9989717522705924E-004
   3.6043070040668140E-004
   2.8566858064691953E-004
   3.5566071502070437E-004
   2.9189900499400730E-004
   3.1497947788157644E-004
   3.4310431423236588E-004
   3.0212994951169339E-004
   3.5494299632005008E-004
   2.9347213959160295E-004
   3.1982800138581044E-004
   2.9538861076147687E-004
   2.9141723154711013E-004
   3.1515804087023526E-004
   2.7697636284984448E-004
   3.0592684835224087E-004
   3.5256728566263393E-004
   2.8231240263055043E-004
   3.4753730956970042E-004
   3.0996897275845049E-004
   3.1810811499688869E-004
   2.9623742904600042E-004
   2.6357013978361586E-004
   2.9524508000140217E-004
   3.4432371764566918E-004
   3.0802544433209387E-004
   2.9689741945826810E-004
   3.3383982460982839E-004
   3.7262132551974436E-004
   2.9904634345059145E-004
   3.6935537911465843E-004
   2.8576556611484408E-004
   3.4638106537988503E-004
   2.9641240514083220E-004
   2.9460348289288692E-004
   3.1520509583813988E-004
   3.7765271089860596E-004
   3.5294526243090531E-004
   3.8742908350427669E-004
   2.9536229888727964E-004
   3.0339547670566196E-004
   3.4545008157259055E-004
   3.3256152048395063E-004
   2.9700575114315097E-004
   3.4761891343686489E-004
   3.3490277829227122E-004
   3.3751279476675175E-004
   3.5509081323045874E-004
   3.5217592736961131E-004
   3.6549081112450805E-004
   2.8539582687711948E-004
   4.1768023981870306E-004
   3.0746534824158535E-004
   3.1685007746775235E-004
   3.9712657453372841E-004
   3.3290252089361491E-004
   2.7929596280389389E-004
   2.8282829911132094E-004
   2.7285846931058324E-004
   2.7867590184068810E-004
   3.6659988928745352E-004
   2.7526783829590735E-004
   3.2470935017489457E-004
   3.3261298416366504E-004
   2.9979090528125667E-004
   3.2828302737870755E-004
   2.8496728404364658E-004
   2.8760292158114557E-004
   2.9950218011307679E-004
   3.4544499642691795E-004
   3.1282037117056434E-004
   3.2576069541549653E-004
   3.4899701341327947E-004
   3.8356963374105963E-004
   2.9947560206132766E-004
   3.1958141300056462E-004
   3.3311043102072748E-004
   3.1112904291940750E-004
   3.6975178397350756E-004
   3.3859598492727713E-004
   3.2088472643999059E-004
   3.4928458250236118E-004
   3.3085958442635255E-004
   3.5186481157273449E-004
   3.4812384112719848E-004
   2.9911899285584010E-004
   3.0370558642420594E-004
   3.5023290057379481E-004
   2.8334033210960342E-004
   3.4286976631224054E-004
   3.0070437065756107E-004
   2.8903586474850321E-004
   3.2427124168710241E-004
   3.6183057556648466E-004
   3.2741739085644268E-004
   3.5027459020663690E-004
   3.2186398765518347E-004
   3.5961130962367362E-004
   3.2367833771880153E-004
   3.0491212519393449E-004
   2.6762518677324890E-004
   2.9423594735584335E-004
   3.1855407255472414E-004
   3.4066936261232524E-004
   3.7475962040577413E-004
   3.7722897195746928E-004
   3.0634867677957939E-004
   3.9372559314205684E-004
   2.9221416744037141E-004
   3.2317102148736714E-004
   3.5745419178160085E-004
   3.3473136903724489E-004
   3.9375958025450805E-004
   3.0728124088896396E-004
   3.0555268037957815E-004
   3.9544827574736847E-004
   3.6017598333474188E-004
   3.5774921305997345E-004
   3.3429339817200431E-004
   3.6797030196504841E-004
   2.8997190994291565E-004
   2.9532145381360201E-004
   3.4229572574790313E-004
   3.0620248752174812E-004
   3.6242539194098215E-004
   3.2872665813218921E-004
   3.5135799136201294E-004
   3.5133301172913628E-004
   3.5058747811876026E-004
   2.8497304905115007E-004
   3.6004204270316124E-004
   2.9561198327063292E-004
   2.9862235438142488E-004
   3.5396796616262230E-004
   2.7010129068025924E-004
   3.6766922650343866E-004
   2.9177313066382584E-004
   3.5692178260848242E-004
   3.4149489287882531E-004
   3.2935552441313432E-004
   2.7955288317344087E-004
   3.5730315766093558E-004
   3.0144940220257330E-004
   2.9510018770348141E-004
   3.7725314688104186E-004
   3.0522875908267584E-004
   3.3788139454309557E-004
   3.3239265481421933E-004
   3.5140861372042267E-004
   2.8171361654542550E-004
   2.9983634515885993E-004
   2.9453269835889037E-004
   2.8428917064948029E-004
   3.4463068720775127E-004
   3.1386579316248505E-004
   2.8905568829608715E-004
   2.9046109418601185E-004
   3.0442623976399550E-004
   3.1972067557208748E-004
   3.9922464116616687E-004
   3.7300823759058634E-004
   3.6391630843552527E-004
   3.1617619323855649E-004
   3.1551291571855469E-004
   3.5730899552935419E-004
   2.9028142848010110E-004
   3.0114946882438194E-004
   3.1250429780398402E-004
   3.0530954886251303E-004
   3.2294085443319588E-004
   2.7810953851770999E-004
   3.0371519741787906E-004
   3.6557073165094313E-004
   2.7327335177795468E-004
   3.2501287396176522E-004
   3.2629897240932584E-004
   3.2146286738115606E-004
   3.2818041882189358E-004
   2.9136508739735701E-004
   3.2848290951320634E-004
   3.2453145915668275E-004
   3.3271822081601789E-004
   3.6419671179844479E-004
   3.2522269053512529E-004
   2.9378309702640215E-004
   3.1630357660599660E-004
   3.4955388552375562E-004
   2.9736437083711860E-004
   3.0548478990992416E-004
   3.1755776195782127E-004
   3.6746724371184786E-004
   3.3850863794572804E-004
   3.5278997173374219E-004
   3.0351533000398445E-004
   3.1690760463083239E-004
   3.0193262326205886E-004
   2.9420934395842346E-004
   3.1942478889442820E-004
   3.0147709332198439E-004
   3.6917472795604364E-004
   3.2865376098635264E-004
   3.7294691272256043E-004
   3.8697254171620664E-004
   3.4823797787866367E-004
   2.7561771956721568E-004
   2.8943836400370862E-004
   3.2945658772475336E-004
   3.0437938339907352E-004
   2.9261678599998796E-004
   3.5432329176935350E-004
   3.6926200323054260E-004
   3.3441136090717807E-004
   3.1158761981679343E-004
   3.0150670835308045E-004
   2.9611321873471527E-004
   3.5968750465082913E-004
   3.5059893987487908E-004
   2.8607457228453946E-004
   2.8134241861135762E-004
   2.9890761199178901E-004
   3.5074581702172069E-004
   3.1549472109079844E-004
   3.7143007088754921E-004
   2.8287569752073912E-004
   3.6966180485397429E-004
   3.3674234542473180E-004
   3.5660645941120746E-004
   3.5490595208056161E-004
   3.4794415596940784E-004
   2.8459781566508180E-004
   3.8422191897655416E-004
   2.8569618878624922E-004
   3.8157895819518318E-004
   4.2827394809253938E-004
   3.2548956845840371E-004
   2.8267397643711605E-004
   3.3579502766572340E-004
   2.8351896998849655E-004
   3.0562623575276418E-004
   3.1315080991120109E-004
   3.0890149735975032E-004
   3.5350868260702992E-004
   3.6051406776383505E-004
   2.8896925268004527E-004
   3.8996701182648366E-004
   3.3143301184317451E-004
   2.9974066286489410E-004
   3.6727331325759949E-004
   3.6256167744404131E-004
   2.7995824055924740E-004
   3.7502249983891394E-004
   3.0583428403235493E-004
   3.4696664864622081E-004
   3.5565622898770189E-004
   2.8071856224894435E-004
   2.6432473711384048E-004
   2.9468847936464182E-004
   3.4589463937700720E-004
   3.5026783010724989E-004
   3.0783993438613993E-004
   2.9954903800549835E-004
   3.6412359286454277E-004
   3.5448067867719431E-004
   3.5326157384368075E-004
   3.7886083665370065E-004
   3.0390184455240422E-004
   2.8889282297183956E-004
   3.9453439952268017E-004
   3.3914582891901449E-004
   3.5889340747299170E-004
   3.3215011108823434E-004
   3.0622653306304444E-004
   3.3220023634715804E-004
   3.0515848843431245E-004
   2.8074295506829919E-004
   3.4940324161225953E-004
   3.6314826221362244E-004
   3.5853182708033249E-004
   2.9973555027827138E-004
   3.1483129161402016E-004
   3.4250960733634019E-004
   2.8904973428181411E-004
   3.1687849870538345E-004
   3.1564758723637043E-004
   2.7718970618338066E-004
   3.5257484128956224E-004
   3.7219382239128213E-004
   3.7150210918049115E-004
   3.3025000085646635E-004
   2.9769983874325520E-004
   3.2070592407708261E-004
   3.5828032787027210E-004
   3.5928336109310237E-004
   3.1926104459259453E-004
   3.8537933419980491E-004
   3.6076850648214347E-004
   3.2695324626419003E-004
   3.4978465849739150E-004
   3.0680342866409990E-004
   2.9104987490959799E-004
   3.4817540681591976E-004
   3.3210078832156877E-004
   3.0059586420001712E-004
   3.4432091422193054E-004
   3.5436770323876384E-004
   3.3907927258035846E-004
   3.1796152349527709E-004
   3.3362105380454251E-004
   3.4329628205298827E-004
   2.9829003304587728E-004
   3.2747968786576878E-004
   3.1644018202028331E-004
   3.3666644556435310E-004
   2.8010415960340730E-004
   2.7526074538411445E-004
   2.8546104553194490E-004
   3.2104575841100273E-004
   3.3541480188056349E-004
   3.3419497834868538E-004
   3.8793485934998835E-004
   3.7159065794967644E-004
   3.7051331846446101E-004
   2.9476743805863947E-004
   2.9863998727112663E-004
   3.2660958080118070E-004
   3.1681436193301216E-004
   3.8793875130245531E-004
   3.0092401020861184E-004
   3.7753745345551413E-004
   3.5518288388673562E-004
   3.4306426710888820E-004
   3.1336438360910342E-004
   2.8811008655508618E-004
   3.4558391125648168E-004
   3.3657496249786864E-004
   4.0275709417727352E-004
   3.5126310642559630E-004
   3.2169284174840719E-004
   3.4460613477153086E-004
   3.5815608455897749E-004
   2.8046150175706702E-004
   3.0162441744692529E-004
   3.7664909573590581E-004
   3.2323182992141631E-004
   2.8699189305495828E-004
   3.2454844254926218E-004
   2.8911480541220761E-004
   3.4450190466913012E-004
   2.8805114254634289E-004
   3.2012323669650372E-004
   2.9555777644425096E-004
   3.0470052220431341E-004
   3.0432954003440662E-004
   3.3692867183635360E-004
   2.7147770613811836E-004
   3.2339783953190467E-004
   2.9516095421033698E-004
   3.5443169218388995E-004
   3.2510660133903963E-004
   3.3617996401749748E-004
   3.3894813075552804E-004
   3.4206994458603544E-004
   3.6693057984096481E-004
   3.9771614826855932E-004
   3.0086572290959984E-004
   2.9570560926799196E-004
   3.4683963258526861E-004
   2.6569310337203625E-004
   3.1835459606982807E-004
   3.4244617946203778E-004
   3.1021087741625564E-004
   3.8585125069000883E-004
   3.6154650188197676E-004
