   2.7264000916618587E-004
   3.5726207778027507E-004
   3.3180348328331699E-004
   2.6667206735245572E-004
   2.4947445453805131E-004
   3.3444189321708828E-004
   2.8643395459334735E-004
   2.6570881506769170E-004
   3.0365070157575049E-004
   3.2827130005595419E-004
   2.7935912300105652E-004
   2.8067765834482691E-004
   2.4647746185100280E-004
   2.9215105135873968E-004
   2.8507546633933350E-004
   3.1131336777195213E-004
   3.6941880268391932E-004
   2.7196022114084323E-004
   2.7026149187620854E-004
   2.9402981596306498E-004
   2.8683518462260273E-004
   3.3350572620957598E-004
   3.4054262154322492E-004
   3.4615423489872622E-004
   2.8266678671508570E-004
   2.6090878996987301E-004
   2.7968530371938461E-004
   3.3026015031672795E-004
   3.1316725213365666E-004
   3.2694288630614110E-004
   2.6777296631341914E-004
   3.0579405621235895E-004
   3.1292610555019987E-004
   2.8492217089430110E-004
   3.1322585099489823E-004
   3.2728848751115071E-004
   2.7736454161811911E-004
   3.1034341073653260E-004
   3.0654838123520803E-004
   2.9651347937145875E-004
   3.2501903611234333E-004
   3.3118118162734115E-004
   2.6224869477891352E-004
   2.7717167085602751E-004
   2.9155744813274165E-004
   2.8048436054838494E-004
   2.9023727765771094E-004
   3.2894926827611788E-004
   2.9749172540214237E-004
   2.9980538923339074E-004
   2.8196859663041311E-004
   3.0784996615898036E-004
   2.6094502059470449E-004
   2.9496834170842078E-004
   3.0112272648706562E-004
   3.0920285237087339E-004
   2.5094220551980434E-004
   3.3188167123350656E-004
   3.1335680557130854E-004
   2.8014696788211766E-004
   2.6464522557333175E-004
   3.6192216589432333E-004
   3.2990501507005487E-004
   2.9479620650780278E-004
   2.9318470996703209E-004
   3.0825762405223571E-004
   3.2428851187923290E-004
   3.3937736665950427E-004
   2.8763861273040450E-004
   3.3200543391634520E-004
   3.0947793233212427E-004
   2.6913056880045993E-004
   2.7336406560544697E-004
   2.8686795426277395E-004
   3.3659554914504251E-004
   2.7222401162626354E-004
   2.8458547922611735E-004
   3.1088749306495478E-004
   2.5614814074894894E-004
   2.9355828298498047E-004
   3.0502911292402008E-004
   3.5965516292898618E-004
   2.5396049257099995E-004
   2.8938187482146702E-004
   2.7648180048606439E-004
   2.8914334818533327E-004
   3.2284832196898151E-004
   2.9716971325933610E-004
   2.9263360451475031E-004
   3.5117543920025354E-004
   2.6163888977937449E-004
   2.9445778701287726E-004
   3.2844646224745492E-004
   2.7372069160290675E-004
   2.6447899095915790E-004
   3.2781512266272722E-004
   3.2124398523074294E-004
   2.8357601819839007E-004
   2.9007341651434424E-004
   3.3839271777085780E-004
   3.0876442731736075E-004
   3.3565997364451932E-004
   3.1784775489737530E-004
   3.0853734885870245E-004
   3.0926850665598412E-004
   2.7493626620258437E-004
   2.7429099688262691E-004
   2.8716711636933139E-004
   3.2274065033365614E-004
   3.1718508993811196E-004
   2.8049166778862622E-004
   2.9421236776310601E-004
   3.2077872108490232E-004
   2.9010624318193118E-004
   3.2790569519100456E-004
   2.7111277231316188E-004
   3.0962115291299520E-004
   3.0172870720324239E-004
   3.0956993184887128E-004
   3.3446106939799991E-004
   3.0126584047369032E-004
   3.4014326449997802E-004
   3.2679145417551561E-004
   3.4763405606188564E-004
   2.9322107315960173E-004
   2.9517073480734326E-004
   2.8845073277093659E-004
   2.9725240817477427E-004
   3.1873487437489024E-004
   3.1937691677395266E-004
   3.0305465977704715E-004
   3.1055628802877821E-004
   3.1382219798313071E-004
   2.9095208765778064E-004
   3.0931050546137282E-004
   3.4935128820539886E-004
   3.0435040581866730E-004
   3.6449794606450200E-004
   3.6816200719320908E-004
   3.4948863161404298E-004
   2.7052801110472957E-004
   3.3318499922672392E-004
   3.1088099459999842E-004
   3.0677284716314050E-004
   3.0389278019119940E-004
   3.2042735487341101E-004
   2.7879769513521069E-004
   2.8419079099022062E-004
   3.0089837133588263E-004
   3.5282998537592775E-004
   2.6707899382069427E-004
   3.1590824683220403E-004
   3.3466725828430256E-004
   2.8999302977916796E-004
   3.1515205426452183E-004
   3.4070247471774728E-004
   3.4695995048823216E-004
   3.3658103642675118E-004
   2.5878597284021939E-004
   3.3047030958333133E-004
   2.7453141872176441E-004
   3.2781394941099962E-004
   3.3061092262681979E-004
   3.7596435060875883E-004
   3.8847183085236877E-004
   3.4886999272827694E-004
   2.8791069469439017E-004
   3.2577720586772399E-004
   2.9809868033114125E-004
   3.0622701739054534E-004
   2.9111228127826918E-004
   3.1082097810904863E-004
   2.7127155913557390E-004
   2.5564846265055836E-004
   2.6190373655122140E-004
   2.6179555762420289E-004
   3.1280911926930585E-004
   3.4969449956471447E-004
   3.2777420600862864E-004
   2.7279350504052699E-004
   2.9104812431106542E-004
   2.9284622903232092E-004
   3.1662982908642307E-004
   3.1721731564145694E-004
   3.0273602932739041E-004
   3.6669585756409829E-004
   2.8465747199264512E-004
   3.0937989138034549E-004
   2.9871950512729754E-004
   3.3626121173230370E-004
   3.3613341677556433E-004
   3.2849419181395055E-004
   3.1026362564465389E-004
   3.3505885243445105E-004
   3.4682783478101359E-004
   2.7225355117410183E-004
   2.7225223668151798E-004
   2.9310258915547657E-004
   3.2040714503088968E-004
   3.3063475945277330E-004
   3.3310990021070475E-004
   3.3044623338877101E-004
   2.8158664983051862E-004
   3.1639664292938972E-004
   3.0857335486500563E-004
   2.9039406176710681E-004
   3.1582527913028534E-004
   2.7319555764209841E-004
   3.3359422502928258E-004
   2.6043767241101882E-004
   2.7654675709023937E-004
   3.1246848426435810E-004
   3.2146459707101083E-004
   3.3296684012339877E-004
   3.3047064626545578E-004
   3.3727783302968910E-004
   3.2657075424119124E-004
   2.7393782190177003E-004
   3.0074852967595657E-004
   2.9165569861383067E-004
   2.8944553037250150E-004
   2.9940883110451602E-004
   3.0320362254436962E-004
   3.1649666670172257E-004
   2.7730768978708218E-004
   3.2645400553148478E-004
   3.0687862444855787E-004
   3.3268680436284402E-004
   3.1552323923973952E-004
   2.7578207148289509E-004
   2.9504225574994040E-004
   2.7278797452524802E-004
   3.3023831409601244E-004
   3.0562680652934806E-004
   2.9661339535122055E-004
   3.1036039754993040E-004
   2.8103303838565927E-004
   2.6751563954704517E-004
   3.0071406452530957E-004
   2.5533968213275516E-004
   3.2866807986510607E-004
   3.4118209639592779E-004
   3.1931375916948509E-004
   3.1651119340671421E-004
   3.4396069156223806E-004
   3.0446266892839789E-004
   2.9650277724616633E-004
   2.7017408894213695E-004
   3.4929889553624103E-004
   2.6248582655804636E-004
   2.6887227831986360E-004
   3.3846773103294805E-004
   2.7837332087503347E-004
   2.8411383347973131E-004
   3.2258999613492528E-004
   3.4229105262410532E-004
   2.7980970589462959E-004
   3.2013185447269461E-004
   2.8562030409280426E-004
   3.0898392014289128E-004
   3.0770244133432572E-004
   2.6276184536366029E-004
   2.8020849118849336E-004
   2.9568126835486725E-004
   3.4732401127009048E-004
   2.6978754889716157E-004
   3.0564564317902621E-004
   2.8734665092998126E-004
   2.9036001612011667E-004
   2.9371777423426083E-004
   2.9155030686196993E-004
   3.3097766856893940E-004
   3.0127249404428237E-004
   2.8269045630824623E-004
   3.3253113567658466E-004
   3.3492748522571188E-004
   3.2760536344487366E-004
   3.1228939734203025E-004
   2.9248587133697213E-004
   3.0685223327206457E-004
   2.7718046659324193E-004
   3.3091133636426031E-004
   3.0511050408582103E-004
   3.1256255405457279E-004
   3.2495563291712613E-004
   2.7947826849396767E-004
   3.0254100425089892E-004
   2.8508229456241356E-004
   3.2593232847882224E-004
   3.0840635785487567E-004
   3.2843396275176258E-004
   3.6745892086048962E-004
   3.1065144017016340E-004
   2.7731043474879649E-004
   3.0936303880070164E-004
   2.8585315077442200E-004
   3.3306165732995046E-004
   2.9566236241948670E-004
   3.3385366152673780E-004
   3.7483600433959452E-004
   2.6613315748615248E-004
   2.7338445429634468E-004
   3.4668240177336752E-004
   3.2713414997966408E-004
   2.7187799949979219E-004
   3.0264721616024505E-004
   3.3416136619319846E-004
   3.3582374319793035E-004
   2.7642972663412962E-004
   2.6954069746976339E-004
   2.8767055312002354E-004
   3.0143510982351282E-004
   3.1044110595242929E-004
   2.9088965497022466E-004
   2.6736050211734181E-004
   2.9518424106684578E-004
   2.7605410818476710E-004
   2.6108820671719293E-004
   2.7013153174750601E-004
   3.4073990711525298E-004
   2.8540825964206454E-004
   3.3772848819841917E-004
   2.9010825860957404E-004
   3.6453280652040915E-004
   3.0346825713666780E-004
   2.8490526170297690E-004
   2.7881638734587481E-004
   2.8413185329002460E-004
   3.6606897319185099E-004
   3.1631470550563790E-004
   3.0332296041567512E-004
   3.4468455824622875E-004
   3.4894817145404261E-004
   2.9420295701948907E-004
   2.7667481599671440E-004
   3.4412822432196142E-004
   2.7700133955888917E-004
   3.4950898685469199E-004
   3.6643787045776717E-004
   3.2053146655336456E-004
   2.8662105088033822E-004
   2.8630646686415119E-004
   3.0872742680868514E-004
   2.7578307770852368E-004
   2.8198797653218702E-004
   3.6839821708714891E-004
   2.8727329992079599E-004
   2.7935196561589990E-004
   3.1465872643416873E-004
   3.2216646385233830E-004
   3.1058626222406170E-004
   2.7163590470593950E-004
   3.4926165250918055E-004
   3.1395005530323759E-004
   3.6170726361734108E-004
   2.8350100013133426E-004
   2.8103924727808718E-004
   2.8231635391750886E-004
   2.9053921998253585E-004
   3.0590937731041857E-004
   2.6604266906671276E-004
   3.0126906762986195E-004
   2.6365483375766544E-004
   2.7924986585438740E-004
   2.8608224692881914E-004
   2.6597820542943160E-004
   2.9798063149197751E-004
   2.8606178373798000E-004
   2.9028898040133112E-004
   2.8642940559198886E-004
   3.3181554522740506E-004
   2.8808111403640221E-004
   3.0970053180052998E-004
   3.2694921100354882E-004
   3.6840698245540105E-004
   3.2953907323640669E-004
   2.6700263635739128E-004
   2.5502915638088213E-004
   2.7551606051076318E-004
   2.9049384971371314E-004
   2.5982326323544593E-004
   3.0421260627168671E-004
   3.1464015575711043E-004
   3.3993737038254897E-004
   3.1605040097374597E-004
   3.2782682227565390E-004
   3.3569052499290904E-004
   3.3375828665125734E-004
   2.8040726314768310E-004
   3.2390844614585971E-004
   3.3400781997600749E-004
   3.0930415576680521E-004
   3.4354335983093580E-004
   3.1146076674201987E-004
   2.5388042382411594E-004
   3.2196073248382927E-004
   2.7450395137677721E-004
   3.2041080532660806E-004
   3.1198493730595791E-004
   3.3537227483923873E-004
   3.1947829973256423E-004
   3.4032741879713626E-004
   2.6105516305737457E-004
   3.1224841653860216E-004
   2.7815149175316578E-004
   2.7692532144919606E-004
   3.5116410228574818E-004
   3.2413433364230509E-004
   3.4351653793817836E-004
   3.5006541198830582E-004
   3.2413784593846360E-004
   3.1678303647870992E-004
   3.2762443104583384E-004
   3.2049324884879707E-004
   3.0028473680182897E-004
   2.7575147924270636E-004
   2.9958784592423721E-004
   2.7651381036572340E-004
   3.7327012087747826E-004
   3.4837353629110117E-004
   3.4401573380525867E-004
   3.1605936149227903E-004
   2.7498618013308386E-004
   2.9216654699424938E-004
   2.7615997886540724E-004
   3.0600548958344630E-004
   2.7303629430444463E-004
   2.7236873477604962E-004
   2.7451186427692484E-004
   3.1219947416072949E-004
   2.8992675374067293E-004
   2.8259031078171323E-004
   3.1163322687986777E-004
   3.1217692349745191E-004
   2.9476093248136548E-004
   3.4376029809008688E-004
   3.2473749496382450E-004
   3.1509471548407783E-004
   3.5081122531559862E-004
   3.3961758814205834E-004
   2.5899001633935154E-004
   2.6276733719554093E-004
   3.3806417594463783E-004
   2.8809697915304050E-004
   2.9826696283343813E-004
   3.2423005015735820E-004
   2.9027097412120392E-004
   3.1460854943442284E-004
   3.0697028017720419E-004
   3.3744131211828284E-004
   3.7060303965251072E-004
   3.4038052735034009E-004
   2.7690069025331545E-004
   2.7904520588835065E-004
   2.8799776312276009E-004
   3.2658633871615898E-004
   3.2806250906198360E-004
   2.7437685720893069E-004
   3.2032893909105295E-004
   3.2986322698578272E-004
   3.3739614595596802E-004
   3.3316990920848782E-004
   2.5894703494477812E-004
   3.0329419547549241E-004
   2.8332652663875163E-004
   2.7820390939121124E-004
   3.5243498129808071E-004
   2.8217652365588149E-004
   3.1308539631985741E-004
   3.8205004674105047E-004
   2.6687380238845309E-004
   2.7234089800321659E-004
   2.8790111035047157E-004
   2.9701986599625510E-004
   3.0668840847695208E-004
   3.1073205084056329E-004
   2.6654853258404969E-004
   3.5524490102740541E-004
   2.7777486745459476E-004
   2.4523623355902539E-004
   2.9786870833576473E-004
   3.1687965319184984E-004
   3.3370170473589106E-004
   2.9842598237027069E-004
   3.3074860889788205E-004
   2.8141629270755279E-004
   3.2241049052045062E-004
   3.0277466536947838E-004
   2.6978134556565972E-004
   3.4926150839144902E-004
   3.8314418875945542E-004
   3.0847944539600628E-004
   3.5885894232162485E-004
   3.3346406305695772E-004
   3.2457815691875155E-004
   3.2333123725815014E-004
   3.2389454542269326E-004
   3.5015476303715379E-004
   3.2989450360621680E-004
   3.5203644605181139E-004
   3.2972870580223854E-004
   2.9350974963055317E-004
   2.5984180257285753E-004
   2.9612953801518190E-004
   2.8912220345222799E-004
   3.0758246938714106E-004
   3.2816394840644899E-004
   2.5838160876384518E-004
   2.7883674756092654E-004
   3.0783465495490747E-004
   2.7564083651321721E-004
   3.0985189300042787E-004
