   3.0865935466747418E-004
   3.3727159725018029E-004
   3.7873273877799836E-004
   3.4586821321520622E-004
   2.8369878256646230E-004
   2.6983415058760537E-004
   3.5767705293099816E-004
   3.8417959738643167E-004
   2.7943494967173270E-004
   2.8982065487433183E-004
   3.8064926122388486E-004
   3.8193344887734707E-004
   3.2948750901790850E-004
   3.4737333555689498E-004
   2.9932093293684253E-004
   2.8170431437863594E-004
   2.8867983584172544E-004
   3.0139894690017760E-004
   3.2841865148953953E-004
   2.8998370095727552E-004
   2.8759865666465816E-004
   3.6821718560898690E-004
   3.9039138814556985E-004
   3.1552401140405459E-004
   3.0610901344582339E-004
   2.6599960236898575E-004
   2.8030069155688189E-004
   2.6948737428154657E-004
   4.1438169667769228E-004
   3.0635821480700878E-004
   2.7936016991076095E-004
   2.9572447947125391E-004
   2.7292260292863002E-004
   2.9118733133419341E-004
   3.0357108238865621E-004
   3.1064969866978243E-004
   3.0984092299817401E-004
   4.1830418669199957E-004
   3.5084000373102292E-004
   3.0020673226835139E-004
   3.4995480387215540E-004
   2.5209492603344634E-004
   3.4654622425141148E-004
   3.9282509554255729E-004
   2.8015951651667230E-004
   3.7281480250182916E-004
   3.7538800711441457E-004
   2.8910999388043559E-004
   3.6305823376364357E-004
   3.2235327857085350E-004
   3.0621495628848955E-004
   2.9606095781042614E-004
   3.3735689147298449E-004
   3.1910754908353402E-004
   4.0155721402141163E-004
   2.8170092995110811E-004
   3.3703201005558459E-004
   3.1135389848629274E-004
   3.0124753321498073E-004
   2.9400369159853781E-004
   2.7456573516737261E-004
   3.0366726111604212E-004
   3.0623090290274297E-004
   3.1096879423855194E-004
   3.1547158564222748E-004
   3.8753233638733346E-004
   3.5289194678299519E-004
   2.7299727048000290E-004
   3.6941443439914809E-004
   3.6283384621190379E-004
   3.3789620578898266E-004
   3.1021581563014618E-004
   2.7591204028344521E-004
   3.0949446108861770E-004
   3.8215558813806653E-004
   2.9467767593102250E-004
   2.8858470781382365E-004
   3.6475899846445626E-004
   2.7855011285749415E-004
   2.8781262114701092E-004
   3.8216707184769060E-004
   3.2062358707702422E-004
   3.4114608051987561E-004
   3.1712774980711722E-004
   3.2679121882154367E-004
   3.7748150865928840E-004
   3.8059928375794902E-004
   2.9733625630057672E-004
   2.8706624904205238E-004
   2.7110434321524148E-004
   2.8726869866124748E-004
   2.7741631276474477E-004
   3.5367309034917637E-004
   3.7162164770879218E-004
   2.9888520849947835E-004
   3.4632056266123868E-004
   2.7889503629982082E-004
   3.0632284274763799E-004
   3.7730057551836567E-004
   2.9961515081907558E-004
   3.4500115962503281E-004
   3.3230660238679088E-004
   3.0468081343883749E-004
   3.4455733960939708E-004
   4.1108223279294909E-004
   2.9366021137478844E-004
   3.6926657090693337E-004
   3.1143132390826277E-004
   3.1349135786752917E-004
   3.4654128445218215E-004
   2.8884311390715123E-004
   3.0685662413125226E-004
   3.5949003073979262E-004
   2.9143898734721645E-004
   3.3997994376296526E-004
   2.8755789239848228E-004
   2.8654435189520065E-004
   3.0513110580447639E-004
   2.9730906201972545E-004
   3.4938713400834028E-004
   3.3164789135505500E-004
   3.4527299986135396E-004
   3.6793654838617357E-004
   3.6390350023838896E-004
   3.4359311088127226E-004
   2.8049873983473380E-004
   2.9756445166698842E-004
   3.8428526293069425E-004
   3.5527576933198175E-004
   3.6044127870662064E-004
   2.8951304352556556E-004
   3.4396726496102440E-004
   3.6127493229487858E-004
   3.3527224374095224E-004
   4.0165905171285894E-004
   3.3813011529202291E-004
   3.8579705756851355E-004
   3.2777079160939843E-004
   3.4096726292289777E-004
   3.6714248379235225E-004
   3.0401934127598457E-004
   3.9220397049587045E-004
   3.7268763510283476E-004
   3.4630925625181712E-004
   3.7291501142817587E-004
   2.9964457114648482E-004
   3.7537959946213012E-004
   3.1461265062396202E-004
   3.2210066111499583E-004
   3.2081751845510300E-004
   3.6088352435969449E-004
   3.3290350389317296E-004
   2.9134299264846418E-004
   2.8006336383050695E-004
   3.3280174407530167E-004
   3.4815001941382605E-004
   2.8982057970591314E-004
   3.7684171212269788E-004
   3.5419373067687452E-004
   2.9138970760273479E-004
   2.9274350521194811E-004
   2.7128443072772969E-004
   3.6016283919996161E-004
   3.5651243814388285E-004
   2.9318304810583380E-004
   3.0366209835457617E-004
   3.2056321373063128E-004
   3.1936843630699010E-004
   3.0887626431511279E-004
   3.1674670277301748E-004
   3.5677582318334255E-004
   3.6883864807099901E-004
   3.1068397001134086E-004
   4.0710311114250055E-004
   3.2021945041803388E-004
   2.9145724100185255E-004
   2.5439678841007973E-004
   2.8084074872999454E-004
   2.5054231212533499E-004
   2.7431003631023997E-004
   2.9235696519408299E-004
   3.5552374080360878E-004
   2.9350939235571401E-004
   3.4947047517274653E-004
   3.0769852112498460E-004
   3.1162556264187368E-004
   3.8042670361906547E-004
   2.9459002612401041E-004
   3.2407601839799251E-004
   3.5544469464024973E-004
   3.0768410502293600E-004
   3.7346372316687408E-004
   3.7507712829216896E-004
   3.5104356047552579E-004
   3.3328808137833988E-004
   3.3128229846511527E-004
   3.5117797299167236E-004
   2.9381225936321375E-004
   2.7051835676752831E-004
   3.2412028252209199E-004
   2.9659725918960918E-004
   3.5827165358969079E-004
   3.2981586134827560E-004
   3.4827333256526511E-004
   3.4191303644170204E-004
   3.6543230728523790E-004
   3.2761254738947128E-004
   3.0276118519049550E-004
   3.3126771557061388E-004
   3.2803297933087743E-004
   3.3858069816674474E-004
   4.1192848440872422E-004
   3.2311291062836180E-004
   3.1014100738337684E-004
   3.6930430345817378E-004
   2.7452163314779538E-004
   3.8756207120115255E-004
   2.8437002139667283E-004
   3.2294246988583657E-004
   3.5999281434160235E-004
   3.8215582701537867E-004
   3.0273655834049218E-004
   3.3478808253235018E-004
   2.8023614790399223E-004
   3.0344271270024383E-004
   3.1074583485476954E-004
   3.1795535020912339E-004
   3.0132213448051236E-004
   3.3005241958919038E-004
   2.8795946270367254E-004
   3.3584869998071556E-004
   3.4267370055180173E-004
   3.7064584378985300E-004
   3.1994944024640019E-004
   3.6779590068720990E-004
   3.4553257778824630E-004
   3.0610508123696706E-004
   3.6592487277682325E-004
   3.4038432685841235E-004
   3.6809063747889238E-004
   3.1887462233561753E-004
   3.0096178082229049E-004
   3.7409593564830511E-004
   3.0278749866843071E-004
   3.9546008636382477E-004
   3.8365145193817779E-004
   3.0388287460531233E-004
   2.9536339842122460E-004
   3.3417883725234203E-004
   3.1441030221768349E-004
   2.9848598361967971E-004
   2.9455328077608486E-004
   3.5909995388882149E-004
   3.4729290155809003E-004
   2.8708000909707704E-004
   2.7439555029255662E-004
   2.9175127300945286E-004
   3.1751975832900603E-004
   3.8000997210397745E-004
   3.1139981964747421E-004
   3.1337991291920586E-004
   3.3175442278816919E-004
   3.1952504735391205E-004
   3.3634812670503810E-004
   3.0226649550126554E-004
   2.6688563191434801E-004
   3.7440860325647771E-004
   3.6357843929386006E-004
   3.0351835144883083E-004
   3.0106949291351209E-004
   3.2795360237686841E-004
   3.4982291503844574E-004
   2.9805348989134684E-004
   2.6802796345233511E-004
   2.9521232002654361E-004
   3.1971175319251105E-004
   3.5709539261309973E-004
   2.7932537012443915E-004
   3.4596965199313695E-004
   3.3058349287479649E-004
   3.5930457666740053E-004
   3.4153341576740400E-004
   2.8055463407814017E-004
   3.6872897251542406E-004
   3.5642042165568387E-004
   3.0895400485852050E-004
   2.9367743241101666E-004
   3.6798517449256572E-004
   3.1518958453802113E-004
   3.7977167309488109E-004
   3.4766954061063199E-004
   3.4631986805590595E-004
   3.0630055914545516E-004
   3.1111016139682616E-004
   3.1247727827754675E-004
   3.9207657010847008E-004
   3.6044400434598708E-004
   3.3425009396264861E-004
   2.9728345377813005E-004
   3.6844971215228985E-004
   3.0280552679421601E-004
   3.1582563399025227E-004
   3.8811358602698317E-004
   3.5721420803262635E-004
   3.2129775982138410E-004
   3.4543160520629821E-004
   3.7015095373040105E-004
   2.7407204429855651E-004
   3.1736095848175922E-004
   2.5294027072068291E-004
   3.3956481685411228E-004
   3.0523101521443420E-004
   3.1102157701421189E-004
   2.9282584926021757E-004
   4.0778314331515878E-004
   3.6149850109590406E-004
   3.0466687103119323E-004
   3.2555088253997082E-004
   3.6617674674802795E-004
   3.4714330104732667E-004
   3.7526692349507666E-004
   3.2007483456942100E-004
   2.7928276302989068E-004
   3.2680518613107431E-004
   2.9916871104476044E-004
   3.3252599294391775E-004
   3.0257149280502038E-004
   3.1305317375561405E-004
   2.8040686413847977E-004
   2.8854307168753014E-004
   3.7256095689705066E-004
   3.4834839364146351E-004
   3.6153518652243022E-004
   2.5796437021093055E-004
   3.8418639399459185E-004
   3.5843975961111159E-004
   3.5067461869140587E-004
   3.2768436083367323E-004
   3.6989366428700392E-004
   2.9708986196574569E-004
   3.3462820168027909E-004
   3.6448332814209474E-004
   3.4229665160939227E-004
   3.0390210661395588E-004
   3.2566171610279635E-004
   3.0058822460584858E-004
   3.1804304022686048E-004
   3.1477149088791846E-004
   3.1821613039979672E-004
   2.7936198481980123E-004
   3.2076662803337102E-004
   3.4357745830149682E-004
   2.8056799943303916E-004
   3.3190463440210138E-004
   3.1853675572708889E-004
   2.9192730007671758E-004
   2.8838072819555781E-004
   3.4025942572367439E-004
   2.9741549859040403E-004
   2.7877809095492331E-004
   3.1224905978897310E-004
   3.2255740824816282E-004
   4.0258039577511091E-004
   3.0456740682545706E-004
   2.7916983032589453E-004
   2.6889684900075991E-004
   3.6008484289099435E-004
   2.9932127459881045E-004
   3.9077477747417649E-004
   2.8359871385807663E-004
   2.9032126033743267E-004
   3.6003412940935423E-004
   3.2486503148538995E-004
   3.5158673655663456E-004
   3.1960487402596193E-004
   2.9291206944402843E-004
   3.0754853415730144E-004
   2.7108478718429414E-004
   3.0630792492475090E-004
   3.4259576146482556E-004
   3.0727439640057465E-004
   3.8220029265255455E-004
   3.4612311707263825E-004
   3.8016020210552068E-004
   3.5184025155366572E-004
   3.1436684446025965E-004
   3.8487948559587154E-004
   3.5666369814953461E-004
   3.4385862209894755E-004
   2.9284065638056703E-004
   3.2156350744413811E-004
   3.2419372334512720E-004
   2.9635012290313810E-004
   3.0568654951138616E-004
   3.3940487106237513E-004
   2.8166701116363711E-004
   3.6659734189861432E-004
   3.6981760475770343E-004
   3.4553925826668838E-004
   3.7524608067114043E-004
   3.3415138102565746E-004
   3.6839971168534016E-004
   3.2646361307931901E-004
   3.5757623208190471E-004
   3.4152811633893362E-004
   3.8041575044843825E-004
   3.8413521884412074E-004
   2.8710299411865249E-004
   3.7471066192887683E-004
   3.0282900611499502E-004
   3.2653701658593397E-004
   3.0671977665188658E-004
   3.8463519449708205E-004
   3.7899767843087588E-004
   3.2307927006432343E-004
   3.2118605324298771E-004
   3.1778679093734722E-004
   3.7986652756840571E-004
   3.2767607821213365E-004
   3.0974674391545269E-004
   3.8307752901095701E-004
   3.9397119281591326E-004
   3.0096664751063854E-004
   4.2226879216118257E-004
   2.6550933495955758E-004
   3.4644858673908826E-004
   2.9727753980232044E-004
   2.9800377019541707E-004
   2.8017764602927196E-004
   3.0905268736451040E-004
   3.1072441905800028E-004
   3.4087541003734905E-004
   4.1131696857210187E-004
   3.7507291915287778E-004
   3.7286761526052415E-004
   2.6551814919631087E-004
   3.0168712778786100E-004
   3.3130994494435086E-004
   3.2648334040047546E-004
   3.1907882433691577E-004
   3.2910466541155711E-004
   3.4546795718689807E-004
   3.5226276912293705E-004
   3.3924032862116314E-004
   3.6067226206572169E-004
   2.8038376773750122E-004
   2.8603922240213114E-004
   3.4078312617914921E-004
   3.1188951908515619E-004
   3.5201988944838145E-004
   2.9269149184636136E-004
   3.4406629544387235E-004
   2.9991587746584525E-004
   3.2275639262491749E-004
   3.3249998540439961E-004
   3.3884003080865421E-004
   3.0895153259994181E-004
   2.7382245289132276E-004
   3.1583497742331110E-004
   3.6813635853371940E-004
   3.3707697061805361E-004
   3.0133289968278565E-004
   2.9768002942065166E-004
   2.9219874740004970E-004
   2.8655721139324812E-004
   2.8353258338208442E-004
   3.0149313198039255E-004
   3.4719514335020515E-004
   3.0663197912269283E-004
   2.6739495369739944E-004
   3.6291366905945251E-004
   3.3720786213573434E-004
   3.4750167267619437E-004
   2.7500531445903611E-004
   3.6566125955864143E-004
   3.9057241004298931E-004
   3.7863727469852627E-004
   3.0983323332767015E-004
   3.4261553894299803E-004
   3.3452956097106503E-004
   3.5573356837508826E-004
   3.7572050435708958E-004
   3.4562365566038810E-004
   3.7430213271995923E-004
   3.5969087392117552E-004
   3.4081157147998199E-004
   3.4586255639225790E-004
   3.3745765950121145E-004
   2.9748478593625568E-004
   2.8573157032865443E-004
   3.2314452874356833E-004
   3.1080268206698259E-004
   2.9439908029822210E-004
   3.7345728960785094E-004
   3.4925821018797100E-004
   2.8720098184154040E-004
   3.0601680598552668E-004
   3.0443604771645085E-004
   2.9064224220621198E-004
   3.1811042033125160E-004
   3.8611865282411645E-004
   3.2011586073314198E-004
   3.0471743421165738E-004
   3.6399422714781518E-004
   3.5962423167010688E-004
   4.0950072509866696E-004
   3.7070089974636217E-004
   3.3271274216391353E-004
   3.6561400839417088E-004
   3.5246830814337967E-004
   3.6227130718936292E-004
   2.8378156298444697E-004
