   3.5426375554973427E-004
   3.3536879820753615E-004
   3.2093927967758850E-004
   3.5254235596656467E-004
   2.8990025325096723E-004
   2.9469042645393695E-004
   3.6636916145328820E-004
   3.1227452033950957E-004
   3.2410795429200844E-004
   3.3756966054639229E-004
   3.3762186453899749E-004
   3.0020102716786507E-004
   3.4756665231033389E-004
   3.3400440430315605E-004
   3.4341011673060093E-004
   2.9262882426081847E-004
   3.4178587731226227E-004
   3.5354682754273507E-004
   3.1420748338859222E-004
   3.5675555912905588E-004
   3.7753492493188375E-004
   3.6681795649078710E-004
   3.2773122136844441E-004
   3.3877044253384823E-004
   3.0522539145389486E-004
   3.4089275399136780E-004
   3.6244311315916905E-004
   3.0102703769286125E-004
   3.2350929068975729E-004
   3.5773525199832843E-004
   2.7091834610004563E-004
   2.9660069817172996E-004
   3.9599032428958009E-004
   3.4087526728469278E-004
   2.8832463610304411E-004
   2.9971156698050457E-004
   3.7045813339689156E-004
   4.0603169630538114E-004
   3.2595467817907934E-004
   3.1098777391913530E-004
   3.6263881719714267E-004
   3.6572201528677013E-004
   3.8552876910748972E-004
   3.8011351562247116E-004
   3.7478260845971880E-004
   3.5926909534790026E-004
   3.0937707376217552E-004
   3.0522924746629763E-004
   3.4085124756370584E-004
   3.1776177369311501E-004
   3.2313176598830414E-004
   3.5074670374643735E-004
   3.5483182948052426E-004
   3.4210588851958646E-004
   3.2658719163208328E-004
   3.3428107367086153E-004
   3.5264031674694636E-004
   3.0658201226332524E-004
   2.7210138523800449E-004
   3.1766574680551729E-004
   2.9188495596791237E-004
   3.7176542349403083E-004
   3.2792372380871081E-004
   3.1612907474133666E-004
   2.8715386905963074E-004
   3.1615040907721466E-004
   3.4441100255173197E-004
   3.0527284733587837E-004
   3.6225359332982948E-004
   3.4809133255762225E-004
   4.0361655103727650E-004
   3.6494441971228459E-004
   2.8264825908715378E-004
   2.8278778983558463E-004
   3.2553281071360726E-004
   3.5475962192668117E-004
   3.4043015021253432E-004
   3.0942660231894230E-004
   3.0031274600007796E-004
   3.5545310315539773E-004
   3.0316239831134115E-004
   3.7097690954759639E-004
   3.6087359330081955E-004
   3.7188641510731450E-004
   3.0293764525093203E-004
   3.1604341383612022E-004
   3.3187412199523056E-004
   3.2847522013209219E-004
   2.8902897247602737E-004
   3.0418302271687859E-004
   3.7037846968127552E-004
   3.5079889110024035E-004
   3.4579790780761717E-004
   2.9450144650475273E-004
   3.4392945644614703E-004
   3.1653388376342721E-004
   3.5377893177591864E-004
   3.5449344773965953E-004
   3.1703393683559709E-004
   3.4686713423023635E-004
   2.9918967436743163E-004
   3.3205324504998010E-004
   2.9871799263378050E-004
   3.6200379044730224E-004
   3.0551957404829477E-004
   3.4323286392895692E-004
   3.6761488400534066E-004
   3.7805677058909258E-004
   3.2784832294108847E-004
   3.4809116473519236E-004
   2.6654387539432636E-004
   3.8356673250756378E-004
   2.8430031006906588E-004
   2.7692323945060408E-004
   3.4423411160821942E-004
   3.5494690215085773E-004
   3.4953158106883859E-004
   3.6867308082976549E-004
   3.5414217868908333E-004
   3.5191644476563792E-004
   2.9341816996294534E-004
   2.8828553841991878E-004
   2.9204347925825821E-004
   3.9127699650500267E-004
   3.0192730498946604E-004
   3.6918042173205166E-004
   3.3639432543371796E-004
   2.9733505051652182E-004
   3.1334812688094924E-004
   3.5297162119390734E-004
   3.9467766810865349E-004
   3.4193939495985663E-004
   3.3292694277689777E-004
   3.4883661450428371E-004
   3.2092563948482475E-004
   3.1943495893463618E-004
   3.0596142383634394E-004
   3.0349434031716704E-004
   2.9451184565661853E-004
   3.6699995776581204E-004
   2.8154285940158757E-004
   3.0271643513087303E-004
   2.9232074646376048E-004
   3.5813021760519489E-004
   3.0224709420447962E-004
   2.9629216145100488E-004
   2.8708308658364476E-004
   3.3426385621454448E-004
   2.9928610603928142E-004
   3.3936119488581408E-004
   3.1634421522411016E-004
   3.5433164989167768E-004
   2.9678766180043804E-004
   3.2030177750531723E-004
   3.1181221410067189E-004
   2.9757711677398852E-004
   3.6484307812768342E-004
   3.6924189602323458E-004
   3.1127009507894368E-004
   3.6819552344095132E-004
   3.3737080635562347E-004
   3.1891425245477736E-004
   3.8536969318360306E-004
   3.0745578155723380E-004
   2.6319887575949235E-004
   3.1102384016219546E-004
   3.6632458700862629E-004
   3.3788463781687477E-004
   2.7532930245133692E-004
   3.0774642027918062E-004
   2.8256495888516578E-004
   2.8848219361296481E-004
   2.8593569100572732E-004
   2.9731043135727066E-004
   3.1204093879779290E-004
   3.5207367028474877E-004
   3.0982390987344816E-004
   2.8354610380568131E-004
   2.8814535501917949E-004
   2.8729073063776995E-004
   3.3017950854119629E-004
   3.1484955349819109E-004
   3.3775797124043568E-004
   3.1501665673237301E-004
   3.1512591501464454E-004
   3.1257509431788900E-004
   3.6532683055778565E-004
   3.2987411722502609E-004
   3.5413917526830590E-004
   4.0408246479554921E-004
   3.5230269869678443E-004
   3.2684371017569831E-004
   2.7389228282532184E-004
   2.8413591190711967E-004
   3.4054441896883361E-004
   3.1476143880257749E-004
   3.3527615359010479E-004
   2.8451232492433364E-004
   4.1120484921936971E-004
   3.7199007746569374E-004
   3.6568640725962803E-004
   2.9800599428300050E-004
   3.4256238699451611E-004
   3.1192945934277954E-004
   3.6108500600554949E-004
   3.7617331444115513E-004
   2.8776420508645875E-004
   3.8331407632620810E-004
   3.7930822649870040E-004
   3.3275873881193866E-004
   3.0620175260631226E-004
   3.7664025301630010E-004
   3.3733676304306042E-004
   4.1581271938731328E-004
   2.8717211710214345E-004
   3.5786653823526352E-004
   3.3702135393681856E-004
   3.6137575391651287E-004
   2.6205890656688956E-004
   2.9310511459868654E-004
   3.3240864123878399E-004
   3.1191151642436302E-004
   3.3069158155725627E-004
   3.0095782757672755E-004
   3.0039223363415902E-004
   3.6021056630544771E-004
   3.4694256127881291E-004
   2.8356146233314946E-004
   3.2697686081033581E-004
   2.8668734897212842E-004
   3.4133117255097470E-004
   2.8998903481482533E-004
   3.9092302514751769E-004
   2.9453269096275741E-004
   3.7206024798772992E-004
   3.4910332395284331E-004
   4.2139365672513840E-004
   3.7119340719937662E-004
   3.2863642862560884E-004
   3.6075820781558731E-004
   3.5794593083442465E-004
   2.8010379066404956E-004
   3.1759940669390702E-004
   3.0209255761883978E-004
   3.4988296147897547E-004
   3.4149188378698563E-004
   2.9113895861776837E-004
   3.0343667527715849E-004
   3.0369961681149001E-004
   3.1982378631993793E-004
   3.3068118619110560E-004
   3.1068639281938858E-004
   3.6867136908823740E-004
   3.4430198101743632E-004
   2.9673924482560171E-004
   2.6695505245476973E-004
   3.1632108555326369E-004
   3.0535298446162225E-004
   2.9971991762648261E-004
   2.7828087748854808E-004
   2.9987841025889636E-004
   2.8924065022464536E-004
   3.6373080109298827E-004
   2.9932318831498122E-004
   3.2797005944956508E-004
   3.0794013346512191E-004
   3.0930789306340500E-004
   2.9314791883604534E-004
   3.0626780787240421E-004
   3.3117954442121728E-004
   4.0510570131810407E-004
   3.1198908508503942E-004
   2.7224596854200707E-004
   3.3314798629443583E-004
   3.1978289507876600E-004
   3.7002435717963905E-004
   2.8947585206553925E-004
   3.1857262017250443E-004
   2.9493764237136508E-004
   2.8292867402086771E-004
   3.3588715194494246E-004
   3.8146407845194701E-004
   3.2965653611062091E-004
   3.9673858914316860E-004
   3.0940910405109496E-004
   3.1162377608512354E-004
   3.5397178289325344E-004
   3.6497308846239625E-004
   3.1189054646803976E-004
   2.9770526806418716E-004
   3.4491382302544892E-004
   3.9968195657026173E-004
   3.3706379041784410E-004
   3.4637428295814161E-004
   3.1726073116326799E-004
   3.3801093030465636E-004
   3.7078508393059175E-004
   3.3999146318994516E-004
   3.0476066371322896E-004
   3.4368067077402434E-004
   3.2086627171659416E-004
   2.8573971105057370E-004
   2.8548108704321587E-004
   3.1505999980819665E-004
   3.2499847061259095E-004
   3.3128665324947738E-004
   3.0443169833458978E-004
   3.2917415118585708E-004
   3.0576332843861123E-004
   2.7365012085576058E-004
   2.9151657559412609E-004
   3.3777176859321110E-004
   3.1010991358487570E-004
   3.2782276552500305E-004
   2.9372884738702323E-004
   3.1934530570346971E-004
   3.3645670876069212E-004
   3.5514919899843543E-004
   3.7288397258110855E-004
   3.0653843169565137E-004
   3.5167243363452583E-004
   2.7933812081894227E-004
   3.2087948837549764E-004
   3.4319830619409727E-004
   2.7519481054140085E-004
   3.1750017802409055E-004
   3.0004614629562052E-004
   3.1102324207844860E-004
   3.2395063848860730E-004
   3.5225088195059532E-004
   3.3263464168209320E-004
   3.6257971157451554E-004
   3.0126345225630252E-004
   3.6339122941894659E-004
   3.2974737959273162E-004
   3.7765342973767848E-004
   3.6135176501263060E-004
   3.3488925065404147E-004
   3.2856105895634670E-004
   3.8272004723034271E-004
   3.6491375440118721E-004
   3.2695846167284012E-004
   3.6225214985369697E-004
   3.0255822193223569E-004
   3.2764411386006621E-004
   3.7143155096463397E-004
   2.9627578681870468E-004
   2.9249074124789608E-004
   2.9331599185496100E-004
   3.3910654476020758E-004
   3.6526369025015933E-004
   2.8978950672275066E-004
   3.6534503397253582E-004
   3.3193309752252995E-004
   3.7013022667944939E-004
   3.2711778268203369E-004
   3.1283440697649337E-004
   3.7951539132860637E-004
   2.8787906242760345E-004
   3.5094612963087503E-004
   3.0247102087796647E-004
   3.3685651355108492E-004
   3.2589302043937101E-004
   3.4006219471261010E-004
   3.6535454349755390E-004
   3.3355611240788475E-004
   3.1541115259993576E-004
   3.0972642910029314E-004
   3.2462247122449838E-004
   3.2431386437626458E-004
   3.0885540027899004E-004
   3.2476808955163999E-004
   3.8128774773453001E-004
   3.8689091139539077E-004
   3.2158782414197582E-004
   2.8965729826682353E-004
   3.6321485192754093E-004
   3.7257775405521591E-004
   2.9234995930526344E-004
   3.5500806916337585E-004
   3.0126914265274932E-004
   3.3747891414557461E-004
   3.6734108536437733E-004
   2.9254191012402579E-004
   3.6017415069196699E-004
   3.4684758786968149E-004
   3.7248929598277501E-004
   3.9291889704631887E-004
   3.3452472697144945E-004
   3.7718116067096674E-004
   3.6002250355250784E-004
   3.7493731781370801E-004
   3.5932874974404800E-004
   3.7722741819971981E-004
   3.2242741836154806E-004
   3.6467310041174504E-004
   3.1650409989980198E-004
   3.9262070925920968E-004
   3.5439521009695131E-004
   3.6642373969743243E-004
   3.3804541276933963E-004
   3.4438745364923274E-004
   3.4494870073166083E-004
   3.5330457099342141E-004
   3.2798290252959001E-004
   3.6607575246507760E-004
   3.0986226592168159E-004
   2.9903974903660636E-004
   3.6996878656132923E-004
   3.0485520472891192E-004
   3.5027323197499473E-004
   3.0814174838645470E-004
   3.8224396127012621E-004
   3.1932936428682941E-004
   2.9007835287003694E-004
   3.0750110303721636E-004
   3.0609096253231315E-004
   3.0289264530896065E-004
   3.0350228647998788E-004
   3.0693371906831461E-004
   3.7386705231856230E-004
   3.5932179233961830E-004
   3.2283398817925334E-004
   2.7784898145436854E-004
   3.4119729426387922E-004
   3.8147138072169596E-004
   3.0176842672320967E-004
   3.7904561512884418E-004
   3.0651073715958274E-004
   3.0259125834870956E-004
   3.4490101459868370E-004
   3.6606940011174512E-004
   3.2181533601835906E-004
   3.3541936747171158E-004
   3.5081701144539808E-004
   2.9493020908593091E-004
   3.2273137441360807E-004
   3.1191645775965150E-004
   3.1414831779838655E-004
   3.7036233258942904E-004
   3.9588790151862547E-004
   3.7722930413276506E-004
   3.6122514640372520E-004
   3.4125773955950188E-004
   3.2093947764621491E-004
   3.0961558798378125E-004
   3.1187982901212109E-004
   3.1124328490872639E-004
   3.4369217025385565E-004
   2.9178376305824625E-004
   3.4855485695778896E-004
   3.4167328667584774E-004
   2.9876875304568449E-004
   3.7034321312954491E-004
   3.8193476967364600E-004
   3.3648383225917661E-004
   2.9673976997359483E-004
   3.2024645377366979E-004
   3.5993075633021412E-004
   2.9404988158778574E-004
   2.6238836429743798E-004
   3.2709691153815396E-004
   3.3820471813493188E-004
   3.2340931164560297E-004
   3.3346361965430859E-004
   3.4489026914625025E-004
   3.5912566241568867E-004
   4.0103228335646867E-004
   3.0912449515386185E-004
   3.5239265687848285E-004
   3.7912315990592626E-004
   3.5164549542417368E-004
   3.2478059730127169E-004
   2.9094050850421129E-004
   3.0024163967448642E-004
   3.1327120101776857E-004
   2.7747063086223532E-004
   3.1118468682112628E-004
   3.1476068565808557E-004
   2.9843910040339448E-004
   3.1729708714647100E-004
   3.0216772015480330E-004
   3.4042669580622938E-004
   2.9991241861414026E-004
   3.3289296435078385E-004
   3.4240253819764206E-004
   3.4391951760497444E-004
   2.8907566357220854E-004
   3.4421050007839532E-004
   3.3904273999154125E-004
   2.9831112068932984E-004
   3.8052634770051211E-004
   3.0998552032831389E-004
   3.5539728362531765E-004
   3.6907513071664320E-004
   3.5944504652621340E-004
   2.8307709455562864E-004
   3.2540845773904330E-004
   3.5637038469562193E-004
   3.5709647247723051E-004
   3.0450237171332533E-004
   3.3048328261568017E-004
   3.4441686633015155E-004
   3.1027595369299490E-004
   3.6214130510101407E-004
   3.5545183349227629E-004
   3.4411040107388202E-004
   4.0254013981731447E-004
   3.5433453202869301E-004
   2.9947647630752371E-004
   2.9005898748250754E-004
   3.5505144265041117E-004
