   3.3738806435666934E-004
   3.2293976069103626E-004
   3.0993380486384688E-004
   3.1190729773012695E-004
   2.9217624255447759E-004
   3.2628655004181468E-004
   3.5427483850923564E-004
   3.1926743011065090E-004
   3.2074134934957990E-004
   3.3371104183175197E-004
   2.9331294004579820E-004
   3.2485436307073246E-004
   2.8973113468188738E-004
   3.1893058497019228E-004
   2.9498359432483497E-004
   3.2876229775154561E-004
   2.9965163501053066E-004
   2.9594776538584267E-004
   3.0088596250003928E-004
   2.9357620359164721E-004
   3.5336970009275528E-004
   3.5246121928096913E-004
   3.0277195613193520E-004
   3.5353905267937322E-004
   2.9554254603412328E-004
   3.0600973571055806E-004
   3.7123340719037560E-004
   3.5843156624488565E-004
   3.3373264665074168E-004
   3.3107084766604401E-004
   3.4836623093170113E-004
   3.1493246657219665E-004
   3.0474977392631289E-004
   3.1432437080229571E-004
   3.1763165680808651E-004
   3.4084531146053108E-004
   3.1005656906833419E-004
   2.7061972602989429E-004
   3.0876382161202439E-004
   2.9753633061209504E-004
   3.5349541930335566E-004
   3.7995650815689908E-004
   3.1118290233574954E-004
   3.4069107146345382E-004
   3.6237977814978931E-004
   3.5708272461980041E-004
   3.0650432251178277E-004
   2.8615453607102692E-004
   3.5520790584603763E-004
   3.6303637671056456E-004
   2.6812387220268106E-004
   3.2308444439442540E-004
   3.3107161132232631E-004
   2.8805759643738688E-004
   3.2038260271054458E-004
   3.0002129051834927E-004
   2.6494456072938342E-004
   3.0999013051854601E-004
   3.1062855902977133E-004
   3.2617457486320395E-004
   3.0579262640146969E-004
   3.2757393055966470E-004
   3.3629878237205143E-004
   3.2301676449905166E-004
   3.1321327661101167E-004
   3.5572485491735465E-004
   3.5120626030418837E-004
   3.4595368568500029E-004
   3.3724620925306456E-004
   3.1022045694118920E-004
   3.8552571197990386E-004
   2.8788449379583384E-004
   2.9983102200769642E-004
   3.6918459256290521E-004
   3.5307071336310988E-004
   3.2470225220267027E-004
   3.0995734846933436E-004
   3.1876333560324957E-004
   2.9669900796620830E-004
   3.2713357038306967E-004
   3.8383656652874690E-004
   3.5150892779274486E-004
   2.8656593579969155E-004
   3.2582159376575711E-004
   3.1198499290428842E-004
   3.4463260444532874E-004
   2.8137166990385151E-004
   3.4327719102683792E-004
   3.2951453541685033E-004
   3.6951538361542643E-004
   3.5401389003154350E-004
   3.5888738322028001E-004
   2.7710027557691617E-004
   3.1830300370167816E-004
   3.5627547544153464E-004
   3.5027152289055213E-004
   3.1691302550219670E-004
   3.9868072688876467E-004
   4.0127384072078423E-004
   3.4091238670642883E-004
   2.9365450938044702E-004
   3.9491297195791170E-004
   3.0283713285050482E-004
   3.2082379090743208E-004
   3.5367429297304432E-004
   3.4856393271243650E-004
   2.9262177013531692E-004
   3.0726739541019098E-004
   3.8299005338000483E-004
   3.6224476044441009E-004
   3.5640678849081266E-004
   3.5920448767721291E-004
   3.7610471050767937E-004
   3.5336465622697510E-004
   3.1216930855609506E-004
   3.8491436901628517E-004
   3.9381449254935626E-004
   3.6005494583524558E-004
   2.9936857810455766E-004
   3.0748362863768916E-004
   3.5608991838609924E-004
   3.0692388348082172E-004
   3.5222624794347985E-004
   3.1192251146070903E-004
   3.0414193313247349E-004
   3.6567189479098353E-004
   3.5526607884354028E-004
   3.1120091918436835E-004
   3.4510715964607201E-004
   3.0843484311584299E-004
   3.2385140815138693E-004
   3.3866457314202957E-004
   2.9712122036449419E-004
   3.5373634421259745E-004
   3.1665185567786807E-004
   3.5102171351319636E-004
   3.1216960098140375E-004
   3.6000475500407015E-004
   3.3544666478045577E-004
   3.2328155806363130E-004
   2.9574983146611958E-004
   3.5840745642371695E-004
   2.7554151346896236E-004
   3.4120469435424051E-004
   3.6037002655736557E-004
   3.3155521488438105E-004
   3.3329437292510457E-004
   3.8448334763055506E-004
   3.1084406960451227E-004
   3.0039583528462804E-004
   3.2157919676271762E-004
   2.9556329427228188E-004
   3.0852221775096698E-004
   3.0573898652676876E-004
   2.7811637239808391E-004
   2.9631685506062639E-004
   3.2106255373901650E-004
   2.7903515992455815E-004
   2.9008881312207713E-004
   3.4173963838532087E-004
   3.5283458706030640E-004
   3.4313660992616439E-004
   3.2470228705145434E-004
   3.2966036263100727E-004
   2.9543997775979922E-004
   3.5726613731744628E-004
   3.7110590453341962E-004
   3.0947780149168975E-004
   3.2900342327692108E-004
   2.9066327088362394E-004
   2.8033894378638518E-004
   2.9887322257241320E-004
   3.4727594535620415E-004
   2.8313802772144986E-004
   3.5175942268715328E-004
   3.4769152593383263E-004
   3.5483777696862083E-004
   3.1281859173227372E-004
   3.4495824182065185E-004
   3.5405708256761856E-004
   3.1668190619768490E-004
   2.9655294396000701E-004
   3.5911727887522754E-004
   3.6990771670933516E-004
   3.5185760177971359E-004
   3.0044344599066775E-004
   3.4609515452854267E-004
   3.3758876790139681E-004
   3.1069917778294711E-004
   3.6464722138044474E-004
   3.2104722789891939E-004
   3.3349590065794265E-004
   3.0571523242085093E-004
   3.5882138816003493E-004
   2.8315770445658988E-004
   3.4117458460587182E-004
   3.2416061516106053E-004
   3.2833100060493013E-004
   3.1818935288291926E-004
   3.0474359411092577E-004
   2.9935265860198687E-004
   3.8365413629916025E-004
   3.2896000302361672E-004
   3.1309324797994091E-004
   3.0612154456597480E-004
   3.3267772171117105E-004
   3.6333416115263251E-004
   3.6013488946395525E-004
   3.5902642414526240E-004
   3.7577926847732145E-004
   3.5669815662832274E-004
   3.6378390128675054E-004
   3.4400257202228906E-004
   3.4298458843449152E-004
   3.2615126696385104E-004
   3.0215052517600598E-004
   3.1773756305994558E-004
   3.5328699779864364E-004
   3.2774501049797966E-004
   3.5264214096738719E-004
   3.6025278471329546E-004
   3.8548243420834542E-004
   2.9425656541182056E-004
   3.4033764844632991E-004
   3.4993688724396750E-004
   3.3096123879312265E-004
   3.1814360544428711E-004
   2.9110924528661291E-004
   2.9838295687989398E-004
   2.9000601053053661E-004
   3.5103016649039331E-004
   3.8173997646321126E-004
   3.6053003966755236E-004
   3.0965469984240449E-004
   3.5615046043514819E-004
   3.5960267924175983E-004
   3.8282349033902895E-004
   3.0097506058252569E-004
   3.0825117193628834E-004
   2.9610340085830785E-004
   3.3602226611977883E-004
   3.4335616325654989E-004
   4.0141633706863720E-004
   3.5725072250433640E-004
   2.9375104559160647E-004
   3.4396579522190970E-004
   3.0868246648703803E-004
   2.8787075055268421E-004
   3.2951767716942517E-004
   3.4803048938866874E-004
   3.6278436178456585E-004
   2.9235631388796078E-004
   2.9578154340098703E-004
   3.2277010102521315E-004
   3.3732633471392150E-004
   3.7255449503375041E-004
   3.1149801671658250E-004
   3.8853013677642774E-004
   2.9181695594026512E-004
   3.5530473927611279E-004
   3.1179877818968013E-004
   3.5406160883634427E-004
   3.0063047819190109E-004
   3.0684203945466944E-004
   3.7056148246763349E-004
   3.5730372925782855E-004
   2.8015720115947916E-004
   3.6595065851687366E-004
   3.1481983638011012E-004
   3.6271104085037337E-004
   2.9077288997895551E-004
   2.9473323817044039E-004
   3.6891840505084251E-004
   3.6574070161009091E-004
   2.8697276662905183E-004
   3.6540820587566201E-004
   3.2016319349619036E-004
   3.4725701825364432E-004
   3.1776174841186851E-004
   3.3665419823865572E-004
   3.1390154864586621E-004
   3.1372461357093379E-004
   2.6343130585586365E-004
   3.0892133994093459E-004
   3.0695704784279115E-004
   3.7710106499182358E-004
   3.6735494543600864E-004
   3.0694960464575414E-004
   3.1630455028174850E-004
   3.5387696158591808E-004
   3.3966542903303057E-004
   2.8818590403413265E-004
   2.9251571049932178E-004
   3.1518376050557986E-004
   3.3054888908146704E-004
   2.9953703924922865E-004
   3.0396952553584403E-004
   3.3070026483903906E-004
   3.0010247319163963E-004
   2.9657363822843793E-004
   3.7211697824304096E-004
   3.4763287621246923E-004
   3.3215377800079542E-004
   3.4836561298949364E-004
   2.8101788872423949E-004
   2.9465886869647342E-004
   3.5047191070826134E-004
   3.3722249694781480E-004
   3.8204000336199395E-004
   3.6105079338013521E-004
   2.9429326633011546E-004
   2.9900666900801727E-004
   3.3331901020447995E-004
   3.6552618220484021E-004
   3.3685851949583946E-004
   3.4851304475322505E-004
   3.5027980312932167E-004
   3.6240546560426917E-004
   3.3286241818091672E-004
   3.1719025491666006E-004
   3.2735121784366837E-004
   3.5354181721782349E-004
   3.3787982007307062E-004
   2.9831801155410603E-004
   2.9935502529748384E-004
   3.0674312669811191E-004
   2.9231912210530441E-004
   3.0234390517731527E-004
   3.3623212824510920E-004
   3.1240210103917836E-004
   3.5937606434994270E-004
   2.9966150801992539E-004
   3.5712776539358597E-004
   3.2955971432944623E-004
   3.3075403036004298E-004
   3.5262036065874597E-004
   3.7385090057471144E-004
   3.8774837454483887E-004
   3.0506443316091568E-004
   3.6535674559959357E-004
   3.1119554895745421E-004
   3.5149828393572313E-004
   3.2721702840818665E-004
   3.3107296971528492E-004
   3.5593666895934099E-004
   3.8005477094701207E-004
   2.9656390484996439E-004
   3.5123499269073004E-004
   3.4059640523298853E-004
   3.4090674420818778E-004
   3.7650190727679087E-004
   3.4456943607831487E-004
   3.2877312978719865E-004
   2.9281161918073807E-004
   2.8872650962888044E-004
   3.3486173164036433E-004
   3.4587855451918912E-004
   3.0623433056621921E-004
   3.8631563177966128E-004
   3.1130593235970886E-004
   3.5311869758843187E-004
   3.1245767956852448E-004
   2.9637378984667624E-004
   3.1214371534954682E-004
   3.8864900973980252E-004
   3.6731407199085532E-004
   3.8556020225484207E-004
   3.6547241141191830E-004
   3.1820188183279190E-004
   2.8287286613832397E-004
   3.0633289358224290E-004
   3.4752830692003561E-004
   3.7463566488870828E-004
   3.6933634916358791E-004
   3.0444282804024611E-004
   3.0522761883269509E-004
   3.0497998682832357E-004
   3.2403896178484980E-004
   2.9159915119723081E-004
   3.3578771406635811E-004
   3.4514789416329687E-004
   3.6625159611632010E-004
   3.6800707399073992E-004
   2.9495226889648593E-004
   3.3395204018670009E-004
   3.1867725174809016E-004
   3.4576159290609947E-004
   3.7657309428393201E-004
   3.6982599845802167E-004
   3.7936799862894844E-004
   2.8935021077300388E-004
   3.7254057797046026E-004
   3.7365010196638087E-004
   3.6739216838332814E-004
   3.2321628923560755E-004
   2.9306198835454979E-004
   3.5173629317432808E-004
   3.4243425325050707E-004
   3.0225302646284450E-004
   3.6644028407802385E-004
   3.5581636085281173E-004
   3.4855166079057520E-004
   3.4644562467006331E-004
   3.0273828609151787E-004
   3.5656424275625945E-004
   3.1228689778792527E-004
   3.0364436517681776E-004
   3.4726486869626202E-004
   3.3631000384519227E-004
   2.9496709870279554E-004
   2.7739534634990096E-004
   3.0363051929228126E-004
   3.1443126449776830E-004
   3.2615837834607198E-004
   3.2070516708517080E-004
   3.4495706894252878E-004
   3.2380448720564846E-004
   2.7235729144277403E-004
   3.5725385988716075E-004
   2.8178101778221157E-004
   3.4623124668827567E-004
   3.1900648016116142E-004
   3.6044176181653236E-004
   3.3666870095959558E-004
   4.0200022291230647E-004
   3.1130391185019780E-004
   3.3048169968496164E-004
   2.7488773866664448E-004
   3.7248030222643649E-004
   3.4546843596917052E-004
   3.0860345595535140E-004
   3.4058025095608908E-004
   3.7258764178671304E-004
   3.2111649707911814E-004
   2.7170550568713368E-004
   2.7724118975069580E-004
   3.3022154134399774E-004
   3.8853941255503584E-004
   3.7837714732044127E-004
   3.3256573180415509E-004
   3.1735754013913697E-004
   2.9468992213045110E-004
   3.1936919708157080E-004
   3.4548063401314462E-004
   2.8648485059698693E-004
   3.7616799221204913E-004
   2.9764903753011908E-004
   3.7518429412901751E-004
   3.5390918852397368E-004
   2.8697297821935673E-004
   2.9775416771336442E-004
   3.1593504565803322E-004
   2.9215753387849916E-004
   3.0660331084526366E-004
   2.8319979533759389E-004
   3.5171834135492609E-004
   3.3167350163695360E-004
   2.8033312526066308E-004
   2.8307090829716915E-004
   2.7950568510590949E-004
   3.7203514164396305E-004
   3.6747512433196625E-004
   2.9615605459723884E-004
   3.4046425178972743E-004
   2.9963348795585654E-004
   3.1356072724775008E-004
   3.5861755388989373E-004
   3.0590428282335129E-004
   2.9458881410662649E-004
   3.5439688395838683E-004
   2.8773072269632974E-004
   3.7196375290486064E-004
   3.0064483499032252E-004
   3.2019631974161347E-004
   3.0086546268176908E-004
   3.2395102836202123E-004
   3.6131719361587040E-004
   3.4227115225049417E-004
   3.6406407925937412E-004
   3.3772254806291530E-004
   3.7334076893256947E-004
   3.3049846283913912E-004
   3.1873454261988429E-004
   2.8993995479722161E-004
   3.4510012480651239E-004
   3.5745412823943182E-004
   3.2059740796384673E-004
   3.0910958952609923E-004
   2.8981086891715301E-004
   3.1890060975418519E-004
   3.0998962801628686E-004
   3.0455381708177051E-004
   3.8189893516762566E-004
   3.5319402155785357E-004
   3.3641555117380100E-004
   3.1420143950939845E-004
   3.4289296856431032E-004
   2.9178100920545315E-004
   3.3580450389068448E-004
   2.9908059520210930E-004
   3.9017417207139009E-004
   3.2590311580354557E-004
   3.4846162475641386E-004
   2.9104369818375896E-004
   3.7620633224508672E-004
   2.8735232177553059E-004
   3.5286701394022737E-004
   3.4543043990949948E-004
   3.1279976085229799E-004
   3.0107629268769515E-004
   3.4755249359742974E-004
   3.6038627696021027E-004
