   2.9288083944523644E-004
   2.7656628953772139E-004
   3.4674082307184099E-004
   3.0637290471409841E-004
   3.3099798768622819E-004
   3.2563216846426670E-004
   2.9779930169012092E-004
   3.1214460089116602E-004
   2.6359998671576513E-004
   3.2373583191049022E-004
   3.1020256365250974E-004
   2.9967069053464778E-004
   2.9008724191126144E-004
   3.5695452286914044E-004
   3.0544408740084631E-004
   2.8787627412375273E-004
   3.0564528169223373E-004
   3.2186145027256175E-004
   3.3429370887294661E-004
   3.4727190565796915E-004
   2.6674768941996861E-004
   3.0280757754045962E-004
   3.1919996133758028E-004
   2.7924906460532627E-004
   3.0573194842801706E-004
   2.7489327832313555E-004
   2.7311078529452918E-004
   3.6919395126069877E-004
   3.0774677248190143E-004
   2.9143444750886002E-004
   2.8761493140791976E-004
   3.3701387121124789E-004
   2.9117119423750456E-004
   3.2661150650455464E-004
   3.3138363948514575E-004
   2.8753587070457138E-004
   2.9798658796892922E-004
   3.2352502607024505E-004
   2.5043812381640387E-004
   2.9379416859624883E-004
   2.5463528684513588E-004
   2.9637594796912023E-004
   3.5782266011323831E-004
   3.1743692219683760E-004
   3.7577755684937823E-004
   3.3266441754426949E-004
   3.4535918694632289E-004
   2.7357595313417805E-004
   2.6906566148652650E-004
   2.8819318364600380E-004
   3.1968328674082701E-004
   3.3740226287199326E-004
   3.2873231450192665E-004
   3.1542144921518185E-004
   3.2581058019208334E-004
   2.8689976865867530E-004
   3.0596608681371081E-004
   2.8339720707516356E-004
   2.8590989329410561E-004
   3.5080110111940243E-004
   3.0994615843184730E-004
   2.8190590822430814E-004
   3.1413024625133505E-004
   3.0513630020131635E-004
   3.3219324014654582E-004
   2.8894435869390457E-004
   3.0333743014818545E-004
   3.4806078826593508E-004
   3.6419145277780612E-004
   3.4474862204703256E-004
   3.1093405201973646E-004
   3.3136667201992943E-004
   3.3420413781697658E-004
   3.8118874754411843E-004
   3.2290619113914588E-004
   2.7611115906475334E-004
   3.2453027572757609E-004
   2.9830380037746486E-004
   2.8898071727510009E-004
   3.2133916207389561E-004
   3.6389869460832228E-004
   3.1916117687201247E-004
   2.9120525919714460E-004
   3.5305750862290702E-004
   3.4146526404872055E-004
   2.6766497819534539E-004
   2.6994509452131781E-004
   2.6156848858319273E-004
   3.2192173668514488E-004
   3.4904691148920008E-004
   2.8186844750870994E-004
   2.9209959798783545E-004
   3.0496038279452444E-004
   2.8463706035914462E-004
   3.2513600220394266E-004
   3.0076061443686219E-004
   3.2161513919131524E-004
   3.3130410602830483E-004
   3.1122768492951335E-004
   3.0743080046068090E-004
   3.2854994083374173E-004
   3.8070016103763650E-004
   3.5662474603769190E-004
   3.5465558504007254E-004
   3.2259226602340688E-004
   3.6019842280655040E-004
   3.7607466831109945E-004
   2.9978092405399324E-004
   3.5964550810295193E-004
   3.2851373211606157E-004
   2.7194313659040654E-004
   2.7655038299020425E-004
   2.9647765933331637E-004
   3.2549698158826124E-004
   3.2446886494325814E-004
   3.2053782687751565E-004
   2.9363332806524133E-004
   3.3066486620981448E-004
   2.8177384746881352E-004
   3.1544482327293649E-004
   3.4677525620926307E-004
   2.6292627296436853E-004
   3.1485245049176240E-004
   2.9207176160587979E-004
   3.2776608828389127E-004
   2.9534962267857399E-004
   3.3344902754319904E-004
   3.3642693578555112E-004
   2.8491217346283916E-004
   3.2058032695501433E-004
   2.8401309679200112E-004
   3.0239718822468149E-004
   3.2698398207090153E-004
   3.1130580581079196E-004
   3.1745708143544562E-004
   3.3654166103883759E-004
   2.9800365252331400E-004
   3.1212782686820150E-004
   2.8003435538260314E-004
   3.0116820246417969E-004
   2.7327120609375855E-004
   2.8668720736989842E-004
   3.5528474418645045E-004
   3.3045706183400535E-004
   3.1181893268170693E-004
   3.5190510702321414E-004
   3.5606908694085885E-004
   3.9129348220277193E-004
   3.1601789793313267E-004
   2.8657287249999187E-004
   2.6781535379215450E-004
   2.7984463676335939E-004
   3.1486758125055467E-004
   3.3515166597585633E-004
   3.1893541340272374E-004
   2.5895051967412343E-004
   2.8149355319315406E-004
   2.9920481282862284E-004
   2.6513888307183050E-004
   2.8852413649429695E-004
   3.0664699161831290E-004
   2.8875019024918874E-004
   2.9944931878743186E-004
   2.9007500343175211E-004
   3.5303742958412614E-004
   3.0633876465119319E-004
   2.8399136247226416E-004
   3.2514865764018941E-004
   3.0941200021117327E-004
   3.2852299447765364E-004
   3.2678025823621040E-004
   2.7917674453706385E-004
   3.2190844648679169E-004
   3.4906928165736169E-004
   2.4732145949670181E-004
   2.4465477272218877E-004
   3.3864503286932423E-004
   3.0986749495700151E-004
   2.8914180283548454E-004
   3.4156944249865177E-004
   3.2652726933442012E-004
   2.7031053205824789E-004
   2.7029397734650983E-004
   2.6694482678048947E-004
   3.1357913238780328E-004
   3.1623820747879705E-004
   3.4039182687731824E-004
   3.2727303044255798E-004
   2.8213801440803670E-004
   3.2986247840882741E-004
   2.8053064238103755E-004
   2.6059724676306159E-004
   3.3490355620780882E-004
   2.6258163460632958E-004
   3.0767504614614798E-004
   2.9135704844289223E-004
   3.4055699684712947E-004
   2.8382057868718417E-004
   2.8765320559852385E-004
   3.2492080618346398E-004
   2.8898153279091610E-004
   2.6769179383550023E-004
   3.5800119631698214E-004
   3.1788528165842961E-004
   3.0165054218378375E-004
   2.5906146705305285E-004
   3.2835496272754183E-004
   3.0999993307424096E-004
   3.0684821044418836E-004
   3.4481044913459250E-004
   3.2512946751692129E-004
   3.3142294975513852E-004
   3.2644648326474440E-004
   2.8198923465415501E-004
   3.2926588109389167E-004
   2.8744272576382496E-004
   2.8663800598359787E-004
   3.3644117544517194E-004
   3.0048913722616861E-004
   2.9258809751555703E-004
   3.2014543568180116E-004
   3.2758306080397188E-004
   3.0450211431891794E-004
   3.1421981685676021E-004
   3.1702508281348184E-004
   3.4837331562963465E-004
   3.4895197102670556E-004
   2.7589772899967995E-004
   3.3172973735707103E-004
   2.9043835362326805E-004
   3.1909493284933995E-004
   2.6904546116691025E-004
   2.9320704364562826E-004
   3.5384686015381433E-004
   3.4977500120926156E-004
   2.6142814221498140E-004
   2.8274508031308788E-004
   3.3215566518045341E-004
   2.6914653375149152E-004
   3.3136760765619755E-004
   3.1051575839988345E-004
   2.9715773442417793E-004
   2.8941053305631907E-004
   3.1423123409305190E-004
   3.2395397409935254E-004
   3.0607596812938856E-004
   2.7432309284384972E-004
   3.1477034721395867E-004
   2.9762915516034594E-004
   3.2170620444317810E-004
   3.3819938654614976E-004
   2.8740542324620985E-004
   3.3257949153742188E-004
   3.5748745109924729E-004
   2.7449507691311073E-004
   2.9249516293245511E-004
   2.7644755240097558E-004
   2.6133606376618432E-004
   3.0898985388092502E-004
   2.7809718377968336E-004
   2.9136658780773997E-004
   2.7427597324712638E-004
   2.5368147750325098E-004
   2.8213047531005484E-004
   2.9102623709787156E-004
   3.3042799364278611E-004
   2.7519362150612881E-004
   3.2160983149194565E-004
   3.2740162539466786E-004
   2.9116620026040237E-004
   2.4383069726435625E-004
   2.4988684130178849E-004
   3.2814918797732448E-004
   3.4901760877209715E-004
   3.1246373323991135E-004
   2.9416750300178748E-004
   2.7625611097451664E-004
   2.7554898221176383E-004
   3.0682006956318282E-004
   2.8111344245374730E-004
   3.3677176068202912E-004
   3.2685148962247176E-004
   3.0056223103805928E-004
   3.1307216225296048E-004
   3.1505096408308814E-004
   2.7936587276533825E-004
   2.7037811380207604E-004
   2.8573040735166752E-004
   3.3660082069778474E-004
   3.3922846532045248E-004
   2.7204336889720567E-004
   2.8773017607059955E-004
   3.1191906677225338E-004
   2.6841021251020248E-004
   3.2332808029130654E-004
   3.1869264616807052E-004
   2.5566388349953091E-004
   2.9159369129396932E-004
   3.0795390607746325E-004
   3.3415025729221652E-004
   3.0952851340918354E-004
   3.0684218094228935E-004
   2.9510301941283815E-004
   3.2676010308697466E-004
   3.1553154196909588E-004
   3.2791969672987928E-004
   2.5968196459439421E-004
   3.2513040976825429E-004
   3.2093535568525122E-004
   2.9409452321571452E-004
   2.8108183016033677E-004
   3.5814913007414009E-004
   2.7609332205579180E-004
   2.7284147820167554E-004
   2.7986266511877242E-004
   3.5801394414779078E-004
   3.1052304559360685E-004
   3.3606593541702382E-004
   3.4950028008065711E-004
   3.1407582529104804E-004
   2.5489491390816321E-004
   2.6463552352942098E-004
   3.4185580031907719E-004
   2.7814255897236806E-004
   2.9081379055453997E-004
   2.7549933022179691E-004
   2.6414863595886279E-004
   2.7490151679650737E-004
   3.0445479356515338E-004
   2.8572366089639061E-004
   3.1338862889081752E-004
   2.8391357096578453E-004
   2.9916973529991992E-004
   3.0131209819853278E-004
   3.1485772235265240E-004
   3.1558275891178282E-004
   2.8920144900889029E-004
   3.3115623440911228E-004
   2.9297768501859733E-004
   2.7888751600560610E-004
   2.8739326759635490E-004
   3.3289282390271753E-004
   2.9231382828982170E-004
   3.0032624434627462E-004
   3.3767258344987345E-004
   3.7361727918413878E-004
   2.8165201669925794E-004
   3.4799720215774888E-004
   2.5908369877934229E-004
   2.8354326028197878E-004
   2.5515194119982626E-004
   3.1882829275733368E-004
   3.3479087080187192E-004
   2.7654426713133028E-004
   2.7740153834268015E-004
   2.7676188702041512E-004
   2.7228906177915216E-004
   2.7194869978958109E-004
   3.2183973884183752E-004
   2.8060166398968784E-004
   2.6498761813116198E-004
   2.4536059146755145E-004
   2.8407547865156750E-004
   3.4062889188172726E-004
   2.9737130000701028E-004
   3.2126291799748847E-004
   2.8971401518322929E-004
   2.8551954164601550E-004
   2.8680408313985556E-004
   2.8631392560964048E-004
   2.4845106242316929E-004
   2.8295785669350110E-004
   2.6936211882481852E-004
   3.0735749147829677E-004
   3.2255513126574082E-004
   3.2725443304852832E-004
   2.6917949050184062E-004
   3.3766642228067053E-004
   3.3147512194249795E-004
   3.2058734022053994E-004
   3.3267669172459705E-004
   3.3000867907521627E-004
   2.9921094491124067E-004
   2.8818402789374480E-004
   2.9291016019045022E-004
   2.8735317434645157E-004
   3.2078942551701592E-004
   2.7439230335644330E-004
   3.3560733708949068E-004
   2.9055057659711303E-004
   2.5804725557563148E-004
   2.8586133843989188E-004
   2.5746152834558176E-004
   3.2595696184690737E-004
   3.2180335628217917E-004
   3.3188757702096709E-004
   3.0109325905970663E-004
   2.7685956295448583E-004
   3.1567673367479803E-004
   2.8609255701352455E-004
   2.7565815982682113E-004
   3.0908937090970813E-004
   3.0197876767348175E-004
   3.1060252849596449E-004
   2.7834352827304089E-004
   2.7813575569227882E-004
   3.0875429575608293E-004
   3.2733498966157706E-004
   2.9235043680914146E-004
   3.2440636510895659E-004
   3.0745456681650029E-004
   3.0391047359523444E-004
   3.2078944983004196E-004
   3.0071891927563852E-004
   2.5583516382127891E-004
   3.1232267702758078E-004
   2.9816010961726275E-004
   2.7085434669013987E-004
   3.4096230909499026E-004
   2.6652548134231853E-004
   2.7660274879478538E-004
   3.1684954424117639E-004
   2.8468933966741027E-004
   2.8521120471838049E-004
   3.2492275162193169E-004
   2.7358131199324771E-004
   2.9651374103504565E-004
   3.1623671264032101E-004
   2.8266618705636274E-004
   3.0030796789797513E-004
   2.6328666534718441E-004
   3.0474501976934977E-004
   2.7391244063952586E-004
   2.6732578389783787E-004
   2.6487056270045400E-004
   3.3462856923358904E-004
   3.1922712882745798E-004
   2.6434020029485238E-004
   2.8768951212040738E-004
   2.8183817615778559E-004
   3.0652388917328682E-004
   3.0483732591732044E-004
   3.3763381317041907E-004
   3.0597169034571081E-004
   3.0110804718571445E-004
   3.0323519333022190E-004
   2.9373244673670264E-004
   3.6257969223214511E-004
   3.3399042868559580E-004
   3.4169043936136301E-004
   2.9276665629138975E-004
   2.7097616004477304E-004
   2.7520927059792791E-004
   3.1394322105523972E-004
   2.9889716323298795E-004
   2.7433157523907594E-004
   3.0647565760202129E-004
   3.3354277441576241E-004
   3.2509719190625314E-004
   3.0807887460163898E-004
   3.2952070508143240E-004
   2.6259296619481791E-004
   2.5671810222155063E-004
   3.2025770812189105E-004
   2.5626381315937437E-004
   2.7514576650364498E-004
   3.4749166288860171E-004
   3.2503821671606023E-004
   2.8853891343472838E-004
   2.9304344231160444E-004
   2.9129988076842701E-004
   3.3615765933065633E-004
   2.7669580213152638E-004
   3.2581493244697446E-004
   2.8068674962128588E-004
   3.3198113549482100E-004
   3.2101846074062296E-004
   3.0751874049772429E-004
   2.8137451777967453E-004
   3.0649393882834956E-004
   3.1680406594210270E-004
   3.3510324039913463E-004
   2.7853915337923993E-004
   3.0203843325527971E-004
   3.3956475353824964E-004
   2.7997210212501387E-004
   2.7486534631771285E-004
   2.6475410396220876E-004
   2.8706708986431587E-004
   3.0285450533363358E-004
   3.2466789156348043E-004
   2.8319483353536894E-004
   3.0348935216686500E-004
   2.8715347303412522E-004
   3.3829724347965396E-004
   3.3245733689366827E-004
   2.9526446590302747E-004
   3.0808988447776560E-004
   2.7686737629562598E-004
   3.1591763512789817E-004
   3.7084428530436721E-004
   3.1120083642146006E-004
   2.7832245743974348E-004
   2.8663784434296519E-004
   3.3986449273445382E-004
   3.2865885148893688E-004
   3.3261674379930165E-004
   3.0115367757502546E-004
   2.9672096909537035E-004
   2.9218938874377056E-004
   2.6003022271641466E-004
   2.9258811247405138E-004
