   3.4627684476869663E-004
   3.6993577572416757E-004
   3.3190545447703615E-004
   2.8933585989410849E-004
   2.9760931393675518E-004
   3.1799090283250665E-004
   2.8734184729302121E-004
   2.7241150497547676E-004
   3.5286008474219138E-004
   3.6126020652152440E-004
   2.9829278380923596E-004
   2.8031732883617940E-004
   3.6956486937197785E-004
   3.6000566267305591E-004
   3.6746833879267461E-004
   3.5410277554420743E-004
   3.0408588775583228E-004
   3.0052036492808740E-004
   3.0954435099414480E-004
   2.8242870662489384E-004
   3.4747164989088473E-004
   3.5876173312443792E-004
   3.3160355419474655E-004
   3.1770943946776719E-004
   3.1602103464180287E-004
   3.7713871447172734E-004
   3.3985864370892206E-004
   3.7625141327374902E-004
   3.4239700842781935E-004
   3.2084705790165111E-004
   3.0997914608685262E-004
   3.1131709474419808E-004
   2.8723659744290755E-004
   3.5040868269393044E-004
   3.0909613555582391E-004
   4.0225110296583655E-004
   3.6036979898016570E-004
   3.0245988595577482E-004
   3.4977525737192724E-004
   2.9048305760012792E-004
   2.8933727526564667E-004
   2.9260672895149237E-004
   3.4782057470849730E-004
   3.1677275732412772E-004
   2.9332262972743317E-004
   3.0927172801479809E-004
   3.7637391283912774E-004
   3.5537366538531572E-004
   3.1468516764298981E-004
   3.4667591774271977E-004
   3.3936808962469118E-004
   2.9672215643412761E-004
   3.8538064155349761E-004
   3.1351197424552539E-004
   3.1788384235373015E-004
   2.9157270350214622E-004
   3.2472871893760968E-004
   3.4861842075314812E-004
   3.1367663715236178E-004
   2.8253351114780790E-004
   3.2639171354740073E-004
   3.0252649654730106E-004
   3.5436280094419551E-004
   3.2855383234846753E-004
   3.3333168122568315E-004
   3.6666070364084149E-004
   3.1429740514773665E-004
   3.5945660147237291E-004
   3.0317587240160884E-004
   3.1244951329012841E-004
   2.8438297749924324E-004
   3.2153570010357908E-004
   3.2927814084674292E-004
   3.6772346928124502E-004
   2.8825896094536430E-004
   2.8105138438171113E-004
   3.2177538709809154E-004
   3.3208135687074180E-004
   2.9871312559845621E-004
   3.4091703000420468E-004
   3.5891190423752444E-004
   3.5985379848947293E-004
   3.4318821783380858E-004
   3.8255095645907373E-004
   2.9254402139090776E-004
   3.5142659666474794E-004
   3.7118879744018994E-004
   3.2313265015079204E-004
   3.4611869274092037E-004
   3.2575380423872132E-004
   2.8253404201564105E-004
   3.4280402658998932E-004
   2.9795746926777070E-004
   2.7033637423420773E-004
   3.1900062147372654E-004
   3.1429357768906254E-004
   2.9712789426133480E-004
   2.7663188557803495E-004
   3.6830410659161793E-004
   3.4793989176192826E-004
   3.7971224513590223E-004
   3.0951300780071312E-004
   3.1375946511402785E-004
   2.8299645860398539E-004
   2.8415768612350870E-004
   3.0827194139177165E-004
   3.9049506311470745E-004
   3.9267425680817594E-004
   3.4446253402726986E-004
   3.4596965715936946E-004
   3.1618406015126413E-004
   3.3463363565933466E-004
   3.4093113058731835E-004
   3.2185123686968517E-004
   3.3362616563409087E-004
   3.3540663747385051E-004
   3.0620668712178796E-004
   3.4532925477624113E-004
   3.6649922576684549E-004
   3.2970906464881974E-004
   3.7511910956850622E-004
   3.0228486399862925E-004
   2.8718066039430619E-004
   3.3317616426725613E-004
   3.0163540617276065E-004
   3.0138277794614191E-004
   3.6165749561807179E-004
   3.6584634374024441E-004
   3.3422388790641091E-004
   3.0421464717161830E-004
   3.3773927132381003E-004
   3.4375931417740909E-004
   3.0037772066916080E-004
   3.6715331690217280E-004
   2.9130499746853273E-004
   3.1909954873372435E-004
   3.3377065995923472E-004
   3.4768054808453116E-004
   3.5539937558550720E-004
   3.4613472543479606E-004
   3.3701078889669266E-004
   3.0059526017890350E-004
   3.6350852999244963E-004
   3.4977574251741125E-004
   3.2011590091241205E-004
   3.0861619805430863E-004
   3.4257278971766542E-004
   2.9346017007925753E-004
   3.7110355098956432E-004
   3.4643689081415577E-004
   3.7000754339439897E-004
   2.9929434152257473E-004
   3.4667371114439248E-004
   3.1642570062580299E-004
   2.7209723786719264E-004
   3.1265708103944505E-004
   3.5289283276247047E-004
   3.6715777859587008E-004
   3.2770286244199518E-004
   2.9829974158100648E-004
   3.7165747933497168E-004
   3.9620510444616228E-004
   3.2380750387946469E-004
   2.9257319021294822E-004
   3.4881830259108709E-004
   2.8004677285963284E-004
   3.5169783535410256E-004
   3.1358547373768120E-004
   3.1320746438718926E-004
   2.8307578641477589E-004
   2.9431742213539044E-004
   3.5635503346502316E-004
   2.9694145875710739E-004
   3.4507332837605849E-004
   3.3903527400881407E-004
   3.6610023406800869E-004
   3.8593179462634151E-004
   3.2905158670336196E-004
   2.7140518005476906E-004
   3.2325297714442028E-004
   2.6739162350850114E-004
   3.3597638484741916E-004
   2.7750981278167351E-004
   2.9384620378924059E-004
   3.4427541716397525E-004
   3.4415635846150823E-004
   3.1429468131517058E-004
   3.5949825343414713E-004
   3.5018825853817918E-004
   3.3666508211570756E-004
   2.7738644944601064E-004
   3.4917122753173565E-004
   3.7597388960425852E-004
   3.7684059578868247E-004
   3.6046544816720026E-004
   2.9044798617157625E-004
   3.0652050889255653E-004
   3.7974199866711223E-004
   2.8722126545752694E-004
   2.7434466281478216E-004
   3.6395632826109872E-004
   2.9536282990634842E-004
   3.0521702604436403E-004
   3.6489660648531268E-004
   3.7561969042334387E-004
   2.7945779538144185E-004
   3.2409111298672982E-004
   3.6025909502838586E-004
   3.3954450248337164E-004
   2.8045273908121224E-004
   3.4168940202808411E-004
   3.6620139619418870E-004
   2.8203790025528119E-004
   3.5704027304952720E-004
   3.5404307345393078E-004
   3.1933425479147134E-004
   3.6351577934308537E-004
   3.1662746272053484E-004
   3.6319133920666006E-004
   3.1043667781461041E-004
   3.0884711758208194E-004
   3.6149442399160850E-004
   3.2281061441757848E-004
   2.8790274336134409E-004
   3.3761595867405310E-004
   3.5483820717298450E-004
   3.6083987946584331E-004
   3.1766348735172970E-004
   2.9632276611886714E-004
   3.4641877436660998E-004
   3.3429524368161934E-004
   3.2933160247338464E-004
   3.1362588367712778E-004
   3.8967169376318548E-004
   3.1178184302325457E-004
   2.7121071965564289E-004
   2.8539400829286126E-004
   2.7950175214303571E-004
   3.6724563512401185E-004
   3.1301932547728422E-004
   3.0457703367777638E-004
   2.8592062179547969E-004
   3.1342271575570015E-004
   3.7265212009855481E-004
   3.4837692670123556E-004
   3.6374887069941697E-004
   3.4405533658554563E-004
   3.0175087305631143E-004
   3.5897028304866162E-004
   2.8824173390375993E-004
   3.4802272390665518E-004
   3.0282655412148889E-004
   3.0436855286425211E-004
   3.8643858169513706E-004
   3.6854770859244464E-004
   3.5994289464763265E-004
   3.3278861947643156E-004
   3.5179050381848578E-004
   3.2149602039291565E-004
   3.2866932607382698E-004
   2.9511462291967707E-004
   3.1840288894081041E-004
   3.5007792278414951E-004
   3.8402939622021796E-004
   3.1879867170112990E-004
   3.7863788414871954E-004
   3.2970999193118652E-004
   2.9682855606175243E-004
   3.0071810856225224E-004
   3.4296101828890698E-004
   3.2353920856120142E-004
   3.0540007933959907E-004
   3.7551662077654670E-004
   3.4452586205848589E-004
   2.8070018572100432E-004
   3.3917640405989612E-004
   2.8916809505168746E-004
   3.1623845383549755E-004
   2.9899143219882195E-004
   3.5598707770412400E-004
   3.6319148834518825E-004
   3.0179225769736350E-004
   3.4124290634083719E-004
   3.3662997491017903E-004
   3.4241964507014769E-004
   3.1723996626367154E-004
   3.5599853357435771E-004
   3.2508853549940476E-004
   3.7776900756222230E-004
   3.2336666865426434E-004
   3.0198752021397127E-004
   2.8291851622193559E-004
   2.9513718730940800E-004
   2.8066428483273229E-004
   3.4044001810470487E-004
   2.8721035379625139E-004
   3.3033419402312330E-004
   3.0544136201981375E-004
   3.4593574895105380E-004
   3.1286839524314128E-004
   3.5528647988485821E-004
   2.8620373218465092E-004
   3.0140451623340250E-004
   3.0385474187210243E-004
   2.8495692821674598E-004
   3.0030405991816558E-004
   3.5484830843578077E-004
   3.0399946598856794E-004
   3.7449119196887424E-004
   3.3763258293035967E-004
   3.5302020292549304E-004
   3.1915605427865109E-004
   3.1492773002974607E-004
   3.0787243408528345E-004
   2.9649899012479494E-004
   3.2196804840068239E-004
   2.8327568635156644E-004
   2.8951396624397907E-004
   3.2692127216440482E-004
   3.2968443165278010E-004
   3.3323925616340823E-004
   3.1031015185844618E-004
   3.0719096982318437E-004
   3.1201149478427378E-004
   2.8280009066417516E-004
   3.1866359693198649E-004
   3.0642202244563171E-004
   3.2129010285890662E-004
   3.5623991646274597E-004
   3.6058341495882315E-004
   3.2776144945136966E-004
   3.0179156984163860E-004
   2.8902936657801604E-004
   3.7046364075953502E-004
   3.6346726565787848E-004
   3.1673594929008340E-004
   2.9487214759943181E-004
   2.9416484888308250E-004
   2.9410287652654419E-004
   3.5676129035331153E-004
   3.2567867762282947E-004
   2.8813204681666786E-004
   3.5572785445217825E-004
   3.2778190830084223E-004
   3.0953608023035877E-004
   2.9632865947443448E-004
   3.4481249695124763E-004
   3.5899165601368876E-004
   3.1972525117551174E-004
   3.4559296252205266E-004
   3.4979473138037820E-004
   3.4538667436321516E-004
   2.9017551179939729E-004
   3.4158105553398950E-004
   3.7573939913009328E-004
   3.2979045138446371E-004
   3.3951076790585566E-004
   3.2787982197431587E-004
   3.4799489864780679E-004
   3.0981987216037145E-004
   2.9844312072059537E-004
   2.7708383350245652E-004
   3.1412319088592922E-004
   3.1990654502224111E-004
   3.7142293626948457E-004
   3.6951829588738913E-004
   3.6573471016736577E-004
   3.4721457207646561E-004
   3.0117658557010516E-004
   3.0371343784355996E-004
   3.3409243225484875E-004
   3.3496920183021943E-004
   3.0290197749977823E-004
   3.0245898319925744E-004
   3.3205591688326288E-004
   2.9329819590834011E-004
   2.9119608303029170E-004
   3.3856417973846393E-004
   3.3071612763451965E-004
   3.0611335929859787E-004
   2.8350367520117383E-004
   3.6682296861671715E-004
   2.9413537129158423E-004
   3.0675524712424991E-004
   3.5134556381064745E-004
   3.8366538909503163E-004
   2.8708447806349098E-004
   3.5920031415453946E-004
   3.3736271856597746E-004
   3.3544352912051232E-004
   3.6033871142702095E-004
   3.0791024896293891E-004
   3.2529933035928027E-004
   3.5434890617364869E-004
   3.0781913425426165E-004
   2.8523498619161398E-004
   2.7494605899412190E-004
   3.6394658331576237E-004
   3.5474553549620652E-004
   2.9615954209420730E-004
   2.7517506418137290E-004
   2.7551371295637191E-004
   3.1535598555177671E-004
   2.9884877659017525E-004
   2.9884088758744368E-004
   3.5465866507983608E-004
   2.9190617095088445E-004
   2.8712189237294056E-004
   3.8694260009180192E-004
   2.9828706228871395E-004
   3.5178645842415761E-004
   3.6959263042721539E-004
   2.9438618691398629E-004
   3.3102572517203867E-004
   3.8123465581601048E-004
   3.4144172753187388E-004
   2.9466187035063498E-004
   3.0316242516506445E-004
   3.2500897903444493E-004
   3.1521232023761268E-004
   3.1516527294818403E-004
   2.9540003261990062E-004
   3.4759753309786392E-004
   3.3731193143167866E-004
   3.0659435685964582E-004
   2.9614898240578680E-004
   3.4124065365803317E-004
   3.2288261738206000E-004
   2.7384884602595333E-004
   3.1529487624375418E-004
   3.1427075177071373E-004
   3.0612015984570043E-004
   3.0415892852482074E-004
   3.0159139429100103E-004
   3.1197218433010092E-004
   2.7201487311915158E-004
   2.8323381332689442E-004
   2.9333672011207723E-004
   3.1799989551555658E-004
   3.4771407870086033E-004
   3.1717582535717767E-004
   2.8361359553390815E-004
   3.2446780887403161E-004
   3.6797382677787729E-004
   2.9162451008162140E-004
   3.5007974685944304E-004
   3.1253009355800536E-004
   3.4244000610668266E-004
   3.6251982871654987E-004
   3.3767057253053322E-004
   3.2005292755638742E-004
   2.9412066558649551E-004
   3.2896784865884144E-004
   3.5573541998645450E-004
   3.3504159252367689E-004
   3.0376198579815079E-004
   3.3054145784105153E-004
   2.7508465309778639E-004
   2.9285607757510289E-004
   3.2400420419430824E-004
   3.0119884050792750E-004
   2.9562816882571137E-004
   2.8996442624619852E-004
   3.0447393946558642E-004
   3.4126184356527561E-004
   2.7273172172984095E-004
   3.0869444763341963E-004
   2.6903738511057848E-004
   3.3432323872121644E-004
   3.8333940340197888E-004
   3.0461834380688058E-004
   3.4046186870159852E-004
   3.5317519048472479E-004
   2.8222567816414061E-004
   3.3262352221561720E-004
   2.8374792952612837E-004
   3.0023982958141533E-004
   3.0876946999256795E-004
   3.4515096743568052E-004
   3.7012121019272716E-004
   3.5471529543930737E-004
   3.2177845928396236E-004
   3.0056741567628751E-004
   3.2379154094471315E-004
   3.5645827866106941E-004
   2.9060974727283096E-004
   3.1755307185355066E-004
   2.8906752345801766E-004
   3.7944228972112807E-004
   3.3654088755536945E-004
   3.5279720582001957E-004
   3.6963610593528432E-004
   3.3529973229358986E-004
   3.8039704942197073E-004
   3.6790956369083856E-004
   3.5928565213628279E-004
   3.3183292687955277E-004
   3.4067917414690402E-004
   3.0349889585720258E-004
   3.0852747914897008E-004
   3.1663973009008595E-004
   3.2593086843105698E-004
   3.0863956035258420E-004
   3.4754995835720230E-004
   3.5671998453205313E-004
   2.9403710192882853E-004
   3.1550497037104294E-004
   3.5374900045827376E-004
   3.3885307628794229E-004
   3.5712308312206391E-004
   3.0992922112779697E-004
   3.5971435593438263E-004
