   3.5923272641576388E-004
   3.0233266398451444E-004
   3.4470379451798398E-004
   3.6007906131838225E-004
   3.5677963857217967E-004
   3.0935817127949100E-004
   2.9360945255804292E-004
   3.2744486409987149E-004
   3.0394479127366015E-004
   3.3409021773973352E-004
   3.1064634896844277E-004
   3.6986116896990418E-004
   3.6272165198941324E-004
   3.2344010788197373E-004
   2.8069543974218908E-004
   3.8139387695879345E-004
   3.6238003343767270E-004
   3.4196607404832885E-004
   3.6995578384965363E-004
   3.8349274799571607E-004
   3.5898639630020825E-004
   3.1152060207330297E-004
   3.4400125600321773E-004
   3.1466124283037093E-004
   2.9849405112061258E-004
   3.4786392481628682E-004
   2.8595845399687563E-004
   3.1436763855970643E-004
   3.4161094106619161E-004
   3.5435195535444148E-004
   2.9347759230944590E-004
   2.9984335189351785E-004
   3.4734830623524407E-004
   3.5584806627625556E-004
   2.9245726492494465E-004
   3.4888999440101207E-004
   3.5554348114929775E-004
   2.9757738187656557E-004
   3.5212328083062089E-004
   3.2251673258417086E-004
   3.6669735319809108E-004
   3.1511664858635741E-004
   2.9920578525251105E-004
   3.0400000222838145E-004
   3.0188304046701713E-004
   2.9936000391642007E-004
   3.4772374137391758E-004
   3.1876495285750430E-004
   3.2709634388995002E-004
   3.4564871317682017E-004
   3.5899222495063720E-004
   2.8268711083204168E-004
   3.0154586072728530E-004
   3.6996288095692351E-004
   3.1145655674908146E-004
   3.7307394607280909E-004
   3.0818065092270210E-004
   3.9852100367936333E-004
   2.9894221358333067E-004
   3.2910804133656763E-004
   3.4149798905065996E-004
   3.6127733142243010E-004
   2.8739774794902281E-004
   3.2029506889545202E-004
   3.0894675762644237E-004
   2.9619784760393571E-004
   3.8643443622855209E-004
   3.6028962684329799E-004
   3.6093755011498376E-004
   2.9563714296024571E-004
   3.6081339271148120E-004
   3.5989134976969757E-004
   3.3672413466385732E-004
   3.0294985640852651E-004
   2.9495578558777648E-004
   3.0370951502959172E-004
   4.0615167076172589E-004
   3.1151051325100867E-004
   3.2152380195142057E-004
   3.1406357708084178E-004
   2.9754386668349797E-004
   3.2957527392454600E-004
   2.9582724591016232E-004
   3.4124996483451259E-004
   3.6052861433415965E-004
   3.2672816502374226E-004
   3.3494731701263678E-004
   2.8488802755569282E-004
   2.9865694775239681E-004
   3.1881815727613044E-004
   3.0303099106872175E-004
   3.5453692010988446E-004
   3.6459326262829609E-004
   3.4264727882046998E-004
   3.6413538082442876E-004
   3.2642550738733520E-004
   3.0529792209130956E-004
   3.2448354191609070E-004
   2.9956357418236320E-004
   3.1747515138638163E-004
   3.7642340739149394E-004
   2.9409664702428293E-004
   2.9857436034954260E-004
   2.6151925282781466E-004
   2.6407800467310522E-004
   2.9939227797165139E-004
   3.1090671929193543E-004
   3.0803378395796618E-004
   2.8902616461795046E-004
   2.7310281910984256E-004
   3.1104284457642597E-004
   2.9681611887235552E-004
   2.9691594233804025E-004
   3.2142075028623830E-004
   3.5908790085377348E-004
   3.6201842615056116E-004
   2.8853652316183643E-004
   3.2250933838167117E-004
   3.4237287613156185E-004
   3.2889596120385593E-004
   3.3499920796128241E-004
   2.9309867413202087E-004
   2.9401709621885871E-004
   3.3094788529608893E-004
   3.3360312390630148E-004
   3.4044392686764395E-004
   2.9260387594132230E-004
   3.7031950494921436E-004
   3.2752047806500542E-004
   3.4272825362684293E-004
   3.0251467021048003E-004
   2.9065084847544717E-004
   3.0050415890323887E-004
   2.8410509248868749E-004
   3.7572441747374023E-004
   3.8781161383502334E-004
   3.0535920446861478E-004
   3.4927949052687598E-004
   3.0894220570238404E-004
   3.0693220470241810E-004
   3.4513279730078778E-004
   2.7328619442946951E-004
   2.9045491025512718E-004
   3.1026761897016812E-004
   3.4944735295238923E-004
   3.1802448562869430E-004
   3.4265143450661523E-004
   3.5903092357253164E-004
   3.7747194982957870E-004
   3.0922395129959158E-004
   3.2407396624430887E-004
   3.5785247547402943E-004
   3.0143319777443126E-004
   3.4526170437973843E-004
   3.3204280759537984E-004
   3.1388477094192711E-004
   3.0437726861663495E-004
   3.4970878091603036E-004
   2.9405749188117779E-004
   3.6344973699645996E-004
   3.4694014529974615E-004
   3.0919785000079738E-004
   3.2494346757297817E-004
   3.4284653720480197E-004
   3.6327740014522491E-004
   3.1672865848069923E-004
   2.8582974364173373E-004
   3.5710175424967668E-004
   3.7419879656486020E-004
   3.3378053335505337E-004
   2.9222610449771986E-004
   3.0970438244421773E-004
   3.2574995620711334E-004
   3.6432949261904174E-004
   3.4781895790841227E-004
   3.5917051440196793E-004
   2.7627779627526394E-004
   3.1928131248825216E-004
   3.6457878003191585E-004
   3.1585361778581209E-004
   2.6948536699642470E-004
   3.5108742711252567E-004
   3.4813778208821086E-004
   2.9835650604508550E-004
   3.1759036141604252E-004
   3.2231574051540832E-004
   3.3935973474707337E-004
   2.8957129413278711E-004
   3.5519241636015609E-004
   2.8270792423332425E-004
   2.7982320635017795E-004
   3.4169791424733134E-004
   3.5894143037392057E-004
   3.4082682044000805E-004
   2.8449509027381669E-004
   3.0019694448047020E-004
   3.1306285387467476E-004
   3.4136105306527021E-004
   3.6080643757402115E-004
   2.9382637903532956E-004
   3.1632539844046991E-004
   3.6346333285287250E-004
   3.4571637936205667E-004
   3.0931383700821136E-004
   3.1562598184747674E-004
   3.5496183405463470E-004
   3.7327694775562384E-004
   3.3920928615351097E-004
   2.9679269098381741E-004
   3.5972333864386474E-004
   2.9875813349596172E-004
   3.7420083041733590E-004
   3.5990439606278909E-004
   3.2207448342332963E-004
   3.5351601494554340E-004
   3.0516464732617066E-004
   2.9986371746831830E-004
   3.8159424043153597E-004
   3.1067386264074874E-004
   3.4579629145410227E-004
   2.9629386740106926E-004
   3.5870903263934275E-004
   2.8524945891602894E-004
   2.8744837574292705E-004
   2.9095844550832892E-004
   3.3035036308580299E-004
   2.9444387705373235E-004
   3.7274946446894027E-004
   3.0025640522462056E-004
   3.0774387260840938E-004
   3.1395840256535044E-004
   3.6687148642180502E-004
   2.8257951544496842E-004
   2.7121380250323023E-004
   3.2893864263176673E-004
   3.3032827472720606E-004
   4.0372617199408036E-004
   2.9390222962283129E-004
   3.6272327850369874E-004
   3.5036187270902933E-004
   2.9988012222582769E-004
   2.9485450690107986E-004
   3.7308905257143560E-004
   2.9731152430170142E-004
   3.3895340393559034E-004
   4.2444173724240564E-004
   3.5020272544003322E-004
   3.1750956754210744E-004
   3.1503390942083361E-004
   3.2743800915558936E-004
   3.8278282727411512E-004
   3.5117251836799113E-004
   3.5238572523434765E-004
   2.7203249338024395E-004
   3.4525360346727047E-004
   2.9109640758838917E-004
   3.3361458475154567E-004
   2.9947251386761270E-004
   2.7102827801483092E-004
   3.4113104944045688E-004
   3.6370219148563207E-004
   3.6686191578660910E-004
   3.2126714664902021E-004
   3.6772515204173609E-004
   3.4007248612840545E-004
   3.1509947333108375E-004
   3.1018894130289786E-004
   3.6975066990029866E-004
   3.4937376731287377E-004
   3.6108850989985159E-004
   2.9766371996208700E-004
   2.9540716941541873E-004
   3.4541163906435797E-004
   3.1378033902777758E-004
   3.0545274736000190E-004
   3.6083793818839191E-004
   3.3333062925083743E-004
   3.5608026926164005E-004
   3.1039106765655715E-004
   2.8343383769150723E-004
   3.2736093631513660E-004
   2.9743338585374094E-004
   3.1307179188557859E-004
   3.5996674887570686E-004
   3.4133643831283039E-004
   2.8935407673046304E-004
   3.2035501144505197E-004
   3.0695930882562120E-004
   3.0223339964620269E-004
   3.7262831167839702E-004
   3.7353642558011184E-004
   2.9723833582365352E-004
   3.7854689624257690E-004
   3.7169567698398825E-004
   3.9561268234031841E-004
   3.3312140176433081E-004
   3.4468157871347249E-004
   3.0687081117929159E-004
   3.5508787622327923E-004
   3.1694965024888687E-004
   3.1830363460222768E-004
   3.1731474222482920E-004
   3.0566780630422101E-004
   3.2159014936082396E-004
   3.0707151297962581E-004
   3.0908563112659598E-004
   3.3617483463294577E-004
   3.6643751378354360E-004
   3.7378373240349629E-004
   3.7522638593978668E-004
   3.8674281574204328E-004
   3.4070527053520016E-004
   3.3895867396829430E-004
   3.0104775717770642E-004
   2.8247576051404537E-004
   2.8469957868315415E-004
   3.0179664360385587E-004
   3.5239155941202730E-004
   3.4391575419423216E-004
   2.7797195264403675E-004
   3.0020064888901552E-004
   3.2516318238500267E-004
   3.6263525141887816E-004
   3.4290053486868947E-004
   3.4449216377763670E-004
   3.4921004387571320E-004
   3.8025175309363602E-004
   3.0822164283175269E-004
   2.5762287895982842E-004
   3.3010123023457486E-004
   3.6622780290170780E-004
   3.5580067748327535E-004
   3.2265772735123844E-004
   3.4390369411146682E-004
   3.6349825142578668E-004
   2.9362243759125523E-004
   2.8925808062100263E-004
   3.2246915783017371E-004
   3.4241121910617248E-004
   3.8624119628389084E-004
   3.0195706913330390E-004
   3.5137284260977343E-004
   3.4286041368803674E-004
   4.0030662920132175E-004
   3.9318440502754680E-004
   3.4376325418129160E-004
   3.1789097176334398E-004
   3.5484599739488148E-004
   2.9348837939691667E-004
   3.0540610782144116E-004
   3.2465473847223753E-004
   3.3635986948786885E-004
   3.8347452773326889E-004
   2.8923692863471931E-004
   3.4991840641350642E-004
   3.3446495479379321E-004
   3.7926569250146887E-004
   2.8532214743487070E-004
   2.9690068885899644E-004
   2.9792170712305454E-004
   3.3656750659979403E-004
   2.9804614660935470E-004
   3.5202867492897382E-004
   3.1474471864239569E-004
   3.6421860095209102E-004
   3.4038672530157935E-004
   3.9590243161211145E-004
   3.2653997783584266E-004
   3.6778805701322722E-004
   2.7469128091462839E-004
   2.9432403285421034E-004
   3.0098661174718475E-004
   3.0938099250408575E-004
   3.4741850181284231E-004
   3.6317187012372396E-004
   3.5298828932326938E-004
   2.9821246708504383E-004
   2.8357702393947971E-004
   3.6059838449939142E-004
   3.1232725524424262E-004
   2.8028315652244853E-004
   3.5456908822304969E-004
   3.6461077122422003E-004
   3.5094594217227636E-004
   2.7934995465901734E-004
   3.7839859226601347E-004
   3.4056511077761340E-004
   3.6722108171369954E-004
   3.0305397061826725E-004
   2.9460223230400029E-004
   2.7262968454009364E-004
   3.6002672569420189E-004
   3.7661848466900345E-004
   3.6987744699722836E-004
   2.8294078812445678E-004
   2.8437913022171440E-004
   3.4698174076403665E-004
   2.9051870771550119E-004
   3.6293393193122334E-004
   3.6745049657388619E-004
   3.1663815136359088E-004
   2.9487212834955592E-004
   3.0151128260726655E-004
   3.0321921714953785E-004
   3.1425715178038478E-004
   3.4962051109500153E-004
   3.2134865641467988E-004
   3.5263501633705656E-004
   3.7820009766204743E-004
   3.3303495528952691E-004
   3.1184839655726200E-004
   2.8936397947757511E-004
   2.6083376393742821E-004
   3.4740245845733749E-004
   3.3181760410794708E-004
   3.4901645324163385E-004
   3.7151584325528076E-004
   3.4654691940191131E-004
   2.8964910820264916E-004
   3.3396349263146936E-004
   3.5622536071301637E-004
   3.7877042754978248E-004
   2.7913243209074981E-004
   3.5826157980667361E-004
   3.3049720325108070E-004
   3.1784127973358999E-004
   2.9911726767248612E-004
   3.3396739752120840E-004
   3.6055818262865750E-004
   3.2941298855529498E-004
   3.4040597104039220E-004
   3.0100008419275997E-004
   3.2511446684375136E-004
   3.4167012739150151E-004
   3.1656184760046478E-004
   2.9527601316783544E-004
   2.9556679177137929E-004
   3.3744885424746461E-004
   3.7535057578598133E-004
   3.4053966832730783E-004
   2.7305894641199219E-004
   3.5147313642594431E-004
   3.0704243151801023E-004
   3.2098357707224795E-004
   2.6108016578655729E-004
   2.9078937735091181E-004
   3.4358548859135822E-004
   3.4621919089369640E-004
   3.4268598557440319E-004
   3.6916587690243518E-004
   3.5736055956504809E-004
   3.7183710062911325E-004
   3.7898120979247741E-004
   3.5089618451955286E-004
   2.8723702157446745E-004
   2.9703366358789052E-004
   3.6229793296474038E-004
   3.3535157628078720E-004
   3.6519533975698168E-004
   3.6439895551230729E-004
   3.9362101380655175E-004
   3.2896974824766069E-004
   3.6872638443073371E-004
   3.2064566585348660E-004
   3.3487112899904022E-004
   2.8269591494120674E-004
   3.9500623804525342E-004
   3.7442038421584321E-004
   3.7596589628608894E-004
   3.9039538536743504E-004
   2.9405788277869635E-004
   3.3367328276584832E-004
   3.8216526127015933E-004
   3.2783871131561421E-004
   2.7625208961922003E-004
   2.7734603352919405E-004
   2.8295990419144161E-004
   3.1786884299937800E-004
   2.8849009840362420E-004
   3.6038379495075565E-004
   3.3465675777014363E-004
   3.8872213025245420E-004
   3.7403959940000039E-004
   3.3276494283494986E-004
   2.8815854655835440E-004
   3.1503122654292495E-004
   2.8032973236573073E-004
   3.5596973774883525E-004
   3.2591715575587662E-004
   3.6605618438395008E-004
   3.4851447834320090E-004
   3.1656185402787677E-004
   3.4092718779342310E-004
   3.3068062608930461E-004
   3.2396869816140477E-004
   3.2349265155307206E-004
   2.9862322983014383E-004
   3.2604250789468168E-004
   2.9107682022241763E-004
   2.9018555013979005E-004
   3.2622524955370645E-004
   3.3764342943802203E-004
   3.4239211796976873E-004
   3.3860621440841678E-004
   2.9840615483441512E-004
   3.4560448802785126E-004
   3.0157955816788133E-004
   3.2289300436735418E-004
   2.9670336757196749E-004
   3.3949061849081631E-004
   3.3914973127169870E-004
   2.8585273012424493E-004
