   2.9516466631808480E-004
   3.6144793693923289E-004
   2.8980925008069024E-004
   2.8850607032161171E-004
   2.9024788226773645E-004
   2.8423793756178495E-004
   2.6151509927265990E-004
   2.6192555585069174E-004
   2.7636160501066801E-004
   3.2094184419760200E-004
   3.4292720837460731E-004
   3.5167986244765824E-004
   3.2139608986921119E-004
   2.8051211286764293E-004
   2.7447613260096873E-004
   2.7473735546246165E-004
   3.5104405970921154E-004
   2.9544610743159269E-004
   3.0453428970406523E-004
   3.6439128461524548E-004
   2.8074470757369628E-004
   2.8509194631490601E-004
   3.3389276983765952E-004
   3.3284100151142007E-004
   2.5974396301187450E-004
   3.1761792375246771E-004
   2.9502912333358270E-004
   3.5902549531611046E-004
   3.5807108519070438E-004
   3.2129298105052319E-004
   2.8015097889914442E-004
   2.7876653909884354E-004
   2.8284031661590848E-004
   3.3546487733201059E-004
   2.7027424193183354E-004
   3.0603905155644377E-004
   3.4608949924757601E-004
   3.2946489337252018E-004
   3.1027950620154797E-004
   2.6035941963007352E-004
   2.9555754962364835E-004
   2.8667485473929545E-004
   3.4101305073117803E-004
   3.5404396117589664E-004
   3.4002192811081566E-004
   3.4947957439714701E-004
   2.9902395930940149E-004
   3.3243701439486241E-004
   2.6714340183647004E-004
   3.3654918185370387E-004
   2.7529423888294395E-004
   3.2721705258090451E-004
   3.5165085789650054E-004
   3.1383185918790180E-004
   2.8143616977498626E-004
   3.3561315874704184E-004
   2.8048775813391448E-004
   3.1051284570208506E-004
   2.9515097614098227E-004
   2.7725607620942411E-004
   2.7589201951137680E-004
   3.0265776398265585E-004
   2.6856000948858298E-004
   2.6555895578126912E-004
   3.2370498042191202E-004
   3.4459267589651227E-004
   3.0301830222416893E-004
   3.0762571426365604E-004
   3.2382092303574701E-004
   2.9824216855957000E-004
   3.0815795226609577E-004
   2.9492101899665550E-004
   2.9488280735375660E-004
   3.2274199088504706E-004
   3.3117510930357993E-004
   3.4289170740288205E-004
   3.1802595993090906E-004
   3.2247424393677161E-004
   3.0800742176076749E-004
   2.7332540953031324E-004
   3.2454213582976300E-004
   3.5299759565804515E-004
   3.3880560834499452E-004
   3.1318562758982690E-004
   2.9900102013054189E-004
   2.7428917996012394E-004
   2.9974965312748204E-004
   3.2348085104963665E-004
   2.8408127785955524E-004
   3.2523843010108836E-004
   3.4610820480046898E-004
   2.9541993957614649E-004
   2.8960665564683498E-004
   3.1455747597191621E-004
   3.1445762331802456E-004
   3.2054662522733134E-004
   2.9761348608543672E-004
   3.1970061589310043E-004
   3.0628528609363430E-004
   2.8853651559416458E-004
   3.4886345425010372E-004
   2.7485381890937128E-004
   3.0867805925513606E-004
   2.7913935695790326E-004
   2.8880628438721540E-004
   3.0180267134141697E-004
   2.9883526428904644E-004
   2.7255664104415962E-004
   2.8670521219705973E-004
   2.8210327157801720E-004
   2.7856878073390264E-004
   2.7819606712390358E-004
   2.9087438681884301E-004
   2.8640529372592080E-004
   2.9195041711004000E-004
   3.2772851038016175E-004
   3.2317677102847885E-004
   2.9833718073893237E-004
   3.0150892661814953E-004
   3.1451193244136014E-004
   2.7949398777114804E-004
   3.5866490270605413E-004
   3.1983936689739776E-004
   3.4364323347058935E-004
   3.3253656283951455E-004
   3.0100419202179338E-004
   2.9213816668588027E-004
   3.1208956681876400E-004
   3.1394571178079179E-004
   3.4764595214827553E-004
   2.7646767766683424E-004
   3.2101624177095848E-004
   3.2151563446181569E-004
   2.8027960398885836E-004
   2.9411828989152382E-004
   3.1165833729109547E-004
   3.0117745188182901E-004
   3.2268307713852635E-004
   2.8005113373016742E-004
   2.8260671291697813E-004
   2.7924408770690695E-004
   2.9778644813738660E-004
   2.8149461490450283E-004
   3.1903520440222562E-004
   3.2027419195338613E-004
   3.5909939234487500E-004
   3.1081812401545749E-004
   3.4685053075431832E-004
   3.2782690621131717E-004
   3.3279319968371819E-004
   3.3705772583036498E-004
   2.9282094405380172E-004
   3.1166079938173724E-004
   3.3837050619818889E-004
   2.9841633504830087E-004
   3.3328547187027371E-004
   3.3765614552716858E-004
   3.4791336671226455E-004
   2.6986790695724203E-004
   3.2730834985064672E-004
   3.5199307953902726E-004
   2.9375702589014480E-004
   2.8490824868271516E-004
   3.1614861972293810E-004
   2.9610705087120210E-004
   3.5082543745189332E-004
   2.7069783352341552E-004
   3.2637984203246260E-004
   3.1812279416782119E-004
   2.7562394166935465E-004
   2.7711085168052646E-004
   2.9930406088481197E-004
   3.1886592923728612E-004
   3.4854883971197005E-004
   3.5834347637865637E-004
   3.3405589089986331E-004
   2.7961261915117206E-004
   3.3863474099699975E-004
   2.8922300964975411E-004
   2.8962580127464798E-004
   2.9799896661701619E-004
   3.3792669499123888E-004
   3.1776573307404452E-004
   2.8734522832692843E-004
   2.8327702491449898E-004
   2.9740398474160023E-004
   3.3136463840126534E-004
   3.2904842219556055E-004
   3.1200307028126409E-004
   2.4515113502370384E-004
   3.0037804317961658E-004
   3.1067961813081846E-004
   2.8659996802741746E-004
   3.1380386967976644E-004
   3.0417785159758947E-004
   2.7466783975189788E-004
   2.6893770380882341E-004
   2.5689057490169219E-004
   3.2153162847072220E-004
   2.8430800127878615E-004
   2.7207887473760329E-004
   2.8564949575880956E-004
   3.0123546495442106E-004
   2.6642833544995582E-004
   2.8599795049030638E-004
   2.8120609307862119E-004
   2.9675662757285107E-004
   3.2973388830238973E-004
   2.8044300030211208E-004
   3.3040943192473137E-004
   3.5244653425309393E-004
   3.0954339035174010E-004
   2.9069642596373169E-004
   2.7391818208955557E-004
   3.3476480247918356E-004
   2.9296993583789542E-004
   3.0194169036854848E-004
   3.4772665072819645E-004
   3.1291481453828667E-004
   2.9167860176498086E-004
   3.0279185471458991E-004
   3.3356869285333581E-004
   2.8851570266352202E-004
   2.8035885585665055E-004
   3.0759016265590692E-004
   3.2258458032496609E-004
   2.7397796016987960E-004
   3.1134004884410537E-004
   3.4618141938897845E-004
   3.1779548580742597E-004
   2.7516670344405813E-004
   2.6602178036185220E-004
   2.8539872768093907E-004
   2.7387664056009541E-004
   2.4158221838926908E-004
   2.9128349183242536E-004
   2.9179524306435816E-004
   3.1087922294076184E-004
   3.2875657680418361E-004
   3.3214135304474225E-004
   2.8555004806222253E-004
   3.1535715961714334E-004
   3.0714583878463733E-004
   3.3839051768552064E-004
   3.0297975579554978E-004
   3.2956974290314237E-004
   3.2490796189741408E-004
   3.3477632419743697E-004
   2.7451341012256128E-004
   3.4990920644556087E-004
   3.1894421506668266E-004
   3.3651479718143425E-004
   3.5466470250589762E-004
   2.6789485246299973E-004
   3.0460186090579435E-004
   3.2335886438062214E-004
   2.9518883018021027E-004
   2.8294723033945533E-004
   2.7761569509734653E-004
   3.2285625974548147E-004
   2.8499801012553757E-004
   3.5085722641587817E-004
   3.4622772744039715E-004
   3.1377717947712652E-004
   3.5883973582676065E-004
   3.4069338721392232E-004
   2.8307342080691791E-004
   2.8420170093088033E-004
   2.9835378531676226E-004
   3.2974964585903965E-004
   2.8177168243299965E-004
   3.4214197790845480E-004
   3.3840129649827201E-004
   2.9649366185750852E-004
   3.0018323314096002E-004
   2.7681377484686966E-004
   3.2344672626572824E-004
   3.1158053733076961E-004
   2.9044791726689866E-004
   2.7209521899041714E-004
   3.5037231680566644E-004
   3.3169331025737799E-004
   3.3914264978014084E-004
   3.4870928167600603E-004
   3.6269139969089399E-004
   2.9965994002154864E-004
   2.7733265973481363E-004
   2.9997500082733545E-004
   3.1002015975025365E-004
   2.8639156381945129E-004
   3.1520872848597427E-004
   3.3601753555708986E-004
   2.8749369178041300E-004
   2.6085197914777592E-004
   3.1373108813896345E-004
   3.4768862397590184E-004
   3.4187685444675729E-004
   3.1673713589745229E-004
   2.8609603453595358E-004
   2.7584733321384179E-004
   2.6272684409534811E-004
   3.3904403202303813E-004
   3.3360849697408135E-004
   3.1020686161731156E-004
   3.2885743188226747E-004
   2.9623097437478114E-004
   2.7830891951777058E-004
   2.6431732413242817E-004
   2.6802962850594459E-004
   3.2828314097878980E-004
   2.7411294931313930E-004
   3.1699271376807935E-004
   3.0997036712436407E-004
   3.2987599776309224E-004
   2.7114086937283144E-004
   2.7408011844258376E-004
   2.9137486637828281E-004
   2.8532944434250601E-004
   3.3286391362847726E-004
   2.9440740049892027E-004
   3.1137596075963403E-004
   2.5131789717851435E-004
   2.8244650908721140E-004
   3.6934425198616004E-004
   3.3035546761630636E-004
   2.9211166174742000E-004
   3.1897073580736205E-004
   3.0791268584283226E-004
   2.8282345317812434E-004
   2.7313284415921951E-004
   3.1427881095781937E-004
   2.8515008708657988E-004
   2.7995965053786011E-004
   2.9526643754612989E-004
   3.2528225123607207E-004
   2.7070263756359518E-004
   3.2728508166019295E-004
   2.7984781736399306E-004
   3.4134539907790213E-004
   2.7498639104931566E-004
   3.0893696015281115E-004
   2.8780657825055187E-004
   2.9191914047059557E-004
   3.3424907726249057E-004
   3.0626787492858920E-004
   3.0421305477308961E-004
   2.8991816761507174E-004
   2.5590404600135604E-004
   3.3605482398001222E-004
   2.9734632413550932E-004
   2.9924260773843306E-004
   3.2709885620592528E-004
   2.9524623712985545E-004
   2.8098703423529078E-004
   2.6823361496301632E-004
   2.8588916045939935E-004
   2.6823669987898114E-004
   3.3636849322583905E-004
   2.9346266792350684E-004
   3.1635995952867635E-004
   3.2642327587799553E-004
   2.9943607489193438E-004
   2.6517376014986949E-004
   3.1290522960217835E-004
   3.2302622794273605E-004
   3.7138976133302773E-004
   3.3736864788951949E-004
   3.1711409922951324E-004
   3.7653549360810762E-004
   3.1604097869838450E-004
   2.9973417033247671E-004
   3.0659814851227685E-004
   2.7775429658858183E-004
   3.4177637307895625E-004
   2.8153096831300383E-004
   3.1801313263151620E-004
   3.6732341716255436E-004
   2.8764558026032352E-004
   2.6965697786673226E-004
   2.6683184039280768E-004
   3.0581939307276757E-004
   3.3819481661036331E-004
   3.0170722587701026E-004
   3.3857377670732503E-004
   3.6055885054179956E-004
   2.9590608951405011E-004
   3.2390807832496579E-004
   3.5405383080516122E-004
   2.9946155779865053E-004
   2.8647021879388214E-004
   3.2602995121451051E-004
   3.0801240048219448E-004
   3.0812361002009091E-004
   3.2856301624934614E-004
   2.6902273150276602E-004
   2.5983799112020968E-004
   2.7520956824411951E-004
   2.8885789240958937E-004
   3.3841748350145424E-004
   3.4480285445194221E-004
   2.4872032388231313E-004
   2.7950589004480857E-004
   2.7175171178886286E-004
   3.1195016710813383E-004
   2.9486490541891561E-004
   3.0072095790690688E-004
   2.7120224948723085E-004
   2.8335499465549391E-004
   3.0070764766239121E-004
   3.7911569943437898E-004
   3.5065800930997239E-004
   3.4126045034829481E-004
   3.2760881680154660E-004
   3.4372886348154182E-004
   2.8745936810119709E-004
   3.1100280600206674E-004
   2.5821558227528377E-004
   3.0482416883399337E-004
   2.6789327155503411E-004
   2.8234035789828849E-004
   3.2992794200041326E-004
   3.2797009157805294E-004
   3.1323414616811642E-004
   3.0220725087512507E-004
   3.0540172565417966E-004
   2.8249101272747489E-004
   2.7950537053099194E-004
   3.3997666775873402E-004
   2.8125957407597947E-004
   3.3869929208588502E-004
   3.2420324370710291E-004
   3.1324066453558032E-004
   2.6652153912170022E-004
   2.8574799214500709E-004
   3.2532341776139154E-004
   3.3904354047204475E-004
   2.8174789966460648E-004
   3.3237340563530568E-004
   2.9452692827614907E-004
   2.6938704377989827E-004
   2.9060720800824449E-004
   2.6158614444467081E-004
   2.9090383864467244E-004
   2.8752747480632283E-004
   3.1312465115714287E-004
   3.4585047990343820E-004
   2.9151272457746011E-004
   3.2528647568801875E-004
   3.1243743499061378E-004
   3.3467873114689317E-004
   2.8828976476772588E-004
   3.3071813163283893E-004
   3.3536685655863991E-004
   3.3085202708972740E-004
   2.7516053358817250E-004
   3.2235873639083104E-004
   3.0168346731013001E-004
   3.4583085205900960E-004
   2.8295478574727489E-004
   2.7917085162354303E-004
   2.8881548128016545E-004
   2.6990063108195156E-004
   3.4440309860770925E-004
   2.9086987493914573E-004
   2.6948279044764232E-004
   3.1947414428376992E-004
   2.8840212985570285E-004
   3.1083972441636986E-004
   3.1993555323895717E-004
   2.6996013382501923E-004
   3.1576472863028475E-004
   2.9154635570341703E-004
   3.3614121782333595E-004
   2.9971621774490690E-004
   3.3893244836939160E-004
   3.3919907442867984E-004
   3.3037788877200871E-004
   2.6456172249345749E-004
   3.0757714986865819E-004
   3.3924208442322716E-004
   2.9173934671650377E-004
   2.9070296526706853E-004
   2.6607900567827839E-004
   3.3561094044541357E-004
   3.5426806388485100E-004
   3.2653034634711348E-004
   2.9547701330377279E-004
   3.2445144198842710E-004
   3.2784119339628374E-004
   2.7973547916612830E-004
   2.5992668388248960E-004
   2.7023346986733518E-004
   3.0676889643277758E-004
   2.9479415025832859E-004
   3.2936942709781635E-004
   2.7595880823127393E-004
   2.6987093675657711E-004
   2.8596606591345776E-004
   3.3062676369870696E-004
   2.8646365535451337E-004
   2.9657484192900077E-004
   3.3070587368655977E-004
   2.9376715919448150E-004
   2.9246267203563461E-004
   3.0840862014891023E-004
   2.9804283268644594E-004
   3.5369577479785576E-004
   2.7385199328354675E-004
   3.5464109457489771E-004
   3.4312343421593792E-004
   2.9565102228915502E-004
   3.5425225167321211E-004
