   3.5142434422541843E-004
   3.2669348257490709E-004
   3.0253722654537878E-004
   3.5043343207828535E-004
   3.7090549361194053E-004
   3.9744658061384756E-004
   3.8185934122509670E-004
   3.0356142349978308E-004
   3.4016939380827882E-004
   3.1648523589490276E-004
   3.1243948563832542E-004
   3.0248019192514010E-004
   3.6999541837984257E-004
   3.6197175257560187E-004
   3.7223609213069876E-004
   2.9120797026792696E-004
   2.9272530125629728E-004
   3.5319206420315381E-004
   3.0501108185148560E-004
   3.9580773092650240E-004
   2.9615809931602424E-004
   3.8049136018079583E-004
   3.0598665315230308E-004
   3.3762043236812037E-004
   3.4977877619202902E-004
   3.4896876997601931E-004
   3.5300532619923184E-004
   3.0993177958200756E-004
   3.5906874609470743E-004
   2.9722849534293027E-004
   3.4037724862339498E-004
   3.4135592295567348E-004
   2.9811536545948223E-004
   3.6663946675628351E-004
   3.0571935907499888E-004
   3.3265241611441036E-004
   3.4086176502585503E-004
   3.1972481133736038E-004
   3.3768434306576708E-004
   3.4622608535007601E-004
   2.9908648714420605E-004
   2.8562876265252448E-004
   2.9012466493367090E-004
   2.9902179494625152E-004
   3.4233664955295070E-004
   3.0027799061054563E-004
   3.1965177829645285E-004
   3.2950956783575489E-004
   2.9907202805023021E-004
   3.5017093138612200E-004
   3.6471506273887393E-004
   3.5313625325043851E-004
   3.0601033776670356E-004
   3.3245626745676281E-004
   3.6338963371607472E-004
   3.1173926767377340E-004
   3.4014171040509019E-004
   3.7073551620089645E-004
   3.5919455406539010E-004
   3.0827567982495935E-004
   3.1082074002681718E-004
   3.3364085833980902E-004
   2.8700823705669193E-004
   3.6915209613779052E-004
   3.4740142217381934E-004
   3.6599512175414456E-004
   3.4322780589768532E-004
   3.2122279462853856E-004
   3.1017095978070415E-004
   3.5296245439635671E-004
   3.2777520829153803E-004
   3.5276977537297851E-004
   3.0710925456185279E-004
   3.2334032746554777E-004
   3.0954741796024163E-004
   3.1701294381527098E-004
   2.7568017681597635E-004
   3.4026745988974510E-004
   3.2726828081180927E-004
   2.8372456384189040E-004
   3.4658358380179963E-004
   3.3445564694010521E-004
   3.6838277076046874E-004
   3.5345658644491047E-004
   3.0013649756955012E-004
   2.7445472289480097E-004
   3.7768385970044226E-004
   2.9533112660562200E-004
   3.2471950890029214E-004
   3.6729742663636723E-004
   2.9158571324539538E-004
   3.0928575488973158E-004
   3.6966420195538575E-004
   3.2033864330197845E-004
   3.0282129379840227E-004
   3.5686976646905397E-004
   3.1351140612606457E-004
   3.2417494288632364E-004
   2.8242166587803385E-004
   3.2868681472476819E-004
   2.8711019864379258E-004
   3.4233140291287323E-004
   3.6380477053970042E-004
   3.5163207011075693E-004
   3.0322709307124048E-004
   3.0821788957911958E-004
   3.6215547005408546E-004
   3.7562218369996441E-004
   3.4832690602419798E-004
   3.7253274134278335E-004
   3.2453743279488631E-004
   2.8438493571013209E-004
   2.8460224249137741E-004
   2.8830911265748051E-004
   2.9289106618844138E-004
   3.8350097945364167E-004
   3.6858262042844105E-004
   2.8040611925169280E-004
   3.4607234263209382E-004
   2.9446324482257949E-004
   2.8768444876763424E-004
   3.5458487516095159E-004
   3.2083847720106544E-004
   3.4077960486280674E-004
   2.9351204558152917E-004
   3.4648487836420546E-004
   3.9051716408681293E-004
   3.2119764947807224E-004
   2.7364865326872875E-004
   2.8880437534317547E-004
   3.7287571908976847E-004
   3.6556628130120927E-004
   3.6861299058044996E-004
   3.3554178636553006E-004
   3.7179378678310360E-004
   3.1413142880959937E-004
   2.9034237161923356E-004
   3.3596358715752095E-004
   3.3409997951317665E-004
   3.8518076661180485E-004
   3.1144891589130087E-004
   3.4987069279997294E-004
   3.7404948438813398E-004
   3.0807188779163641E-004
   3.5856781554083469E-004
   3.4891438939710389E-004
   3.0143470599760819E-004
   3.3219166809629451E-004
   3.7016848330303012E-004
   3.3583100177160926E-004
   2.8766837772150705E-004
   2.7777558851942250E-004
   3.6205914738556493E-004
   3.6256965479398035E-004
   3.7016717307551656E-004
   3.2465542493602905E-004
   3.0908065678615990E-004
   2.9356916795373396E-004
   3.6779073682931295E-004
   3.2249610573546321E-004
   3.1439843348800777E-004
   2.8390277417354167E-004
   2.8941498496838836E-004
   3.4750864257402590E-004
   2.9537022503640925E-004
   3.1143210861892239E-004
   3.5481015989175023E-004
   2.6844742631306542E-004
   3.6632211101723168E-004
   3.8948363574297274E-004
   3.7680268977898971E-004
   2.8835448238611407E-004
   2.9988693981744676E-004
   3.2855974411051645E-004
   3.7899169629479186E-004
   3.1487297853516273E-004
   3.3871416326888934E-004
   2.6945112420880218E-004
   2.7484507254836067E-004
   2.8931898537040143E-004
   3.3602347806765097E-004
   2.9952856680608657E-004
   3.2474509793000079E-004
   3.4029353633213433E-004
   3.0580678207002717E-004
   3.1699525859621647E-004
   3.1526288049827462E-004
   3.4116264083315086E-004
   2.9454881093250284E-004
   3.0596694210925255E-004
   3.4922401897012335E-004
   3.7064738399853337E-004
   3.2033585038820315E-004
   3.4505422478114955E-004
   3.3509981113447713E-004
   3.2679053788606694E-004
   3.4135393372797907E-004
   3.0368690219718985E-004
   3.2767248436755940E-004
   3.2796518346231510E-004
   2.7097941958012354E-004
   2.8437957730684292E-004
   3.1197105141043437E-004
   3.7657880287558424E-004
   3.0917195442710897E-004
   2.8795034954876730E-004
   3.3573716937289973E-004
   2.9368290004858202E-004
   2.8835762264534088E-004
   3.0695326171805370E-004
   3.3803260208644195E-004
   3.6288156022862733E-004
   3.2540810035947855E-004
   3.0385740547620517E-004
   2.9386396465982576E-004
   3.6481605463642230E-004
   2.8203557703031538E-004
   3.6681078167578028E-004
   2.9287560495735743E-004
   3.1048982976476661E-004
   3.3876157867691653E-004
   2.5865466795755275E-004
   3.4959550145870612E-004
   2.8482073857033247E-004
   3.4045005346245013E-004
   3.3241132783686655E-004
   3.2749416873204733E-004
   3.5313690603902515E-004
   2.9533781458145910E-004
   3.0520859739125588E-004
   2.8493932560763596E-004
   3.2764301754684963E-004
   3.4282480506426979E-004
   2.7809281821413519E-004
   3.2413036913743714E-004
   3.3239183349700234E-004
   2.8834490267357586E-004
   3.7362177684055437E-004
   3.1878144487548820E-004
   3.1830458637146754E-004
   3.7185803300881923E-004
   3.3080101258080525E-004
   2.9495034839147267E-004
   3.0076432151589011E-004
   3.0732688641336146E-004
   3.0518110247030532E-004
   3.7055648265541023E-004
   3.4482240025805662E-004
   3.4924243339309907E-004
   3.5440596893906258E-004
   3.6417183728706617E-004
   2.9398712900230385E-004
   3.3961378130513555E-004
   3.7786078362878859E-004
   3.1464353112925758E-004
   3.7891762199484202E-004
   3.7256648077064000E-004
   2.8046257249329982E-004
   3.2602943389473203E-004
   3.2676468960040386E-004
   3.1980897791019887E-004
   3.5922104753238792E-004
   3.3489795813859317E-004
   3.0874942227114192E-004
   3.4183190336117250E-004
   3.2843263796538069E-004
   3.3363486742785185E-004
   3.5262535959956943E-004
   3.1265220038022604E-004
   3.3763341435344505E-004
   3.0862135640532970E-004
   3.5082918987990595E-004
   2.8514638759720472E-004
   3.6265045128016770E-004
   3.4779368887621052E-004
   3.8053224334215019E-004
   3.5967571502696158E-004
   3.7372299792097610E-004
   3.1471059054763461E-004
   3.7918843459982702E-004
   3.6702930827548684E-004
   3.5271064766188148E-004
   3.0516432836420266E-004
   2.7310511427549070E-004
   2.6897460636998163E-004
   3.2258766390457275E-004
   3.6664023460236125E-004
   2.9672123583028998E-004
   3.3341360854135784E-004
   3.0757740531459413E-004
   2.9544922424656976E-004
   3.3402004420224715E-004
   3.0043456544154399E-004
   3.7336257271296187E-004
   3.5074119281704055E-004
   3.6115214351338976E-004
   2.9864606521331165E-004
   3.3631564985975705E-004
   3.4576080071776019E-004
   3.0774373101767594E-004
   3.6652769712191549E-004
   3.1860669919743571E-004
   3.4613939652357209E-004
   3.2853933714625713E-004
   3.3637323690764167E-004
   3.7695191887026497E-004
   3.7292399318064980E-004
   3.0244156908753087E-004
   3.3760441471989615E-004
   3.1684427070424471E-004
   3.3598236066030649E-004
   3.3784627350806346E-004
   3.4699926681753461E-004
   3.7798534123035214E-004
   3.2135170333011918E-004
   2.9409339679457760E-004
   2.9746066295123112E-004
   3.7455633195323038E-004
   2.8681769873977793E-004
   2.8368644329763049E-004
   3.3876488100097673E-004
   3.0626673492551695E-004
   3.0820565509645596E-004
   3.4139400942937126E-004
   3.7261434870564819E-004
   3.3320789273273867E-004
   3.8961721136621444E-004
   3.1868493428265668E-004
   3.9962028393326270E-004
   3.7148403164700966E-004
   3.6344372260782093E-004
   3.1320318158156106E-004
   3.7590797234677198E-004
   2.8705220279587437E-004
   2.9686486458436220E-004
   3.7498954559494774E-004
   3.0146917630688859E-004
   3.2917274683745025E-004
   3.7914105901615020E-004
   3.2872758983312360E-004
   3.2792393452890021E-004
   3.2103486973454419E-004
   3.6092439521921661E-004
   3.3015411425487491E-004
   3.5097712992039859E-004
   3.6981431310961961E-004
   3.7995864900094116E-004
   2.6929826072307020E-004
   2.7010754158620195E-004
   3.1850191808291905E-004
   3.5823459935862905E-004
   3.6988401054335819E-004
   3.2108406588821493E-004
   2.7926292947307913E-004
   3.5517415370290596E-004
   3.1879773039591454E-004
   3.7480854352444623E-004
   3.6798917650261248E-004
   2.9917275879553536E-004
   3.2004936738066597E-004
   2.8188227581053805E-004
   3.4182923393576647E-004
   2.8824894305626465E-004
   3.4373841975169890E-004
   2.8543899322532078E-004
   3.0533389217997077E-004
   3.5317112855588062E-004
   3.2082560272434673E-004
   3.7160276057729278E-004
   3.6931867209211410E-004
   2.9479932370109424E-004
   3.3130167987354715E-004
   2.8760767406966624E-004
   3.2807585581794065E-004
   3.4261711600793988E-004
   3.6235919190050404E-004
   3.3651366198125354E-004
   3.2553785366745637E-004
   3.6435270291437652E-004
   3.3578721045767878E-004
   3.0403596829126572E-004
   3.8165621221623863E-004
   3.4799114469778839E-004
   3.0769232853090808E-004
   2.9892983117499409E-004
   2.7176284274748057E-004
   3.1630095198859894E-004
   2.9159381045072496E-004
   3.5044899772057066E-004
   3.6844656023928148E-004
   3.4357587200381132E-004
   2.7439489458714017E-004
   3.3265455864786640E-004
   3.7892640784211763E-004
   3.7498917298395788E-004
   3.2233877850002348E-004
   3.4047586449362086E-004
   3.0202471442989488E-004
   2.9723119127361691E-004
   3.0041289613089850E-004
   3.1293263931745112E-004
   3.0526356697134423E-004
   3.7898861118947259E-004
   3.0800278724031551E-004
   3.4647094978659061E-004
   3.4343180057172046E-004
   3.0559864950871740E-004
   3.6490584240598080E-004
   3.7001314380913044E-004
   3.4085458999758364E-004
   3.7895534788247878E-004
   3.5092248075955677E-004
   2.9532191558169621E-004
   3.1685391757861972E-004
   3.6043623673111377E-004
   3.8042204307215652E-004
   3.0289656739121976E-004
   3.1951379622357167E-004
   3.4861915599516551E-004
   3.5334420371705208E-004
   3.7813603454228055E-004
   3.5082962142545719E-004
   3.1899213248407149E-004
   3.4028504336501943E-004
   3.4102661602070051E-004
   3.5371936977601082E-004
   3.1770461250145237E-004
   3.0412940296577955E-004
   3.2073708621286446E-004
   3.1780778918107100E-004
   3.0181304903392244E-004
   3.2434602217900433E-004
   3.3183368104727529E-004
   3.3258664691513816E-004
   3.2148273162726934E-004
   2.6297167451549421E-004
   2.9616716475785668E-004
   3.6057902367778692E-004
   3.2187026488554094E-004
   3.6690624450590761E-004
   3.1746566404984908E-004
   3.2068540787715579E-004
   2.9545573454282020E-004
   2.9786279707645326E-004
   3.1927803233596148E-004
   3.4120233345245698E-004
   3.5609241530119037E-004
   3.4413819643783000E-004
   3.5886080888514877E-004
   3.6391348316851241E-004
   3.6590241395176076E-004
   2.8992997266101631E-004
   3.5521345564725561E-004
   3.7462197482016383E-004
   3.0149439847083887E-004
   2.7227302397988336E-004
   3.1685550184226718E-004
   3.6329803039560028E-004
   3.6951578403854275E-004
   3.2776018412211368E-004
   3.7493961349677202E-004
   3.0616318335956747E-004
   3.0522175006720539E-004
   2.8579900281634795E-004
   2.6834216868253471E-004
   3.9460434482105908E-004
   3.1696079618594424E-004
   2.8173548748541231E-004
   3.5439678822546600E-004
   3.5948243990631472E-004
   3.6756106529700497E-004
   3.1124750277552126E-004
   3.1159550722079419E-004
   2.8312592064795502E-004
   3.1616773204619667E-004
   2.8611918175061639E-004
   3.6392860126850874E-004
   2.8635340106227311E-004
   3.4699346194130224E-004
   3.6144502547736491E-004
   3.2054121047971312E-004
   3.2969245948206977E-004
   3.3430971307395419E-004
   3.2523915226130129E-004
   3.2230218390229991E-004
   2.9628596446705155E-004
   3.2593204663083387E-004
   3.1692025277046628E-004
   3.7200368334510542E-004
   3.1566645290517347E-004
   3.4744600769972823E-004
   2.8817105629333121E-004
   3.7702677817607174E-004
   3.1039328136339890E-004
   3.4939733718788763E-004
   2.9832262102468524E-004
   3.2142524666901005E-004
   3.8634255715747827E-004
   3.4114445004472733E-004
   3.2079319751327569E-004
   2.9247056457468721E-004
   3.3108397619071922E-004
   3.5277831020957698E-004
   2.9520831784766278E-004
   3.0277809980234322E-004
   3.7456709135544813E-004
   2.9905809957792755E-004
   3.4053364554745345E-004
   3.7134226311947790E-004
   3.1239232413976189E-004
   2.7720858952800484E-004
   2.9881579107988451E-004
