   3.5966923627159860E-004
   2.8926656098579318E-004
   3.4934369399626216E-004
   2.9459473562771480E-004
   2.9720402092018276E-004
   3.6989958543754217E-004
   3.7164925439305707E-004
   3.4768010085317955E-004
   3.1524591849669235E-004
   3.3245872822949330E-004
   3.2426043307841833E-004
   2.9709283736031742E-004
   3.8465582771392580E-004
   3.7034454981176251E-004
   2.8876087821312103E-004
   3.3441422241863548E-004
   2.9785798528049522E-004
   2.9182053033840577E-004
   2.5850724598350543E-004
   3.0247217806136098E-004
   3.5164621834576302E-004
   2.8745440682673319E-004
   2.9688506594916495E-004
   3.0485942215454997E-004
   2.8507559161829177E-004
   3.6432346262897783E-004
   2.9569079721515553E-004
   3.7874452378165220E-004
   3.2300162598169812E-004
   2.8966419915981215E-004
   3.5152793545874483E-004
   3.4995111706986431E-004
   2.7053847299721699E-004
   3.5117882818460472E-004
   3.0870395290577481E-004
   3.4247115755440204E-004
   4.1048294251820432E-004
   2.9549617744834645E-004
   3.1841406837044504E-004
   3.6064217699959960E-004
   3.1224442871441752E-004
   3.5113887537682102E-004
   3.5420423325825424E-004
   3.4376360021564110E-004
   3.7740840467785061E-004
   3.3934210428735020E-004
   4.0198312125389339E-004
   3.8857058561826084E-004
   3.7095975329671745E-004
   2.9011107723318579E-004
   3.0516434296189236E-004
   3.2031853679955196E-004
   3.5087925482430604E-004
   3.2333015074914329E-004
   2.9639637686076166E-004
   3.3823007225858135E-004
   3.9972191954411996E-004
   2.8125367307578090E-004
   3.4731354629007554E-004
   3.2928335705836019E-004
   3.4295566584616947E-004
   3.6869267571342830E-004
   3.1172995625313284E-004
   3.5540905888554157E-004
   2.9794711396968385E-004
   3.0077268724676876E-004
   3.6083198093060783E-004
   3.9723552364118761E-004
   3.3874887646527074E-004
   3.4498536197822519E-004
   3.0321653476319112E-004
   3.1514642694837426E-004
   3.1452424722773340E-004
   3.8216753277838515E-004
   3.2759919222267769E-004
   2.8816146586264484E-004
   3.6092780627575084E-004
   3.2060244722617506E-004
   3.2942047070629065E-004
   3.9502756906006507E-004
   2.8246246856131809E-004
   2.9309362347499073E-004
   3.0919658549312878E-004
   2.9871165448085553E-004
   3.5253489743758328E-004
   3.1150453708463441E-004
   2.8110261857309610E-004
   3.3935899977068068E-004
   2.9951874509322136E-004
   3.8789726029203017E-004
   2.9896508958900320E-004
   3.2963409007059360E-004
   3.1248358789464037E-004
   2.7278655234446944E-004
   3.0683160148700975E-004
   2.7089376213513340E-004
   3.0551071159753669E-004
   3.7295617023999476E-004
   3.0309927197212416E-004
   3.5057713568024593E-004
   3.9690896773322945E-004
   2.8261721069082870E-004
   3.1592661152801107E-004
   3.0701289078659613E-004
   3.2027313007671138E-004
   3.1082002744907628E-004
   2.8888970250814461E-004
   3.2044393158087625E-004
   3.9614575469961572E-004
   3.2084520765618949E-004
   3.6269844652824922E-004
   3.0650873669750680E-004
   3.4796719312771534E-004
   2.9866833653446721E-004
   3.0865331051554523E-004
   3.3300876185854303E-004
   3.3858216300117151E-004
   3.1701531654513876E-004
   3.1545909965173145E-004
   3.2473455119770827E-004
   3.2477801968610573E-004
   3.3777342696951246E-004
   2.9190100454377379E-004
   3.1152576352455174E-004
   3.4893023622301517E-004
   3.5820025611632301E-004
   3.1485356794344621E-004
   3.2550683450371015E-004
   3.1523199792582272E-004
   3.3199321586823766E-004
   3.1901110999099625E-004
   2.8738086441185400E-004
   3.5419685043055457E-004
   3.2005614281340622E-004
   3.5169711314393128E-004
   3.4295071020801264E-004
   3.1601790883476090E-004
   3.7272012170920960E-004
   2.8031145852369953E-004
   3.1265604261334354E-004
   2.9551948250709862E-004
   2.9739117049972321E-004
   3.9174976936296726E-004
   3.4732685469703571E-004
   2.6268322155078140E-004
   2.8571253774097797E-004
   2.9747908893708373E-004
   3.3163900267545356E-004
   3.6254430439611575E-004
   3.6201325612114405E-004
   3.6862919029665315E-004
   3.7250544765156954E-004
   3.4155863794230223E-004
   3.6424940175184211E-004
   3.4513270257450503E-004
   3.3787078353453276E-004
   3.0784620260862526E-004
   3.1557163713472584E-004
   3.3973114978007638E-004
   3.3017974582621573E-004
   3.3742570506242319E-004
   3.2975479194878262E-004
   3.9029310099859062E-004
   3.5467584440986808E-004
   2.9159627536990481E-004
   3.6388836168942264E-004
   3.0475215983601420E-004
   3.0442169903378380E-004
   3.3378569484086032E-004
   2.8694040911041895E-004
   3.7284216691261309E-004
   4.0256852230501701E-004
   3.3875213860779755E-004
   3.6436294825849708E-004
   3.3563440248820657E-004
   2.8186557194751725E-004
   2.8023365948119384E-004
   2.7704018348117241E-004
   2.9280091526251336E-004
   3.0794510019677292E-004
   3.3100386574458997E-004
   3.3481848267496057E-004
   3.1181900592418764E-004
   3.1759980172808616E-004
   2.8193546806135457E-004
   3.1126169257879695E-004
   2.9445382466998645E-004
   2.7914691960792521E-004
   3.6584901626886902E-004
   3.1874099630003664E-004
   3.4226044653658683E-004
   3.0866838245661993E-004
   3.4566573519436252E-004
   3.8190863902953570E-004
   3.4561440623107455E-004
   3.6484643425395327E-004
   3.3654366494252397E-004
   2.6453537448516211E-004
   3.2228348784415085E-004
   2.8434253561730884E-004
   3.1941353062118490E-004
   3.4018003757332931E-004
   3.3340514197103491E-004
   3.3434529202767754E-004
   3.1092431491525118E-004
   2.8284354799315044E-004
   3.4751321254344512E-004
   3.0264730539408070E-004
   3.7840808224667307E-004
   3.4612081389776955E-004
   2.9058551334597662E-004
   2.9117611060604844E-004
   3.2264896173334295E-004
   3.1269644764583382E-004
   2.7426276363157372E-004
   3.3680374875048636E-004
   3.5388995769297264E-004
   3.5479508748950781E-004
   3.6220947907532217E-004
   2.9149696432000983E-004
   2.9813038692441451E-004
   3.5285814311270463E-004
   3.0239448316109733E-004
   3.1058848789521483E-004
   3.2219710039904024E-004
   3.3500930352903501E-004
   3.0297667515668370E-004
   3.6139011688752945E-004
   3.2130582176469495E-004
   2.9013005722364828E-004
   3.1341341878910026E-004
   3.3162761166920761E-004
   3.2485907197819477E-004
   3.4606628182200097E-004
   4.1238846897736163E-004
   3.3530696721914647E-004
   3.5644938562195451E-004
   3.1128932960669764E-004
   3.3215103750053180E-004
   2.9393932052199843E-004
   3.4168724799736307E-004
   2.8632342537501229E-004
   3.1484739108753789E-004
   2.9344449726214787E-004
   3.4765829854245864E-004
   3.5232584540916771E-004
   3.6919304122609624E-004
   3.2432321802723852E-004
   3.1809666428591422E-004
   3.0361664040931248E-004
   3.6577463471779284E-004
   3.6400125075808490E-004
   3.2558726903338797E-004
   3.2446866888870398E-004
   3.0729687366360422E-004
   3.2219779804725922E-004
   3.1748851528358576E-004
   3.1401353371626051E-004
   3.1656700835967137E-004
   3.5514268121565541E-004
   3.8494165878501284E-004
   3.6056240821980077E-004
   3.6759376032215120E-004
   2.9735576472889763E-004
   3.7345561261243628E-004
   3.1330666045260549E-004
   3.9730737803086834E-004
   3.4994137671293774E-004
   3.5911744679888158E-004
   3.4518288090934420E-004
   2.8888049005104199E-004
   2.8639466383701811E-004
   3.3862613996901193E-004
   3.4198912159950050E-004
   3.1124920144576956E-004
   2.7807683109866606E-004
   3.5993758291075022E-004
   3.2653371967164834E-004
   3.4999420789388956E-004
   3.1699318187479556E-004
   2.9164497716032263E-004
   3.2181458612160792E-004
   3.5613286474289009E-004
   3.2847579161985317E-004
   3.0375316074950700E-004
   2.9829985477019898E-004
   2.9599252672275940E-004
   2.8576890324686721E-004
   3.0563914388068012E-004
   2.8632695322749829E-004
   2.9837588341911252E-004
   3.1545162101404099E-004
   3.7211210625785654E-004
   3.1430336850387497E-004
   3.5323803772391500E-004
   2.8835957727861718E-004
   3.7367881461371699E-004
   3.5485389310838881E-004
   3.5272332718492563E-004
   3.3184921341784671E-004
   2.9264070115529256E-004
   2.8837014437996922E-004
   3.1965130461970983E-004
   2.9460896578391413E-004
   3.0666929458435585E-004
   3.0078234650689353E-004
   3.4952475169743009E-004
   3.2741633983041936E-004
   2.8781765966175957E-004
   3.2608717592495627E-004
   3.4338689496744965E-004
   3.4703797676871665E-004
   2.6557580549322956E-004
   3.8890239947047341E-004
   3.6299100163480086E-004
   3.1732346352483039E-004
   2.9127465991504969E-004
   2.9536437862753715E-004
   3.7797295023767215E-004
   2.7288504301326672E-004
   3.7028550939651855E-004
   2.7953028539736102E-004
   3.3682245166686772E-004
   3.2529958277099127E-004
   3.0382350819212537E-004
   3.0468593458915147E-004
   2.8431360895799196E-004
   3.9178801026676911E-004
   3.2262402500106961E-004
   2.7566674958585485E-004
   3.1228808600426873E-004
   3.7108828162782170E-004
   3.0814686662348562E-004
   4.0704515727153545E-004
   3.1921848607099288E-004
   3.5037425382324620E-004
   2.9450119243822276E-004
   3.0150119217330659E-004
   2.9089774927716026E-004
   3.0337228167280790E-004
   3.0537290628766578E-004
   3.2001679853033236E-004
   2.9734769286860607E-004
   3.9588755234442929E-004
   3.8253497603399871E-004
   3.5270761642290768E-004
   3.5921616158655982E-004
   2.9158979908119751E-004
   3.1942882751032168E-004
   3.4343412051438644E-004
   3.2289358451215069E-004
   3.0467575390146764E-004
   3.9390048105892510E-004
   3.1517940821727542E-004
   3.1409430521736408E-004
   3.0736604643762387E-004
   2.6561556472722258E-004
   3.0646429002446522E-004
   3.9691080868593500E-004
   3.3067682088400982E-004
   2.8644777617184062E-004
   3.3695840519609873E-004
   3.0821531268938380E-004
   3.0300429592626944E-004
   3.0093338799756049E-004
   2.8369953806998163E-004
   3.0737858110583698E-004
   3.1769535144916317E-004
   3.1741471505154572E-004
   3.0916813707775233E-004
   3.8929094919991483E-004
   3.0599965326903722E-004
   3.0130702967254850E-004
   3.6378547976831095E-004
   3.6733362060128078E-004
   3.0430056094333889E-004
   3.9170038219922310E-004
   3.3479101677220339E-004
   3.4189930210644414E-004
   3.8770531393154343E-004
   3.2354649244887310E-004
   2.9161715118290781E-004
   2.9331700417470222E-004
   3.6767370860372127E-004
   2.9370029343974693E-004
   3.6615113819435418E-004
   3.3191082010210362E-004
   3.4645074492118321E-004
   3.2626470809433907E-004
   3.0020444737944218E-004
   3.2036947609537941E-004
   3.5081392897590917E-004
   3.5632545622313403E-004
   3.0617841316421356E-004
   3.1655440876028227E-004
   3.1283777129166899E-004
   3.0305277348051488E-004
   3.2870527319152283E-004
   2.8221083592520343E-004
   3.7659163354251154E-004
   3.3727077348545470E-004
   3.8054198719659099E-004
   3.2093580546110358E-004
   3.2232786509083991E-004
   3.0490630930319197E-004
   2.9778071938842284E-004
   3.6018495106507635E-004
   3.4021692957827315E-004
   3.1702261672003163E-004
   3.9028370085326865E-004
   3.8777096264709063E-004
   3.6470107134184253E-004
   3.0978225520121073E-004
   3.0463829191428076E-004
   3.4252050943119332E-004
   3.6962715373191286E-004
   3.3397210910732352E-004
   2.7030629070229811E-004
   3.1933525801639847E-004
   3.4422736704012833E-004
   3.4320084462765595E-004
   2.9398804831932355E-004
   3.2581289143911906E-004
   3.4915035323912356E-004
   3.7895192322860385E-004
   3.2209993926120474E-004
   2.9637470895775786E-004
   3.5010714667151299E-004
   3.3172159918702144E-004
   3.2993142308420531E-004
   3.6530394637786972E-004
   3.1771133904962836E-004
   3.3186121919000862E-004
   3.2477710274721053E-004
   2.8893388707542370E-004
   3.7679655387852615E-004
   3.3743145777138711E-004
   3.4536875436137803E-004
   2.8674395994339295E-004
   2.8986734236094235E-004
   3.5818151888089176E-004
   3.4487528675713152E-004
   3.7402946711858910E-004
   3.7290835053007553E-004
   3.0464450440332566E-004
   3.0246206408476015E-004
   3.2461911255891852E-004
   2.7663797418654468E-004
   3.4373822849060318E-004
   3.2811553160340808E-004
   2.8126522897649054E-004
   3.4469414289138909E-004
   3.8895779958914083E-004
   3.7518415333683030E-004
   3.5569143609650357E-004
   3.0912135855559823E-004
   3.4557253688934070E-004
   2.9099936363849189E-004
   3.3365894254502583E-004
   3.5848783115672705E-004
   3.6968817554861830E-004
   3.5326757285012220E-004
   3.4180311894404651E-004
   3.8199092469997080E-004
   2.9951230345184833E-004
   2.9177180960074492E-004
   3.0540799080096606E-004
   3.0276951841619212E-004
   2.9048712569108777E-004
   3.0270001491766220E-004
   3.0479716874163399E-004
   3.1315121375141458E-004
   3.5094672136629318E-004
   3.5691067819647798E-004
   3.2870887160147127E-004
   3.5785812729273447E-004
   2.9808884893989371E-004
   3.4797572479987186E-004
   3.7628098729522251E-004
   3.9518949372711708E-004
   3.4179958516412045E-004
   2.9262124677897824E-004
   3.4993107804765498E-004
   3.8360097416227000E-004
   3.4459772597057964E-004
   3.4688203645992873E-004
   3.2277451756256242E-004
   3.2875630379987272E-004
   3.0089108158737441E-004
   3.0542842862712479E-004
   3.7002612484758808E-004
   3.3791426013313723E-004
   3.1830124677832060E-004
   3.4750373316327611E-004
   3.7100691279674960E-004
   3.6822125529380808E-004
   3.0825803244975339E-004
   3.2954885009041617E-004
   3.6869360275851884E-004
   3.6442040734581692E-004
   3.2646632143378175E-004
   3.0303797038309428E-004
   3.6141199646952090E-004
   3.5771583815232189E-004
   3.1363018664650117E-004
   2.8250517571311063E-004
   3.7242862989418353E-004
   3.1467355733660928E-004
   2.8688006131974300E-004
   3.3261712746690634E-004
   3.2129171456515355E-004
   2.9816310146949123E-004
