   6.4896609771956693E-005
   9.3117359059828090E-005
   7.9161830326212446E-005
   7.3211290166306416E-005
   1.0685998052395134E-004
   7.7423839785611948E-005
   9.9248380000838192E-005
   8.5674398932145503E-005
   7.5536827872479449E-005
   7.0635785962693099E-005
   8.7870285344937671E-005
   8.6484977317078280E-005
   6.4870614585408641E-005
   6.5013398636509906E-005
   7.0709530973464866E-005
   7.9421459265464550E-005
   9.5975452133166723E-005
   6.2149604634781578E-005
   6.3254045162920185E-005
   1.5351164700552725E-004
   1.1672721523670291E-004
   7.9566417002288511E-005
   7.6469257448386153E-005
   5.9315132044930373E-005
   5.2325742414204621E-005
   8.3007108994167736E-005
   9.4999217320027889E-005
   7.0563475564264355E-005
   6.1881226915877960E-005
   1.1936054955790137E-004
   1.2890281129387571E-004
   1.2498221535738862E-004
   6.1088768305977265E-005
   6.5483536129620892E-005
   8.9548606274154216E-005
   8.0382469236480594E-005
   8.8957172975473540E-005
   5.9739748269382618E-005
   8.6007658607294683E-005
   6.8020096166519669E-005
   6.6705487606129104E-005
   8.6157095228825729E-005
   1.2538362481022514E-004
   9.6512353079416385E-005
   8.1820895768332122E-005
   9.9682428700728574E-005
   1.3894846680525242E-004
   8.7921971103126326E-005
   1.3336613777300134E-004
   9.7201140408616327E-005
   9.9001142466723798E-005
   8.0428961503602523E-005
   7.2206536995180561E-005
   6.8929920626859730E-005
   5.6464862129445965E-005
   1.1820034303646872E-004
   7.9714634141101693E-005
   6.2929672271728269E-005
   8.9606383931899980E-005
   1.2667991627070385E-004
   6.6828138677273933E-005
   1.3431354776091808E-004
   6.4104573815487457E-005
   8.0295932791978969E-005
   8.1114226545506526E-005
   9.4853252098170025E-005
   8.6498956856801012E-005
   7.2867503084750838E-005
   5.3600815571504288E-005
   4.8034081569777498E-005
   1.1951676144995958E-004
   8.1606445277754899E-005
   5.1674115678762224E-005
   9.9364193001465673E-005
   6.0004797399399518E-005
   8.5058582728604260E-005
   9.8759039280055101E-005
   9.0420308961458947E-005
   8.5931790142090999E-005
   1.1609005800073538E-004
   1.0162154727089148E-004
   9.4851657495354592E-005
   9.5530256117339686E-005
   5.6232170292436232E-005
   1.2226749115733587E-004
   6.8220797480881036E-005
   9.4163480324621751E-005
   8.9238191808863174E-005
   1.0109617500502150E-004
   7.9177230595026978E-005
   1.0343984704650882E-004
   1.1025892889617447E-004
   1.1002422096568619E-004
   9.9571296881625308E-005
   8.0733917562106442E-005
   8.9282432592392548E-005
   1.0408914995633786E-004
   7.2454932332956140E-005
   7.8486446353626498E-005
   7.2683541710594644E-005
   7.3247427805400153E-005
   9.8392177795307058E-005
   8.9197996448856458E-005
   6.8221273011650013E-005
   9.3140413053041118E-005
   4.8729802741655856E-005
   8.2397503050852592E-005
   2.1129975180526724E-004
   6.4941380383478771E-005
   6.7759868150580517E-005
   9.3228302429954258E-005
   1.0641385218817400E-004
   8.4506722014026183E-005
   8.9823925001526828E-005
   6.5566665713560194E-005
   5.9527493585084210E-005
   9.8854976596543989E-005
   6.3942084159557014E-005
   2.6392344682345091E-004
   8.0491675517454012E-005
   1.2222065535726583E-004
   5.2397513255798410E-005
   9.4003344723339176E-005
   1.0758788027497543E-004
   6.3468183530065924E-005
   1.2794123542631225E-004
   9.0474066500142457E-005
   6.9674271748236446E-005
   1.3334290056376307E-004
   6.8327564446168934E-005
   8.0946058125994436E-005
   6.5455310446803304E-005
   7.5569699325357993E-005
   7.8585838803796245E-005
   1.0321345598826896E-004
   4.4774976629625128E-005
   6.6211296000771996E-005
   6.3146282630897454E-005
   9.7016339361832819E-005
   7.0428666427439923E-005
   7.0770102423301653E-005
   8.2138435080654425E-005
   9.2777378008368445E-005
   1.0551712253442773E-004
   1.4884440526604227E-004
   8.9881632063497369E-005
   5.8933631130768490E-005
   8.4054251773848249E-005
   1.4236046112295700E-004
   8.0278252825330597E-005
   6.6625464592993627E-005
   7.9029614654771869E-005
   7.3004133434249999E-005
   1.2691651147783616E-004
   6.1547553094259505E-005
   1.1277092917776768E-004
   8.4561797486765663E-005
   7.3976005529609320E-005
   1.0384875514416826E-004
   2.0919288681422204E-004
   7.4400672237763291E-005
   7.5859528182618702E-005
   5.5385648867378677E-005
   8.5302129058191099E-005
   6.2074967131289335E-005
   6.7041860647470687E-005
   7.1446088411973970E-005
   8.2731576480403444E-005
   1.1716099286931672E-004
   8.3766720177697382E-005
   1.0950982804372122E-004
   1.0258013094912155E-004
   6.6289839846971483E-005
   1.6099349428710030E-004
   6.5169161875511353E-005
   7.0709035590759591E-005
   7.6801483547830302E-005
   1.0414560216797728E-004
   7.8978444201932766E-005
   8.3629179415148559E-005
   1.1655899068851685E-004
   9.2281430218626952E-005
   6.9947153547334420E-005
   5.3343830373553765E-005
   8.2473585140399778E-005
   1.1281967030168288E-004
   8.1307766265271408E-005
   9.4619291396577193E-005
   8.8844984902492752E-005
   6.6056092587629342E-005
   4.8316552606206606E-005
   8.0146617659139073E-005
   1.0003406759615780E-004
   1.2960401652718290E-004
   6.0313093185072638E-005
   7.9347157495934234E-005
   1.1113635373416844E-004
   8.5895191692348860E-005
   8.1698739172954483E-005
   8.8694752257011513E-005
   8.4964086766032125E-005
   9.8863164762379608E-005
   7.2228975021897937E-005
   7.8004308586228653E-005
   8.7015211797596638E-005
   1.1136508511327827E-004
   6.2780166681517105E-005
   7.0212019260793208E-005
   8.2004619539269600E-005
   1.3047428077213663E-004
   8.0383321442367494E-005
   8.9655200003877481E-005
   1.2609829335831214E-004
   6.2347682938048389E-005
   9.1595896517090240E-005
   1.3135637096515717E-004
   8.0332213631773637E-005
   9.2714340733986470E-005
   6.6680632911956248E-005
   8.5008817822756154E-005
   7.0975585541691242E-005
   6.4095945182321898E-005
   7.0789371793164807E-005
   7.1974733535101000E-005
   6.7309652866845399E-005
   8.4123344701067583E-005
   1.1168307883006675E-004
   1.0707664103301081E-004
   1.2569761738930938E-004
   8.8506774460198618E-005
   1.1957324835622017E-004
   9.3700975897257117E-005
   8.5312425829816652E-005
   5.0423798754411817E-005
   5.1898950047004490E-005
   5.5851892519880293E-005
   5.6308636502444633E-005
   6.8869161821741168E-005
   1.1470752462597326E-004
   7.4241294159348921E-005
   7.7298848874218372E-005
   9.5833565007222841E-005
   5.0032241806177882E-005
   1.1604730247155000E-004
   7.5948367763215211E-005
   1.1352856041373996E-004
   5.6659332893291797E-005
   8.0663198951835932E-005
   7.9788842696600735E-005
   8.9752735192935465E-005
   7.3000921575414789E-005
   7.9615737599631373E-005
   9.6208616082660634E-005
   1.2366482707675016E-004
   8.4237620044316143E-005
   1.0163669154155578E-004
   7.8469876286073418E-005
   7.2856970935405421E-005
   5.1611595511855761E-005
   8.4168135990263563E-005
   1.0736062130931951E-004
   8.7327180734388812E-005
   8.3796577060107742E-005
   1.1911648718899656E-004
   1.1639039130152551E-004
   8.0170399518797236E-005
   8.9862147684560627E-005
   1.2066210240005029E-004
   5.9929383548771209E-005
   9.0253105688267550E-005
   7.5515631957644050E-005
   7.4613638880036113E-005
   1.6310654596259598E-004
   8.0612211493131026E-005
   5.0530530891159734E-005
   7.0524788757001110E-005
   7.1416646888285989E-005
   1.0361117925564843E-004
   1.0143552540548731E-004
   8.6023797081999132E-005
   1.4334788700586765E-004
   6.8522686133984866E-005
   9.7367667452853828E-005
   7.7997491203940009E-005
   8.7140593989679541E-005
   9.6415071611895468E-005
   7.0936023113043095E-005
   7.8793053986050699E-005
   9.7076968452245498E-005
   6.6580846289016638E-005
   5.5088307376714751E-005
   5.1340133820463960E-005
   6.8058430645534388E-005
   9.1502561058688745E-005
   6.7829966587251391E-005
   6.0826642232473708E-005
   6.6071190702202468E-005
   7.1704468745978884E-005
   8.3065618726021920E-005
   9.6595700658903515E-005
   5.8718760105850301E-005
   6.1182108592610650E-005
   8.5551259079086507E-005
   8.4904587856816569E-005
   1.0637393920261635E-004
   8.9915651898762032E-005
   1.1799657691836052E-004
   9.4944595880618371E-005
   8.5708169093531169E-005
   1.3849474298953014E-004
   7.4652253243286356E-005
   1.0009732128344333E-004
   1.0416884434943088E-004
   1.2532027297648232E-004
   8.8634394706046580E-005
   1.0348315220803791E-004
   7.9793338164078472E-005
   6.5683845365216903E-005
   9.1377698891971805E-005
   7.7568411306838428E-005
   9.4681689298138774E-005
   1.1961316791949342E-004
   5.0749602386484442E-005
   1.0413715930070259E-004
   8.6952723749888651E-005
   1.3432444007498449E-004
   5.1513651052579632E-005
   5.9250952899301122E-005
   6.5465366353331905E-005
   6.9459536275403560E-005
   2.0861155016949889E-004
   7.1416083173839068E-005
   6.3964327921124973E-005
   8.2343031890511330E-005
   1.2400938032540971E-004
   2.2402540771104533E-004
   1.2103098100431366E-004
   1.3421903610153198E-004
   7.8872690881271070E-005
   1.5373579934395011E-004
   6.7737879954493866E-005
   6.1975844195332402E-005
   7.5216700985186285E-005
   1.1397295288991927E-004
   1.7201338702935883E-004
   1.0142076654726818E-004
   1.0119728388880374E-004
   7.0845778148509106E-005
   9.4849012677399521E-005
   6.8110174858634432E-005
   6.6269988886094971E-005
   6.9367445767209280E-005
   8.9367625761359030E-005
   1.2652521166832929E-004
   9.1781291960523853E-005
   6.1170217784724308E-005
   1.0611938426081162E-004
   1.1309846885146126E-004
   1.1487901348469227E-004
   5.7605684054442439E-005
   5.3184690312382416E-005
   7.3434944751120978E-005
   6.5333681819393743E-005
   6.9227565065165225E-005
   9.7951919296074253E-005
   8.8369771909848263E-005
   9.4830212147622710E-005
   6.2648775388774808E-005
   5.5567621729769642E-005
   5.8324792472400885E-005
   8.1094096277938482E-005
   6.8119843140075989E-005
   8.6277441021694385E-005
   9.0191503353839598E-005
   1.1750042660607178E-004
   7.8951473356663366E-005
   8.8987539289852081E-005
   6.6404814191595447E-005
   6.8807195069652536E-005
   7.8792572508389560E-005
   9.1340721552125940E-005
   9.1417071398127437E-005
   7.5683714893431318E-005
   1.0362889911669801E-004
   6.3026572299599708E-005
   8.3134675550579541E-005
   1.1127952428638718E-004
   1.0157132905962796E-004
   9.5811505850208883E-005
   8.1145539758637671E-005
   6.6106229071606227E-005
   9.1556995539651220E-005
   1.2582092557809121E-004
   1.0443052252979117E-004
   1.5703293905525940E-004
   7.3825016908787134E-005
   1.2516515401567228E-004
   9.6387902172066068E-005
   1.1912659923956724E-004
   1.0185892945282089E-004
   8.9391410369839914E-005
   9.8193508816703655E-005
   1.0719724929404149E-004
   5.4922609432088291E-005
   6.7693014529146268E-005
   8.9868683473509059E-005
   1.0698918874151889E-004
   1.2299564552232693E-004
   6.7457572643422726E-005
   5.5089926636305008E-005
   5.9294454439481290E-005
   1.0861084188103464E-004
   1.0627164710896854E-004
   5.6952017895429475E-005
   9.7743982451364134E-005
   9.1027017737295147E-005
   7.7607842858794495E-005
   9.8721128994541562E-005
   9.2649050429374977E-005
   6.5449197577832055E-005
   7.0338369555651559E-005
   1.2211804338304672E-004
   7.8981407852805519E-005
   9.3778754498592153E-005
   8.8809311828693234E-005
   7.5407459989093411E-005
   1.1928301216597027E-004
   1.0176231999902102E-004
   1.0438449547950475E-004
   1.1645681774012942E-004
   8.2211890981619094E-005
   1.1617517535543925E-004
   8.5163769847327513E-005
   7.1208430783517988E-005
   8.8020222094099040E-005
   1.1640376629503325E-004
   9.9836781431364668E-005
   1.0391539761739811E-004
   1.6883172398731615E-004
   6.8772437308996400E-005
   7.1945943639834678E-005
   7.7680908134164576E-005
   1.6788826774412024E-004
   1.2313807998146363E-004
   7.4598784809256488E-005
   5.9172133093412642E-005
   1.3516052293743926E-004
   7.8221857180230843E-005
   9.4330516770754742E-005
   9.7159070261741083E-005
   9.2999062928390223E-005
   7.7736630619471982E-005
   8.1431050514313408E-005
   1.2740082754876609E-004
   1.0261138123748778E-004
   1.0216808547941038E-004
   6.3194592394440812E-005
   9.0756258013080800E-005
   1.1032594695527708E-004
   7.8010588531741740E-005
   4.8135271431257102E-005
   6.2493726868135735E-005
   7.1390050327651408E-005
   6.2227907943485355E-005
   1.0689591878062656E-004
   7.6902085489395243E-005
   6.1565008372335605E-005
   6.9444921707075620E-005
   4.6357228975381580E-005
   1.0996358786793370E-004
   7.5259420102012075E-005
   6.8561227713888215E-005
   5.5088668174459757E-005
   5.8980217668009784E-005
   7.4229688655108386E-005
   1.6091845596838067E-004
   9.6176444806447055E-005
   7.4699248422246489E-005
   1.3968030050577786E-004
   1.0176243455541611E-004
   9.1061123569201191E-005
   8.4555519847598825E-005
   9.0612917510316454E-005
   1.0563358143951878E-004
   9.9224053999175368E-005
   8.8947461023529859E-005
   1.1818438001386287E-004
   1.1323950694142934E-004
   8.7353192926725162E-005
   2.0036197335693252E-004
   1.0992194954868628E-004
   5.1480863762155946E-005
   1.0870242204249445E-004
   1.3580182486373172E-004
   8.5917240494313358E-005
   9.3805006165522534E-005
   9.4398174776416985E-005
   5.6532210103304356E-005
   1.0459388064163784E-004
   6.6851315644316132E-005
   1.1916166513286254E-004
   8.3655028174626462E-005
   1.0294859791350387E-004
   6.8207014627778934E-005
   7.6728090664659307E-005
   1.0879192741700977E-004
   8.5828466852993552E-005
   8.9581946353910731E-005
   6.4415164993603496E-005
   1.0863637797953456E-004
   7.2676393886643916E-005
   8.7829530905730920E-005
   1.1708448963103566E-004
   6.9017090445836713E-005
   5.5103394749439033E-005
   6.3248735217745112E-005
   1.2136448931566498E-004
   1.0084023383327230E-004
   8.9332901700985110E-005
   9.2811812742397230E-005
   7.6277169256499456E-005
   8.9424264640456023E-005
   5.9106803895059217E-005
   8.9954009156309947E-005
   7.6760416315964182E-005
   7.4596670117599095E-005
   1.1004083736610424E-004
   8.3693827408314904E-005
   1.2229776983806482E-004
   5.5565512451001617E-005
   8.6943062489233376E-005
   5.6000980063724864E-005
   6.9030333966020862E-005
   9.8215161045618919E-005
   7.2543478305586354E-005
   9.3657074928537795E-005
   7.3877508782217377E-005
   6.6378475212104239E-005
   9.4168249788648218E-005
   1.2057296938453991E-004
   1.1090882491568530E-004
   6.6271310383961862E-005
   1.3989052056946643E-004
   7.2838202548424305E-005
   5.9839388734484219E-005
   1.1341254677042148E-004
   1.0119339482507462E-004
   7.4683647308333091E-005
   1.8221512647802245E-004
   8.5575809810760882E-005
   1.1980511276003839E-004
   7.7255193117427802E-005
   9.2166502086974385E-005
   6.4606032193831650E-005
   9.0368855651138823E-005
   9.7027041859862193E-005
   6.0890509376036381E-005
   9.2837762577523391E-005
   8.9514822011987419E-005
   6.4755350116533109E-005
   1.3057312845494990E-004
   6.8643344338459479E-005
   8.9546383154108809E-005
   6.5621839517257985E-005
   6.0073332608230203E-005
   9.6763729512658935E-005
   5.5056915880037660E-005
   1.1829374162149227E-004
   7.9140176226395812E-005
   1.4721716031734628E-004
   7.7932955558236689E-005
   9.3762162012090146E-005
   1.4435017227949439E-004
   1.2826209541248889E-004
   7.6071534428828107E-005
   1.2051509722754731E-004
   6.1817998180547327E-005
   7.4729866365542643E-005
   9.5199935604271081E-005
   6.3968722339585642E-005
   9.0561427695389320E-005
   7.9571565165333872E-005
   7.8665344571649676E-005
   8.2246649248141589E-005
   9.2917373891858397E-005
   5.7539907493509815E-005
   1.1113037540593079E-004
   9.6817622165429410E-005
   9.2766459368450938E-005
   5.3840459963817190E-005
   6.3398075645903040E-005
   1.3082511249599548E-004
   7.4207294952350741E-005
   5.0257241405066744E-005
   6.3146975450478022E-005
   8.4034650573751245E-005
   6.3484004805428723E-005
   1.3729177598041816E-004
   8.7884296954095619E-005
   9.7356530843412367E-005
   6.8693375019844078E-005
   6.4094374401707255E-005
   4.5520419000367603E-005
   6.3118769113468701E-005
   5.7900888904563385E-005
   1.2874290558673683E-004
   6.7475636488836720E-005
   6.3827897114815551E-005
   1.4285460030510436E-004
   9.6757476549527686E-005
   5.8174755359571999E-005
   8.5278551856241699E-005
   9.1756077019724237E-005
   1.2593127890548738E-004
   8.9830412466791257E-005
   1.0532098814391842E-004
   8.1880444211393521E-005
   8.3685426640232172E-005
   7.2383514665056789E-005
   7.5438588077915729E-005
   9.4078245365001662E-005
   7.5724341518306807E-005
   6.8831920933687510E-005
   1.2447297579433272E-004
   8.5620607180789910E-005
   6.4705400945889023E-005
   8.4506765983894443E-005
   6.6176736200949579E-005
   9.0669702569834201E-005
   1.1953018885191179E-004
   1.0462161228715235E-004
   7.3284941616888775E-005
   1.0024409529286572E-004
   9.4723184187203610E-005
   8.9784722369453011E-005
   8.1268529674477031E-005
   7.8704256006200543E-005
   7.6494129285850163E-005
   6.9436224232287093E-005
   6.8498856937864480E-005
   1.2063373790176010E-004
   9.7202539728675187E-005
   7.0352854897831339E-005
   8.2659871215311735E-005
   9.4166486955761256E-005
   7.1368166340681109E-005
   1.2232271332187697E-004
   8.1049987894161999E-005
   6.0982527776439963E-005
   1.1553384913348952E-004
   7.6420696822476080E-005
   6.4107715496037880E-005
   6.4505257715990346E-005
   1.0072689615356647E-004
   9.4573841653704959E-005
   1.0510641210668486E-004
   8.7098566749960573E-005
   5.8941655331000359E-005
   5.7903390121817830E-005
   6.7907036555218256E-005
   5.9753685169958559E-005
   7.2226440043272433E-005
   8.3907612397848762E-005
   8.8027290479302805E-005
   1.0589883622467076E-004
   8.4142087918196739E-005
   8.9358047524591840E-005
   1.0126384678540030E-004
   9.5204210579917658E-005
   8.0911465954934899E-005
   1.1578399424690552E-004
   1.1686289109861184E-004
   5.8808713109686003E-005
   1.0543256400271723E-004
   1.0778682233684651E-004
   7.5741738341137313E-005
   8.6451155771399878E-005
   7.4981713747367313E-005
   8.1228445242355411E-005
   7.5365171564616471E-005
   1.7954696745543845E-004
   6.0168145058695169E-005
   4.6153776163664437E-005
   4.2457123702763152E-005
   8.6899157890767798E-005
   6.1897992021451998E-005
   8.6311830816901788E-005
   9.3444258482477388E-005
   6.1305481438751858E-005
   9.9834765757230703E-005
   1.1540763326844742E-004
   1.5052250010576240E-004
   5.3719235329024664E-005
   5.1298858673643930E-005
   7.7001280373411611E-005
   7.1765590094015672E-005
   7.4468207014364343E-005
   1.1085715377212886E-004
   1.2583743876981414E-004
   9.0850918997064062E-005
   6.2125641817816551E-005
   1.3459966617181078E-004
   6.9758909817579557E-005
   8.3583498658194370E-005
   1.0079422781450370E-004
   1.1389196742576456E-004
   6.3452558057556534E-005
   7.2392294286851704E-005
   1.1519645148393590E-004
   1.1942116237645208E-004
   8.4307986083282524E-005
   8.3908875969268147E-005
   6.3316091917773050E-005
   5.1824769567402015E-005
   7.5886184716048689E-005
   9.2786898352284966E-005
   7.3545054196472683E-005
   6.5354032369601748E-005
   7.8758521224903496E-005
   1.3285995139158884E-004
   5.9637018134223972E-005
   7.4533109164739761E-005
   1.5898759282904803E-004
   9.2073516534400455E-005
   7.8722039898996565E-005
   1.3539084018932582E-004
   9.3888553638211007E-005
   8.8276210143468795E-005
   8.3037488931151924E-005
   1.2413970614539172E-004
   6.5278344730124798E-005
   9.1525814696591983E-005
   8.7367051823175341E-005
   1.2420806261187841E-004
   1.0388957114292949E-004
   1.0699434204920668E-004
   7.9063848824615737E-005
   1.0636624920644326E-004
   8.5453012493209385E-005
   7.3082534373482979E-005
   9.0517300104966472E-005
   1.1028414731852626E-004
   6.6779190424134461E-005
   8.2428837925913555E-005
   6.1964081374718424E-005
   7.4072276791475514E-005
   6.2331354591821736E-005
   1.1513048670607651E-004
   1.3328174108367548E-004
   6.8748906057732517E-005
   1.4157894578303813E-004
   7.7244011954411156E-005
   1.5347001225236563E-004
   6.4308049659752054E-005
   8.3088158988139035E-005
   6.1217782267421650E-005
   7.5216177806226685E-005
   8.7459327145604664E-005
   1.1142670748869870E-004
   8.5552187162879186E-005
   7.0775156209480381E-005
   5.0713993097417514E-005
   7.4148493664270956E-005
   8.3637932230851066E-005
   1.7882390191807873E-004
   1.3807863741408007E-004
   8.2713710846878612E-005
   8.5018541529659702E-005
   6.6591207645426867E-005
   5.7393170638799874E-005
   7.9393911511195750E-005
   1.3043952453425494E-004
   1.1912376968568474E-004
   5.3146047809858634E-005
   1.4082482255900355E-004
   1.0642242934888168E-004
   1.6348679083904758E-004
   9.4298133060081126E-005
   7.1134590103105730E-005
   5.4788763725527370E-005
   7.2920676713546107E-005
   8.1659828795844521E-005
   6.0952065425534445E-005
   6.1013286105686668E-005
   1.5145069796726625E-004
   9.1562152479134125E-005
   5.9058899944695712E-005
   7.0586651573787293E-005
   1.0470919202643732E-004
   5.3852272984619737E-005
   7.9200886198162624E-005
   1.0857814118471799E-004
   7.3710806567706610E-005
   9.8967693513947078E-005
   8.9307929736719041E-005
   8.2388486472285440E-005
   1.2558706005331942E-004
   7.5799348790460337E-005
   8.0518360770838460E-005
   8.9890366103121229E-005
   6.7759559436570229E-005
   6.9935469553756107E-005
   7.4382990089575301E-005
   1.0858162161021932E-004
   9.0316495036971289E-005
   8.3859346331077624E-005
   8.8051393030797172E-005
   1.1169139687105071E-004
   1.0331210965954982E-004
   8.1833748209494917E-005
   1.0242048421631517E-004
   6.4313586663866513E-005
   8.5308207908074373E-005
   1.0557187973989185E-004
   1.3140598743605119E-004
   6.6432794227990440E-005
   9.5267791535007753E-005
   5.5201516684059458E-005
   7.5393440313852478E-005
   2.0503145427972153E-004
   9.8131370386540394E-005
   1.1224340490485430E-004
   1.3670644467629275E-004
   1.0311477423411068E-004
   8.4272628487529471E-005
   1.2155617283348893E-004
   1.3282625001760122E-004
   7.5708808175179625E-005
   9.1081285443118121E-005
   8.1480910584039973E-005
   1.0588067448706988E-004
   8.5980138477638658E-005
   5.3941783581238961E-005
   6.3280135945254678E-005
   1.0403565775096221E-004
   9.4199515604521586E-005
   1.4546678068381790E-004
   8.3188208244868957E-005
   9.8743028710963443E-005
   1.3720308841981343E-004
   1.0120032825908547E-004
   5.6747522209441905E-005
   6.5675529354743007E-005
   8.8215607542066902E-005
   1.4818650109384995E-004
   1.0889162075152197E-004
   7.1000686445997244E-005
   9.4694822957252039E-005
   5.7966032394639522E-005
   7.8557852283110691E-005
   7.0481366667866051E-005
   7.2616215787531328E-005
   1.1272804523158512E-004
   9.4238295804786916E-005
   1.0184959606346960E-004
   1.3728875514950904E-004
   5.1629877963893098E-005
   6.3495794113511319E-005
   1.2800164355354673E-004
   1.3280861722868040E-004
   5.4915380746071639E-005
   7.4485020933884023E-005
   7.0189689261703487E-005
   1.1519465299134219E-004
   1.3901822231936989E-004
   5.9206070029528409E-005
   1.3635797200140084E-004
   9.1805785040047704E-005
   1.2169040108178272E-004
   1.5262526261756868E-004
   9.0003641815160655E-005
   5.4760979148313764E-005
   9.5972395066360535E-005
   7.2242697923019606E-005
   6.3298194834226717E-005
   9.1531060214534654E-005
   9.7146891273410308E-005
   9.9602070572880357E-005
   8.0275540654871716E-005
   6.4813541611587574E-005
   8.0472096152363074E-005
   6.4338591914273299E-005
   8.5131612971950252E-005
   6.7024677619777537E-005
   9.7916309219576420E-005
   7.8343788746777722E-005
   8.1626717736217391E-005
   4.9217900455274390E-005
   8.9691938720099759E-005
   9.0065459334681469E-005
   8.1685071654049056E-005
   7.0973349521274282E-005
   1.0216251287247438E-004
   1.6282557746761321E-004
   1.1246499700855850E-004
   7.6454670150117186E-005
   6.7652692136632644E-005
   8.7313594703103503E-005
   1.0361936353040687E-004
   1.1439665313727162E-004
   9.9518306945121736E-005
   8.6253907710817388E-005
   1.3480634360723239E-004
   6.3812459255827058E-005
   1.6873691286369285E-004
   6.0811712393187529E-005
   1.4764959260387791E-004
   1.0709401747569384E-004
   7.5524499457034816E-005
   8.1266133942956909E-005
   7.8721662487448696E-005
   9.9005873453363245E-005
   8.1057780504927257E-005
   8.2680236254217132E-005
   1.4112123345754769E-004
   2.1619998164988622E-004
   1.1452138225094349E-004
   7.7941246366069233E-005
   1.0009900704585376E-004
   9.3774580452415395E-005
   7.7425848885448708E-005
   8.5611614346132455E-005
   6.8851869314234742E-005
   8.3673880929473706E-005
   6.5200927133507634E-005
   1.0419316307155596E-004
   1.1998337337520504E-004
   1.0582410164401841E-004
   5.2945834780954427E-005
   6.0075297005509254E-005
   7.2117931518211919E-005
   7.5240591241642319E-005
   7.6238785177095201E-005
   1.1025872371254855E-004
   6.9023008025239307E-005
   7.2377525364453101E-005
   9.6467873415599742E-005
   9.2269504268368212E-005
   1.1901153389321888E-004
   1.0329123339224010E-004
   6.7577579225744049E-005
   1.4167366477479523E-004
   7.8662067903227244E-005
   6.0190189061887949E-005
   6.1478941947795977E-005
   1.2235451902785244E-004
   5.6556831713027759E-005
   8.2105128805935252E-005
   8.0710584449948159E-005
   5.4175898715103634E-005
   7.9579216141186537E-005
   9.2957120148912152E-005
   9.8692402013064978E-005
   1.0657979184253730E-004
   5.3148981841687089E-005
   9.5074953265869675E-005
   8.6919299400056355E-005
   1.9773196926447734E-004
   9.2484418186935863E-005
   7.6873690593569195E-005
   6.9639174583557424E-005
   8.5021205050810381E-005
   1.2555257697264294E-004
   1.2838588482054258E-004
   1.2123667704899241E-004
   8.9678713062944334E-005
   1.2343466015681209E-004
   1.4806613234716399E-004
   1.3813041158864463E-004
   8.3249004221866917E-005
   7.7824113408771041E-005
   5.9943424561575287E-005
   8.6902039611068090E-005
   7.7089786065428874E-005
   7.9024076936649347E-005
   9.7826819679117748E-005
   6.6516301227875947E-005
   9.9687406925912884E-005
   1.1144963144610966E-004
   1.5090128646853601E-004
   9.1449472855364224E-005
   1.1671754460204276E-004
   8.6908729945993178E-005
   6.6646270285958530E-005
   1.1650713838241145E-004
   5.8852130058751263E-005
   4.8197249220908165E-005
   8.7359966791369321E-005
   1.0484426340778552E-004
   8.9678473470147682E-005
   1.2795476365988227E-004
   6.4251344654927799E-005
   6.4650948560229454E-005
   6.6613920846191095E-005
   5.2396592533095260E-005
   1.1083249619933188E-004
   1.0556202035522456E-004
   1.5818657272387347E-004
   6.4528905911349777E-005
   4.4277353519906453E-005
   1.0965331583528757E-004
   5.6500767815378326E-005
   7.5542636339326626E-005
   7.0563337801369635E-005
   8.4176935094718700E-005
   7.7031344965324008E-005
   7.3714716944557100E-005
   6.2043028605494711E-005
   1.0690945812773027E-004
   6.6823717002437383E-005
   7.3648999782809909E-005
   1.4701194585624582E-004
   7.6797892145807090E-005
   7.8086315864558844E-005
   7.4350839128569396E-005
   9.8210300175678351E-005
   6.3450303692121429E-005
   9.7914809643870419E-005
   1.5628147137448700E-004
   8.7510846246683779E-005
   6.7860946516356874E-005
   7.0858782205801451E-005
   1.2166716845733773E-004
   5.4556217471951679E-005
   6.0962502936428164E-005
   5.9157106219685279E-005
   1.1426926412818613E-004
   7.6780933962233283E-005
   7.8339166488544884E-005
   7.3085745987463787E-005
   9.1442646317642048E-005
   6.5547910213740033E-005
   2.3327421504305701E-004
   1.0353973000235318E-004
   1.2219521035783130E-004
   7.4015629534513429E-005
   1.0284812124614713E-004
   6.6318917762018249E-005
   7.1931269730271511E-005
   7.5659508965380748E-005
   1.3682727221334378E-004
   1.2248990679187592E-004
   5.7246582209216439E-005
   1.0410967074543303E-004
   7.2187887434423586E-005
   1.0894407594308866E-004
   9.4345979826904067E-005
   6.8303881635722110E-005
   5.4093029239741127E-005
   1.2431609608515534E-004
   8.5768602994482209E-005
   7.6343616266010808E-005
   1.0096583598331860E-004
   1.1338283327926347E-004
   9.2486295414213120E-005
   1.3584283090004918E-004
   5.6741474582138654E-005
   7.6012774947529843E-005
   1.4651366531231774E-004
   7.1464219129361892E-005
   1.5653063786073989E-004
   1.1627168262798033E-004
   5.9844454899584274E-005
   5.3002782012791361E-005
   1.1995159527133478E-004
   1.0307596649575880E-004
   7.4097364586512733E-005
   6.1910613125243280E-005
   6.4597340207917547E-005
   6.3727591808181015E-005
   1.3593922022233016E-004
   7.1805249763610098E-005
   8.5674543152551466E-005
   8.1833110983445186E-005
   7.5602833938833718E-005
   6.0958205367447286E-005
   6.9185240613571042E-005
   9.1840577490373787E-005
   8.8955287484731487E-005
   1.2925866111543132E-004
   2.0353469867835007E-004
   5.8504478823444735E-005
   6.4929335525765782E-005
   7.9989489315491415E-005
   1.0220630048785026E-004
   1.4525868454490020E-004
   9.8702859250919688E-005
   1.0373660066815483E-004
   5.6962868090277390E-005
   6.7347016672071632E-005
   5.8280460850876311E-005
   1.3023991823217268E-004
   9.1309090971980304E-005
   9.5369716673451502E-005
   5.2091639159561310E-005
   6.9366241837408849E-005
   6.0261790284783108E-005
   1.2311842741236003E-004
   8.3930584485180962E-005
   8.8494559481904324E-005
   1.2269018568102154E-004
   1.0763601390471395E-004
   8.1068302455757370E-005
   1.3772047606971059E-004
   6.9259727749545937E-005
   1.4670763074204897E-004
   9.3150284311666265E-005
   5.1416597323934656E-005
   7.3410153315553223E-005
   8.0014843844234787E-005
   6.7146196848797486E-005
   9.3895461184719518E-005
   9.2925655787700262E-005
   9.2233470198365794E-005
   7.4559980048197790E-005
   8.6269202412084364E-005
   9.9633572340885487E-005
   1.0715869938511367E-004
   9.1754952271865165E-005
   9.5599550855375017E-005
   9.0167557984402029E-005
   1.5938372757684694E-004
   7.3063290007023646E-005
   7.6997461624921741E-005
   7.7856789719464472E-005
   1.4198213123882674E-004
   1.2459854404188353E-004
   1.2336374761564187E-004
   1.2721092239774547E-004
   9.0850560738183682E-005
   1.0571620208146312E-004
   8.4606147078428764E-005
   1.0210776360662557E-004
   7.4718001942126661E-005
   5.1959075178749139E-005
   8.0235164015794510E-005
   1.0829361434953366E-004
   5.4954532840297400E-005
   5.3795386511297871E-005
   1.0721636603762439E-004
   8.2443793386705912E-005
   4.4692500746422726E-005
   7.1485440406674356E-005
   1.0385137134407367E-004
   9.7061335457076747E-005
   6.8369951233621421E-005
   6.5280260384135028E-005
   1.7488293071713629E-004
   8.7540919824879762E-005
   1.1628831020393876E-004
   6.9344902512558399E-005
   5.3539136265673275E-005
   7.3081038042420614E-005
   8.2390594251853972E-005
   7.9221952229262556E-005
   1.0292822227812757E-004
   6.6308287439441880E-005
   6.8517132321747019E-005
   7.5155245471927434E-005
   1.0910869478510612E-004
   7.0542149804566582E-005
   8.8007191801374682E-005
   8.6295066045813431E-005
   7.5250891611600035E-005
   1.0479773406137059E-004
   6.7062992643177497E-005
   6.4356677968500843E-005
   8.4715177011068609E-005
   1.0466856024967855E-004
   6.4465545271108525E-005
   7.3305923909296471E-005
   6.9349376983643605E-005
   7.8902372488049083E-005
   9.0606606880927679E-005
   8.0385733388575330E-005
   6.1928465186398185E-005
   5.3002985642097520E-005
   4.2009209405130575E-005
   8.5946301904952284E-005
   6.6928399666382692E-005
   1.3789466810193386E-004
   1.0371313457406123E-004
   9.3511318661117113E-005
   7.8773861796345128E-005
   1.2122390612110598E-004
   1.2655480068779807E-004
   9.1562914813296677E-005
   4.3864614670531425E-005
   8.6286386572947108E-005
   5.9250641109890569E-005
   7.1792020856872646E-005
   9.7463951974295372E-005
   1.0946386965453051E-004
   7.7194860190408791E-005
   1.3338289091844604E-004
   5.9074425434807314E-005
   1.1710755819398195E-004
   5.8586092102630147E-005
   6.0979355081389266E-005
   6.7489453945805672E-005
   8.0389515437746947E-005
   1.3204030500173100E-004
   9.4730741883795386E-005
   1.4487807958315241E-004
   7.5464778069588625E-005
   7.3975489035035959E-005
   8.1917665781019083E-005
   6.5029040249826953E-005
   8.0338835550721767E-005
   8.4127866997254808E-005
   8.2828032364999556E-005
   1.1302787845796128E-004
   8.3055861925150228E-005
   5.5507913456091334E-005
   8.6282546703493713E-005
   4.4058746104425235E-005
   6.0659503351547647E-005
   6.1415224362655754E-005
   1.1055679255639614E-004
   6.0978576716837512E-005
   1.4815178627071215E-004
   8.0620947240386874E-005
   8.6250764713370178E-005
   9.9507272343913624E-005
   8.0324398378693680E-005
   7.2858653680922691E-005
   7.0876229036145739E-005
   6.2923963763451593E-005
   1.4236906583375559E-004
   8.3778607365698340E-005
   1.8878019718876138E-004
   8.1023132980183492E-005
   6.8172260009788382E-005
   6.4794010528192050E-005
   5.4213856356369386E-005
   9.7989566124656228E-005
   1.0997170989975172E-004
   1.2818200316705859E-004
   1.1105109662056575E-004
   7.2876278973991042E-005
   6.7291600857105339E-005
   7.2912807613854952E-005
   1.6412917891341330E-004
   6.7824523327417012E-005
   5.7154141969717797E-005
   9.1323264194149393E-005
   8.0931073872801581E-005
   7.3700978289992678E-005
   7.6863704042596208E-005
   8.7571864580791148E-005
   8.2738964420606858E-005
   8.7872197746599208E-005
   1.0776079027132357E-004
   6.8713171977824889E-005
   7.1118546144859594E-005
   8.2952693535953426E-005
   1.0995476365695798E-004
   9.6331659788368170E-005
   1.0823419472276677E-004
   1.3515497622490548E-004
   7.6992181664908645E-005
   1.0339884116010533E-004
   7.1770816354693167E-005
   8.4646327663175593E-005
   6.8269278206479020E-005
   7.4518348607728832E-005
   8.9868002192481738E-005
   1.0471306136148001E-004
   6.8796759842824345E-005
   5.9834051214167249E-005
   9.8933968805304205E-005
   1.0487989578466473E-004
   1.0794500947491324E-004
   7.6909244346749978E-005
   9.1941281359007984E-005
   8.0091624141579148E-005
   9.8528475375491469E-005
   7.1004407571529193E-005
   9.8477090403697846E-005
   5.7526025755951873E-005
   1.2229434296455428E-004
   7.9637222826516797E-005
   6.3686933607606615E-005
   7.0527083057084211E-005
   8.5717962838203162E-005
   5.7728752096243174E-005
   7.0740507400710170E-005
   9.4176742234314267E-005
   8.2773435827072458E-005
   8.4248265209593040E-005
   6.4250590282125903E-005
   7.1880802074980715E-005
   9.6502780483880764E-005
   6.1826625545850105E-005
   8.1468791029645513E-005
   6.8460111691203614E-005
   6.6774264691918484E-005
   1.1189266210800460E-004
   1.1458744490033984E-004
   7.2866111713040135E-005
   9.9078032369696607E-005
   7.0410960153193604E-005
   7.0056043946280041E-005
   1.0658412274405943E-004
   9.3259039388411135E-005
   9.2541205400580083E-005
   6.5504731854262700E-005
   1.1189189724050050E-004
   7.2641331728001267E-005
   9.2086927018480871E-005
   8.7809887409869206E-005
   6.5772534247072803E-005
   8.8191550171138420E-005
   1.0054976331920125E-004
   5.7532660316388581E-005
   1.0889991857328821E-004
   7.9541372256703940E-005
   7.4827958520656774E-005
   7.9834796732871323E-005
   1.7537753380419879E-004
   7.9346804928229981E-005
   5.2749247675986876E-005
   9.3824389868644368E-005
   1.1743478267752631E-004
   8.0068582124014512E-005
   1.2448776556870950E-004
   1.1582111831938730E-004
   6.1770748682104824E-005
   6.5935545671550857E-005
   7.9744434809200717E-005
   5.6191277066852864E-005
   7.7263114947382594E-005
   8.9522778693411931E-005
   9.1253042397742112E-005
   1.4044851564779800E-004
   8.4348175517770388E-005
   1.0372914293833089E-004
   7.3922296495036871E-005
   8.9766064061591366E-005
   7.1708118719130445E-005
   7.1513742463161039E-005
   7.1906203008809415E-005
   9.2456054236412030E-005
   8.5752026747007226E-005
   1.1103280287537369E-004
   7.7508777418245451E-005
   1.2253462655842620E-004
   8.2944605400518031E-005
   6.3797985148154933E-005
   1.0555488920484181E-004
   1.0946808419790139E-004
   8.8704566495520330E-005
   7.0947232489702766E-005
   7.9619702094002549E-005
   8.2249978296459756E-005
   1.0443570934331530E-004
   1.0676290044076885E-004
   1.0567370319401253E-004
   5.5631884388529630E-005
   8.4963302183536175E-005
   7.7402216054517554E-005
   1.1464627324237392E-004
   8.9466202211753960E-005
   1.2941142221425597E-004
   7.8702344260815201E-005
   1.1438404017963513E-004
   8.9264996089962037E-005
   6.2853724402334236E-005
   8.7818080176216366E-005
   1.4182365286191155E-004
   1.1880823119238307E-004
   8.1859528475063735E-005
   1.0061430783538112E-004
   5.3125930811759522E-005
   7.9758087799444558E-005
   6.3930034606627710E-005
   5.5409097533875376E-005
   7.3458725255947448E-005
   1.3912076549846630E-004
   1.0539322670137309E-004
   8.1727786682448268E-005
   1.3630690046133681E-004
   6.2663778903517090E-005
   5.6994853621300954E-005
   8.3826347178775210E-005
   6.3225187067513476E-005
   1.0455537491112509E-004
   9.2151923291780100E-005
   6.8492190862151788E-005
   1.3671480743005158E-004
   6.6402740867630176E-005
   8.6486061138578736E-005
   7.0007196131432935E-005
   5.6152997532079834E-005
   6.6187556144913754E-005
   1.4140295032163779E-004
   1.3159796073955430E-004
   9.1947515317057993E-005
   9.4994861576325616E-005
   8.9235009971090030E-005
   5.2252283835676663E-005
   9.9490318066840862E-005
   1.1558434324668857E-004
   8.1040745651191694E-005
   1.3653912368388646E-004
   1.0756367701935613E-004
   7.8042470567517673E-005
   7.5137611627161335E-005
   7.7126529546982510E-005
   1.6233699162306191E-004
   5.6109847253571142E-005
   1.1728198615543848E-004
   1.0017762645953903E-004
   9.3068188199926981E-005
   6.5734447695070162E-005
   6.1436694427848015E-005
   9.9264120101935359E-005
   1.2260565478264639E-004
   1.3684393757240127E-004
   6.1122409439572648E-005
   9.4980871793948028E-005
   8.1218859740056051E-005
   1.0776989958952764E-004
   7.2232343448110781E-005
   8.7863378931566798E-005
   7.7281915754042916E-005
   1.1085559684111747E-004
   1.2452088128706202E-004
   5.7143646814365108E-005
   8.4948670493502666E-005
   1.1966189012207908E-004
   7.2214421647909848E-005
   8.0501576048780705E-005
   9.4160082488366608E-005
   8.0055140474059514E-005
   8.8434252848343012E-005
   6.0520873347008952E-005
   1.0520464641057294E-004
   1.1445325274127018E-004
   8.4425761793014851E-005
   8.8616653813422707E-005
   6.9190497369068450E-005
   1.0382767738156945E-004
   8.6576072218354566E-005
   6.4743850292672182E-005
   7.7116577008189829E-005
   1.0060503837674634E-004
   8.4730138677819157E-005
   8.9351960714054851E-005
   7.9170231714514752E-005
   7.3746494914084305E-005
   1.9012333706556640E-004
   6.8373989122927503E-005
   6.8910433016263717E-005
   6.9434464338898752E-005
   6.4122809684419765E-005
   1.2686467463495144E-004
   1.4598878961330288E-004
   6.3243626333545715E-005
   6.2250902079473384E-005
   8.4312369020292651E-005
   8.7064111941290756E-005
   5.4743441306981403E-005
   1.1393980343467856E-004
   7.2399626059034078E-005
   5.5216571994954380E-005
   8.1689724431098832E-005
   8.9139332266841850E-005
   1.8375160384456450E-004
   7.6858441129833713E-005
   6.1579325617402251E-005
   1.8009615602715623E-004
   7.5002082275601030E-005
   1.4162824701195601E-004
   4.7592881868924193E-005
   9.6279064432152733E-005
   7.9122660052286420E-005
   8.9131654854642745E-005
   1.0358298931539711E-004
   6.0442840790177378E-005
   9.1739333670030852E-005
   9.1433219478028569E-005
   8.8880434821483252E-005
   8.0958278741174070E-005
   6.0277191161533508E-005
   4.5682749801207939E-005
   8.7495234276870230E-005
   9.6219648091868185E-005
   9.2243056594411792E-005
   6.5765845177119674E-005
   1.2501375188072694E-004
   6.7125242299759147E-005
   7.9366177755922055E-005
   7.7212435005098951E-005
   7.1410589562791919E-005
   1.0165284244883619E-004
   7.6978826676252525E-005
   1.1062681396663728E-004
   7.9771920391237433E-005
   7.1449247821164455E-005
   1.3372421021939866E-004
   8.9855769636636119E-005
   6.1018915839093132E-005
   1.0732694313655947E-004
   1.1771090313694617E-004
   7.9478419906381300E-005
   8.7589260460150319E-005
   9.1119577826564719E-005
   5.7507466002725005E-005
   7.5240785284660545E-005
   6.8032362415022744E-005
   7.4445210779474139E-005
   6.4974175669341221E-005
   7.0414317167854352E-005
   1.0937114488981573E-004
   7.3578113416062558E-005
   1.3433231656937572E-004
   5.4843132879956336E-005
   1.1883314724410655E-004
   6.8331062565081202E-005
   5.2308859435656845E-005
   8.3788330842843604E-005
   1.2996806683943595E-004
   1.1188811692365339E-004
   7.4089181766029069E-005
   5.5433919726443140E-005
   6.0612264236137997E-005
   4.5367599226288700E-005
   1.7133839787849195E-004
   8.7701481408400197E-005
   7.8111752601158488E-005
   1.0352237771621549E-004
   7.6946929300928966E-005
   1.0252049781660235E-004
   5.9272737663972052E-005
   7.0831335401297041E-005
   6.9175494066054020E-005
   9.7933088747176219E-005
   1.0944278749619870E-004
   8.4898385823829658E-005
   8.6668679376551737E-005
   1.0920351889704032E-004
   1.3489429399268264E-004
   7.1912747343183200E-005
   5.1453306624897012E-005
   6.8883925493799894E-005
   8.0215073880291076E-005
   4.7982115823589058E-005
   5.2390320797667325E-005
   8.7148768068242674E-005
   6.3046921537889732E-005
   8.8416208377424204E-005
   6.7516113830966485E-005
   7.1901542460951485E-005
   6.9066814060792333E-005
   7.6567685706543603E-005
   9.3986204903162001E-005
   1.4786153166083176E-004
   6.6875615534899946E-005
   1.0489119622824339E-004
   6.7986702937409665E-005
   7.2844665976054735E-005
   8.3544226441391027E-005
   1.0332002748617171E-004
   7.9496715684506761E-005
   6.2682799026580463E-005
   1.2203772472265467E-004
   6.8574837296993550E-005
   1.3008011444316328E-004
   1.4318184026912201E-004
   6.3713424472447010E-005
   8.7025951492298797E-005
   4.5155358202995061E-005
   6.6915298042973797E-005
   7.7342834385432037E-005
   6.6199302320980283E-005
   5.7375961921590970E-005
   9.7814208343487952E-005
   1.2990223259688648E-004
   7.6068172261200100E-005
   1.3321382445522807E-004
   6.6697490825395954E-005
   7.0641923858036110E-005
   8.6078445849417943E-005
   6.3620805767441354E-005
   7.5548169853036247E-005
   9.0995550027572769E-005
   8.5788368894600955E-005
   9.8165181866613694E-005
   1.2498981608019828E-004
   5.9254337628737358E-005
   1.2140798559346747E-004
   7.3123439017540824E-005
   8.9367565914417378E-005
   7.0240939466242449E-005
   1.2507981261743751E-004
   6.6459220301509303E-005
   6.9807466471668385E-005
   7.6124913133427709E-005
   6.4070392473335422E-005
   1.2475997559110882E-004
   8.2237647597636898E-005
   6.9996751641194339E-005
   8.4756120575977642E-005
   7.3828005890674679E-005
   5.7421886201851294E-005
   7.1862446910845798E-005
   8.7901453213496013E-005
   9.8566466089079432E-005
   6.2403162908685218E-005
   6.3657464707610856E-005
   9.6762957509747752E-005
   7.6678464473460886E-005
   1.4229038490726431E-004
   7.2645646037693983E-005
   1.4286112043479185E-004
   1.4335145556284548E-004
   1.0902893731762652E-004
   8.9666603179084837E-005
   1.0156399467120875E-004
   6.4246709397544960E-005
   9.5475968200657929E-005
   1.0208290218398747E-004
   1.2311973002281429E-004
   1.3104114285534635E-004
   7.4558736415892743E-005
   1.1234661990490236E-004
   6.4998478629506854E-005
   6.7825186069702732E-005
   9.3771391344437603E-005
   1.2558277410271469E-004
   5.9389243300549321E-005
   1.3791544495941118E-004
   7.9164690527363903E-005
   1.0329941370356471E-004
   1.0660185386096475E-004
   1.0844974886377548E-004
   6.4902514881391222E-005
   6.2226393767886485E-005
   7.7753429861300281E-005
   8.3036178083455543E-005
   7.3410306447452921E-005
   9.9936058973037486E-005
   9.0058175353920672E-005
   8.8177548941521423E-005
   8.1759607537846665E-005
   5.5615271236112057E-005
   7.6058470032025599E-005
   6.1966282895038391E-005
   6.6964563500413206E-005
   8.7119629849662461E-005
   1.3281753528602427E-004
   6.1982568701865172E-005
   6.2801659672365436E-005
   1.1955429395489078E-004
   1.0198117264370414E-004
   9.5241784207393269E-005
   1.0003677642692547E-004
   1.1742867246384973E-004
   1.0357148383170605E-004
   8.7172458258703497E-005
   6.3706319805695899E-005
   8.3075994075942859E-005
   8.7598096917121149E-005
   8.3703973519249923E-005
   7.1943788937000106E-005
   7.6792178376565627E-005
   1.0665022377782716E-004
   9.5560476235027027E-005
   6.1139712632508016E-005
   1.1053178539663755E-004
   8.9321261172701597E-005
   9.7988537756153339E-005
   6.1715602834932717E-005
   4.9659153160235498E-005
   9.1734377735756004E-005
   6.8568601964300141E-005
   8.7607827994186482E-005
   8.0578596023602706E-005
   7.1965139818251669E-005
   9.6223343602945037E-005
   7.6817652234926950E-005
   7.9373091769793913E-005
   8.0555930333111849E-005
   7.0934785134269443E-005
   7.6829612534567426E-005
   1.0802308770831037E-004
   6.0265021911429275E-005
   7.4665809087598789E-005
   6.1376801105759911E-005
   7.9224760921579217E-005
   9.3433342859748118E-005
   6.6980414732094938E-005
   8.5933688529202639E-005
   5.7229702103714025E-005
   1.4033811304035688E-004
   7.1108122450302730E-005
   5.9353341851371584E-005
   7.7195446769183384E-005
   6.2452165065804969E-005
   1.0017295642074340E-004
   1.1294633584229714E-004
   9.2656992974597351E-005
   2.3401057532157588E-004
   8.2837863589654275E-005
   5.9620432267321467E-005
   8.0242816217699611E-005
   9.2153833339296274E-005
   5.4762391742799958E-005
   1.1702410877574755E-004
   8.8950276166691980E-005
   7.0645226026806929E-005
   8.5966734054106192E-005
   8.4092544877023513E-005
   1.2271645077317016E-004
   5.8941563718967695E-005
   9.6572115498920374E-005
   6.4319241632002227E-005
   7.2561800758454660E-005
   5.3787707148097652E-005
   6.5525201902105908E-005
   8.1939797968333069E-005
   4.7747600183124339E-005
   4.9865563271097067E-005
   6.8276101111981792E-005
   6.0082301801281820E-005
   5.7653362547503661E-005
   7.1605243342046345E-005
