   7.0467950650169887E-005
   9.4900481348991281E-005
   7.9747746976244105E-005
   7.2177631136397603E-005
   1.0522587426708959E-004
   7.6062485570190587E-005
   9.8031433444863887E-005
   8.4007757776708485E-005
   7.5367258971128584E-005
   7.2506686898892312E-005
   8.6096804126487914E-005
   8.8105116807180394E-005
   6.5249787952280461E-005
   6.3999858147715318E-005
   7.0142312468723808E-005
   8.0291788009138432E-005
   1.0206308199783969E-004
   6.1550578746716748E-005
   6.8205894793097488E-005
   1.5040520497011352E-004
   1.1436346371210168E-004
   8.0600622609231526E-005
   7.5156900998854854E-005
   5.8956237776996419E-005
   5.5041457534536534E-005
   8.4285277867657483E-005
   9.3390406003180157E-005
   6.9612530557597270E-005
   6.1570113620263326E-005
   1.1677415621252424E-004
   1.2675389411917473E-004
   1.2246058157051510E-004
   6.0862083781765916E-005
   6.5541824972626035E-005
   8.9346558099909923E-005
   8.0761277097148878E-005
   8.9245834626861429E-005
   5.9171741008263206E-005
   8.6134891176079261E-005
   6.8761364916255472E-005
   6.5744600771931388E-005
   8.5271150542951400E-005
   1.3842566945336844E-004
   9.6601799157246528E-005
   9.6876083989734301E-005
   9.8732652975148388E-005
   1.3682562514381842E-004
   9.1146390448196247E-005
   1.3076273489820718E-004
   9.5161524462434289E-005
   9.9661661632711258E-005
   8.0732258263664576E-005
   7.1133870165703502E-005
   6.9487414227814559E-005
   5.6471903153536796E-005
   1.1572286056613707E-004
   7.8777364158221327E-005
   6.5799143993352179E-005
   9.0265583821959842E-005
   1.2857747373241058E-004
   7.7260689383902356E-005
   1.3181945447020125E-004
   6.6440446542485166E-005
   8.0010494174301335E-005
   8.0178217645500882E-005
   9.4269652317242528E-005
   8.4901801313528748E-005
   7.1434060829952967E-005
   5.3000115189283717E-005
   4.9824164945664165E-005
   1.2005500122911141E-004
   8.1852880904951700E-005
   5.1861414311254070E-005
   9.7375132053680364E-005
   5.8991427956639911E-005
   8.4061298330546810E-005
   9.6925323352862387E-005
   9.4729161794530065E-005
   8.4623541102293756E-005
   1.1438074419930236E-004
   1.0442520214468331E-004
   9.4136803976010286E-005
   1.0267763053353293E-004
   5.7478048218836212E-005
   1.2061287906520849E-004
   6.7202350779784625E-005
   9.3047498842180730E-005
   8.9262777104250917E-005
   1.0077078123038785E-004
   7.8571161130366161E-005
   1.0134654938244206E-004
   1.0870488448011387E-004
   1.1062516868697699E-004
   9.8907077756688099E-005
   7.9562704473528918E-005
   8.8113880103373509E-005
   1.0431846747959503E-004
   7.1600486237949893E-005
   7.7540118661841413E-005
   7.2839284813878779E-005
   7.4656714550373486E-005
   9.8472804584762979E-005
   9.0324512625383004E-005
   6.9467462847087023E-005
   1.0448173362574187E-004
   4.8514305917547706E-005
   8.0921949182463957E-005
   2.0729458505581031E-004
   6.5074176468158656E-005
   6.6941402261104941E-005
   9.5360627882755563E-005
   1.0540514155066650E-004
   8.3727277775345592E-005
   8.8537486873501703E-005
   6.4516542874168623E-005
   5.8526743347673178E-005
   9.7243158876176908E-005
   6.3112276370347467E-005
   2.5831663677603427E-004
   8.0010858354108143E-005
   1.2070169897728395E-004
   5.1531976323984114E-005
   9.2471354793814394E-005
   1.0684998126815813E-004
   6.6403653915459319E-005
   1.2823053606482817E-004
   8.9334786387877880E-005
   6.9033929180578631E-005
   1.3116370740577898E-004
   7.2187707199334214E-005
   7.9970235279024516E-005
   6.4296377798748837E-005
   7.5318666900968652E-005
   7.7369216011531766E-005
   1.0396959879190187E-004
   4.5320976365464186E-005
   7.4517335799922718E-005
   6.2496131662763109E-005
   9.5080162262108404E-005
   6.9399312980139531E-005
   6.9517080675666457E-005
   8.0840154955644716E-005
   9.1102000142726728E-005
   1.0392668973664911E-004
   1.4662781988181208E-004
   8.9151875704029745E-005
   5.8405471708327612E-005
   8.3581314982736913E-005
   1.3943820852510279E-004
   8.6261715116930874E-005
   6.7899308603262934E-005
   7.8074958058946465E-005
   7.8727078510251313E-005
   1.2502676256638534E-004
   6.1329945993296469E-005
   1.1270995258279337E-004
   8.4305743014433007E-005
   7.3258057715616868E-005
   1.0215259314041071E-004
   2.0757718226970280E-004
   7.4350758805503760E-005
   7.4998121143117621E-005
   6.2006652470697644E-005
   8.5522143154944833E-005
   6.3370161345651125E-005
   7.0457105539589417E-005
   7.1642412860096076E-005
   8.2302790588536463E-005
   1.1527205273333670E-004
   8.4456382659005102E-005
   1.0734307709363155E-004
   1.0089726917372117E-004
   6.6676716771612180E-005
   1.5749768606378360E-004
   6.4514298694436670E-005
   7.0142623091763902E-005
   7.5295261524342631E-005
   1.0216078335312514E-004
   7.9382281570438874E-005
   8.3266869071460737E-005
   1.1461697127071484E-004
   9.4709311153708638E-005
   6.8907254935277989E-005
   5.2629055582552409E-005
   8.1788558501082455E-005
   1.1124706139747512E-004
   8.1102233824879594E-005
   9.2747841035791369E-005
   8.7388578340894107E-005
   6.5289880609544003E-005
   4.7643714346139130E-005
   7.8910294859722916E-005
   9.8714045540486967E-005
   1.3198590053736394E-004
   6.0824344031260469E-005
   7.7952549025490220E-005
   1.0927229977729256E-004
   8.9981480836401719E-005
   8.3377571185385392E-005
   8.7857679396085135E-005
   8.9201468506114399E-005
   9.9460576939340499E-005
   7.3109753493594187E-005
   7.6875586422869261E-005
   8.7273666644625844E-005
   1.2049287387754701E-004
   6.3470686301109205E-005
   7.4019303450385503E-005
   8.0555068691535103E-005
   1.2989572907082659E-004
   8.4713596316111954E-005
   8.9891817184555373E-005
   1.3030478151839563E-004
   6.3205282264442629E-005
   9.0377228452693875E-005
   1.3272808334640634E-004
   8.1966211095522052E-005
   9.3011834877977482E-005
   6.6511870964163923E-005
   8.4770121820248025E-005
   6.9759448591204446E-005
   6.5390823728813332E-005
   7.4403539507486360E-005
   7.4022680849046145E-005
   7.0129026611648017E-005
   8.2948569307278152E-005
   1.0953597044000028E-004
   1.0733530154281486E-004
   1.2391718307376063E-004
   8.6954881703123294E-005
   1.2070454538266709E-004
   9.6771717313910783E-005
   8.7123768700244340E-005
   4.9697027843150632E-005
   5.1295343271642214E-005
   5.4861962497261710E-005
   5.5997407574636699E-005
   6.8440997352777014E-005
   1.1241229057401146E-004
   7.4433058377802277E-005
   7.6059137522598233E-005
   9.4404783392029631E-005
   4.9765928134046339E-005
   1.1472116011593073E-004
   7.4783773968315373E-005
   1.1162670381320240E-004
   5.5754269999498686E-005
   7.9410094649503147E-005
   7.8603097284234467E-005
   9.0134706724178407E-005
   7.2272824255990219E-005
   7.9460639065068484E-005
   9.4646109615516847E-005
   1.2177944603954882E-004
   8.3014055468117704E-005
   1.0820082945333493E-004
   7.7406743154451372E-005
   7.1912163011677235E-005
   5.1171626693804261E-005
   8.3206308384462974E-005
   1.0631063186185408E-004
   8.6272139461824064E-005
   8.2587727435938472E-005
   1.1810901945408760E-004
   1.2095509301590265E-004
   7.8908115387950209E-005
   8.8256956681339376E-005
   1.2374793115458162E-004
   7.0994005076522907E-005
   9.4779007566008944E-005
   7.4645253170504933E-005
   8.0503482127214045E-005
   1.6068519892181054E-004
   8.0093595264019615E-005
   5.0029334937818493E-005
   6.9836772971820286E-005
   7.0832312538728298E-005
   1.0158946455907768E-004
   1.0123361521182392E-004
   8.4844518806462583E-005
   1.4117087022499109E-004
   6.7346649724434548E-005
   9.5577754938059274E-005
   7.6667485845991561E-005
   8.6602456357731452E-005
   9.4452599473664376E-005
   6.9660820131258757E-005
   7.8045565107479246E-005
   9.5445624933487763E-005
   6.7620160318688846E-005
   7.0029358239438971E-005
   5.6594209254506376E-005
   7.4435188168857911E-005
   1.0033247301266535E-004
   6.8946411199808145E-005
   8.2389721567312872E-005
   6.5159899773428783E-005
   7.0276251131271895E-005
   8.1611481901895587E-005
   9.5445698942634894E-005
   6.0518541695796270E-005
   6.8399981084228621E-005
   8.4074451440971690E-005
   8.8055305805076963E-005
   1.0527605953053427E-004
   9.0201879672577916E-005
   1.1597593632026598E-004
   1.0162159251798496E-004
   8.5345044107693453E-005
   1.3690470841809586E-004
   7.8095794817711176E-005
   1.0220028515759496E-004
   1.0414415879986852E-004
   1.2356709452868682E-004
   8.6762601363988263E-005
   1.0316755794847666E-004
   9.1635495316177491E-005
   6.6680252236850607E-005
   8.9746770401631423E-005
   8.0487594567049786E-005
   9.3237645495077489E-005
   1.1704628751070320E-004
   5.0280607408277626E-005
   1.0304266998157546E-004
   8.7711178529170140E-005
   1.3322222501622246E-004
   5.0597574597923722E-005
   5.9247402682459050E-005
   6.7582144659461240E-005
   6.9176117716343539E-005
   2.0412028538257927E-004
   7.1569987583020061E-005
   6.4078631532736525E-005
   8.2484017076617089E-005
   1.2221426216760224E-004
   2.1922883747996932E-004
   1.1873869335368955E-004
   1.3186687046114074E-004
   7.7408276663662061E-005
   1.5038307621386665E-004
   6.7027348433848310E-005
   6.6078838565582207E-005
   7.4233928173027090E-005
   1.1262061620547200E-004
   1.7715637275787959E-004
   1.0308792500476880E-004
   9.9678616347045995E-005
   6.9581311240543941E-005
   9.2929443516098539E-005
   6.7416937196611935E-005
   6.6029287290118155E-005
   6.8236866344153468E-005
   8.7710896083028429E-005
   1.2402733895160189E-004
   9.2429907421460135E-005
   6.0811687940093608E-005
   1.0768545078111846E-004
   1.1257823365574154E-004
   1.1294055630141353E-004
   5.7763053313986176E-005
   5.2762720743708159E-005
   7.2377780156103797E-005
   6.4645001065879551E-005
   6.8173198044829260E-005
   9.6018634143847040E-005
   8.6639069224252234E-005
   9.9109518106658490E-005
   6.2771568505880988E-005
   5.5387751180006310E-005
   5.8082235370027773E-005
   7.9426282386231296E-005
   6.8237967338290135E-005
   8.8475345743888227E-005
   9.2079754003664908E-005
   1.1546826119573782E-004
   7.7749360741445048E-005
   8.7471099750017955E-005
   6.5709715356339991E-005
   6.7463710180589765E-005
   7.7538012541040758E-005
   9.0598489774525233E-005
   8.9705211176783060E-005
   7.4402409846175603E-005
   1.0713311496674356E-004
   6.2950832097174758E-005
   8.1949073959971798E-005
   1.1522477148288197E-004
   1.0623854416130432E-004
   9.4809954806728304E-005
   7.9798088544303289E-005
   6.4711016715966987E-005
   9.0087979401274958E-005
   1.2328442870471499E-004
   1.0267821125630789E-004
   1.5386667289130868E-004
   7.8890986770266340E-005
   1.2260169878054717E-004
   9.4502501741719269E-005
   1.1712430568506225E-004
   1.0199308263864428E-004
   8.7642339462680878E-005
   9.6130437216522972E-005
   1.0490259691274291E-004
   5.3927228363035859E-005
   6.7631115017175258E-005
   8.8118569011992674E-005
   1.0504243995377339E-004
   1.2063926486315736E-004
   6.8832208944250378E-005
   5.4351071186852164E-005
   5.8965152936620340E-005
   1.0719549648200390E-004
   1.0430143306613169E-004
   5.6155906717047866E-005
   9.5804478245715849E-005
   8.9857757776527498E-005
   7.9078696333333690E-005
   9.6750272706700382E-005
   9.4329443612216674E-005
   6.4497171319825841E-005
   7.0226342331439917E-005
   1.1955118280240774E-004
   7.7725966899329718E-005
   9.2008681239543093E-005
   8.7737262035254379E-005
   7.5694718108144425E-005
   1.3252349370212831E-004
   1.0010443171920132E-004
   1.0222005037500902E-004
   1.1395604787141052E-004
   8.0887892438831439E-005
   1.1396005346838323E-004
   8.5358962055164298E-005
   7.5439071399886309E-005
   9.2657301247011539E-005
   1.1876433952285372E-004
   9.8962066537546135E-005
   1.0237765148664123E-004
   1.6537228298585380E-004
   6.8013325009286764E-005
   7.0594933429806860E-005
   7.6505956161388496E-005
   1.6471623357533442E-004
   1.2123536005678163E-004
   7.3661517739189938E-005
   5.9954099828532013E-005
   1.3269784771975963E-004
   7.9249862738811747E-005
   9.2372571816185496E-005
   9.5537898506958618E-005
   9.1074603580501798E-005
   7.7749379560813962E-005
   8.1594517948767567E-005
   1.3509837786119326E-004
   1.0516719880438042E-004
   1.0134940683696698E-004
   6.4203299120111230E-005
   9.1561956762728912E-005
   1.0804369969083073E-004
   8.4653225492976400E-005
   4.7817270748330019E-005
   6.1880051919770889E-005
   7.0379346816580485E-005
   6.5052326267868638E-005
   1.0503192248853604E-004
   7.7034021977526320E-005
   6.0733296706878829E-005
   7.3539455784899652E-005
   4.9977182665232698E-005
   1.0869184948229761E-004
   7.3804679099792432E-005
   8.4778221972424566E-005
   5.4433260456651999E-005
   5.8238279048650778E-005
   7.3085185074557861E-005
   1.7293361028731627E-004
   9.9324797093069514E-005
   7.3862931094641104E-005
   1.3751613172751709E-004
   1.0340757137133224E-004
   9.5294173157248346E-005
   8.3537191066643325E-005
   8.8995369263045852E-005
   1.0360365401374213E-004
   9.7423855539539378E-005
   8.8045929643851227E-005
   1.1639568038707337E-004
   1.1145896437757701E-004
   8.8822956097407149E-005
   1.9643461995963105E-004
   1.0800326214720237E-004
   5.3260243877064236E-005
   1.0750654154891687E-004
   1.3393604765889010E-004
   9.0802403149075513E-005
   9.2370878890690177E-005
   9.3082118098019510E-005
   5.5681941428353410E-005
   1.0282279830584330E-004
   6.8983400243981065E-005
   1.1776326997644413E-004
   8.2595413390272403E-005
   1.0086788038668652E-004
   6.8599224173202962E-005
   8.2742283401529446E-005
   1.0774720802812578E-004
   8.7899767220734961E-005
   8.8064106173392048E-005
   7.2234352895833513E-005
   1.0818126587236279E-004
   7.2475758036683025E-005
   8.8505350535842046E-005
   1.1502475810927696E-004
   6.7842561464414409E-005
   5.4347477496448021E-005
   7.1343778726563564E-005
   1.2093022628897265E-004
   9.9238593108522325E-005
   8.7814808918445069E-005
   9.0971019778800919E-005
   8.0083492883793308E-005
   8.9311381217468318E-005
   5.8279776076122592E-005
   8.9930002879111528E-005
   7.9371917141530211E-005
   7.3432919220261606E-005
   1.0786105248668225E-004
   8.6434745114293351E-005
   1.1998689440236649E-004
   5.7140022091006337E-005
   8.7005441453341382E-005
   5.5706885656344830E-005
   6.8300713546213686E-005
   9.6361897290645507E-005
   7.1276856731649043E-005
   9.3148645335005211E-005
   7.3202013042412875E-005
   6.5338191917339676E-005
   9.3113201370079304E-005
   1.1875975182433997E-004
   1.1189202389899894E-004
   6.6271001201113851E-005
   1.3877507186663111E-004
   7.2398016595726252E-005
   5.8841987324506706E-005
   1.1370507296172183E-004
   1.0090509548932829E-004
   7.3713200682620739E-005
   1.7866607623115974E-004
   8.3888734402617462E-005
   1.1753671294518663E-004
   7.6275865171230445E-005
   9.8666037677573986E-005
   7.1768055035281353E-005
   8.9321513739108567E-005
   1.0002157585006412E-004
   6.4645223414258084E-005
   9.1370556316525006E-005
   9.2419041028590529E-005
   6.3697667739186180E-005
   1.3146573066272530E-004
   6.7663635852196192E-005
   1.0613405179702370E-004
   6.5134540846869708E-005
   6.1980875325616514E-005
   9.5514859310224737E-005
   5.4294162528234000E-005
   1.1905826812540220E-004
   7.8545872349581393E-005
   1.4557412116055876E-004
   8.0500558782452091E-005
   9.2390242697146818E-005
   1.4129384400545934E-004
   1.2603159831010169E-004
   8.1337518078116198E-005
   1.1817517047448899E-004
   6.2527125800904056E-005
   7.4647391114835335E-005
   9.6332516201386661E-005
   6.9760352351285094E-005
   9.3728933877450327E-005
   8.4507020038233167E-005
   8.4586624885772826E-005
   8.4489499654563828E-005
   9.1348844848889449E-005
   5.6460123706129777E-005
   1.0912128260475560E-004
   9.6329028236987447E-005
   9.1561337201428888E-005
   5.3994037186029082E-005
   6.2916151032717019E-005
   1.3321248243899786E-004
   7.3225942077300614E-005
   5.1202683023536718E-005
   6.3249989340821754E-005
   9.2114799454839276E-005
   6.2640136085249660E-005
   1.3444044796504653E-004
   8.6230589939633839E-005
   9.5657683395023862E-005
   6.8755060884859493E-005
   6.4193732107734381E-005
   4.5159444433527062E-005
   6.4708267626703924E-005
   5.9734357695171532E-005
   1.2699559314246502E-004
   7.5267435931347318E-005
   6.4035415067323061E-005
   1.4024901251531491E-004
   9.4751453186404231E-005
   5.8184975552311781E-005
   8.4022412568488870E-005
   9.1023692460574801E-005
   1.2331189818991665E-004
   8.8430144448575963E-005
   1.0734043183788984E-004
   8.0292869786537482E-005
   8.3115232842545544E-005
   7.1460531896567532E-005
   7.7632186287805458E-005
   9.2617290602990196E-005
   7.4577477405667368E-005
   7.1631233537457174E-005
   1.2727715107751892E-004
   8.9470603722801727E-005
   6.3665475820019556E-005
   8.3300485470723346E-005
   6.5130671396091021E-005
   8.9033377745027640E-005
   1.1835063211066279E-004
   1.0433723630230117E-004
   7.5709859921099093E-005
   9.8539903449842945E-005
   9.3918065342478340E-005
   8.8225414863829613E-005
   8.0474263184218927E-005
   7.7163648619659711E-005
   7.6865242264699787E-005
   7.0212920126676970E-005
   6.9391623200648327E-005
   1.1939009493044659E-004
   9.5793303627514037E-005
   6.9346746618589351E-005
   8.2055933090777590E-005
   9.3147148206663001E-005
   7.0055116728751806E-005
   1.1971229461365942E-004
   7.9547509852594134E-005
   6.0283187061299717E-005
   1.1548079512099761E-004
   8.6038278034473678E-005
   6.3836680080248630E-005
   6.4027288727580922E-005
   9.9448639042804582E-005
   9.2864599779729921E-005
   1.0301564351232138E-004
   8.5577711709728868E-005
   5.8315720344976410E-005
   5.6798780278718916E-005
   6.7840126659173846E-005
   6.1683070343820543E-005
   7.1178095585657718E-005
   8.2675310919758666E-005
   8.6509066247727987E-005
   1.0392015138286223E-004
   8.2561440626034558E-005
   8.7432720287865714E-005
   9.9202897027124743E-005
   9.3489204906769136E-005
   8.7012520805666930E-005
   1.1387949339294838E-004
   1.1489848903434020E-004
   5.8704665073698790E-005
   1.0768058836431461E-004
   1.0567782711460916E-004
   7.4497506226362209E-005
   8.6330627874367944E-005
   7.4177436369920455E-005
   8.0185409228725361E-005
   7.4182054803632405E-005
   1.7699891698286647E-004
   5.9543955660780365E-005
   4.5761004103595072E-005
   4.1835420699066419E-005
   8.5175935213597235E-005
   6.1761795287897095E-005
   8.4912064369766031E-005
   9.1566552440444583E-005
   6.0785272757336128E-005
   1.0545091899309548E-004
   1.1370244571718525E-004
   1.4743685135735484E-004
   5.3597133667906200E-005
   5.1636493649409299E-005
   7.5841295809271359E-005
   7.0669612729287851E-005
   7.3798503258303561E-005
   1.1414429337641516E-004
   1.3963192850021276E-004
   8.9352248660181876E-005
   6.1054256216726277E-005
   1.3260219711081809E-004
   6.9968273953934128E-005
   8.2750852853791446E-005
   9.9030895171928085E-005
   1.1403170561698652E-004
   6.2578140404330302E-005
   7.1111133828000199E-005
   1.2517287523010671E-004
   1.1756813402368989E-004
   8.3090676786054234E-005
   8.7174877892454074E-005
   7.0441028872415579E-005
   5.1239093718630799E-005
   7.5907755968789213E-005
   9.3702274550658932E-005
   7.2348051265626394E-005
   6.4423351012418001E-005
   7.7574445911808915E-005
   1.3243137047917923E-004
   6.7610873982104866E-005
   8.0509486461461267E-005
   1.7352164885875397E-004
   9.0485862846104907E-005
   7.8325554494408241E-005
   1.3279315321666470E-004
   9.2464643266871059E-005
   8.6995782617086605E-005
   8.4078253061331009E-005
   1.2162959075410379E-004
   6.4778572353551525E-005
   9.0326157116825818E-005
   8.9721545457959321E-005
   1.2283981028970864E-004
   1.0189208987835741E-004
   1.0482940934550649E-004
   7.7805422921534793E-005
   1.0432469721076334E-004
   8.3760151488667433E-005
   7.2553120841570347E-005
   9.1133723161260403E-005
   1.0799434696817555E-004
   6.5542470716772896E-005
   8.7908654301160289E-005
   6.5436259773088838E-005
   7.3082879219328218E-005
   6.2464076215485749E-005
   1.1289728914599592E-004
   1.3065234339356587E-004
   6.8148767073835778E-005
   1.3870563340096816E-004
   7.6015567783665905E-005
   1.5529677372896970E-004
   6.4725940119056565E-005
   8.1998270119807839E-005
   6.1123645579429058E-005
   7.4042140488249161E-005
   8.5949072159293392E-005
   1.1958878010367589E-004
   8.4009948385523883E-005
   6.9343077394452775E-005
   5.0212354524357204E-005
   7.3552078314291578E-005
   8.3333608798842823E-005
   1.7690448812234503E-004
   1.4077667832400472E-004
   8.1557652268304139E-005
   8.5089604949727273E-005
   7.1144980609454987E-005
   5.7519605634208673E-005
   8.2169933403470989E-005
   1.2781421474631450E-004
   1.1708356961197848E-004
   5.2362472023820954E-005
   1.3988112128580029E-004
   1.0449916778272844E-004
   1.6052410089597216E-004
   9.4207672259146396E-005
   7.0161786917313885E-005
   5.5732827634103809E-005
   7.2590440625814882E-005
   9.2934819284998582E-005
   7.0828737194514031E-005
   6.5526121226846970E-005
   1.4897117954698700E-004
   8.9800592808325541E-005
   5.9077341671328190E-005
   6.9423008728982397E-005
   1.0828813284430818E-004
   5.3523889735438465E-005
   7.7562685406064004E-005
   1.0761714560217934E-004
   7.2397536624455353E-005
   9.9396855342485691E-005
   9.1728152921807975E-005
   8.1777812492889049E-005
   1.2297837531782013E-004
   7.4410658017657710E-005
   7.9072719041788274E-005
   8.9550257386363194E-005
   7.8341829796698057E-005
   7.4435431022039703E-005
   7.3231517431347420E-005
   1.0824210718538365E-004
   8.8942221283235052E-005
   8.2339645111395603E-005
   8.8642096131267615E-005
   1.1002861762995602E-004
   1.0215863063550945E-004
   8.1214331852135993E-005
   1.0093423515627549E-004
   6.3736687057913466E-005
   8.4358339989171400E-005
   1.1454922172493380E-004
   1.3038138679990707E-004
   6.6120899100775653E-005
   9.3875276007775573E-005
   5.4189615787530538E-005
   7.4486695311438720E-005
   2.0160293287523217E-004
   9.8656375428643331E-005
   1.1105195297458880E-004
   1.4889332403667140E-004
   1.0458506065464303E-004
   8.9766419073180015E-005
   1.1988867765848377E-004
   1.3813441758743692E-004
   7.4444317397175227E-005
   8.9212826394513610E-005
   7.9756402766887835E-005
   1.0365798818345862E-004
   8.6491141933089761E-005
   5.4567377535132044E-005
   6.2374839157194209E-005
   1.0214551009605785E-004
   9.2540867955555645E-005
   1.4310063380574788E-004
   8.3153911579992624E-005
   1.0485085275872633E-004
   1.3538074652433418E-004
   1.0017957136822100E-004
   5.6081206918908989E-005
   6.4684794137095309E-005
   8.6622945160345292E-005
   1.4641978757506526E-004
   1.0665801196812913E-004
   7.0808911211128501E-005
   9.4202455231310768E-005
   5.8318702001701357E-005
   9.1399202285504980E-005
   7.0956239662421490E-005
   7.2183498864995750E-005
   1.1203855426306933E-004
   9.2927768260909872E-005
   1.0018916365112654E-004
   1.3560077804965106E-004
   5.1535603337182569E-005
   6.2199084947022024E-005
   1.2530564268364058E-004
   1.3077414241781350E-004
   5.4311393005584350E-005
   7.7456872120299289E-005
   6.9288762831452985E-005
   1.1292470886203812E-004
   1.3666625745964851E-004
   5.8639439117552032E-005
   1.3380872682163718E-004
   9.0156056384633706E-005
   1.1921480562281524E-004
   1.4971934236333672E-004
   8.8835757016182486E-005
   5.4632733203634181E-005
   1.0914246733068952E-004
   7.1226666179546299E-005
   8.4913614009394074E-005
   9.1820315298865750E-005
   9.5733274806258193E-005
   9.8993160135881476E-005
   7.9063038682378899E-005
   6.3753026639988376E-005
   8.0057655428574569E-005
   6.3728685670260272E-005
   8.3408412336746356E-005
   6.6012655716877989E-005
   9.7981425593944333E-005
   7.6915507403491786E-005
   8.0198536894644527E-005
   4.8621362983797690E-005
   9.4480218735067755E-005
   9.2134859460554506E-005
   8.2369355916790422E-005
   7.6778308130082040E-005
   1.0354308309930601E-004
   1.6252046328952139E-004
   1.1486085916722258E-004
   8.1370811370813284E-005
   6.9553185452124201E-005
   8.7243625363662457E-005
   1.0157991543961593E-004
   1.1246538490320352E-004
   9.7877692302063751E-005
   8.5053633913506350E-005
   1.3368188302267166E-004
   6.2679714247933070E-005
   1.6510905917978182E-004
   6.0944095670466190E-005
   1.4535975482931379E-004
   1.0524925964959201E-004
   7.5272128293054803E-005
   8.6372045706052840E-005
   7.7735662740378703E-005
   9.8920180486164271E-005
   7.9498010247769393E-005
   8.1496483582641074E-005
   1.5835139532605592E-004
   2.1162158153147768E-004
   1.1219070437950929E-004
   7.6538223991097241E-005
   9.8600426097544223E-005
   9.1978186538409088E-005
   7.7792488984346520E-005
   8.4196657753248601E-005
   6.7531785842193470E-005
   8.2219022073847287E-005
   6.3909642324477516E-005
   1.0298251127771299E-004
   1.2139065632018363E-004
   1.0404209332783436E-004
   5.2423538633669693E-005
   5.9099160788609882E-005
   7.2337180340043621E-005
   7.3866742016620403E-005
   7.4878130900154997E-005
   1.0809959772309720E-004
   6.7569420597889094E-005
   7.0849901144454534E-005
   9.4591339642478180E-005
   9.0437423236811322E-005
   1.1669936018738377E-004
   1.0114271990200750E-004
   6.6310519254505611E-005
   1.3969979377674051E-004
   8.0117592326980168E-005
   5.9506037930322710E-005
   6.0965417223183665E-005
   1.2009006899787135E-004
   5.5777444026827986E-005
   8.0825579787637537E-005
   8.0071484300084085E-005
   5.3978468840607231E-005
   7.8247760944406592E-005
   9.1806620713789743E-005
   9.8724390431249883E-005
   1.2127847430815108E-004
   5.3180244828051898E-005
   9.3229998822662340E-005
   8.5078901694694660E-005
   1.9348503942623118E-004
   9.1354824520308860E-005
   7.9588758744043517E-005
   6.8482211209209003E-005
   8.5186492611748140E-005
   1.2297010150076160E-004
   1.2575161328586541E-004
   1.1875698952162322E-004
   8.9485643532069743E-005
   1.2127378988273546E-004
   1.4526178539809865E-004
   1.3540811112211488E-004
   8.1542131164442114E-005
   7.8618133219096546E-005
   5.8996841382125568E-005
   8.5201747879308585E-005
   7.5481748805279967E-005
   7.7594353416799572E-005
   9.7803750792614194E-005
   6.5453223405780744E-005
   1.0965886448568925E-004
   1.0909660788113716E-004
   1.4831519373688905E-004
   8.9900811074938904E-005
   1.1428594225059720E-004
   8.5924394961519354E-005
   6.5896184466621361E-005
   1.1890318463375559E-004
   5.8078066729310576E-005
   4.7558112821741283E-005
   8.5914320823045286E-005
   1.0394812349291913E-004
   8.9983138962955857E-005
   1.2519774530582646E-004
   6.5525158879332590E-005
   6.4489566751945219E-005
   6.6015609864500898E-005
   5.1418556805841338E-005
   1.1011473809977579E-004
   1.0430836615715275E-004
   1.7607728346008159E-004
   6.5687307086508630E-005
   4.4064179093025414E-005
   1.0747309880465575E-004
   5.5475374133472121E-005
   7.4044693449221166E-005
   6.9739070102451639E-005
   8.2854795032385266E-005
   7.5688200122836581E-005
   7.2440453713213109E-005
   6.0923336676191543E-005
   1.1281463165115064E-004
   6.6610564192889145E-005
   7.3438836595867151E-005
   1.5070944816523711E-004
   7.6266252206035385E-005
   8.1121589212850194E-005
   7.3307022646015171E-005
   9.7142201298817268E-005
   6.4724226825784703E-005
   9.6044813033645729E-005
   1.5304676476513826E-004
   8.6093774249066272E-005
   6.8039464514751835E-005
   6.9769613439433353E-005
   1.1974029923142238E-004
   5.5097645438065649E-005
   5.9963338832639845E-005
   5.9730531759784412E-005
   1.1177863880814241E-004
   7.5289462162258974E-005
   8.3988623040634678E-005
   7.5213555122811474E-005
   8.9749976469347638E-005
   6.4613434661297582E-005
   2.2842144227104328E-004
   1.0213798146565358E-004
   1.2091599335133118E-004
   7.3499848574702634E-005
   1.0176597399694541E-004
   6.5241056727557419E-005
   7.0586030090283162E-005
   7.4271726708669052E-005
   1.3439073386983561E-004
   1.2864964061315838E-004
   5.7055177799962451E-005
   1.0255782245762791E-004
   7.2053616068496926E-005
   1.0688249838078651E-004
   9.3227068821580359E-005
   6.7091848028044947E-005
   5.3909482155023869E-005
   1.2188838239392202E-004
   8.5804779669351915E-005
   7.4817260285144660E-005
   1.0313053489897113E-004
   1.1434855549890257E-004
   9.0721999301972620E-005
   1.3742227179735787E-004
   5.5732816911695774E-005
   7.4582609598716095E-005
   1.4643545176902116E-004
   7.1923668342858225E-005
   1.5800011601369493E-004
   1.1454468645658010E-004
   5.8918010877347309E-005
   5.2051936999355384E-005
   1.1762289702505683E-004
   1.0209453930042443E-004
   7.2789983452015893E-005
   6.0909168403798917E-005
   6.3302326437892476E-005
   6.3362425655022698E-005
   1.4229139477896411E-004
   7.0832660401588709E-005
   8.4912777994742715E-005
   8.0468757650530248E-005
   7.8172648620292821E-005
   6.0936709902771666E-005
   6.8177446674164420E-005
   9.1108193918029945E-005
   8.8004950535066205E-005
   1.2644449908876611E-004
   1.9941146221160466E-004
   5.7706155181954546E-005
   6.4504105561052430E-005
   7.8728238009814137E-005
   9.9973253023128464E-005
   1.4292554773061132E-004
   9.7132407879093542E-005
   1.0264024368268519E-004
   5.7319291331367990E-005
   6.6230836439741195E-005
   5.9144825641379384E-005
   1.2795584238317631E-004
   8.9762837408631450E-005
   9.4779766815797391E-005
   5.2094737633160891E-005
   7.5321259112414094E-005
   6.6455651490771636E-005
   1.2363453202091649E-004
   8.2525121019616312E-005
   8.9125243165662083E-005
   1.2013082619974495E-004
   1.0660695936057652E-004
   8.5492018354707823E-005
   1.4093434213461380E-004
   7.0670743583915700E-005
   1.5493993935011127E-004
   9.5279711156729757E-005
   5.0892142132625947E-005
   7.1829061855597229E-005
   7.8551156244795572E-005
   6.6038853121971118E-005
   1.0001930842970734E-004
   9.1262567001894080E-005
   9.0888624053323816E-005
   7.3246065248706106E-005
   8.4989606423949531E-005
   9.8273868729413830E-005
   1.0612076542112513E-004
   9.3164443367092244E-005
   1.0637982146660514E-004
   8.8811988527761723E-005
   1.6553599724882485E-004
   7.1599870413182045E-005
   7.5779064545313248E-005
   7.6748788092512139E-005
   1.4371895923920237E-004
   1.2253074953403755E-004
   1.2068013459611456E-004
   1.3601855730628414E-004
   8.9472282284971412E-005
   1.0887080942379529E-004
   8.6042689183538987E-005
   1.2288063915317886E-004
   7.5939223740436693E-005
   5.1103993849212056E-005
   7.9258090511131785E-005
   1.0665183370132700E-004
   6.0096444837315741E-005
   5.3178421094125692E-005
   1.0608981967353161E-004
   8.1194829754097607E-005
   4.4626479652027687E-005
   7.2323036745122751E-005
   1.0274371462877746E-004
   9.6548811868331716E-005
   6.7099365433351442E-005
   6.4145842061949360E-005
   1.7172412079715697E-004
   8.7659094805007292E-005
   1.1417116821491705E-004
   6.7946559245375679E-005
   5.2622652411702054E-005
   7.3311162757373690E-005
   8.5428260622507688E-005
   8.0491147784831463E-005
   1.0117122960138421E-004
   6.5426698503724527E-005
   7.2067064898463393E-005
   7.8140529357153144E-005
   1.0722115112062088E-004
   6.9646149926036067E-005
   8.6296680637962782E-005
   8.4647149148924715E-005
   7.3783213319444514E-005
   1.0413566947151924E-004
   6.9379800931530707E-005
   6.3371749410369847E-005
   8.4046221116693994E-005
   1.0265698547190646E-004
   6.4557049354094337E-005
   7.1985597187296246E-005
   6.8199758839340298E-005
   8.2596111880384602E-005
   8.8959124782585767E-005
   7.8710811187166846E-005
   6.2148817532210916E-005
   5.6297523513722031E-005
   4.8800497677120672E-005
   8.4951440379973218E-005
   6.7394822487463525E-005
   1.3528246025006039E-004
   1.0149853225688823E-004
   9.2291464260595287E-005
   7.7459514858129740E-005
   1.1907732398845610E-004
   1.2410823429678520E-004
   9.0211183251976860E-005
   4.5094212174827165E-005
   8.4919627555156893E-005
   6.3478327438269374E-005
   7.0875195567828033E-005
   9.8184836205955262E-005
   1.0752697673184956E-004
   7.6932618355572761E-005
   1.4453472247180637E-004
   5.8505142347599362E-005
   1.2672370230139155E-004
   5.8357411942480287E-005
   5.9937165189659903E-005
   6.6689873588485281E-005
   7.8825048757616195E-005
   1.2919419429475884E-004
   9.2830851155314474E-005
   1.4290712414687933E-004
   7.8582461385994081E-005
   7.2662600528058111E-005
   8.0559991392201079E-005
   6.3820953164216618E-005
   8.0136739874603891E-005
   8.7898006506565026E-005
   8.8714210142541705E-005
   1.1184086124221833E-004
   8.1548127155190863E-005
   5.4731940073574779E-005
   8.9990466118217453E-005
   4.3832486261914391E-005
   6.0240550156795811E-005
   6.0676987373806996E-005
   1.0993208219723317E-004
   6.0031832935652297E-005
   1.4496505705621773E-004
   7.9370657991746546E-005
   9.2815215684003506E-005
   9.7564985768662380E-005
   9.7136132365682949E-005
   7.7870856181862127E-005
   7.9448129710939610E-005
   6.3842971574477558E-005
   1.4030367691478617E-004
   9.6881391247563789E-005
   1.8530954638669385E-004
   8.0086928511320543E-005
   6.7705013326780451E-005
   6.3802536662820936E-005
   5.3500893369146779E-005
   9.7446321015843832E-005
   1.0856176015053318E-004
   1.2701135020626341E-004
   1.0925226929222322E-004
   7.1814139735394399E-005
   6.7694554908515926E-005
   7.5674350974687580E-005
   1.6113088072211305E-004
   6.7130594497419489E-005
   5.6418183477300052E-005
   9.7424579490288160E-005
   8.0278319522553753E-005
   7.2702883018700121E-005
   9.5468175839939263E-005
   8.6506755042820287E-005
   8.1095163509694102E-005
   8.5959145904445232E-005
   1.0546539770714245E-004
   6.7488348359055986E-005
   7.0458345385049373E-005
   8.2036076754178099E-005
   1.0760572154018528E-004
   9.4734236245515641E-005
   1.0606234257799358E-004
   1.3269494319895054E-004
   7.6226042411782187E-005
   1.0214071590902277E-004
   7.1401940391145423E-005
   8.3157851126506720E-005
   6.6804765084652932E-005
   7.3091248975274678E-005
   8.7968266770225954E-005
   1.0265389058667009E-004
   6.7561565988910415E-005
   5.9750840056159450E-005
   9.8323922423760083E-005
   1.0290667616104410E-004
   1.0615344451433116E-004
   7.6975837071868893E-005
   9.1080013764778382E-005
   7.8824299884677952E-005
   9.6842440839776961E-005
   7.0691254785673290E-005
   9.6467265100557849E-005
   5.6782504728699041E-005
   1.2001839725468347E-004
   7.9402210724935788E-005
   6.3072112323287033E-005
   7.0634406647849347E-005
   8.5617455685601846E-005
   7.2213961043723221E-005
   7.0610954400740435E-005
   9.2441509375354753E-005
   8.1178735388652643E-005
   8.3000266047836117E-005
   6.4146414878900784E-005
   7.0758435313134337E-005
   9.5775287377765434E-005
   6.1523649158817630E-005
   8.3737052146574698E-005
   7.6532020414169438E-005
   6.5783455054416962E-005
   1.1278362902430706E-004
   1.1916430547096490E-004
   7.2550131413948057E-005
   9.8186102796457285E-005
   7.1829252774446061E-005
   7.1638502056191143E-005
   1.0591018211365367E-004
   9.1588987187569054E-005
   9.0892324152907692E-005
   8.2833987085178512E-005
   1.0984912621807231E-004
   7.4359160730336156E-005
   9.3894275100767151E-005
   8.7937774570953487E-005
   6.9410869968747541E-005
   8.7011982592606399E-005
   1.0683064477708928E-004
   5.7750568722527176E-005
   1.0747232435536328E-004
   8.0645577353063820E-005
   7.4997892284043582E-005
   7.8513648002389715E-005
   1.7151617905197521E-004
   7.8315078935197800E-005
   5.2285329808398865E-005
   9.4978195576440172E-005
   1.1588924940908940E-004
   7.8455859590986532E-005
   1.2214207547027280E-004
   1.1568794637958766E-004
   6.2888111020989058E-005
   6.5286524000646528E-005
   7.8299226634041168E-005
   5.5147281670368093E-005
   7.6273085060870178E-005
   9.0756738816147323E-005
   9.3775442939091766E-005
   1.4566709788584463E-004
   8.4086969053746339E-005
   1.0190229006416323E-004
   7.2848785359337490E-005
   9.2165340168347994E-005
   7.7321549752788310E-005
   7.1195384951998472E-005
   7.0749234109858435E-005
   9.0579026980569662E-005
   8.6398131910597200E-005
   1.0902541612614776E-004
   7.7924786792594504E-005
   1.2082965557390200E-004
   8.2079062757220737E-005
   6.3823266468871696E-005
   1.0361310212893560E-004
   1.0750828435776573E-004
   9.0425258391819296E-005
   7.0959364936047225E-005
   8.1685596326073239E-005
   8.1976397265101866E-005
   1.0667958626118650E-004
   1.0465588989321125E-004
   1.0693162677759239E-004
   5.4924579228441318E-005
   8.3877421799694886E-005
   7.6850562748900279E-005
   1.1302200020826096E-004
   8.7696697850453485E-005
   1.2712285377259518E-004
   7.7149824796568056E-005
   1.1228733860519776E-004
   8.7586300281988075E-005
   6.6079111974824285E-005
   8.7053856608279177E-005
   1.4669397109839193E-004
   1.1701812111292669E-004
   8.0310225897666833E-005
   9.9032421953278588E-005
   5.3736469057610924E-005
   7.8273882401000400E-005
   6.3035333706643680E-005
   5.7109635276832575E-005
   9.3586152788752280E-005
   1.3636214342549154E-004
   1.0513319463706012E-004
   8.0298032998893395E-005
   1.4054883470833619E-004
   6.1772246676876914E-005
   5.6300982298568312E-005
   8.3587196528078599E-005
   6.9075370448655094E-005
   1.0278586322073696E-004
   9.6223687865416608E-005
   6.7545855444736333E-005
   1.5024036926201116E-004
   6.5562488812960696E-005
   8.4933211792622782E-005
   6.9819424622441880E-005
   6.3342725734545584E-005
   6.5198051001739461E-005
   1.3850989323852932E-004
   1.2898394991683881E-004
   9.0929457015057359E-005
   9.5069376124383735E-005
   8.7672479682972918E-005
   5.1401451693663665E-005
   9.8378384348038082E-005
   1.1330411619069725E-004
   8.0033699826138457E-005
   1.3473534094984819E-004
   1.0601664489736752E-004
   7.8500663694476056E-005
   7.3846993921696774E-005
   7.5731987747899610E-005
   1.6034880403390609E-004
   5.5016936022264746E-005
   1.1479797731660758E-004
   9.8126960570484538E-005
   9.1499064864336585E-005
   6.6696828763205252E-005
   6.2576699439072570E-005
   9.7115878748088477E-005
   1.2034052985312228E-004
   1.3497986706733676E-004
   6.0027664989954147E-005
   9.3015491883811598E-005
   8.2130927517954248E-005
   1.0581434774050845E-004
   7.1218345014799440E-005
   8.6383475853152390E-005
   7.5825114446057747E-005
   1.0902261786715300E-004
   1.2208588463320189E-004
   5.7165975382805325E-005
   8.4223955350899867E-005
   1.1838523549947165E-004
   7.1260805859187993E-005
   7.9769615444573168E-005
   9.4626246191431118E-005
   7.9130003887642225E-005
   8.7529310298180713E-005
   5.9515195253071383E-005
   1.0323056407733086E-004
   1.1898279170118132E-004
   8.3468911995652399E-005
   8.8575047060504783E-005
   6.7937801334017151E-005
   1.0202386331638582E-004
   8.5193792410584302E-005
   6.3779678659187848E-005
   7.5966696795870485E-005
   9.8926288325427249E-005
   8.6783337926282008E-005
   9.4708535449573557E-005
   8.2040682336036936E-005
   7.2752919760066649E-005
   2.0446308013788813E-004
   6.7312087037034178E-005
   6.8420044648699735E-005
   6.8808028451892503E-005
   7.7238941973476198E-005
   1.2526368871051730E-004
   1.5721842217321534E-004
   6.3243642776685343E-005
   6.1941884692940077E-005
   8.5198613413262547E-005
   9.5907162114594591E-005
   5.4085727055992046E-005
   1.1189168361543545E-004
   7.1728265814695615E-005
   5.4937743703819908E-005
   8.1119100352461388E-005
   8.7580499550547343E-005
   1.7966063325251905E-004
   7.5782887488203235E-005
   6.0654976120810841E-005
   1.7736285856633714E-004
   7.4002224067666223E-005
   1.3925237080382441E-004
   4.7360730046055930E-005
   9.9693484258952636E-005
   7.8354410552974825E-005
   9.1830421221113036E-005
   1.0298502963098098E-004
   6.2298699391456457E-005
   9.1743675657152344E-005
   9.0814593038332094E-005
   8.7788411670298891E-005
   8.1545586604489883E-005
   6.0176933574380211E-005
   4.5574109470231085E-005
   8.5871713324445998E-005
   9.6542347463558412E-005
   9.0475799883532040E-005
   6.6154241993196238E-005
   1.2453145330305342E-004
   6.6837021790667697E-005
   8.0030039239649851E-005
   7.6061798551903777E-005
   7.0175370200089562E-005
   1.0064388459112496E-004
   8.0578336222092594E-005
   1.1254641221586140E-004
   7.8405531795403401E-005
   7.0313821503043965E-005
   1.3394457876603197E-004
   9.2617678504806713E-005
   6.0400651739237453E-005
   1.0546098322968381E-004
   1.1536501079422892E-004
   7.8820956525696548E-005
   8.6243048678791962E-005
   9.1906292458215100E-005
   5.6559457777584542E-005
   7.3903792730200467E-005
   6.6533470631574153E-005
   7.3006297582904701E-005
   6.5143486682886072E-005
   7.0283442138023138E-005
   1.0745328827911380E-004
   7.2961995228220400E-005
   1.3222801618812337E-004
   5.4044074626624697E-005
   1.1648425665220264E-004
   7.0749012689788913E-005
   5.1615212348248915E-005
   8.2326886104904334E-005
   1.2704119335156441E-004
   1.1111600517733351E-004
   7.2951624213775084E-005
   5.5441652104275587E-005
   5.9598172069070649E-005
   4.4738434606321577E-005
   1.6760982062508512E-004
   8.6956518825640882E-005
   7.7920962145611771E-005
   1.0665356026206860E-004
   7.5524565754655869E-005
   1.0164742540852896E-004
   5.8273511421772799E-005
   7.0539800430060120E-005
   6.8071019589689035E-005
   9.6450772428375100E-005
   1.1660387849529126E-004
   8.3997156520914694E-005
   8.5032410090048191E-005
   1.0742538963652760E-004
   1.3460548725150571E-004
   7.1000693415210930E-005
   5.0767575661942475E-005
   6.8121363562464700E-005
   7.8731426237529689E-005
   4.7831686938692334E-005
   5.2045549670174625E-005
   8.5597677948521378E-005
   6.2831320467154246E-005
   9.8281846583375156E-005
   7.8747385577503367E-005
   7.8719317393378916E-005
   6.8618581305129601E-005
   7.5931063762880096E-005
   9.3727372797762189E-005
   1.4490881945089488E-004
   6.6716125401509939E-005
   1.0589330985830184E-004
   6.8627788926579723E-005
   7.1684763082575359E-005
   8.2294248825398337E-005
   1.0111636285709641E-004
   7.8068917312573312E-005
   6.1816097311285907E-005
   1.2294429631300830E-004
   6.9485846730688768E-005
   1.2759058134825105E-004
   1.4013967857097210E-004
   6.2482663285977997E-005
   8.5363873023258858E-005
   4.4358145838391966E-005
   6.6182469716663728E-005
   8.5181412275997910E-005
   6.6277571035571492E-005
   5.6333829705975634E-005
   9.5979023912752919E-005
   1.2850676352774921E-004
   7.6008944908270560E-005
   1.3076697736085139E-004
   6.5696290102126718E-005
   6.9646560186457270E-005
   8.6000242288981280E-005
   6.4405864656571796E-005
   7.7071056647475225E-005
   8.9463918893378103E-005
   8.6365088776602271E-005
   9.9025077791644892E-005
   1.2286412195942136E-004
   5.8551637063789880E-005
   1.1913726464622496E-004
   7.2028269436769047E-005
   8.7655744901288208E-005
   6.8977917391201891E-005
   1.2365756387963057E-004
   6.5551384059156571E-005
   6.8706081918930409E-005
   7.4683282550234637E-005
   6.6309812031747865E-005
   1.3708233291067625E-004
   8.2834393208168554E-005
   7.0679825483505856E-005
   8.3383289362194387E-005
   7.3420037093227861E-005
   5.6764265599721403E-005
   7.0522870891898988E-005
   8.6192541780565226E-005
   9.9339263214696206E-005
   6.2830690433816436E-005
   6.2720786771241956E-005
   9.4873777822462117E-005
   7.5461644494369075E-005
   1.4000531075429281E-004
   7.1553822942746050E-005
   1.3975332248974075E-004
   1.4037616818104743E-004
   1.0757013698825585E-004
   8.8800377974414344E-005
   9.9803104827082554E-005
   6.6666288174369894E-005
   9.4415074511272122E-005
   1.0015730612626180E-004
   1.2152119451369889E-004
   1.2967253448315449E-004
   7.4566913333667150E-005
   1.1367178032960046E-004
   6.3799049408198551E-005
   6.8639282751424560E-005
   9.2145235455255654E-005
   1.2527476110703287E-004
   5.8866095366734605E-005
   1.3501073843728096E-004
   7.7654188735524522E-005
   1.0199170896483639E-004
   1.0531633082950091E-004
   1.0659298515814426E-004
   6.4251558826023357E-005
   6.1095429770538707E-005
   7.6324969008761045E-005
   8.1772965528563286E-005
   7.3664904284132538E-005
   9.8078381324960830E-005
   8.8759100056465929E-005
   8.6694432590882746E-005
   8.2204955838037654E-005
   5.5307416811953080E-005
   7.7184303600022331E-005
   6.1261894335745687E-005
   6.5826870048824574E-005
   8.5322854533213878E-005
   1.3134076149032230E-004
   6.1415204993408161E-005
   6.1700568033732649E-005
   1.1715027311609964E-004
   1.0285013235266369E-004
   9.3535128625234925E-005
   9.8648138271221412E-005
   1.1528256692259242E-004
   1.0969084696118939E-004
   8.5602127635703111E-005
   6.3773679822210475E-005
   8.1512834209112299E-005
   8.6806259106948159E-005
   8.5742346196370541E-005
   7.2456718046111704E-005
   7.6243278598601974E-005
   1.0515753394204033E-004
   9.8397236588135191E-005
   6.1840046016758862E-005
   1.0838200451887459E-004
   8.7980128833888078E-005
   9.6110233995787888E-005
   6.1831677476198105E-005
   5.1235525218798805E-005
   9.0664848252651359E-005
   6.7562293718186967E-005
   8.9623094221685947E-005
   8.2054479962842064E-005
   7.3234973674309918E-005
   9.4623134663344513E-005
   7.6053797171234092E-005
   7.8650987085769757E-005
   7.9024399577249985E-005
   6.9634690427151057E-005
   7.5768378406592096E-005
   1.0677946086030894E-004
   5.9797391832214465E-005
   7.4423566284022416E-005
   6.0619287858855232E-005
   7.7744375053757616E-005
   9.1832562246037987E-005
   6.7601442025811657E-005
   8.4361734082181368E-005
   5.6675119830020562E-005
   1.3732255434478427E-004
   6.9916142995804325E-005
   6.5383788871662175E-005
   7.8192815588801843E-005
   6.1420725550642859E-005
   9.8456323036443956E-005
   1.1370756065543449E-004
   9.1026606858665132E-005
   2.2936800512404662E-004
   8.2623740153177027E-005
   5.8536459021853476E-005
   7.8979262011433536E-005
   9.0359629567378312E-005
   5.6501438069002954E-005
   1.1504326045071537E-004
   8.8025137030814889E-005
   7.2028132215414028E-005
   8.6931184664366709E-005
   8.4822086509014398E-005
   1.2055928046927172E-004
   5.8043311237229579E-005
   9.5530843194998241E-005
   6.3910040283935221E-005
   7.4398900258133355E-005
   5.3384472262433230E-005
   6.5568165236321824E-005
   8.0373101365963770E-005
   4.7211468848419953E-005
   5.0228283554290902E-005
   6.7378752889259527E-005
   6.1944411094035605E-005
   6.3393791060734463E-005
   7.5610693036025855E-005
