   7.6224869463193561E-005
   9.0651107718471821E-005
   8.7529750148363804E-005
   6.9012527791307643E-005
   1.0130464753352348E-004
   8.3245867918532759E-005
   9.4293120445622632E-005
   8.4983215425763094E-005
   7.9286669016748968E-005
   7.1673419129403076E-005
   8.3889854555398987E-005
   8.6050655475942788E-005
   6.9622829270128388E-005
   6.7491337978017746E-005
   7.3402930590246111E-005
   7.8286393720698475E-005
   1.0760833493561795E-004
   5.9610818981701101E-005
   6.9440531966050013E-005
   1.4333214747447773E-004
   1.1177781261180112E-004
   8.4276736147616529E-005
   7.3024770634129194E-005
   5.9702038643524407E-005
   5.5060518203262613E-005
   8.6363040545898697E-005
   9.3674390673794474E-005
   6.7553619978063850E-005
   6.6556903695456457E-005
   1.1324659043777107E-004
   1.2175121143328452E-004
   1.1843104730859844E-004
   6.1997535770639262E-005
   6.3833270329081369E-005
   8.6136211157856774E-005
   7.8166682087854958E-005
   9.6473306090113389E-005
   6.0029329218376740E-005
   8.5175704315493009E-005
   6.7430893034673808E-005
   6.4011627791367402E-005
   8.4731572530604793E-005
   1.3467666206446968E-004
   9.5779955918028306E-005
   1.3088788198853461E-004
   9.5687597857805479E-005
   1.3611869086651638E-004
   8.9628425515956620E-005
   1.2816868256876557E-004
   9.2102468429492373E-005
   1.0100560029897336E-004
   8.5079361883164619E-005
   6.8741703214240566E-005
   7.0996155328040763E-005
   5.7171741504731293E-005
   1.1035604413493472E-004
   7.6587525087629983E-005
   6.4207782344326397E-005
   8.8774785101403201E-005
   1.2288141199172701E-004
   7.6886134871569203E-005
   1.2677032612481187E-004
   6.4292606049477585E-005
   8.2952823407166562E-005
   7.9065964633108447E-005
   9.0432517875180487E-005
   8.1068820822044642E-005
   6.9663695056305507E-005
   5.1969365984115277E-005
   6.1279004203209850E-005
   1.1504269199819739E-004
   7.8363890962403066E-005
   5.0992690137900098E-005
   9.3322716098257513E-005
   5.8622281962244781E-005
   8.4404946735776079E-005
   9.8693092169537070E-005
   9.1373157364945409E-005
   8.1520512771821740E-005
   1.1211635202029564E-004
   1.0202755867490295E-004
   9.0293101787948117E-005
   9.8064014213498869E-005
   5.7983623606848855E-005
   1.2136678184325620E-004
   6.6868740141369916E-005
   8.9006284083514397E-005
   8.8866319010327065E-005
   9.8066593761940107E-005
   7.7167079803357433E-005
   9.7654007876187845E-005
   1.0367637759906640E-004
   1.0932404905070599E-004
   9.5250784426838749E-005
   7.8830610582759878E-005
   9.2749915970766198E-005
   1.0128490505895609E-004
   7.4309101605921806E-005
   7.7057903129107785E-005
   7.2039864697728980E-005
   7.4898080137504407E-005
   9.6374792973755692E-005
   8.7668758538209419E-005
   6.6556169103550394E-005
   1.1068649587447007E-004
   4.9208562728862294E-005
   8.0176464816353009E-005
   1.9696153887099915E-004
   6.5125355037455961E-005
   6.5223129261093320E-005
   9.4814323692969649E-005
   1.0171628893445661E-004
   8.3253145328234185E-005
   8.6000448434805026E-005
   6.2585280455519049E-005
   5.9885865651002906E-005
   1.0627812386799671E-004
   6.3196559762455513E-005
   2.4479681455875381E-004
   7.7395657136692934E-005
   1.1834917853131912E-004
   5.0084881026381424E-005
   8.9560500227173827E-005
   1.0242230408344361E-004
   7.3405008321906321E-005
   1.2370248075779696E-004
   8.5336290829818816E-005
   6.9424078300334198E-005
   1.2803023674117219E-004
   8.0580779227430483E-005
   7.7918402369301542E-005
   6.3204152265971939E-005
   8.0376148227439916E-005
   7.5109243596960314E-005
   1.2284389608220659E-004
   4.7962973753144550E-005
   8.2342664691837397E-005
   7.6811066143885921E-005
   9.1728863273898031E-005
   6.6748588954480771E-005
   6.8076072004643218E-005
   7.8742654849183477E-005
   8.8274511821145513E-005
   1.0000918372810890E-004
   1.4317273207968605E-004
   8.6631833768621084E-005
   7.5328376299581170E-005
   8.1324894606503618E-005
   1.6407970671465752E-004
   8.7622489137427890E-005
   7.7994341670710142E-005
   7.5628919931206178E-005
   7.7607478539682562E-005
   1.2929698290099640E-004
   7.3194608879920839E-005
   1.0940876169379653E-004
   8.5021800284866057E-005
   7.1494317435679688E-005
   9.8774743102468367E-005
   1.9811133383583476E-004
   7.8332337461950929E-005
   7.3085650782658715E-005
   6.8514173440916605E-005
   8.4551193911284976E-005
   6.3570822837757921E-005
   7.7579697083287588E-005
   7.0535705616310134E-005
   8.1957534014676312E-005
   1.0972109463086772E-004
   8.3815005251021700E-005
   1.0825395212216351E-004
   1.0279428467457365E-004
   6.5617157229864225E-005
   1.5065187445799976E-004
   6.3987370039624507E-005
   6.9712349043109018E-005
   7.8734838119785036E-005
   9.9565950192013179E-005
   7.9224484821164781E-005
   8.2936485770139371E-005
   1.1837373139994442E-004
   9.4164795335361712E-005
   6.7480757799451700E-005
   5.1646411372468370E-005
   8.8095214064015038E-005
   1.0758757045761104E-004
   7.8881807283829024E-005
   8.8788746458575145E-005
   8.5726590923157072E-005
   7.1015750298421832E-005
   4.8991909860716648E-005
   8.4475243336633714E-005
   9.5271366432620076E-005
   1.2694674600740422E-004
   5.9467094111521329E-005
   7.9928772763663265E-005
   1.0905197660321793E-004
   9.0946877495467002E-005
   8.0614507679334740E-005
   8.3714052098166688E-005
   8.6577685423879365E-005
   9.9195419658063591E-005
   7.0965115143611465E-005
   7.4948961362422044E-005
   8.8739655573137665E-005
   1.3181091005970869E-004
   6.2500206020163428E-005
   7.2197510038771349E-005
   8.7775264281480264E-005
   1.2714789361864944E-004
   8.1706793689437937E-005
   8.7467812569265774E-005
   1.2836689236781520E-004
   6.1309159305493702E-005
   8.6557273120701760E-005
   1.2732083431167473E-004
   7.8993180088021258E-005
   8.9823162644400345E-005
   6.4582034391491024E-005
   8.6087830052308941E-005
   7.0923816854267954E-005
   6.7265748690987760E-005
   7.1974302128955859E-005
   7.1974562597701945E-005
   8.2198350971319947E-005
   1.0516793304943969E-004
   1.0526176645054513E-004
   1.0321703366031826E-004
   1.1853890249792311E-004
   8.5996572157829315E-005
   1.1565002916694644E-004
   1.1535557517932972E-004
   1.0009003358810429E-004
   5.4644848436199105E-005
   5.5699201472796444E-005
   5.2729379867850022E-005
   6.2800784645767246E-005
   6.6332786529565437E-005
   1.0749271519461116E-004
   8.4764818663084321E-005
   7.4767126404240818E-005
   9.1954261544742238E-005
   4.9857165968275426E-005
   1.1022192177077248E-004
   8.0384036296798962E-005
   1.0690264669681685E-004
   5.5323749503737901E-005
   7.6308294479437107E-005
   8.2294534999670266E-005
   8.8339606424698850E-005
   6.9272970715477221E-005
   7.7179240717933272E-005
   9.3022994731343890E-005
   1.1820677160997192E-004
   8.6231686410273437E-005
   1.1883661682398621E-004
   8.6238260071563159E-005
   6.9800890846858862E-005
   5.1590510532964238E-005
   8.1207863102762448E-005
   1.0309847089860216E-004
   8.5714614991240712E-005
   7.9937468673681004E-005
   1.1447583917297262E-004
   1.3115532960080605E-004
   7.7111424665916189E-005
   8.5782404889391518E-005
   1.2212835640251009E-004
   7.7879115420904636E-005
   1.0464843916056172E-004
   7.2200192226859247E-005
   9.2011045788658344E-005
   1.5370305173073945E-004
   8.3648323317649884E-005
   5.2406738819945645E-005
   6.9181044180195202E-005
   6.9358285974442595E-005
   9.7446865689165618E-005
   1.0980237791561357E-004
   8.5358095090510165E-005
   1.3942696273622760E-004
   6.7598355201592625E-005
   9.2530725089883924E-005
   7.4093842218655084E-005
   8.3421538110223494E-005
   9.1376860144755376E-005
   6.7398963642889803E-005
   7.5708715739102549E-005
   9.5165057622464581E-005
   6.9806567619530428E-005
   7.5841215963316438E-005
   5.5484591119214422E-005
   7.3115558747974436E-005
   1.0533804908437457E-004
   7.7200354189595967E-005
   1.1606116002067748E-004
   6.3239676036086658E-005
   7.0339868031393270E-005
   8.0933182924541107E-005
   9.6295437141876258E-005
   6.3398503879357352E-005
   7.3781287348368858E-005
   8.1213911697872860E-005
   8.7147383496075280E-005
   1.0141462134034739E-004
   8.6043802840152312E-005
   1.1050404868903887E-004
   1.0268662995723129E-004
   8.2827429113209835E-005
   1.3556672630847213E-004
   7.6836811334809782E-005
   9.9831084429408641E-005
   1.0088451641189741E-004
   1.2284117941243480E-004
   8.5377241273244879E-005
   1.0027019556572060E-004
   8.8371072008401667E-005
   6.5960898180201464E-005
   9.0054172235620326E-005
   8.5101600959087734E-005
   9.0032956794931852E-005
   1.1723160960195411E-004
   5.1736246477714751E-005
   1.0925138948693344E-004
   8.4883516126391375E-005
   1.2891265594040620E-004
   5.1265651091047591E-005
   5.7939238228457762E-005
   6.6801828828001063E-005
   6.9067629943649498E-005
   1.9718254551244369E-004
   6.9134115330291764E-005
   6.4339606729617185E-005
   8.0917772309186395E-005
   1.1720491598300758E-004
   2.2116968520497206E-004
   1.1301777585928182E-004
   1.2925608190713321E-004
   7.9170989485763957E-005
   1.4538723930667002E-004
   6.6107606525030527E-005
   6.8664443542146362E-005
   7.7091242028363061E-005
   1.0759064385229493E-004
   1.7182687125103370E-004
   9.9969788724690341E-005
   9.5142778860748985E-005
   6.9985717031823444E-005
   8.8981338239864564E-005
   6.5011819683209252E-005
   6.3578394154438614E-005
   6.6871441731341776E-005
   8.4690796788443890E-005
   1.2011059359934917E-004
   9.0784591947822021E-005
   6.1404679737572920E-005
   1.0296455223863584E-004
   1.0763544714595000E-004
   1.0874694307290219E-004
   5.5714215182069986E-005
   5.1592126495129668E-005
   6.9893255064095960E-005
   6.4882160210487407E-005
   7.1442866209729173E-005
   9.2857336931027832E-005
   8.7420886339331506E-005
   9.7423579851542181E-005
   6.5088060862385414E-005
   5.4525738236824506E-005
   7.0278322440276255E-005
   8.7379821924709030E-005
   6.6209568656470724E-005
   9.7292008683223712E-005
   9.5773181418193042E-005
   1.1896186128410000E-004
   8.0774533516584382E-005
   8.6154746662863362E-005
   6.5554867886249036E-005
   6.6163752415994415E-005
   7.6115278218340509E-005
   9.6209620176589188E-005
   8.6467924493469867E-005
   7.3608239504998276E-005
   1.1195705688624224E-004
   6.7445242858874642E-005
   7.8758337952221729E-005
   1.1759071156793900E-004
   1.0149861134906037E-004
   9.0899214298173091E-005
   7.9019416468883722E-005
   6.2940592423631463E-005
   8.6392799242455430E-005
   1.2081059875367215E-004
   1.0093786863970583E-004
   1.4620086949556656E-004
   7.7327618838954920E-005
   1.1826294776900770E-004
   9.0213751369338301E-005
   1.1998270679643786E-004
   9.7615555981095072E-005
   8.5988334198903269E-005
   9.9947070157524766E-005
   1.0317935595826973E-004
   5.5560845748048218E-005
   7.1361408226447014E-005
   8.7593572164631849E-005
   1.0066547333972977E-004
   1.1741293638174963E-004
   7.8535576622461807E-005
   5.2322861861661233E-005
   5.7224118225438025E-005
   1.0347445732447044E-004
   1.1275839114018173E-004
   7.1046469247972914E-005
   9.3647028923518765E-005
   9.0417384619735514E-005
   7.5935111361434367E-005
   9.3008973552390208E-005
   9.2282850217232509E-005
   6.4670229248977158E-005
   6.7529361538298157E-005
   1.1619935599641720E-004
   7.5317401032920939E-005
   8.8897803107590480E-005
   9.0175821555872062E-005
   7.5242218097638035E-005
   1.4156555318188749E-004
   9.8905663497377810E-005
   9.8833171114556397E-005
   1.1352510175634416E-004
   7.8359750387837004E-005
   1.1010117303002383E-004
   8.7101955039158398E-005
   7.3980583627492600E-005
   8.9771854648622209E-005
   1.1650749372811571E-004
   9.5141597262953859E-005
   9.7751356093912068E-005
   1.5950473247321648E-004
   7.3273240706542929E-005
   6.7636730920335962E-005
   7.6200575182526454E-005
   1.5806262334933961E-004
   1.1712973816663503E-004
   7.2585485892040670E-005
   5.8988330855443579E-005
   1.2627542719918054E-004
   8.0636641215597294E-005
   8.8088280926666357E-005
   9.1492918091040120E-005
   8.7612328486804896E-005
   8.6085880795656584E-005
   8.0304179799152504E-005
   1.4363263430288375E-004
   1.0309833161241116E-004
   9.8488835753145857E-005
   6.2377213219697313E-005
   9.2922605219453373E-005
   1.0443024427992906E-004
   8.0951641897900655E-005
   4.6874431432858039E-005
   6.2208820431816313E-005
   6.9832264681575544E-005
   6.9642310969065814E-005
   1.0082892937121703E-004
   7.7083413932378100E-005
   6.5089259609791062E-005
   7.2023056468084181E-005
   4.9617082572164597E-005
   1.0508317968581778E-004
   7.8515455150644689E-005
   8.2631154269500930E-005
   6.1886074149153272E-005
   5.6764445447128816E-005
   7.0398629361025073E-005
   1.6510171977665889E-004
   9.7674274733341681E-005
   7.4743632972194460E-005
   1.3587705796145997E-004
   1.2989016987767274E-004
   9.7829168552310673E-005
   8.1745478532766443E-005
   1.0437665792317081E-004
   1.0424614034413184E-004
   9.4505372862028691E-005
   8.5520610964726749E-005
   1.1289804766764582E-004
   1.0975988325179376E-004
   9.1098879507834062E-005
   1.9368362095404800E-004
   1.0420866491015701E-004
   7.1342432798063686E-005
   1.0851498448249636E-004
   1.2774773489585708E-004
   9.0307192733204709E-005
   8.9193870935754219E-005
   9.2497292747729235E-005
   5.6492135796150712E-005
   9.9662789058235806E-005
   6.6521652797912361E-005
   1.1487710346485649E-004
   7.9750715316939268E-005
   9.7069033691621936E-005
   7.7692116398780250E-005
   9.2661957368639673E-005
   1.0463218398210535E-004
   8.4089859262827368E-005
   8.6852408330104038E-005
   7.0039258076255026E-005
   1.0946777043946612E-004
   7.3731233857128909E-005
   8.9402224303038744E-005
   1.1276381794152657E-004
   6.9031533746625006E-005
   8.2791267053612704E-005
   7.2488183967492608E-005
   1.2486434671780898E-004
   1.1023858565894321E-004
   8.7648795093015459E-005
   8.8716650315312772E-005
   9.3357969315642462E-005
   8.6623425148467254E-005
   5.9604998263322395E-005
   8.8513621664099672E-005
   7.8422933911693153E-005
   7.2566472226729694E-005
   1.0355676873513479E-004
   8.4417312544447247E-005
   1.1636771157617174E-004
   5.5281195280882110E-005
   8.7582690260725656E-005
   5.3849791154800031E-005
   6.8601440226381393E-005
   9.5357625267332568E-005
   7.0218893069395885E-005
   9.0925361053634880E-005
   7.2684775465507045E-005
   6.4937497216526312E-005
   9.4381222602372736E-005
   1.1548462684048868E-004
   1.2502667997330556E-004
   6.4705091596802176E-005
   1.3197531878222693E-004
   6.9083680284948859E-005
   5.6614330126642606E-005
   1.1339236883662718E-004
   9.7952617943297782E-005
   7.0699808431956356E-005
   1.7181980930465869E-004
   8.1350497404943838E-005
   1.1248213893973603E-004
   7.8139758463817934E-005
   1.0547964428816444E-004
   7.6572625023200891E-005
   8.7855772114224775E-005
   9.7512738743412550E-005
   6.5801591572962128E-005
   8.8998652718894278E-005
   9.1215719909932286E-005
   6.1209394832904831E-005
   1.2486971692164060E-004
   6.4923799001200070E-005
   1.0365413083096228E-004
   6.6883908021418570E-005
   6.7153765166561214E-005
   9.2596900167420197E-005
   5.2322588097473001E-005
   1.1471909946667254E-004
   7.8170104355065298E-005
   1.3873723691983618E-004
   7.9578119891701875E-005
   9.2041327789639882E-005
   1.3563316173128106E-004
   1.2177483207734134E-004
   8.2259897179988098E-005
   1.1874924280055234E-004
   6.2644298154359551E-005
   7.4312157743166690E-005
   9.5259701202116909E-005
   7.8953171997476660E-005
   1.0039863943095060E-004
   9.0452045806567761E-005
   9.1169036146963604E-005
   8.1019204086418234E-005
   8.7630873143788025E-005
   5.6156019467525108E-005
   1.0983925818639226E-004
   9.3409878918491101E-005
   8.9394885081220654E-005
   6.9915808038040515E-005
   6.3055404791533909E-005
   1.2764220879221444E-004
   7.4635278876471699E-005
   4.9880618174012044E-005
   6.4077480529325630E-005
   1.2805568801167047E-004
   6.1564985510442251E-005
   1.2883055558610167E-004
   8.5157465055304621E-005
   9.2727662031687698E-005
   9.0713790513902897E-005
   6.8251214814488200E-005
   4.7974141923390586E-005
   6.3957923972669573E-005
   6.6616183344007105E-005
   1.2849884968294846E-004
   9.0410192313371062E-005
   6.3748695361388465E-005
   1.3378414295778525E-004
   9.1287752569673919E-005
   7.4322745196654097E-005
   8.4184732017335452E-005
   8.9917425202098994E-005
   1.1949664777768800E-004
   8.9256237797874749E-005
   1.0256804983389580E-004
   7.9709162981696802E-005
   8.5152301319112701E-005
   6.9025831810144632E-005
   7.8435221687810948E-005
   9.0223907704394674E-005
   7.2840163385109235E-005
   6.8897894622735702E-005
   1.2493779681187862E-004
   9.1362301416850230E-005
   7.6655073934134440E-005
   8.1654889504171926E-005
   6.5277665195055619E-005
   8.8858468126438325E-005
   1.1377836811804316E-004
   1.0108216038883213E-004
   8.4916675595256887E-005
   9.7076185227365472E-005
   9.0186968170361190E-005
   8.4330966230200736E-005
   7.8739726854689738E-005
   7.5330630589581486E-005
   7.5039973023687716E-005
   7.0128378047896959E-005
   7.0370809791379222E-005
   1.1474114580424297E-004
   9.3210457412020665E-005
   7.0186533717325308E-005
   8.7751644159896248E-005
   8.8910291480203378E-005
   6.7808145057891560E-005
   1.1434667990617207E-004
   7.7430343638359083E-005
   5.9746268546057360E-005
   1.1036879084598494E-004
   8.5005340671102754E-005
   7.5237833187219547E-005
   6.3233003204561016E-005
   9.4609412505600494E-005
   9.5738631135033474E-005
   1.1204815300866501E-004
   8.2352259267334124E-005
   5.6905245514541827E-005
   5.9761944929053738E-005
   6.5622785368651504E-005
   6.0625786624238569E-005
   7.5227226811042634E-005
   8.2590693201449822E-005
   8.5407253773943080E-005
   1.0039064086518527E-004
   8.1246472869086702E-005
   9.0444625812696142E-005
   1.0361960201238361E-004
   9.2610576630700500E-005
   8.5620043877166410E-005
   1.0880208291520605E-004
   1.0959253367985669E-004
   5.6425923243730682E-005
   1.0416854843125906E-004
   1.0581252811412052E-004
   7.5913162287655539E-005
   1.0074522683449209E-004
   8.7917298061373020E-005
   7.9128809836766960E-005
   8.5852768293104921E-005
   1.7227621319788669E-004
   5.8101464211337920E-005
   4.5418583217235050E-005
   4.5167310976188522E-005
   8.2863245095126143E-005
   6.2721416997082560E-005
   8.2928994983252856E-005
   8.9205726260303358E-005
   5.8773410399423492E-005
   1.0711616785105159E-004
   1.1095781879504650E-004
   1.4219444042322401E-004
   5.7436129324986887E-005
   5.2545094939022822E-005
   8.2482650627433088E-005
   7.6084876603784148E-005
   7.2153952697869079E-005
   1.1145552134423589E-004
   1.6555398879448388E-004
   8.6070395290976649E-005
   5.9911338992065616E-005
   1.3095301022685317E-004
   6.7459660802219102E-005
   8.0609638489816533E-005
   9.5735503258370446E-005
   1.1010319159550145E-004
   6.2756246885538780E-005
   7.2258944614185468E-005
   1.4843729290868783E-004
   1.1519688094263984E-004
   8.0198123386692133E-005
   9.1920904512360777E-005
   7.2514813697290066E-005
   5.0179618035084876E-005
   7.4623053114818499E-005
   9.1296610298912889E-005
   7.1002122296077381E-005
   6.7174098583411336E-005
   7.5849952651247518E-005
   1.2825017303630032E-004
   7.1710451866789743E-005
   7.8916287256607825E-005
   1.8383368832218782E-004
   8.7638984330883001E-005
   7.6198659983496962E-005
   1.2747353959454086E-004
   9.1652098915820883E-005
   8.3405612372864133E-005
   8.5569541633339084E-005
   1.2150478195984217E-004
   6.9480573636636434E-005
   8.8848890759924182E-005
   8.8269925745197220E-005
   1.1897137278237254E-004
   1.0181048144434915E-004
   1.0366362168507472E-004
   7.6219124603131520E-005
   9.9371311193398993E-005
   8.2241658818749935E-005
   7.5951262594535382E-005
   8.7290602797770330E-005
   1.0308783248881838E-004
   6.4419110109821754E-005
   9.1817666002929122E-005
   6.5207078981375328E-005
   7.1275033982990817E-005
   6.2583174070033487E-005
   1.1370530781505078E-004
   1.2437010926450692E-004
   6.6688279257034092E-005
   1.5117798375988863E-004
   8.1049845951102492E-005
   1.5278066753770904E-004
   6.3224944011327919E-005
   8.1443837962397048E-005
   6.1078984680933078E-005
   7.0727836348035805E-005
   8.2124062857960578E-005
   1.1474643270071399E-004
   8.2831533539695192E-005
   6.7171952983716989E-005
   4.9456156812024488E-005
   7.1181797757052876E-005
   8.5745089547550391E-005
   1.7547336104331137E-004
   1.3623748281010528E-004
   8.0208889289618278E-005
   8.5231725355160983E-005
   6.8470951003861150E-005
   6.0509338246003390E-005
   8.1499389395243860E-005
   1.2316925383835679E-004
   1.2205130107811697E-004
   6.2998540168146536E-005
   1.3576133809760420E-004
   1.2070605348586525E-004
   1.5300380547800236E-004
   9.4434833433041586E-005
   7.0803072817252085E-005
   5.6508033325455780E-005
   7.3114270808489150E-005
   1.0764353864061852E-004
   7.5602718267513282E-005
   6.4258182434149188E-005
   1.4600273727601173E-004
   9.3629547087045690E-005
   5.8725889815527295E-005
   6.9250318208898145E-005
   1.0320895336743384E-004
   5.2546837142127146E-005
   8.7848788640336930E-005
   1.0352547223279591E-004
   7.3069922393617190E-005
   1.0203088854157468E-004
   8.8257233122384371E-005
   7.9550968541637458E-005
   1.1750144213419879E-004
   7.3753146946408068E-005
   9.1208007423212772E-005
   8.7619017289777184E-005
   7.5399709291328255E-005
   7.2120070841492470E-005
   8.2542225469463016E-005
   1.0538563054955806E-004
   8.6645286449143778E-005
   8.3972896284289369E-005
   8.9112120738811632E-005
   1.1125548301990878E-004
   9.8666808240397563E-005
   7.9775876269337379E-005
   9.8842354952033410E-005
   6.1814592638556598E-005
   8.0682822610092807E-005
   1.0934918563260288E-004
   1.2395690495798763E-004
   6.3691385214900489E-005
   9.0258470568519510E-005
   5.6612590844659358E-005
   7.3328379608590845E-005
   1.9216867556028886E-004
   9.6282310876963330E-005
   1.1659463751216956E-004
   1.4860538042659615E-004
   1.0163412784946257E-004
   8.9085957236932560E-005
   1.1404441106307886E-004
   1.3291546305393861E-004
   7.3698938818913368E-005
   8.7526272478811244E-005
   8.8167360684905389E-005
   9.9502906875893605E-005
   8.2833575613031223E-005
   5.2534100888523883E-005
   6.3928374157291076E-005
   1.3451959537348813E-004
   9.0563565306812490E-005
   1.3797708361835395E-004
   8.1713874986346339E-005
   1.0252198049645733E-004
   1.3194213962616297E-004
   9.5582801286708325E-005
   5.4668433187785683E-005
   6.8960614681179969E-005
   8.3758783846667024E-005
   1.3998154640433569E-004
   1.0359857033328900E-004
   6.8266117682003641E-005
   9.2868171703791016E-005
   6.0326172109063185E-005
   8.8834612739282297E-005
   6.8340298043628636E-005
   6.9200067110409936E-005
   1.0762121504178473E-004
   8.9300642178915949E-005
   9.7315752748214685E-005
   1.3008971655040105E-004
   6.1454844508087211E-005
   6.1718087802583598E-005
   1.1973263247067795E-004
   1.2626674168883151E-004
   5.5807803918785535E-005
   7.6781527130646000E-005
   6.8057798433879155E-005
   1.0859824377215027E-004
   1.3504786643052949E-004
   5.9016990012332034E-005
   1.2930469789151634E-004
   8.6201983957817958E-005
   1.1491348646165792E-004
   1.5565639568416810E-004
   9.8655135058584633E-005
   5.9190251859533094E-005
   1.0634093531567814E-004
   7.0906962949510347E-005
   1.0595195341099881E-004
   9.1514096097485131E-005
   9.1979103456381667E-005
   9.6126418775066688E-005
   7.8237914443663752E-005
   6.1555264254333140E-005
   7.6685213144284573E-005
   6.2237598916039681E-005
   8.2194997415511558E-005
   6.5782750770989473E-005
   9.5891223361695277E-005
   7.4474084344666470E-005
   7.7137728875495702E-005
   4.7967353806204559E-005
   9.2299368602697605E-005
   1.0591610347417166E-004
   8.2657331072490256E-005
   7.4627153680306140E-005
   9.9463833416022399E-005
   1.5930415896351084E-004
   1.1522810511535550E-004
   8.0794938716592305E-005
   6.7084158131744146E-005
   8.8710419294272231E-005
   1.0548099851471675E-004
   1.1945714598215066E-004
   9.3257076219804873E-005
   8.2150747819633886E-005
   1.2846197835963499E-004
   6.1042446332234345E-005
   1.5956921680268239E-004
   6.4260995225188974E-005
   1.3813045809103224E-004
   1.0185401061713989E-004
   7.2479106570554527E-005
   9.4447089999046639E-005
   7.9694734319684364E-005
   9.6524438922933697E-005
   7.7525978210114596E-005
   7.8301045970332055E-005
   1.5545683618581495E-004
   2.0136824552697570E-004
   1.0776791496865272E-004
   7.4009130354387063E-005
   9.4938851095993301E-005
   8.9522865248781627E-005
   7.5596703405838349E-005
   8.1333339010792788E-005
   6.5171548611761546E-005
   8.1009954007034540E-005
   6.4011363468792520E-005
   1.0500201614916539E-004
   1.3609176760551783E-004
   1.0112781143537683E-004
   5.4720749590468721E-005
   5.9003639101966408E-005
   7.4001339812477485E-005
   7.3783180424093873E-005
   7.3693523598763685E-005
   1.0392603625828170E-004
   6.6960436097762512E-005
   6.9936846078347563E-005
   9.1575146115826134E-005
   8.6492399011918176E-005
   1.1180988947500786E-004
   1.0176396568919656E-004
   7.8770361013554493E-005
   1.3386942486757353E-004
   7.7560526271279535E-005
   6.2026582319679691E-005
   1.0301223794535920E-004
   1.1564823459345466E-004
   5.4129260287908336E-005
   8.0111180936220195E-005
   7.8630164779406711E-005
   5.4085131617412269E-005
   7.8719308105251032E-005
   9.0649195286306785E-005
   9.6117772236902627E-005
   1.1669300024296230E-004
   5.2195916122275321E-005
   8.9583921290701062E-005
   8.3053837667862381E-005
   1.8566486289047578E-004
   8.7039335905913129E-005
   8.0776241147026285E-005
   6.8931239769182490E-005
   8.3233997025894863E-005
   1.2392978052487035E-004
   1.2550047139430471E-004
   1.1411180428363408E-004
   8.6391027579013678E-005
   1.1643726936562538E-004
   1.4483211721890452E-004
   1.3086899047667647E-004
   7.8227450436627201E-005
   7.5850223256236537E-005
   5.7428689742196423E-005
   8.6484230910707175E-005
   7.6550656298334327E-005
   7.7282506720057132E-005
   1.0082170975856665E-004
   6.3585982383734075E-005
   1.4914260962375155E-004
   1.0502038950210441E-004
   1.4433418044767260E-004
   8.8692858667346181E-005
   1.0973124537608891E-004
   8.2708419443925239E-005
   6.3957770152260539E-005
   1.1372201689281422E-004
   6.0668260905730041E-005
   4.8760275068684058E-005
   8.1804049806976609E-005
   1.0168030910059649E-004
   8.8171731204956697E-005
   1.1899520725285993E-004
   6.4081460816148978E-005
   6.2058994950563135E-005
   6.5244988336613004E-005
   5.2804529013228451E-005
   1.0610475715229056E-004
   1.0014647167592755E-004
   1.9273821829928921E-004
   6.9105710747197475E-005
   4.2851559326209623E-005
   1.0448993103090417E-004
   5.4236344932474219E-005
   7.4198454648842605E-005
   6.7791550429766980E-005
   8.0921892561097196E-005
   7.8327848113792626E-005
   6.9667317254494047E-005
   5.8468104847275701E-005
   1.1098318977529882E-004
   6.6974105951209963E-005
   7.3539749595343210E-005
   1.4335758575487141E-004
   7.2943233637638149E-005
   7.8990518303596129E-005
   7.1039352414070943E-005
   9.5261410485846345E-005
   6.5821498790388365E-005
   9.6569274306223464E-005
   1.4588144855315330E-004
   8.7914069230917656E-005
   6.8027107224724072E-005
   7.1377685559359381E-005
   1.1642427139713989E-004
   5.5478741608254441E-005
   5.8348051390928843E-005
   6.1138182953140251E-005
   1.0665515832514820E-004
   7.4661789352387743E-005
   8.3587855748509690E-005
   9.6749200645665791E-005
   8.8019703994561321E-005
   7.2711281175431261E-005
   2.1715070680174213E-004
   1.0165431856726155E-004
   1.1707952038367567E-004
   7.2404901429070501E-005
   1.0184383183555709E-004
   6.2685677664366557E-005
   6.7826720563034557E-005
   7.2749357940649482E-005
   1.2831232875926460E-004
   1.2397412302224677E-004
   5.5752591613300610E-005
   1.1630919927392928E-004
   7.0384493167628746E-005
   1.0269961733206118E-004
   9.3423288764959538E-005
   6.5495020767211744E-005
   6.1403687233237489E-005
   1.2095325006119098E-004
   8.4409996170442140E-005
   7.1781071610004381E-005
   1.0105428667844303E-004
   1.2120065968366966E-004
   8.7893144569435803E-005
   1.3312802893714827E-004
   5.4873460485073502E-005
   7.1677110943042512E-005
   1.4122037984913525E-004
   6.8846471011118168E-005
   1.5095570652769638E-004
   1.0974894929285288E-004
   5.6968375975560724E-005
   5.0555389367661627E-005
   1.1367155516263615E-004
   1.0555685177820083E-004
   7.0660531571522346E-005
   5.8656390075165354E-005
   6.6927834046813796E-005
   6.2558418360819301E-005
   1.3973916467072023E-004
   6.7942079677818076E-005
   8.2544505619417795E-005
   7.8369070472133657E-005
   8.6997834369224408E-005
   7.0790658627927592E-005
   6.6129263141902450E-005
   8.9127905738599169E-005
   8.7336369953125973E-005
   1.2552902057682888E-004
   1.9748080998966043E-004
   6.1799319440729601E-005
   7.4745290179277054E-005
   7.8279740885806292E-005
   9.9521627865926905E-005
   1.3617046100146928E-004
   9.3350987525732146E-005
   1.0060245479469508E-004
   5.7695934467464362E-005
   6.3794926450338381E-005
   5.8740577001709538E-005
   1.2525771371070174E-004
   8.6097922618184785E-005
   9.2166753157644444E-005
   5.9871091827493868E-005
   7.4793463456843188E-005
   7.5047262842424544E-005
   1.2703187324384076E-004
   8.4743147805253169E-005
   8.5660749747709070E-005
   1.1438090456906111E-004
   1.0243200853450314E-004
   8.2017571124771266E-005
   1.3814365243153460E-004
   7.1252442255437243E-005
   1.5774024706596964E-004
   9.4004222177578056E-005
   4.9687113506034474E-005
   7.1962817101797329E-005
   7.7006119351192342E-005
   6.4821106224873985E-005
   9.6702048681190803E-005
   9.3791632101291499E-005
   8.9113370695315940E-005
   7.2336516739159295E-005
   8.5494938997887751E-005
   9.5195105197977105E-005
   1.0909978187250842E-004
   9.2972527554061976E-005
   1.2336262032089810E-004
   8.5312349955708061E-005
   1.7048413234956687E-004
   6.9268179119596503E-005
   7.4786487797434592E-005
   7.9499986890988925E-005
   1.3715398526207344E-004
   1.2214357540036002E-004
   1.2537408082073504E-004
   1.2962512127797995E-004
   8.9573395987434525E-005
   1.0566707620822664E-004
   8.3978084602059057E-005
   1.3458319590932993E-004
   7.9557075469494367E-005
   4.9952325400333027E-005
   7.8545417090167255E-005
   1.0261144611712760E-004
   6.2501175838167801E-005
   7.5419791143159899E-005
   1.0179340819553174E-004
   7.7830388243647672E-005
   5.1042632688065963E-005
   7.3623824917036246E-005
   9.9084351423472965E-005
   9.2963735992491477E-005
   6.6530810067726251E-005
   6.2149098325716646E-005
   1.7373176004062453E-004
   9.2002685930624642E-005
   1.3405909513604182E-004
   6.5824654476981818E-005
   5.2807859775151652E-005
   7.3595580060388885E-005
   8.5988627203176037E-005
   7.9319450760818486E-005
   9.7082673645923281E-005
   6.3105939737081079E-005
   7.2725575105857298E-005
   7.5187416841994282E-005
   1.0608968904486649E-004
   6.9560125564012751E-005
   8.2806404618362720E-005
   8.1593219362357017E-005
   7.3178927768969773E-005
   1.0018695001327018E-004
   7.0036364783240159E-005
   6.2916766530838727E-005
   8.5857847281420671E-005
   1.0760970195204329E-004
   7.5537884791805827E-005
   7.1297648165124334E-005
   6.6343534612828045E-005
   8.2932837571127023E-005
   8.5463952587576654E-005
   7.5365840615435382E-005
   6.0233938640644374E-005
   5.6421908678924850E-005
   4.8375044122915279E-005
   8.1770699319131572E-005
   6.5445158766093501E-005
   1.2933272429530482E-004
   9.7264630392949778E-005
   8.9831577754398442E-005
   7.3959138604270803E-005
   1.1645749828761659E-004
   1.1902844297645575E-004
   8.8869795452179893E-005
   5.0041778794561674E-005
   8.8811289284918273E-005
   6.4315480151290997E-005
   6.8970580378194870E-005
   9.4052287417450056E-005
   1.0972389201225172E-004
   7.4933218883040323E-005
   1.8762770042429189E-004
   5.8871858250150974E-005
   1.3720881559580914E-004
   6.0127060121215341E-005
   6.3111096387925351E-005
   6.5351361648509918E-005
   8.4184698346097305E-005
   1.2403090242204463E-004
   9.4167040225360852E-005
   1.3586423319525830E-004
   7.7408294940892525E-005
   7.0676690460522753E-005
   7.8722159766207503E-005
   6.1006779679151257E-005
   7.7346989708067021E-005
   8.7331521560892139E-005
   8.9164462121089417E-005
   1.0666647146870725E-004
   8.4016206849121886E-005
   5.7468741547934371E-005
   1.2455080617195582E-004
   4.3184438511337869E-005
   6.5218285764430549E-005
   5.9467755081164706E-005
   1.0714190364152822E-004
   5.8459786762858215E-005
   1.3867759543479178E-004
   7.9321271327980532E-005
   9.7432981851826756E-005
   9.5366553396110588E-005
   1.2725238414148710E-004
   7.9020408084780092E-005
   7.7908761603013796E-005
   6.1972715004660577E-005
   1.4589643199917131E-004
   1.0305888156443823E-004
   1.7888808248733018E-004
   7.9631891391272139E-005
   6.7133539556054982E-005
   6.1928860044338339E-005
   5.4165710353323906E-005
   1.0146911628673193E-004
   1.1137514281963007E-004
   1.2158959370833222E-004
   1.0715380629951570E-004
   7.3717973292866996E-005
   7.0013955750319472E-005
   8.8998999116346965E-005
   1.5593687304294297E-004
   6.9711854707265165E-005
   5.6005687982706913E-005
   1.0035180528768365E-004
   8.6400917188490819E-005
   7.1422814202929451E-005
   9.7171075339581804E-005
   8.6367172600701454E-005
   7.8239909757702299E-005
   8.4487056763767277E-005
   1.0387585705990662E-004
   6.6308389913350620E-005
   7.0004783771840265E-005
   7.9130116026025101E-005
   1.0652425124507525E-004
   9.2615300422918754E-005
   1.0200029036418062E-004
   1.3103578080556568E-004
   7.9703802792480041E-005
   1.0596209557124210E-004
   7.4853495994587005E-005
   8.2214478583319183E-005
   6.5702185471517595E-005
   7.1519768055090330E-005
   8.8195155719433853E-005
   1.0723582061241863E-004
   6.5472817772153284E-005
   5.8734411590435003E-005
   9.8422677408799058E-005
   1.0117190057495861E-004
   1.0538468971395617E-004
   7.5277564853427586E-005
   8.7995497519406397E-005
   8.6560628865267435E-005
   9.3822285370468532E-005
   7.1343124736383031E-005
   9.8387295522566953E-005
   5.9798918215240142E-005
   1.1600293465348261E-004
   7.9867931230254204E-005
   6.5249933579814297E-005
   7.2024878964441880E-005
   8.5736369307376991E-005
   7.3517209731249926E-005
   6.8478113463048910E-005
   8.9707846659733411E-005
   7.8621421258044715E-005
   8.5880578904290740E-005
   6.2439777596787338E-005
   7.9949883987004015E-005
   9.5269430842968085E-005
   6.1901360044227155E-005
   8.1410557870876008E-005
   1.0664769549455393E-004
   6.3769571164599672E-005
   1.0895243527381227E-004
   1.1404400817230579E-004
   7.6334168013493842E-005
   9.4684907562591340E-005
   7.3507482116363717E-005
   8.9569579194565406E-005
   1.0741909595056868E-004
   9.5640863401259734E-005
   8.8887184164865274E-005
   1.1185577046589080E-004
   1.1002770710376153E-004
   7.1571318209799191E-005
   9.5603967843145999E-005
   8.4975197290319449E-005
   6.8887176644516065E-005
   8.5716486331156597E-005
   1.0568650627658584E-004
   6.1246865411216107E-005
   1.0253994620885176E-004
   7.8382074734570538E-005
   7.1993064420100629E-005
   7.6210900472332486E-005
   1.6393757658471586E-004
   7.5694752949129909E-005
   5.0714368855785592E-005
   9.2264286810288989E-005
   1.1060043761225175E-004
   7.6610257084948897E-005
   1.1662569909496833E-004
   1.1116422667521776E-004
   6.1695251565367805E-005
   6.4191496087101014E-005
   7.6385001026945965E-005
   5.4430004775762426E-005
   7.6011401283418266E-005
   8.7807502165164738E-005
   9.0604142359348392E-005
   1.4054884450789628E-004
   8.1777398920090903E-005
   9.9954018395204250E-005
   6.9454731042400242E-005
   8.9811505372309794E-005
   1.0549088387155939E-004
   7.1753508781189422E-005
   7.0504682081987423E-005
   8.7905360808495893E-005
   8.2928482822449735E-005
   1.2151960739826218E-004
   7.5052135448301107E-005
   1.1490382629923286E-004
   9.2496003821973557E-005
   7.7177322498272902E-005
   9.8939857924173688E-005
   1.0211220887798007E-004
   8.9605677462262727E-005
   7.1696144949384336E-005
   8.0519582461658948E-005
   8.3137014377910131E-005
   1.0261988458843534E-004
   1.0111639407423287E-004
   1.0406365100522573E-004
   5.7540732260384769E-005
   8.3409902756148251E-005
   8.8085549648250208E-005
   1.1292420743274244E-004
   8.5495428051554401E-005
   1.2156448817525231E-004
   8.0157412151031889E-005
   1.1137311962921649E-004
   8.5156011172429514E-005
   6.3990180843600622E-005
   8.3793945070594417E-005
   1.9158096084018574E-004
   1.1312116380036912E-004
   7.9569782514384436E-005
   9.7421917395431459E-005
   5.2850350793678906E-005
   7.5545365869404444E-005
   6.4188098486969410E-005
   5.7685301769629204E-005
   9.4488785005053400E-005
   1.3128950849507131E-004
   1.0023722682059559E-004
   7.6598691816713211E-005
   1.3437152514653397E-004
   6.1448751220951410E-005
   5.4826865153695544E-005
   8.2575342685214638E-005
   7.2958704357954396E-005
   9.9021849772815184E-005
   9.5370641547083243E-005
   7.9498281873783283E-005
   1.4425494209887823E-004
   6.4117217653874127E-005
   8.1490937638271219E-005
   6.8824911567000530E-005
   6.2797445866045231E-005
   6.2884918051165107E-005
   1.3186959716346910E-004
   1.2381515758368278E-004
   8.6904577185514261E-005
   9.2900411048538382E-005
   8.3908317381725715E-005
   5.0083740572699561E-005
   9.4460501280309417E-005
   1.0963595928608187E-004
   7.7085591207943642E-005
   1.2937393352864009E-004
   1.0364098168815060E-004
   7.5968109670820319E-005
   7.2336051671217970E-005
   7.6350710134977893E-005
   1.5343281058312412E-004
   5.4036804858072587E-005
   1.1115839314272054E-004
   9.7002471499523754E-005
   9.5575380091515044E-005
   6.8175501608988304E-005
   6.0848947677783345E-005
   9.2831276683951472E-005
   1.1669785842217823E-004
   1.2989687498679117E-004
   5.9361563130181608E-005
   9.1910056363113496E-005
   8.3762414620673666E-005
   1.0322244932659024E-004
   6.8967015625853508E-005
   8.7868053353281448E-005
   7.3981362279518893E-005
   1.0419799922983634E-004
   1.1735687072906935E-004
   5.9690013816478817E-005
   9.1279196995720888E-005
   1.2913644668723914E-004
   7.0761986536536811E-005
   7.9731455468455065E-005
   9.2085817384509941E-005
   7.6908238638024410E-005
   8.4588125492098305E-005
   7.3059814710505934E-005
   9.9641157500615459E-005
   1.1674368391469857E-004
   8.1086353830703251E-005
   8.5950566571060116E-005
   6.4831556722093898E-005
   1.0093128202783921E-004
   8.2700994963888261E-005
   6.3067654452724026E-005
   7.8378984153787125E-005
   1.0878815244479418E-004
   8.8292485148215046E-005
   9.8926811643178876E-005
   7.8859004397906232E-005
   7.0868152362304142E-005
   2.3489848281509274E-004
   7.1877158106798639E-005
   6.6026379691660309E-005
   7.2268048797882774E-005
   7.8922897406839609E-005
   1.2143772114911565E-004
   1.5251009422823368E-004
   7.1665684428690873E-005
   6.2083860599704762E-005
   8.2977339724700847E-005
   9.5216364037832530E-005
   5.2518439589473716E-005
   1.1135940288812372E-004
   7.2552611112574627E-005
   6.2417572151738092E-005
   9.5624963487137788E-005
   8.4938212462284981E-005
   1.8415219299455128E-004
   7.4528894096951141E-005
   6.0557290757784524E-005
   1.6898609311031637E-004
   7.4195979946573178E-005
   1.3983624397266508E-004
   4.6360637092264378E-005
   1.0120136395330267E-004
   7.7235982337984152E-005
   8.9804190677058747E-005
   9.9819587332664194E-005
   6.5006698433302249E-005
   8.8126978844779675E-005
   8.8428816325222996E-005
   8.5012063214030993E-005
   9.6335815151108307E-005
   5.9161266187360163E-005
   4.5006853903969685E-005
   8.2069769740928416E-005
   9.4273775429662819E-005
   8.8713418812340889E-005
   6.3428782311966716E-005
   1.1898987057267804E-004
   6.7661525645577983E-005
   7.7961101154815408E-005
   7.4248588083175200E-005
   6.7220515457893406E-005
   9.7950193701124621E-005
   8.8360289667506508E-005
   1.1064595134097534E-004
   7.7609025375104614E-005
   7.2530127802879890E-005
   1.2953552314355407E-004
   8.9436540069813268E-005
   5.9538172198433523E-005
   1.3007900082405918E-004
   1.1198795395326057E-004
   7.7079178426458950E-005
   8.2791184444130773E-005
   8.9325263735596177E-005
   5.4884784158456279E-005
   7.4141383381256111E-005
   6.7351638941545356E-005
   7.0831410562428117E-005
   6.2457871129091607E-005
   7.2400459246873181E-005
   1.0272147055970707E-004
   8.0925419333865390E-005
   1.2628279213745412E-004
   5.4420121286316559E-005
   1.1841578350192065E-004
   6.8205640202906111E-005
   4.9998565323663185E-005
   8.2924327831184421E-005
   1.3020320391578252E-004
   1.0926178797870478E-004
   7.0047907980480193E-005
   5.3149832772504963E-005
   5.7397023590071763E-005
   5.2196262221632821E-005
   1.6162172701152019E-004
   8.4025396654818159E-005
   8.0059750179123899E-005
   1.0367624343305917E-004
   7.3311730544998847E-005
   9.7921499574385007E-005
   6.1902323749905890E-005
   7.2458476978668994E-005
   6.7046596631972961E-005
   9.3231977882142315E-005
   1.1160372640340211E-004
   8.4888278044898050E-005
   9.0096993529098415E-005
   1.0507513758258301E-004
   1.3313551621779084E-004
   6.9480535090227802E-005
   5.0043910597787571E-005
   6.6056823682725100E-005
   8.1423817311886203E-005
   5.0215490724818534E-005
   5.2378605924500115E-005
   8.4264286577214736E-005
   6.4714858159415644E-005
   1.1747718036113514E-004
   9.2586244982984824E-005
   7.7551944778057793E-005
   6.6651587208421694E-005
   7.6112470071254144E-005
   8.9951798783276618E-005
   1.3902433388278491E-004
   6.5521276729731075E-005
   1.0221234854063731E-004
   6.7382021392087889E-005
   7.0088257540267036E-005
   8.1405541114575603E-005
   9.8883879159497923E-005
   7.7103152454604398E-005
   6.2319877184700606E-005
   1.2002760517573523E-004
   7.0838100940621111E-005
   1.2245903469028621E-004
   1.3350117310025606E-004
   5.9763128052130372E-005
   8.1679084488785504E-005
   4.6918273474950138E-005
   6.5288101120664660E-005
   9.3572147687302361E-005
   6.6997015884867880E-005
   5.5753235611221634E-005
   9.2017671451225970E-005
   1.2436944138362950E-004
   8.1549593359484595E-005
   1.2597116501654294E-004
   6.3042576226583319E-005
   6.6675792797769417E-005
   8.4651813925208251E-005
   6.2355464260599889E-005
   7.3386546287551658E-005
   8.6575256940215080E-005
   8.3704971319599158E-005
   9.8201065272168493E-005
   1.1746101872876589E-004
   5.6466216566193477E-005
   1.1414686041010359E-004
   7.0948540830423183E-005
   8.4540076989396385E-005
   6.6656265036088013E-005
   1.2257334958872465E-004
   6.3241758408318893E-005
   6.6069241371780955E-005
   8.5541174617266406E-005
   6.4698348412979426E-005
   1.3413335738510281E-004
   8.3456757298791393E-005
   7.1428541221238014E-005
   8.1074509691843937E-005
   7.1169223425121715E-005
   5.5905559606460903E-005
   7.2593698240480681E-005
   8.3995527545957993E-005
   9.6050017299925480E-005
   6.1224694749208259E-005
   6.0772470500941478E-005
   9.0704528071538338E-005
   7.5183721761649228E-005
   1.3536236765948598E-004
   7.1702619847699019E-005
   1.3379337738750265E-004
   1.3481878342755626E-004
   1.1848948223786463E-004
   8.9997379636984622E-005
   1.0050088686960173E-004
   7.4281122375860031E-005
   9.1624026663513075E-005
   9.6908214897400562E-005
   1.1677976618117364E-004
   1.2348153816205739E-004
   7.4882359716352875E-005
   1.1002931777672037E-004
   6.2187599792906117E-005
   6.7221056943973651E-005
   9.5390187072637742E-005
   1.2450647764929160E-004
   6.0289337969737318E-005
   1.3380404552260119E-004
   7.4899228299067601E-005
   1.0212914402946207E-004
   1.0280929960373661E-004
   1.0304869297379276E-004
   6.6024786636535401E-005
   6.0799170350793203E-005
   7.9093463027539579E-005
   8.2881918815547593E-005
   7.3588600264001280E-005
   9.7626436789497343E-005
   8.9474191939458540E-005
   9.3753959636281092E-005
   7.9758051890760017E-005
   5.8102774469728515E-005
   7.5654684978807105E-005
   6.9051540711082706E-005
   6.6263564140135186E-005
   8.3402468784099022E-005
   1.2815218415038727E-004
   5.9972294393264006E-005
   6.5045690893807454E-005
   1.1258595766063545E-004
   9.8649044836844751E-005
   9.0316964475178318E-005
   9.9745899551489586E-005
   1.1251327508759311E-004
   1.1007782338609792E-004
   8.3387211415504711E-005
   6.3611962582963192E-005
   7.9463179786727126E-005
   8.7130233150793730E-005
   8.3618144332358251E-005
   7.1670495893036605E-005
   7.5729557009069463E-005
   1.0358678699059150E-004
   9.8332403025633625E-005
   6.0501628829429021E-005
   1.0398410832829842E-004
   9.3353865941158933E-005
   9.3992827582538920E-005
   7.3139469932079828E-005
   5.1026050537261383E-005
   8.7836773826400179E-005
   6.5303630627620729E-005
   8.5892318302956648E-005
   8.1872238305029970E-005
   7.8336487458723522E-005
   9.2573523256176570E-005
   7.5755037569833755E-005
   7.6046754406381857E-005
   8.1374255743014653E-005
   7.2466540113022633E-005
   7.4053558002959056E-005
   1.0225001577310845E-004
   5.8159601781179308E-005
   7.4803472439716222E-005
   6.4114469116603287E-005
   7.7854948542672200E-005
   8.7938116445494913E-005
   6.8689473517200594E-005
   8.3702507607152715E-005
   5.6562966852910300E-005
   1.3185713189734199E-004
   7.3368550300682172E-005
   6.9428133701007636E-005
   8.0963772124782342E-005
   7.0273011714767038E-005
   9.7103892503481637E-005
   1.0888831082668701E-004
   9.2354127486097922E-005
   2.2031242977567017E-004
   8.3730885598374541E-005
   5.6440011121655519E-005
   7.6438591381141068E-005
   8.9339928836464170E-005
   7.6812319868496933E-005
   1.1177785806454499E-004
   8.4728189724417199E-005
   7.3197789454350020E-005
   8.4048766254940337E-005
   8.1765963070183973E-005
   1.1821383584951645E-004
   5.7926354635607678E-005
   9.3232654861429858E-005
   6.1493909317947521E-005
   7.2974617748352536E-005
   5.2777165918611342E-005
   6.9283973270599402E-005
   7.8374720172578845E-005
   4.5159599173414788E-005
   5.0250322383325393E-005
   7.1959831180001013E-005
   6.8611598006698127E-005
   6.7717835083571293E-005
   8.3089565004480366E-005
