   7.6230672089134258E-005
   8.9739577702811616E-005
   8.6432361281758770E-005
   6.8350143240661622E-005
   1.0001719078421170E-004
   8.2135142630672517E-005
   9.4957887971005732E-005
   8.4166232476715674E-005
   7.8436214505959008E-005
   7.1529589032944747E-005
   8.3118396605612189E-005
   8.5013120610768965E-005
   6.8939393246182821E-005
   6.6613670786615321E-005
   7.2838119505100378E-005
   7.7305930179568630E-005
   1.0697228877167060E-004
   5.8852647095112518E-005
   7.0211461314345823E-005
   1.4164123852543719E-004
   1.1248746554261987E-004
   8.4538252486904725E-005
   8.0163016332745226E-005
   5.9323866341234816E-005
   5.6226296455276858E-005
   8.5888928416733549E-005
   9.2973153331085763E-005
   6.6747902269966548E-005
   6.6443633553630837E-005
   1.1169935614304373E-004
   1.2058528345141825E-004
   1.1778577002817787E-004
   6.1565979920916462E-005
   6.3248053851450820E-005
   8.5452521035347525E-005
   7.7579523364823509E-005
   9.7615926533367031E-005
   6.5126510462263672E-005
   8.4497181100317442E-005
   6.6534346127187198E-005
   6.3256086901405348E-005
   8.3598568716690029E-005
   1.3323200866176621E-004
   9.5515032081481416E-005
   1.2923220245182628E-004
   9.4582349287861082E-005
   1.3419290039307051E-004
   8.8459011670400731E-005
   1.2647102138539507E-004
   9.1561010159324756E-005
   1.0916285911052791E-004
   8.4036870202450578E-005
   7.0026577842725692E-005
   7.0524498765561246E-005
   5.9751889449282663E-005
   1.1130026660393657E-004
   7.5696865262992401E-005
   6.3739427232188870E-005
   8.7828806298089778E-005
   1.2238472720749936E-004
   7.6302050588765940E-005
   1.2494670448834772E-004
   6.3437841575414956E-005
   8.1793272427083816E-005
   7.8658371801201173E-005
   8.9741522014637347E-005
   8.0660402548160540E-005
   6.8978216125360097E-005
   5.1800113562992918E-005
   7.2889189163778960E-005
   1.1377090338910588E-004
   7.7370755713649915E-005
   5.3687102441669848E-005
   9.2156205696567814E-005
   5.8074049332170395E-005
   8.3343166170323532E-005
   9.7410739471254633E-005
   9.3024951580891933E-005
   8.3211581360679080E-005
   1.1066065690683728E-004
   1.0073370500862856E-004
   9.0966512027969878E-005
   9.6815934158465142E-005
   5.7669584859339669E-005
   1.2006685967696019E-004
   6.6489331825223636E-005
   8.7933725957139441E-005
   8.8244549942947549E-005
   9.6910805314259131E-005
   7.6472699883434609E-005
   9.6782859161292440E-005
   1.0285112417542097E-004
   1.0850192494233169E-004
   9.6460620560935451E-005
   7.9556940930009359E-005
   9.5506089720912262E-005
   1.0020793070890037E-004
   7.6921793142169419E-005
   7.6249509571078199E-005
   7.1193890594856645E-005
   7.4136003211290971E-005
   9.5177468371170285E-005
   8.6638055585398039E-005
   6.6621253804796690E-005
   1.0996181032124177E-004
   4.8886787305568625E-005
   7.9243619121135842E-005
   1.9525391819399945E-004
   6.4785654531023020E-005
   6.5124904476226495E-005
   9.3567319896055806E-005
   1.0209864299332690E-004
   8.3251882064821377E-005
   8.6044633135853768E-005
   6.2137130247707535E-005
   6.2869501889049130E-005
   1.0750771572402650E-004
   6.2519351138279263E-005
   2.4155400712667875E-004
   7.6808684417764867E-005
   1.2352394440973011E-004
   5.3342766870853425E-005
   8.8398436829277465E-005
   1.0215283739783553E-004
   7.3820716927248614E-005
   1.2260629098206249E-004
   8.4415661770878206E-005
   6.9325098594809283E-005
   1.2642924193982243E-004
   7.9959985739251534E-005
   7.7240303762455320E-005
   6.2637699617382178E-005
   8.0525592344710072E-005
   7.4637794273334221E-005
   1.2119287996468131E-004
   4.9246717429080711E-005
   8.1690264225176324E-005
   7.6328055904855267E-005
   9.5010037866005687E-005
   6.7827662223452845E-005
   6.7439573772468247E-005
   7.8794353130138945E-005
   8.7269000812366973E-005
   9.8783783719555459E-005
   1.4225578365464745E-004
   8.5624178765810401E-005
   7.5281177814533212E-005
   8.1134796896353972E-005
   1.6212825293982760E-004
   8.7179128053476161E-005
   8.2142500597128258E-005
   7.4824075634398810E-005
   7.7352066029052547E-005
   1.3767115842760612E-004
   7.3774966444791005E-005
   1.0846981880195389E-004
   8.5024688582837604E-005
   7.1048856270291557E-005
   9.8294787831873257E-005
   1.9561653450248670E-004
   7.8741348573138531E-005
   7.4283898802246734E-005
   6.8350587557481707E-005
   8.3775178526270823E-005
   6.2988006226276778E-005
   7.7904182934397914E-005
   6.9803591767779672E-005
   8.1076272304136035E-005
   1.1092615066932875E-004
   8.3243436750074734E-005
   1.1972537025371958E-004
   1.0205343924521336E-004
   7.5030932208767663E-005
   1.4909487122186430E-004
   6.4157277395132732E-005
   6.9389117554992077E-005
   8.0272176240701957E-005
   9.8262288394545497E-005
   7.8233798934846145E-005
   8.1883107836656761E-005
   1.1698563476697575E-004
   9.3207907455532095E-005
   6.7106318121589730E-005
   5.1048743413649647E-005
   8.7242170682172202E-005
   1.0632878283658305E-004
   7.7994103342252154E-005
   8.7820038888594462E-005
   8.5474100822027080E-005
   7.0475462189882699E-005
   4.8494806957669679E-005
   8.3305139249128331E-005
   9.6755979667743756E-005
   1.2542879493051970E-004
   5.8811192334424628E-005
   7.8878920986903155E-005
   1.0897836619325710E-004
   9.2397970407461096E-005
   8.0492755733242656E-005
   8.2872010292328420E-005
   8.5678595094664981E-005
   9.8031897560734989E-005
   7.0173052642519054E-005
   7.4201932773428501E-005
   9.1088427152472348E-005
   1.2999267997605615E-004
   6.2277600479707692E-005
   7.1305788158901082E-005
   8.9381511625062239E-005
   1.2572706209366908E-004
   8.0957434616611910E-005
   8.6448294909963227E-005
   1.2671163232877184E-004
   6.0944265745640165E-005
   8.5454321402919495E-005
   1.2556361816182579E-004
   7.8455735718716574E-005
   8.8771581069822298E-005
   6.5395499361871494E-005
   8.5596643563559809E-005
   7.0904475924399917E-005
   6.6723063899170045E-005
   7.1934775899366803E-005
   7.1208611943933311E-005
   8.1506928122509987E-005
   1.0373345837936840E-004
   1.0384932265077429E-004
   1.0180291189005705E-004
   1.1751464497730588E-004
   8.5911401854574557E-005
   1.1437352613452054E-004
   1.1421777666686109E-004
   1.0904466148692026E-004
   5.4923002332878305E-005
   5.6316622854361086E-005
   5.5124736595434681E-005
   6.5304177445446381E-005
   6.7444900674233383E-005
   1.0617031791814756E-004
   8.3886478200423937E-005
   7.5543346236851898E-005
   9.3323853986912667E-005
   4.9406021717780543E-005
   1.0879695813790741E-004
   8.1954700167014043E-005
   1.0568904742136174E-004
   5.5251339642454735E-005
   7.7648324825752639E-005
   8.3718114573616383E-005
   8.8342802670940323E-005
   6.9227395414079700E-005
   7.7027220459895774E-005
   9.2086147811999076E-005
   1.2772926895770887E-004
   8.5510065811998076E-005
   1.2249506743148368E-004
   9.3859929157115313E-005
   6.9313004397473900E-005
   5.1229937745051221E-005
   8.0485546589716426E-005
   1.0223896964182754E-004
   8.4808385136635967E-005
   8.2494683515605104E-005
   1.1374522795706729E-004
   1.2955879480015526E-004
   7.6446808011198727E-005
   8.4667000799334158E-005
   1.2067296542645053E-004
   7.7631211129052408E-005
   1.0423691570057038E-004
   7.1191753018164509E-005
   9.0866593037460265E-005
   1.5213875283963412E-004
   8.2808751808222987E-005
   5.6730458483822096E-005
   6.8802785705584602E-005
   6.8522277819773147E-005
   9.6376055824106012E-005
   1.0838616295420932E-004
   8.7642944192147345E-005
   1.3839161572899107E-004
   6.8917297122180488E-005
   9.1685798045603952E-005
   7.3283540925570933E-005
   8.2702686190430156E-005
   9.1305642160675161E-005
   6.8742546182853597E-005
   7.4887727727483515E-005
   9.4177640168797871E-005
   7.0398095480581828E-005
   7.6529773472337013E-005
   5.6211000654273186E-005
   7.6918478103349036E-005
   1.0768223284670141E-004
   8.0522843269315229E-005
   1.1502519287024013E-004
   6.2643694623152810E-005
   7.1106919712959863E-005
   8.0007133645659123E-005
   9.5395003027376571E-005
   6.3106059160743025E-005
   7.7857303865826947E-005
   8.4367420997535892E-005
   8.8068625953105549E-005
   1.0194325082466718E-004
   8.8431435619473593E-005
   1.0936695054545394E-004
   1.0138198024401256E-004
   8.1741383337586543E-005
   1.3419429478779104E-004
   7.5827334478230450E-005
   9.8457196310371194E-005
   1.0337099835792606E-004
   1.2216744271129916E-004
   8.5471370216898000E-005
   9.9034038998714428E-005
   8.7655209793490834E-005
   6.6235535390617533E-005
   8.9390633504893464E-005
   8.3997026605764564E-005
   8.8911665144116370E-005
   1.1578039118341253E-004
   5.1099861373432705E-005
   1.0781951625627489E-004
   8.6514210309100666E-005
   1.2797490294705796E-004
   5.0733921266133351E-005
   5.7379159169943624E-005
   6.6146680972124352E-005
   6.8301843506828508E-005
   1.9505341639336718E-004
   6.9077483685344275E-005
   6.3841355315227003E-005
   8.3769004157679454E-005
   1.1632371788596765E-004
   2.1916316693172287E-004
   1.1599185893716324E-004
   1.3101332489854833E-004
   7.8307116138604194E-005
   1.4341942928968712E-004
   6.5935821831404929E-005
   6.8084252793835094E-005
   7.6531816467823095E-005
   1.0632293817110577E-004
   1.6963334322484100E-004
   1.0007672821476240E-004
   9.4798603501105449E-005
   7.1765237094931187E-005
   8.8113672351671179E-005
   6.4412068060551965E-005
   6.2920741716781555E-005
   6.6165851386349280E-005
   8.3890255167271601E-005
   1.1858725611995623E-004
   8.9829244111916482E-005
   6.3620071605752581E-005
   1.0395808004540991E-004
   1.0867765067044965E-004
   1.0741360331032217E-004
   5.5178159451246653E-005
   5.2520574971338572E-005
   7.1316555318454448E-005
   6.6865407226450441E-005
   7.1626248784293739E-005
   9.2272576223758731E-005
   8.6785405102406959E-005
   9.6322014914243021E-005
   6.4971183463619729E-005
   5.4842225512459822E-005
   7.2168057847686809E-005
   8.8113955559111833E-005
   6.6706482042547854E-005
   9.9935440937505934E-005
   9.6278842964802537E-005
   1.1744578779089498E-004
   8.0249573964717616E-005
   8.5346106663171736E-005
   6.4959753671843358E-005
   6.5540530342261371E-005
   7.5429019778075159E-005
   9.5261634151745908E-005
   8.5492672622631774E-005
   7.2723090665842430E-005
   1.1064598028894139E-004
   6.7249412224378662E-005
   7.7819415410341184E-005
   1.1599356279980279E-004
   1.0012579809081080E-004
   9.0602892039444465E-005
   7.8096635519907430E-005
   6.3530009261920939E-005
   8.7859867306666265E-005
   1.2039200791885113E-004
   1.0005855772317424E-004
   1.4421755963180512E-004
   7.6751629868294509E-005
   1.1882611112981542E-004
   8.9189579503318300E-005
   1.1989437532349939E-004
   9.6847696419192865E-005
   8.6645434021498355E-005
   9.9232845061616889E-005
   1.0272931703858072E-004
   5.5470548332999668E-005
   7.0659345156734142E-005
   8.6494443770731048E-005
   1.0035117724571850E-004
   1.2191850849379969E-004
   7.7571457509082654E-005
   5.1798353231030290E-005
   5.6622085054796459E-005
   1.0245406812048418E-004
   1.1671072063058831E-004
   7.0752041817529761E-005
   9.2782534167789489E-005
   9.0482442119592542E-005
   7.4958099371481051E-005
   9.1975236776198840E-005
   9.1552102760516913E-005
   6.5120888122248080E-005
   6.6842537721037681E-005
   1.2326459339980883E-004
   7.5869267973220384E-005
   8.7915385392847912E-005
   8.9593139739175127E-005
   7.4699076475937614E-005
   1.3959499837205871E-004
   9.7902497091592957E-005
   9.7529645665125634E-005
   1.1256329884091447E-004
   7.7659297194863184E-005
   1.1296894318683706E-004
   9.0124877778624275E-005
   7.3259831684416131E-005
   8.8602842516233282E-005
   1.1523211146574088E-004
   9.4335798976922150E-005
   9.6747180694795498E-005
   1.5812781593398719E-004
   7.7482386746040129E-005
   6.7234255658134664E-005
   7.6822835533466705E-005
   1.5602302786803108E-004
   1.1831305879148548E-004
   7.1919335981510775E-005
   5.8694974174938360E-005
   1.2465157558189059E-004
   7.9547876350940914E-005
   8.6976767994934848E-005
   9.0390549896117201E-005
   8.6570517152436319E-005
   8.5231557208761334E-005
   7.9669972414605827E-005
   1.5404538388687125E-004
   1.0224810739887206E-004
   9.7263296532582919E-005
   6.2336619196458871E-005
   9.2737272232995481E-005
   1.0313367576980680E-004
   7.9937754719712199E-005
   4.6263300554154746E-005
   6.1472230999353960E-005
   7.2819661970773995E-005
   6.8791633675782703E-005
   9.9549232487369178E-005
   7.7004124204287422E-005
   6.4577806013401057E-005
   7.1176167953291436E-005
   4.9564578670688266E-005
   1.0449012669860909E-004
   7.7954657132875342E-005
   8.4477326554462627E-005
   6.1842443608300113E-005
   5.6813894429003958E-005
   7.5984299172606810E-005
   1.6299499062769285E-004
   9.7533264560465755E-005
   7.4787050443521783E-005
   1.3575583170586335E-004
   1.3109939778550625E-004
   9.7291989610128436E-005
   8.0951505288632771E-005
   1.0437923291799885E-004
   1.0824030359693204E-004
   9.3820571344101119E-005
   8.6594554902326675E-005
   1.1249651574876490E-004
   1.0875883627315353E-004
   8.9954398227895524E-005
   1.9115297566692766E-004
   1.0394087588237794E-004
   7.0584123613827698E-005
   1.0788114643586228E-004
   1.2612934758378058E-004
   9.4408657674961008E-005
   9.1240447520917555E-005
   9.3701064750899293E-005
   5.8028027562704771E-005
   1.0100795015970633E-004
   6.6993004813468499E-005
   1.1339994390428732E-004
   7.8917131709256040E-005
   9.6190718523960164E-005
   7.6712621701267256E-005
   9.4761336524865980E-005
   1.0531367433225110E-004
   8.4831764289607271E-005
   8.6946185090899276E-005
   7.2819451478417987E-005
   1.0819286314834771E-004
   7.3501312956724419E-005
   9.1087685268717466E-005
   1.1516066673279419E-004
   7.5045769069566586E-005
   9.5102309551392737E-005
   7.2095747818547612E-005
   1.2436020605012893E-004
   1.1966710414792870E-004
   8.6793617624303081E-005
   8.9601072663181432E-005
   9.3419732177710491E-005
   8.6889380066501858E-005
   5.9331014790826765E-005
   8.7436344231802643E-005
   7.8977110727601756E-005
   7.1750456164602141E-005
   1.0240704211985751E-004
   8.3543733942298927E-005
   1.1539708031808673E-004
   5.5062627452271796E-005
   8.6505644618815750E-005
   5.3945626095080375E-005
   6.8001762206285421E-005
   9.4249651520368307E-005
   6.9492060919336041E-005
   9.0889949670413235E-005
   7.1952319520105773E-005
   6.4243755989622657E-005
   9.3432866236774919E-005
   1.1580912022874996E-004
   1.3162493917476855E-004
   6.4680435329331350E-005
   1.3141046637841044E-004
   7.3660183779864180E-005
   5.8590978596294703E-005
   1.1260933550326386E-004
   1.0103683723093875E-004
   7.0052199897132036E-005
   1.6953713373610372E-004
   8.3997422574871527E-005
   1.1500412099951874E-004
   7.7706010647819626E-005
   1.0439560913923378E-004
   7.5611801675882652E-005
   8.8246937995429723E-005
   9.9388476686945699E-005
   6.5813256207732630E-005
   8.8122644490737451E-005
   9.0405098439973701E-005
   6.0707169339256735E-005
   1.2310365385952699E-004
   6.4276321328076986E-005
   1.0247410718365854E-004
   6.7040751318125236E-005
   6.7124005139363845E-005
   9.1629764946681274E-005
   5.2168175800357113E-005
   1.1410712116738356E-004
   7.7216983573834250E-005
   1.3683104636066213E-004
   7.8723528817300494E-005
   9.1409828926874331E-005
   1.3409921087210059E-004
   1.2038489029408439E-004
   8.1431247139772636E-005
   1.2243989042860383E-004
   6.2852225576650431E-005
   7.3556795613225419E-005
   9.3935631165841530E-005
   7.8224244881806553E-005
   9.9196827130913678E-005
   9.0251428475310598E-005
   9.3066058875257649E-005
   8.0892062464862409E-005
   8.6754549895602824E-005
   5.5747120111496893E-005
   1.0840862899993968E-004
   9.2359726218134105E-005
   8.8778102719268688E-005
   8.4180322044206336E-005
   6.3235975030603620E-005
   1.2613922523863459E-004
   7.3732861626126653E-005
   5.0315881131611070E-005
   6.4524037242891518E-005
   1.3877981445062232E-004
   6.0932689364575418E-005
   1.2743850542602800E-004
   8.4600358575986987E-005
   9.1622765437689873E-005
   1.0358082632953435E-004
   6.8040114172394215E-005
   4.7734398504451593E-005
   6.3239820387816026E-005
   6.5821637792991793E-005
   1.2717311649984930E-004
   9.0249330232278774E-005
   6.3427764505262415E-005
   1.3188809017535875E-004
   9.1323438314722279E-005
   8.6522407756199854E-005
   8.6453159326903810E-005
   9.0027085370320145E-005
   1.2180134503777980E-004
   8.8829309597052814E-005
   1.0186457538647506E-004
   7.8693818296377151E-005
   8.4321819126112691E-005
   6.9695263517024299E-005
   7.7599062441585106E-005
   8.9435967221258774E-005
   7.2064393462393424E-005
   6.8290864301005276E-005
   1.2358195161019447E-004
   9.0695460169971232E-005
   7.8274624711710696E-005
   8.0729325249357902E-005
   6.4654137895064719E-005
   8.8109714391879332E-005
   1.1253915267399408E-004
   9.9999082886130972E-005
   9.4486629528295381E-005
   9.6420025724405870E-005
   8.9220708358522897E-005
   8.3951877694464928E-005
   7.8499618876019613E-005
   7.4940665095384309E-005
   7.4176682827465431E-005
   7.0140939316561967E-005
   6.9537468673408671E-005
   1.1521525119238006E-004
   9.4832731972212188E-005
   7.1396953030191716E-005
   8.7214343444319569E-005
   8.7765365674538471E-005
   6.7146760593468033E-005
   1.1327443384036565E-004
   7.6519943379334818E-005
   6.2142090551515426E-005
   1.0935588365709853E-004
   9.3278438015312670E-005
   7.6360494267513712E-005
   6.2770182573835414E-005
   9.4726793077702659E-005
   9.8391474761196950E-005
   1.1588410311029015E-004
   8.3100179365220011E-005
   5.6756546731617366E-005
   5.9839027361584834E-005
   6.5263854559901359E-005
   6.4331051099661616E-005
   7.6562363051263792E-005
   8.2140310398020325E-005
   8.8656798199689328E-005
   1.0026445921064644E-004
   8.2810295264158502E-005
   8.9727164605623054E-005
   1.0258374383244149E-004
   9.1841802727768388E-005
   8.6103792092538653E-005
   1.0798248093782846E-004
   1.0849592721912971E-004
   5.6753518778640201E-005
   1.0282927495423503E-004
   1.0440175063761522E-004
   7.5173601198699270E-005
   9.9694275858181307E-005
   8.7400898938234679E-005
   7.8607104383502182E-005
   8.7370420822223150E-005
   1.7337264443027147E-004
   5.8075939467201789E-005
   4.7232286815538948E-005
   4.4845795419213665E-005
   8.1917431975303613E-005
   6.1944740332354789E-005
   8.2402222575193602E-005
   8.8453419882108752E-005
   6.1883437409606911E-005
   1.0877880683558059E-004
   1.1085728016186468E-004
   1.4785761297390535E-004
   5.8321399097799018E-005
   5.2263458075545016E-005
   8.7761124071505269E-005
   7.5332997252753172E-005
   7.1781700064455756E-005
   1.1002285686438154E-004
   1.6371354253788201E-004
   8.6309000071297057E-005
   5.9598135327317658E-005
   1.2957228515702448E-004
   6.6774989197118377E-005
   7.9951929411117750E-005
   9.4855776111424706E-005
   1.0876313756995025E-004
   6.5380010756594130E-005
   7.7643603859902621E-005
   1.5497370205606333E-004
   1.1379242046285314E-004
   7.9194327845587471E-005
   9.1701614591622489E-005
   7.2168943372084528E-005
   5.0825846258962891E-005
   7.3901102873768677E-005
   9.0315367128700154E-005
   7.4794383639214203E-005
   6.8314601841602118E-005
   7.4973378453462608E-005
   1.3196936085375241E-004
   7.0868296558523899E-005
   7.7879707599375880E-005
   1.8132412175907617E-004
   8.8808974715408437E-005
   7.5999100514441553E-005
   1.2739846076436853E-004
   9.1034853251590323E-005
   8.4122210337805650E-005
   8.5042593176652467E-005
   1.2038006924848321E-004
   7.8148651499683423E-005
   8.8474512468926365E-005
   8.7586547287496068E-005
   1.1778107622545050E-004
   1.0067254120198137E-004
   1.0246491598376179E-004
   7.6010441508573122E-005
   9.8355801995426452E-005
   8.2184907800029089E-005
   7.6133377794972861E-005
   8.6201662876921048E-005
   1.0164406649860058E-004
   6.3746641951876296E-005
   9.1891683374332496E-005
   6.5989612938158610E-005
   7.1783762390213650E-005
   6.5506315778908074E-005
   1.1599163765401224E-004
   1.2374734543321966E-004
   6.5947902602307061E-005
   1.5090202627738401E-004
   8.0085118050534181E-005
   1.5076198665692840E-004
   6.2545937077739317E-005
   8.0640777871682256E-005
   6.0826300048774614E-005
   7.0093554095095362E-005
   8.1717414117731836E-005
   1.1331660300069626E-004
   8.2294795554029102E-005
   6.6633917593815055E-005
   5.1676190869583889E-005
   7.0411346620902622E-005
   8.4946801324405996E-005
   1.7436504088913599E-004
   1.3566923464766568E-004
   7.9432487544817555E-005
   8.5918504344054936E-005
   6.8642401526692332E-005
   6.0098873212189432E-005
   8.0426453524082701E-005
   1.2250196727871861E-004
   1.2138071079345137E-004
   6.3008639863898036E-005
   1.3396213524591430E-004
   1.2158379463185330E-004
   1.5318542257606595E-004
   9.3568853736673922E-005
   7.1412076367560225E-005
   6.0588886597015073E-005
   7.3902349564501177E-005
   1.0621716818214481E-004
   7.4681108535219913E-005
   6.5474633452188656E-005
   1.4440381989255140E-004
   9.3084437216479118E-005
   5.7989445425278499E-005
   6.8576041986965718E-005
   1.0238464536455704E-004
   5.3626920146467922E-005
   8.7424133052116764E-005
   1.0247062971637648E-004
   7.2289620867194826E-005
   1.0064983418001110E-004
   8.7518405201493057E-005
   7.8731040045516750E-005
   1.1658172588242432E-004
   7.2893571013671956E-005
   9.0170558512160063E-005
   8.9370083038760309E-005
   8.0575342797861027E-005
   7.4011057376818744E-005
   8.4130623357271816E-005
   1.0423072525928085E-004
   8.6447129487695205E-005
   8.3296468911621131E-005
   8.8286335044745394E-005
   1.1001389007083404E-004
   9.7440424375203492E-005
   7.8758332918055476E-005
   9.7514376267637085E-005
   6.1430796691442838E-005
   8.0704680077499027E-005
   1.0796785017063136E-004
   1.2233342007523702E-004
   6.2925213922880588E-005
   8.9294702217290164E-005
   5.6029506331185748E-005
   7.3255783629598225E-005
   1.8958282436977333E-004
   9.5059303473026506E-005
   1.1500877008245021E-004
   1.4651674897227341E-004
   1.0042961943420583E-004
   8.8145880595303467E-005
   1.1255876556317441E-004
   1.3107825650038196E-004
   7.2869379780504472E-005
   8.6316329462751966E-005
   8.7007031926103677E-005
   9.8207444150368370E-005
   8.1955385070150120E-005
   5.2386972588327105E-005
   6.3405182951168680E-005
   1.3685467835341066E-004
   9.1280877569950295E-005
   1.3692658074189806E-004
   8.0688094576077707E-005
   1.0120303664788088E-004
   1.3008415598467381E-004
   9.4331441135735256E-005
   5.4039445798063580E-005
   6.9056412405330098E-005
   8.3908080609271628E-005
   1.3922800589386477E-004
   1.0288241143851838E-004
   6.7732172877385579E-005
   9.1734111120700884E-005
   6.0348616373247701E-005
   8.7780602452914178E-005
   6.7517834249528736E-005
   6.8725567659484052E-005
   1.0650392431406698E-004
   8.8223654545851546E-005
   9.6040121293075893E-005
   1.2839148493950858E-004
   6.3177533309872360E-005
   6.2469615837832526E-005
   1.1826098839696182E-004
   1.2502344204801732E-004
   5.8841038750673434E-005
   7.6438309221826478E-005
   7.0864632014329534E-005
   1.0881392529221191E-004
   1.3341120949781628E-004
   5.8393248362322538E-005
   1.2840066688960303E-004
   8.8314823586428692E-005
   1.1352057770542352E-004
   1.5542711949932320E-004
   9.9719263507563153E-005
   5.9419340022478755E-005
   1.0802274966023473E-004
   7.2892178736545644E-005
   1.0477845961762191E-004
   9.0555106333940625E-005
   9.2831859026606337E-005
   9.5232508796526557E-005
   7.8624684464224080E-005
   6.1031538690590337E-005
   7.5796538293848058E-005
   6.1616208576511071E-005
   8.2503373499365543E-005
   7.1883429263102782E-005
   9.5007706201243297E-005
   7.4270902443135457E-005
   7.6205154934243013E-005
   5.5980388448685072E-005
   9.1392986278064531E-005
   1.0463782175356214E-004
   8.1748180587074270E-005
   7.3760123380974842E-005
   9.8390277391143704E-005
   1.5753652174382003E-004
   1.1407559734578981E-004
   8.0042500292243522E-005
   6.7085269890023794E-005
   8.8508430062557588E-005
   1.0412462570854649E-004
   1.1880215177882207E-004
   9.1995050661402878E-005
   8.1972480179590596E-005
   1.2863854047711387E-004
   6.0384224173666599E-005
   1.5758007154375409E-004
   6.5377645011168453E-005
   1.3652020908325491E-004
   1.0068941192835256E-004
   7.3987322067215326E-005
   9.4368090842142309E-005
   8.1613792772291993E-005
   9.5480179854388422E-005
   7.6732720021257240E-005
   7.7272804741451619E-005
   1.5350188960061662E-004
   2.0201825839883240E-004
   1.0645180223128986E-004
   7.3307947580711875E-005
   9.3674577079492006E-005
   8.8409780187485648E-005
   7.5975487602863675E-005
   8.1212430885292460E-005
   6.8350569578269730E-005
   8.2279885725322150E-005
   6.3274342028358954E-005
   1.0354340456831333E-004
   1.3440312703390239E-004
   1.0257922582418771E-004
   5.4714048588536703E-005
   5.8402106136031402E-005
   7.3111205467415622E-005
   7.2881278797665451E-005
   7.3924254019586120E-005
   1.0428079484561539E-004
   6.6459450914267183E-005
   6.9263265346194037E-005
   9.6352018071959878E-005
   8.5478792818858995E-005
   1.1047551510401032E-004
   1.0074334223426252E-004
   8.4706464175005966E-005
   1.3254311947082808E-004
   7.7654577989181865E-005
   6.1620999857424011E-005
   1.0689289071806431E-004
   1.1571149579763135E-004
   5.4078602725846466E-005
   7.9355217270104646E-005
   7.7755691790392132E-005
   5.3931229175973679E-005
   8.1555613919668317E-005
   9.2270176126008291E-005
   9.5421704860321348E-005
   1.1681519015382733E-004
   5.1685018727022141E-005
   8.8625360226364281E-005
   8.2600554374581413E-005
   1.8312484956803832E-004
   8.6109423033473172E-005
   8.0321403395884736E-005
   7.0298817856737138E-005
   8.2733185562199215E-005
   1.2455089549028920E-004
   1.2521176541686616E-004
   1.1284835110749261E-004
   8.6522055485360795E-005
   1.1524671567725111E-004
   1.4670940794326735E-004
   1.2980808023104414E-004
   7.7579588906963190E-005
   7.6029231093165640E-005
   5.8814730150867850E-005
   8.5495945408730814E-005
   7.6081153303574119E-005
   7.6406524161496908E-005
   9.9836915854499536E-005
   6.2928155024078526E-005
   1.5831278348935128E-004
   1.0391969560872266E-004
   1.4351915383305271E-004
   8.7781959808817567E-005
   1.0932157567578251E-004
   8.1955852786015805E-005
   6.3236136267900381E-005
   1.1226747118855755E-004
   6.1243035340588958E-005
   5.0108057548993988E-005
   8.3766431676473549E-005
   1.0148876062156476E-004
   8.7650036003571031E-005
   1.1740211440604829E-004
   6.3482565735081028E-005
   6.1926486815553692E-005
   6.7017260386957654E-005
   5.2759984215505164E-005
   1.0569885773402720E-004
   9.9058931484637076E-005
   1.9247676438940574E-004
   6.8614882689779739E-005
   4.2563261699830797E-005
   1.0318353491380701E-004
   5.3797706443695209E-005
   7.3449287030802847E-005
   6.7646080533597947E-005
   8.1475618093795914E-005
   7.8617435912710899E-005
   6.9879136046255966E-005
   5.7939503122647218E-005
   1.1166208348057272E-004
   6.7778380171619175E-005
   7.5177735035365177E-005
   1.4297201369173852E-004
   7.2069889941376252E-005
   7.8166629186992637E-005
   7.1485094630621641E-005
   1.0169956515060417E-004
   7.3064683497179757E-005
   9.7149504594716218E-005
   1.4415396887876221E-004
   8.7011681696375629E-005
   6.7683028300298271E-005
   8.0171379618264831E-005
   1.1609619614970095E-004
   5.7539502447897943E-005
   6.3345447414708836E-005
   6.0731238039817016E-005
   1.0652335849390966E-004
   7.4253015789446975E-005
   8.2991038748581782E-005
   1.0272861082667663E-004
   8.7215542050906491E-005
   7.2165281969979440E-005
   2.1461250491810059E-004
   1.0084337424030230E-004
   1.1573422686938736E-004
   7.2676319255429175E-005
   1.0174544802207390E-004
   6.2234222177461230E-005
   7.0337492885168390E-005
   7.2194936614302955E-005
   1.2744218484408073E-004
   1.2275915956251168E-004
   5.5160577444829034E-005
   1.1585821945736188E-004
   7.0169002821522325E-005
   1.0996188961663337E-004
   9.2501219648913520E-005
   6.4614056338611133E-005
   6.1986776890922849E-005
   1.1955744942132490E-004
   8.8499025789416508E-005
   7.1616935609261954E-005
   1.0074042494218807E-004
   1.1975669867917559E-004
   8.6975537226230095E-005
   1.3164989021291709E-004
   5.9374337285382875E-005
   7.1162388184212036E-005
   1.3944297158669642E-004
   6.8025169328003740E-005
   1.4904125393945463E-004
   1.0830902879892559E-004
   5.7437473503175152E-005
   4.9997792251179017E-005
   1.1225928258654520E-004
   1.0450905162183654E-004
   7.1261759901489180E-005
   6.1085603306336138E-005
   6.7299783718421290E-005
   6.1985042680154153E-005
   1.3810025614363456E-004
   6.7193286880450892E-005
   8.1932880429475393E-005
   7.7529227004235609E-005
   8.6268796835646777E-005
   7.0025655266358841E-005
   6.5335307750810875E-005
   8.8862604359056104E-005
   8.8083007828081489E-005
   1.2458526545166182E-004
   1.9479531929165827E-004
   6.1613283030829575E-005
   7.3855735805013724E-005
   7.7395242708794049E-005
   9.8642332856778309E-005
   1.3452385239864632E-004
   9.3113118141654203E-005
   1.0067471156435393E-004
   5.9741255717252938E-005
   6.3165668181496497E-005
   5.8339090380640734E-005
   1.2461580680239679E-004
   8.5153139467144989E-005
   9.1158949305865616E-005
   5.9685509315341260E-005
   7.6855870145255351E-005
   7.4595225394249244E-005
   1.2530198627839654E-004
   8.3905917556192027E-005
   8.4942417060428999E-005
   1.1304596547347024E-004
   1.0136379673566317E-004
   8.1028630842577297E-005
   1.3617841774391244E-004
   7.0774751127852567E-005
   1.5593316929062915E-004
   9.3024798891375615E-005
   4.9293098662753488E-005
   7.1117598397066534E-005
   7.6015322817767306E-005
   6.4064653935517514E-005
   9.6376063252243639E-005
   9.3486114052415792E-005
   8.8309892108179278E-005
   7.1499604948732358E-005
   8.4383469353905549E-005
   9.3936814369871888E-005
   1.0775329355896573E-004
   9.1742017197468293E-005
   1.2162997486791015E-004
   8.4349813600896075E-005
   1.7028236861281647E-004
   6.8690171353155577E-005
   7.5424599786420686E-005
   7.8982586088306654E-005
   1.3542609888916014E-004
   1.2062827269380364E-004
   1.2373582323598977E-004
   1.2855544088933655E-004
   8.8583358721417875E-005
   1.0424263480009083E-004
   8.3300983390607029E-005
   1.3285742068867338E-004
   7.9945012717912275E-005
   4.9495484596590597E-005
   7.8588268442788804E-005
   1.0185195410482679E-004
   6.2406654906704766E-005
   7.8983493770971375E-005
   1.0174365921969528E-004
   7.7521680233836508E-005
   5.0887417408764863E-005
   7.3447079485838813E-005
   9.8090806978128517E-005
   9.2483910170022658E-005
   6.7698169482661698E-005
   6.2680035368702314E-005
   1.7337334916646749E-004
   9.1082448911551994E-005
   1.3240577292504324E-004
   6.5900680450483193E-005
   5.2500459965552594E-005
   7.3280116495276672E-005
   8.5013868178923210E-005
   7.8589257340988216E-005
   9.7151567855299680E-005
   6.2353411375549826E-005
   7.1816798224360489E-005
   7.4350156000566514E-005
   1.0489950519439835E-004
   6.9262855248846165E-005
   8.4785515404526304E-005
   8.0692715568137397E-005
   7.2522725501286388E-005
   9.9459048783340009E-005
   6.9286123709394955E-005
   6.2300426187174659E-005
   8.6611669712366240E-005
   1.0652851946942956E-004
   7.4993922505386918E-005
   7.0793932853803452E-005
   6.5575301214042012E-005
   8.1998992520386906E-005
   8.6931404378179798E-005
   7.4652479294002330E-005
   6.4331320084587814E-005
   5.5835399884125999E-005
   4.7907654004049586E-005
   8.0763126854194696E-005
   6.4757781511148225E-005
   1.2766188377608874E-004
   9.6270200247481098E-005
   9.1470271532633296E-005
   7.4947257361186222E-005
   1.1495662381995116E-004
   1.1774686610138029E-004
   8.7995725970952014E-005
   4.9963218042167413E-005
   8.7865355967219188E-005
   6.3965252952361072E-005
   6.8711528025453006E-005
   9.3180391926022193E-005
   1.1012367042665759E-004
   7.4838631278203896E-005
   1.8803908788769978E-004
   5.8605296762453192E-005
   1.3547457675580440E-004
   6.0657813488918032E-005
   6.2752164060882106E-005
   6.4883668013801740E-005
   8.7404847225362042E-005
   1.2265915517057719E-004
   1.0498776249356800E-004
   1.3425694277308372E-004
   7.9954430566611242E-005
   7.0076267956724502E-005
   7.9885048960387406E-005
   6.0434741826725520E-005
   7.6318366507791222E-005
   8.6508025306966964E-005
   8.9698056375838670E-005
   1.0612113145445929E-004
   8.3864600272552675E-005
   5.7068947289614782E-005
   1.2877707284853125E-004
   4.2748463248001236E-005
   6.4654241800430340E-005
   5.8933801514845542E-005
   1.0779800549883897E-004
   5.8104967435022308E-005
   1.3701420001497507E-004
   7.8923864573063102E-005
   9.6303626510241773E-005
   9.5019605938551972E-005
   1.2896859041140399E-004
   7.9939051751762538E-005
   7.6928817803923152E-005
   6.1295681411319041E-005
   1.4531803733840393E-004
   1.0206423900252322E-004
   1.8000673953318005E-004
   7.8868088956687276E-005
   6.6371193175807834E-005
   6.1144888782267248E-005
   5.3697029442366240E-005
   1.0152158834298535E-004
   1.1689345073175493E-004
   1.2031605173996697E-004
   1.0590208557137846E-004
   7.3021240505371577E-005
   7.0546645601508680E-005
   8.7903406443810278E-005
   1.5411250239358624E-004
   6.9001853262200952E-005
   5.5474209545562811E-005
   1.0372285626233229E-004
   9.4431835246466843E-005
   7.0930310381121927E-005
   9.9213227806636822E-005
   8.5564468365442847E-005
   9.2688528868657897E-005
   8.5152325997886415E-005
   1.0521039217317718E-004
   6.5559846587112669E-005
   6.9676476641426999E-005
   7.8206821313397409E-005
   1.0509274279417234E-004
   9.1369741455341215E-005
   1.0064399828120795E-004
   1.2936804831818223E-004
   7.9443205467395395E-005
   1.1018394929883229E-004
   7.4421235631281019E-005
   8.1673364947885540E-005
   6.7781937526769726E-005
   7.2312607082968688E-005
   8.7461787973711123E-005
   1.0746893713008306E-004
   6.4671720803198709E-005
   5.8038697188330961E-005
   9.7216114395755563E-005
   1.0106109420948800E-004
   1.0630204725293998E-004
   7.5452359671842760E-005
   8.7050693446657926E-005
   9.0086204007188507E-005
   9.3852707152012059E-005
   7.2481247065030557E-005
   1.0022420750840320E-004
   6.2882723437561740E-005
   1.1456586282690080E-004
   7.9034911856641372E-005
   6.8648926702639888E-005
   7.3592867963645099E-005
   8.4960072276208428E-005
   7.2746346369117698E-005
   6.9607881594646622E-005
   9.0618528859715060E-005
   7.8646888034406961E-005
   8.6182749570824459E-005
   6.1792628667019898E-005
   8.1199101239961340E-005
   9.6112203975405486E-005
   6.3990812573138904E-005
   8.1724688237480914E-005
   1.0965847865971813E-004
   7.4002446734698524E-005
   1.0821922718491211E-004
   1.1275258563044937E-004
   7.7225702314827964E-005
   9.3714505028716130E-005
   7.2925093187756093E-005
   9.0401077175960166E-005
   1.0621496759398314E-004
   9.4626498559224705E-005
   9.2114118134679684E-005
   1.2578199881032294E-004
   1.0911290340089289E-004
   7.2230654824653246E-005
   9.4310507099004616E-005
   8.3917330079335273E-005
   7.1299291580844928E-005
   8.5358629806163417E-005
   1.1599825350439015E-004
   6.0750373033211843E-005
   1.0117326520884499E-004
   7.7507968066001956E-005
   7.1476507292240636E-005
   7.5715340097374094E-005
   1.6185147316446477E-004
   7.6206910746485533E-005
   5.0450149822212023E-005
   9.1587430632038034E-005
   1.0963748700833307E-004
   7.6498703866175480E-005
   1.1657355291915802E-004
   1.0988894838135435E-004
   6.3002564375052122E-005
   6.4126095146386405E-005
   7.5785530430469710E-005
   5.7301674479668988E-005
   7.6160793120049565E-005
   8.7110013654760344E-005
   9.0684352640218134E-005
   1.4278665927563129E-004
   8.6089140844414685E-005
   9.9680023808207624E-005
   6.8875150218965746E-005
   8.9427800936846681E-005
   1.1034942627673580E-004
   7.1915485383666425E-005
   7.0074775735785199E-005
   8.8059722225534916E-005
   8.2697588541058565E-005
   1.2065524717371287E-004
   7.4214202554509818E-005
   1.1376775992722577E-004
   9.1850077473128332E-005
   7.7227620946121545E-005
   9.8013005894607785E-005
   1.0122495580848147E-004
   8.9044011140314891E-005
   7.1101456931325671E-005
   8.1099882797874343E-005
   8.4818297651874895E-005
   1.0145684225571951E-004
   1.0018313988037574E-004
   1.0565740330343944E-004
   5.7106305880210035E-005
   8.2520627707570183E-005
   8.7227438552195844E-005
   1.1168522962861548E-004
   8.9372981240287954E-005
   1.2046238875644290E-004
   9.0770774494996904E-005
   1.1116392107390166E-004
   8.4675772714351772E-005
   6.3475046554130178E-005
   8.3091267276891179E-005
   1.9835559999859122E-004
   1.1202547015481100E-004
   7.9254286383013994E-005
   9.9352913749729940E-005
   5.4339365664554262E-005
   7.6501704781883575E-005
   6.3687957359042128E-005
   5.7918478703404387E-005
   9.3518660490255460E-005
   1.2976833353482551E-004
   9.9538277196584813E-005
   7.6787547388682743E-005
   1.3341786062382835E-004
   6.1139308598321713E-005
   5.4854699508777840E-005
   8.3597367823091869E-005
   7.4701982655506067E-005
   9.8106974436788324E-005
   9.5448399001731881E-005
   8.9755922960630215E-005
   1.4239313458298483E-004
   6.3302895644304420E-005
   8.0420201634021768E-005
   6.8221803086521718E-005
   6.2297264018854458E-005
   6.2389900887658054E-005
   1.3030377641754949E-004
   1.2263004305911003E-004
   8.7120064720848140E-005
   9.1715116713634822E-005
   8.4279602841591639E-005
   4.9638196043649326E-005
   9.3127576109695287E-005
   1.0818507750076927E-004
   7.6159815126659191E-005
   1.2802416233066827E-004
   1.0936249976039725E-004
   7.5418078624449008E-005
   7.1631311482228538E-005
   7.5346445229349733E-005
   1.5192313252364374E-004
   5.3857527287719770E-005
   1.1387593172812158E-004
   9.5978769149157500E-005
   9.5816038125255305E-005
   7.2773738917305736E-005
   6.0908445558225223E-005
   9.1694903575900306E-005
   1.1540664330802534E-004
   1.2829168189989703E-004
   6.1036981670022509E-005
   9.0794350507851813E-005
   8.3123641716310092E-005
   1.0345663866809545E-004
   6.8536215233811631E-005
   8.6884683335796344E-005
   7.4945452075493354E-005
   1.0905238520727173E-004
   1.1609629808058614E-004
   5.9396813087912766E-005
   9.0624366540113235E-005
   1.3378925795449545E-004
   7.3094993675803141E-005
   7.8845916989986217E-005
   9.1007592816042679E-005
   7.6805718309476021E-005
   8.4045927040871462E-005
   7.4376983946250588E-005
   9.9111577765634672E-005
   1.1555508374475034E-004
   8.0793009834401059E-005
   8.5771738352482022E-005
   6.4007791405772607E-005
   9.9821164728023247E-005
   8.1999239608569394E-005
   6.4076387120055712E-005
   7.7639276545427434E-005
   1.0969086228727075E-004
   8.8068621331613165E-005
   9.7909921627630089E-005
   7.7885376074051177E-005
   6.9998292901197453E-005
   2.3153207107753999E-004
   7.2638187788128368E-005
   6.5326307200334619E-005
   7.7183123502210367E-005
   7.9667913441167372E-005
   1.2258433653620295E-004
   1.5175796432442443E-004
   7.0876595536076200E-005
   6.2723297697953747E-005
   8.2007983332315208E-005
   9.3990862465102889E-005
   5.2095485694187311E-005
   1.1001734841120443E-004
   7.4861067379319355E-005
   6.1961380538618125E-005
   1.0807189636238539E-004
   8.4870881482379770E-005
   1.8643424665360582E-004
   7.9347605162535261E-005
   6.1654865247432313E-005
   1.6990348434352633E-004
   7.3654033778110622E-005
   1.3811434693430775E-004
   4.7518342571011571E-005
   1.0122180777836438E-004
   7.6571665368958223E-005
   8.8655051822302076E-005
   9.8852493878451653E-005
   6.4836026520300740E-005
   8.7237604694067000E-005
   8.8875658428213270E-005
   8.5195559597470331E-005
   9.8726613141254108E-005
   6.3170148369607446E-005
   4.5564111317115213E-005
   8.1256183887936111E-005
   9.3322268469008037E-005
   8.7575574668256857E-005
   6.2621663316644324E-005
   1.1763153692063673E-004
   7.2602318991588780E-005
   7.7492903730000824E-005
   7.3671368435405943E-005
   6.6706057533654322E-005
   1.0133618508889237E-004
   8.7765407723089107E-005
   1.1022687572869995E-004
   7.7142946916488553E-005
   7.2270387121670194E-005
   1.2862456423579457E-004
   8.9435110067958478E-005
   5.8981233428498376E-005
   1.3354098814985185E-004
   1.1070190335305983E-004
   7.6215413792957989E-005
   8.2333432795049960E-005
   8.8375786688426526E-005
   5.4779804970603892E-005
   7.4504905656465516E-005
   6.6753774310292766E-005
   7.0464062249071439E-005
   6.3915283620756723E-005
   7.2269352673864134E-005
   1.0194459215646466E-004
   8.0085614884962516E-005
   1.2466797893190612E-004
   5.4087624916347767E-005
   1.1747700601934445E-004
   6.7715360912908634E-005
   4.9406079616787143E-005
   8.1873260279640025E-005
   1.2841531777129728E-004
   1.0837356168273566E-004
   7.0575243833540728E-005
   5.6046738305572744E-005
   6.1942862825435961E-005
   5.2241471291592412E-005
   1.5960668527904728E-004
   8.5146379033201799E-005
   8.0377431230200521E-005
   1.0662482526574006E-004
   7.3030535892249396E-005
   9.6639550317428801E-005
   6.1123762715829165E-005
   7.1629130803487577E-005
   6.6251540962342778E-005
   9.2429815612913557E-005
   1.1048096686537456E-004
   8.7063287052406045E-005
   8.9112009473114631E-005
   1.0392008456753659E-004
   1.3249440864739352E-004
   6.9243838258878991E-005
   5.0013127515608157E-005
   6.5262472180226152E-005
   8.0344310245754300E-005
   4.9831360492385073E-005
   5.1891905418187556E-005
   8.3812622455183808E-005
   6.4224525523949959E-005
   1.1977304369514792E-004
   9.1516516366238745E-005
   7.6623731007935419E-005
   6.9735298549205224E-005
   7.5768610701037399E-005
   8.8814537097250512E-005
   1.3755318905047035E-004
   6.4904514053755523E-005
   1.0103674533550652E-004
   6.6495470105718601E-005
   6.9274850341186409E-005
   8.0815408914256166E-005
   9.8182453869527929E-005
   7.6329177687568591E-005
   6.1683770795693195E-005
   1.1896716111313317E-004
   7.7160055762639013E-005
   1.2127872733681270E-004
   1.3357115999855228E-004
   5.9369472394784979E-005
   8.0721368070929423E-005
   4.6358172930453532E-005
   6.4479633904912588E-005
   9.6175351231229356E-005
   6.6901992939778605E-005
   5.7531994708299265E-005
   9.3152815603962682E-005
   1.2332409903687965E-004
   8.1643969592077055E-005
   1.2879077434798682E-004
   6.3440524939142545E-005
   6.5846015314064042E-005
   8.3546254836241142E-005
   6.2290175068248487E-005
   7.2469104569537965E-005
   8.5666325432885354E-005
   8.4319124782771738E-005
   9.7907440864915249E-005
   1.1689021366810765E-004
   5.6886009243245055E-005
   1.1264467396550174E-004
   7.0116192933217177E-005
   8.3536092493957515E-005
   6.5940811769808717E-005
   1.2237460478661807E-004
   6.3930029841024243E-005
   6.5632908771744541E-005
   9.5102556562759135E-005
   6.4360398752521413E-005
   1.3497122315240902E-004
   8.2574650553392622E-005
   7.1299512890146162E-005
   8.0206685100478204E-005
   7.0556602948308638E-005
   5.5469333822032016E-005
   7.3195418118659887E-005
   8.3053171439936120E-005
   9.6544432062794060E-005
   6.0613342515339236E-005
   6.0144496914327752E-005
   9.0142905910678794E-005
   7.5828743895411260E-005
   1.3376361109379244E-004
   7.1922499859139262E-005
   1.3195069534447802E-004
   1.3307713301728913E-004
   1.2403241252460499E-004
   8.9147567934207196E-005
   9.9472197481586340E-005
   7.3428154654338559E-005
   9.0653236929457378E-005
   9.5595045174915711E-005
   1.1518685152738808E-004
   1.2331469783140596E-004
   7.4170561400164965E-005
   1.1034871135821599E-004
   6.1697080226450052E-005
   6.6571932120724299E-005
   9.8252828998293955E-005
   1.2292185524368594E-004
   6.0062764167926740E-005
   1.3204955964543755E-004
   7.3946584208507132E-005
   1.0437289068370273E-004
   1.0183799748186700E-004
   1.1245848178422910E-004
   6.6340787039046109E-005
   6.0840388766817126E-005
   8.0622635008870290E-005
   8.1908735056009769E-005
   7.3228130785467835E-005
   9.8428855699925251E-005
   1.0172504150423526E-004
   9.2548598282354358E-005
   7.8770857123366592E-005
   5.7678848716192587E-005
   7.7279086431230896E-005
   6.8599872275777973E-005
   6.5683196527726806E-005
   8.2441374480293121E-005
   1.2679021230403305E-004
   5.9225344299937596E-005
   6.5566203862457760E-005
   1.1109748718956176E-004
   9.7481233664482481E-005
   9.0515562393419022E-005
   9.8927690781123502E-005
   1.2237241417777006E-004
   1.0921077843009564E-004
   8.2315967166654246E-005
   6.3682801594556389E-005
   7.9026284401030855E-005
   8.6152937572684648E-005
   8.2511829761862596E-005
   7.0864355113924423E-005
   7.4862784486139937E-005
   1.0248088630478577E-004
   9.7423748755964219E-005
   6.1019437539776003E-005
   1.0361284462303030E-004
   9.7341756207190700E-005
   9.2864700658600784E-005
   7.2394485434688742E-005
   5.0705676942947833E-005
   8.7846434349005356E-005
   6.5625687671008417E-005
   8.5968332510780833E-005
   8.2838794767346467E-005
   8.0923855561162129E-005
   9.1474256507980613E-005
   7.6405041431917939E-005
   7.5242340688509544E-005
   8.2057161906392797E-005
   7.1659501808556743E-005
   7.3524372039370024E-005
   1.0130124992993752E-004
   5.8689268184763459E-005
   7.4719138654767058E-005
   6.3521573480234577E-005
   7.7043563090879968E-005
   8.8218669069407599E-005
   6.8148577515766599E-005
   8.3342905848187451E-005
   5.6073185444675292E-005
   1.3118462436135093E-004
   7.2738986281080929E-005
   6.9784008619202555E-005
   8.4840141078018727E-005
   7.1708475518718624E-005
   9.7237945835718494E-005
   1.1056396506601490E-004
   9.5620740520942007E-005
   2.2334045559035801E-004
   8.3184776801796656E-005
   5.5929129972395150E-005
   7.6495594177916347E-005
   9.0862343203964853E-005
   7.8136099412849845E-005
   1.1247703550070410E-004
   8.5533967515900291E-005
   7.3037184163688218E-005
   8.3395224047975807E-005
   8.0897322990069282E-005
   1.1683667765865077E-004
   6.0359259582361908E-005
   9.2175336758525069E-005
   6.0730776162011544E-005
   7.2947817274576931E-005
   5.2441849642720839E-005
   6.9105414675751578E-005
   7.7670359181540081E-005
   4.5852045759518022E-005
   5.3008923105896889E-005
   7.1674431439642264E-005
   7.0360800196937748E-005
   6.7168579660532008E-005
   8.5589767149606532E-005
