   7.5594715891947687E-005
   8.9843375798491271E-005
   8.6810890066345907E-005
   6.8681544813367802E-005
   1.0054595654975841E-004
   8.2545093774096876E-005
   9.4563304185884349E-005
   8.4482538411871912E-005
   7.8694795937494057E-005
   7.1725712932906336E-005
   8.3411609812121336E-005
   8.5348317164371911E-005
   6.9226101263676444E-005
   6.6893931384633736E-005
   7.2962071040736604E-005
   7.7688832677440703E-005
   1.0753229053181143E-004
   5.9123028932878814E-005
   7.0495305043179743E-005
   1.4216980314302530E-004
   1.1101445611633444E-004
   8.4052108546616859E-005
   7.7914729768063619E-005
   5.9498474377020133E-005
   5.5979497500898849E-005
   8.6015255568302261E-005
   9.3156124841842105E-005
   6.7028828032736815E-005
   6.6709587606946487E-005
   1.1226185195245092E-004
   1.2107221318543351E-004
   1.1767749258393845E-004
   6.1668133949011151E-005
   6.3438766165648650E-005
   8.5790237933352589E-005
   7.7898604995600823E-005
   9.7730997424486755E-005
   6.4209633564460370E-005
   8.4739139829866276E-005
   6.6852083144194102E-005
   6.3555422485617614E-005
   8.3986732562086762E-005
   1.3356493756729046E-004
   9.5787737353955816E-005
   1.2978246169741199E-004
   9.5015653938242597E-005
   1.3487477574769817E-004
   8.8902368424732315E-005
   1.2710891889855085E-004
   9.1572066956647878E-005
   1.0673895013722878E-004
   8.4421796192452053E-005
   7.0042457170863440E-005
   7.0726614259336443E-005
   5.7557177468305857E-005
   1.1079352921219220E-004
   7.6026058972071929E-005
   6.3947536469618623E-005
   8.8156525556224165E-005
   1.2287061503205601E-004
   7.6685544521359401E-005
   1.2559697452560174E-004
   6.3734034128129816E-005
   8.2192598363050381E-005
   7.8518660715674822E-005
   8.9991063705994011E-005
   8.0803583300303124E-005
   6.9225768641149226E-005
   5.1949987335196240E-005
   6.7549828548971850E-005
   1.1427906853362679E-004
   7.7757278328675856E-005
   5.3938959488280072E-005
   9.2609339629704576E-005
   5.8291399959945549E-005
   8.3767742469109441E-005
   9.7911654290326703E-005
   9.2982040150359530E-005
   8.2881370702290907E-005
   1.1119743422324147E-004
   1.0123808513722120E-004
   9.1291853878280342E-005
   9.7303686027732235E-005
   5.7958163303911934E-005
   1.2057495896992128E-004
   6.6687543372202993E-005
   8.8361959492519376E-005
   8.8511252144054977E-005
   9.7269482835012525E-005
   7.6770772787170652E-005
   9.7172733289399997E-005
   1.0324213786438129E-004
   1.0893817844383846E-004
   9.6878738450618691E-005
   7.9646747952311255E-005
   9.5920286860226074E-005
   1.0059510977267266E-004
   7.5835466557516953E-005
   7.6595717248586256E-005
   7.1506547398621863E-005
   7.4496381438271186E-005
   9.5592055177030807E-005
   8.7020405407257139E-005
   6.6885844277234408E-005
   1.1005451852554070E-004
   4.9070758157470638E-005
   7.9616038848825257E-005
   1.9629600641772396E-004
   6.4890824350922617E-005
   6.5118759792727319E-005
   9.3959652011002941E-005
   1.0090523060241693E-004
   8.3556124262962480E-005
   8.5372472839858327E-005
   6.2383259503323292E-005
   6.1759385305648094E-005
   1.0786230570834298E-004
   6.2711107590358934E-005
   2.4272458940819623E-004
   7.7177975797900405E-005
   1.2221009612088050E-004
   5.2488567506008098E-005
   8.8800516526013899E-005
   1.0232993718910454E-004
   7.4162022538800537E-005
   1.2272917863605091E-004
   8.4708232153113644E-005
   6.9593007757871950E-005
   1.2709521527158105E-004
   7.9948392034412868E-005
   7.7500663777493433E-005
   6.2874164035352001E-005
   8.0688325152662957E-005
   7.4899883176540109E-005
   1.2179649353922678E-004
   4.9077724359239309E-005
   8.1956515912794744E-005
   7.6546886765807738E-005
   9.3715940928458215E-005
   6.7473034860239881E-005
   6.7707105440524212E-005
   7.9021729299382157E-005
   8.7624239284190999E-005
   9.9210021350744598E-005
   1.4190793803902835E-004
   8.5878226327168385E-005
   7.5023496417852940E-005
   8.1523851910859793E-005
   1.6292719583249716E-004
   8.7478124479454974E-005
   8.0354052537285066E-005
   7.5091893292458060E-005
   7.7617569738583960E-005
   1.3590367938920054E-004
   7.3887782073687731E-005
   1.0892690272286610E-004
   8.5109179022331520E-005
   7.1223380987335883E-005
   9.8423546297204891E-005
   1.9665460065612214E-004
   7.8997351880414783E-005
   7.4269505809703180E-005
   6.8252008757558721E-005
   8.4030677539796762E-005
   6.3115848898063966E-005
   7.7232535097239652E-005
   7.0033320151005179E-005
   8.1447058459818320E-005
   1.0943483515363145E-004
   8.3426740131156921E-005
   1.1601053370917373E-004
   1.0241124736675405E-004
   7.1502508399094546E-005
   1.4978981246838727E-004
   6.4380612979968478E-005
   6.9665842142244602E-005
   7.9706301837675214E-005
   9.8755061172648326E-005
   7.8600247192567400E-005
   8.2259961639827989E-005
   1.1741057898216559E-004
   9.3591384921126486E-005
   6.7251649137972566E-005
   5.1283959524752767E-005
   8.7535228467111625E-005
   1.0685839897925106E-004
   7.8284928778333781E-005
   8.8154305918985182E-005
   8.5082942805695232E-005
   7.0684178496595396E-005
   4.8725734421552807E-005
   8.3727188572570136E-005
   9.5953588445019607E-005
   1.2592206989954800E-004
   5.9020186674666509E-005
   7.9263316716243309E-005
   1.0847513305288416E-004
   9.2680382166304123E-005
   8.0467910346314716E-005
   8.3065689767019494E-005
   8.6033133766386349E-005
   9.8469472188404732E-005
   7.0438606694240059E-005
   7.4468335238660649E-005
   9.1525378775185860E-005
   1.3062923212895576E-004
   6.1991065475593883E-005
   7.1658584143650440E-005
   8.9679989853517844E-005
   1.2636605430546127E-004
   8.1281372057150561E-005
   8.6824928886065295E-005
   1.2736297024993902E-004
   6.1176331360493445E-005
   8.5878734072086069E-005
   1.2620716054762571E-004
   7.8758395755251643E-005
   8.9125382962764173E-005
   6.5237609414841913E-005
   8.5704977843793491E-005
   7.1209091038011929E-005
   6.7040296816595901E-005
   7.1925662891075785E-005
   7.1519552245846875E-005
   8.1706045178937475E-005
   1.0419218721019210E-004
   1.0435708401562173E-004
   1.0231279726453939E-004
   1.1783794675819711E-004
   8.5518557976883017E-005
   1.1491148788039945E-004
   1.1447964120005763E-004
   1.0530038718564399E-004
   5.4469349526895033E-005
   5.6326516134698331E-005
   5.4888957201639742E-005
   6.4408252724582930E-005
   6.7047481737721014E-005
   1.0659064545336160E-004
   8.4247901142458053E-005
   7.5123806255529359E-005
   9.3035422321928804E-005
   4.9591839232865229E-005
   1.0928638686426124E-004
   8.2219950762462283E-005
   1.0619309559880955E-004
   5.5418565870044741E-005
   7.7315642623424134E-005
   8.3870849976630673E-005
   8.7676053873726964E-005
   6.8811881793842631E-005
   7.7341695338178018E-005
   9.2409438959784607E-005
   1.2457847930177069E-004
   8.5699458917099032E-005
   1.1860949923308594E-004
   9.3424431890845345E-005
   6.9442199982120927E-005
   5.1432162256832947E-005
   8.0589983449626596E-005
   1.0269632732273734E-004
   8.5125260157335381E-005
   8.1456334335196193E-005
   1.1421534253420487E-004
   1.3015569609159706E-004
   7.6688055981906931E-005
   8.5059374413700456E-005
   1.2124807452521173E-004
   7.7923965209225553E-005
   1.0423360577474447E-004
   7.1629761358661624E-005
   9.1405183587545458E-005
   1.5295473687286461E-004
   8.3098101026094062E-005
   5.4799322020312930E-005
   6.8806685505370355E-005
   6.8810939138799713E-005
   9.6743754354779223E-005
   1.0890166361214472E-004
   8.8090960726125301E-005
   1.3854633187092465E-004
   6.9159305513899504E-005
   9.1924014798131995E-005
   7.3610992707059887E-005
   8.2963510095688668E-005
   9.0876412587933940E-005
   6.8880504242018628E-005
   7.5208788277562124E-005
   9.4470758862407017E-005
   6.9945876785563758E-005
   7.5710689825904303E-005
   5.6441120264180366E-005
   7.4176097804313343E-005
   1.0537311006063381E-004
   7.6953122533756260E-005
   1.1555351671686057E-004
   6.2884529761023233E-005
   7.0977013036395268E-005
   8.0346212025055342E-005
   9.5717049871595086E-005
   6.2977945042924372E-005
   7.6860368522752061E-005
   8.3436666448858684E-005
   8.6965091943666580E-005
   1.0125529809592599E-004
   8.7842548348470624E-005
   1.0970526580684806E-004
   1.0190950697077366E-004
   8.2109635095453166E-005
   1.3470922607156048E-004
   7.6185434854132876E-005
   9.8933627484912062E-005
   1.0103536472066335E-004
   1.2245671548196196E-004
   8.5324792681719904E-005
   9.9459358535826541E-005
   8.7717721540164843E-005
   6.5896095871745649E-005
   8.9828504890131800E-005
   8.4412428241226095E-005
   8.9315685238122031E-005
   1.1632294647002674E-004
   5.1351342023359928E-005
   1.0830115471451563E-004
   8.6439599040927841E-005
   1.2853141330693778E-004
   5.0897136637013679E-005
   5.7594128647587420E-005
   6.6416694072052743E-005
   6.8589334870294461E-005
   1.9593033181473081E-004
   6.8533778788765318E-005
   6.3874350002231399E-005
   8.3558814349476526E-005
   1.1678397414659637E-004
   2.2030202442019077E-004
   1.1429910587514326E-004
   1.2898938874334031E-004
   7.8580837242558509E-005
   1.4407577258592494E-004
   6.5789518885073665E-005
   6.8364569746673232E-005
   7.6843034923321961E-005
   1.0683065913450291E-004
   1.7048765485230656E-004
   1.0046575237230445E-004
   9.4531009105232159E-005
   7.1352261401004457E-005
   8.8529713156719204E-005
   6.4541455652732929E-005
   6.3095925583969893E-005
   6.6398018457963087E-005
   8.4125858012159204E-005
   1.1916363145917152E-004
   9.0189314429130058E-005
   6.3609726243208238E-005
   1.0448181709681826E-004
   1.0902344689145570E-004
   1.0791027090455347E-004
   5.5395344589418266E-005
   5.2478163410367257E-005
   7.1271536088073268E-005
   6.5482986710189406E-005
   7.1439345761933887E-005
   9.2325203520536749E-005
   8.7154938103567415E-005
   9.6785658444806697E-005
   6.5201265682557363E-005
   5.5020836143117274E-005
   7.2447996534059095E-005
   8.7600807792826934E-005
   6.6473008805325120E-005
   9.9519696596988704E-005
   9.6579323065564641E-005
   1.1792526161046355E-004
   8.0047383878331820E-005
   8.5618574452739980E-005
   6.5211992054105527E-005
   6.5772504874069478E-005
   7.5701582081883899E-005
   9.5608166429398187E-005
   8.5827748686279534E-005
   7.3085400520208195E-005
   1.1119468311212717E-004
   6.7395229733339747E-005
   7.8200783160438264E-005
   1.1652504745070606E-004
   1.0056828565678196E-004
   9.0140185539706511E-005
   7.8401400597523060E-005
   6.3684186311938542E-005
   8.7030432727656644E-005
   1.2007690350331175E-004
   1.0014809223083583E-004
   1.4491065370525781E-004
   7.6945677392800302E-005
   1.1862466737138981E-004
   8.9592637308604008E-005
   1.1896450935021627E-004
   9.6967516704930411E-005
   8.5761643199346114E-005
   9.9186486502435528E-005
   1.0303369737851244E-004
   5.5615231780256699E-005
   7.0930552224727548E-005
   8.6915069535513771E-005
   1.0065736849880154E-004
   1.2087968222983196E-004
   7.7969987423933022E-005
   5.1982307968293653E-005
   5.6863104730170487E-005
   1.0293752183152358E-004
   1.1672426863166822E-004
   7.0936962140453450E-005
   9.3269861985730452E-005
   9.0933954674958273E-005
   7.5339870699936784E-005
   9.2398224293810377E-005
   9.1811914155096584E-005
   6.4959858478326051E-005
   6.7054905649399467E-005
   1.2000646222104760E-004
   7.5168101958784063E-005
   8.8283226902487232E-005
   8.9913207057363474E-005
   7.4906865680607077E-005
   1.4028901381546113E-004
   9.8432139274152807E-005
   9.8034571498136592E-005
   1.1259097119430638E-004
   7.7934344177328933E-005
   1.1186470800377429E-004
   8.9383897025937397E-005
   7.3558589324359674E-005
   8.8973022783728887E-005
   1.1575395872586237E-004
   9.4602519927737853E-005
   9.6954774428768272E-005
   1.5869555281155430E-004
   7.7151739317472579E-005
   6.7439864696934690E-005
   7.6850210449815273E-005
   1.5675115055256228E-004
   1.1753494931072391E-004
   7.2214460200397819E-005
   5.8781743857457488E-005
   1.2519760287465161E-004
   7.9925387516738565E-005
   8.7407969629557837E-005
   9.0816069560843663E-005
   8.6965745991702796E-005
   8.5610332419285405E-005
   8.0026592416524090E-005
   1.5041088065630167E-004
   1.0255592894150785E-004
   9.7653138293450146E-005
   6.2515410333647913E-005
   9.2233564108141651E-005
   1.0347417603497618E-004
   8.0329490404832692E-005
   4.6501333316088056E-005
   6.1749423649491215E-005
   7.2771313673988149E-005
   6.9090615678725251E-005
   9.9984702668821563E-005
   7.6771685658196128E-005
   6.4759491942766357E-005
   7.1474191927350274E-005
   4.9745949697456309E-005
   1.0436307677011868E-004
   7.8158868157703095E-005
   8.4714598886726359E-005
   6.2042888608537569E-005
   5.6998293984614707E-005
   7.3782245520603068E-005
   1.6374099252209134E-004
   9.6827476236084788E-005
   7.4246063831347143E-005
   1.3636508569600617E-004
   1.3176811113147706E-004
   9.7660650334652270E-005
   8.1263195716582790E-005
   1.0470399120864976E-004
   1.0771690947371805E-004
   9.3892850998355133E-005
   8.5772649779672334E-005
   1.1218294233983655E-004
   1.0915657469603670E-004
   9.0311150860811592E-005
   1.9191953467793775E-004
   1.0338275471602425E-004
   7.0846172446097243E-005
   1.0842333176917820E-004
   1.2677215676236379E-004
   9.3210368988638984E-005
   9.0104556982164034E-005
   9.2754791616875797E-005
   5.7706604611707345E-005
   9.9973680786372913E-005
   6.6552655044086568E-005
   1.1393525198361168E-004
   7.9185317734632274E-005
   9.6467950550347591E-005
   7.7058677254335071E-005
   9.4464867311126518E-005
   1.0568080033032002E-004
   8.4459081084205917E-005
   8.7119010148202961E-005
   7.1450455016119484E-005
   1.0857023768101170E-004
   7.3639564999067650E-005
   8.9785528804970144E-005
   1.1446866434850961E-004
   7.1401525204803465E-005
   9.1162728277547811E-005
   7.2146222391523406E-005
   1.2479428393147497E-004
   1.1585229322124136E-004
   8.7080886089451189E-005
   8.8616202064514677E-005
   9.3080020448663281E-005
   8.6949955059519572E-005
   5.9594262673853689E-005
   8.7847819015962188E-005
   7.9028761333193459E-005
   7.2033041066309498E-005
   1.0287670984805079E-004
   8.3902205907649503E-005
   1.1590410903381013E-004
   5.5274181956271786E-005
   8.6840520155108956E-005
   5.3941476474189433E-005
   6.8155162882410387E-005
   9.4686277238508756E-005
   6.9722000246787760E-005
   9.1190384192349063E-005
   7.2251343786033153E-005
   6.4504286787872331E-005
   9.3820972268626442E-005
   1.1580966981471349E-004
   1.2784486725933445E-004
   6.4930734449103046E-005
   1.3128672910390108E-004
   7.2557135258752105E-005
   5.8611489996385824E-005
   1.1288058766893287E-004
   1.0054264775986556E-004
   7.0299247746444425E-005
   1.7044077730409867E-004
   8.4384793238393682E-005
   1.1375908804820664E-004
   7.7976472613731909E-005
   1.0495545303458120E-004
   7.5979669813086857E-005
   8.8660164874912695E-005
   9.9646115506906924E-005
   6.5966322773674757E-005
   8.8442036206266112E-005
   9.0672429311913007E-005
   6.0933108120987275E-005
   1.2374048956662021E-004
   6.4509990691255447E-005
   1.0288439236396422E-004
   6.6983114522109304E-005
   6.7196902146036895E-005
   9.1927866803167481E-005
   5.2054608430722457E-005
   1.1443704460067302E-004
   7.7532467069794248E-005
   1.3750448155848644E-004
   7.9043461880008302E-005
   9.1814656785760515E-005
   1.3447595812711541E-004
   1.2093924677078801E-004
   8.1762966284960162E-005
   1.2108351820484623E-004
   6.2665682687561400E-005
   7.3835010356480132E-005
   9.4410940656132020E-005
   7.8541188668485653E-005
   9.9631883481729976E-005
   9.0580739077032868E-005
   9.3499814945603995E-005
   8.1053563018831262E-005
   8.7039397590122248E-005
   5.5844162579115809E-005
   1.0897895804466287E-004
   9.2721538578116670E-005
   8.8950253448200721E-005
   7.9557624870698219E-005
   6.2776871498979533E-005
   1.2647270227045138E-004
   7.4068197228247781E-005
   5.0541917721806666E-005
   6.4738376483446919E-005
   1.3502924408213766E-004
   6.1204228223902198E-005
   1.2797888717753261E-004
   8.4926729456549329E-005
   9.2016682240626604E-005
   9.7523097617791110E-005
   6.8204163085762369E-005
   4.7687734020166649E-005
   6.3412519167574879E-005
   6.6112743440762233E-005
   1.2784012584142674E-004
   9.0709292814878127E-005
   6.3560060837487074E-005
   1.3255344033744553E-004
   9.1717195464426942E-005
   8.2754057297131071E-005
   8.5614751203479111E-005
   9.0112756842620009E-005
   1.2090577023701383E-004
   8.9057620338898262E-005
   1.0228452533863674E-004
   7.9057622178766311E-005
   8.4698394376959632E-005
   6.9862605964164795E-005
   7.7863507570839196E-005
   8.9457834597077952E-005
   7.2247090479446162E-005
   6.8464194538600900E-005
   1.2423463301380362E-004
   9.1070634307288613E-005
   7.8443936672840887E-005
   8.1079336643342692E-005
   6.4855654118355972E-005
   8.8345828817066460E-005
   1.1297189834503109E-004
   1.0035284244224708E-004
   9.0450946570730519E-005
   9.6325858036511169E-005
   8.9572008782956122E-005
   8.4215802120244539E-005
   7.8762782616594200E-005
   7.5291793472352121E-005
   7.4528374237009277E-005
   7.0341875531884957E-005
   6.9801942198779017E-005
   1.1464729989714008E-004
   9.4458921192749817E-005
   7.1685506992624033E-005
   8.7292739990746864E-005
   8.8137009202303267E-005
   6.7412773285622070E-005
   1.1379220919477321E-004
   7.6881028102423422E-005
   6.1050422613204123E-005
   1.0971368196586197E-004
   9.1159904464552542E-005
   7.6026874487415471E-005
   6.2792621393386959E-005
   9.3905623984251276E-005
   9.7370929343713880E-005
   1.1515359057080276E-004
   8.2012753808357382E-005
   5.6695446577130586E-005
   5.9944737465240927E-005
   6.5145892411101939E-005
   6.2277654181241025E-005
   7.5916525037585819E-005
   8.2465105174523202E-005
   8.7456849973633751E-005
   9.9836464849625180E-005
   8.2740499792969757E-005
   9.0033262903570533E-005
   1.0302011603849957E-004
   9.2100000892603932E-005
   8.6094643710094525E-005
   1.0830201326718465E-004
   1.0881608457125928E-004
   5.7047834445617412E-005
   1.0336722834100702E-004
   1.0493334564584824E-004
   7.5408423643051229E-005
   1.0005725474607064E-004
   8.7539643153389598E-005
   7.8473384295757494E-005
   8.7097002427216112E-005
   1.7320491301609788E-004
   5.8156646902996344E-005
   4.6376148117624968E-005
   4.5033885523687960E-005
   8.2262921206116766E-005
   6.2245111812989705E-005
   8.2729926855198860E-005
   8.8729969939810242E-005
   5.9964977276720178E-005
   1.0661609764800429E-004
   1.1072292127292186E-004
   1.4669754414048522E-004
   5.8456222619011974E-005
   5.2475192180984378E-005
   8.6691773858699032E-005
   7.5610871375403625E-005
   7.2100072940209364E-005
   1.1057886734109750E-004
   1.6421712097518660E-004
   8.6657264888045330E-005
   5.9695310267595433E-005
   1.3015817292762834E-004
   6.7048410426625451E-005
   8.0230541363076894E-005
   9.5198953313125888E-005
   1.0925972940942016E-004
   6.3814948890810797E-005
   7.6487749878515417E-005
   1.5297664342022450E-004
   1.1426023451912295E-004
   7.9570898638630047E-005
   9.2031975109732299E-005
   7.2176073665981946E-005
   4.9822357861846688E-005
   7.4144649579160711E-005
   9.0667276894795237E-005
   7.3969768713976096E-005
   6.7243465067825294E-005
   7.5278060179086574E-005
   1.3112628954400969E-004
   7.1215540500654055E-005
   7.8230663394591283E-005
   1.8217150938848944E-004
   8.8211141708474070E-005
   7.6314057407604293E-005
   1.2790743355432113E-004
   9.1347341483192327E-005
   8.4066426600563242E-005
   8.5361860848805730E-005
   1.2097627748612726E-004
   7.6082009549067355E-005
   8.8672653263531357E-005
   8.7674260887011892E-005
   1.1826075089374440E-004
   1.0105743269056062E-004
   1.0281990082503485E-004
   7.6281454658421558E-005
   9.8844166215549195E-005
   8.2595113795785015E-005
   7.6201611600656497E-005
   8.6619188857293795E-005
   1.0217242275992433E-004
   6.4034963547957572E-005
   9.2031977189868764E-005
   6.5307219242590056E-005
   7.2072433204523642E-005
   6.5701476207600900E-005
   1.1309393249250306E-004
   1.2346507788185958E-004
   6.6208336750934999E-005
   1.5168563570624042E-004
   8.0464737953829819E-005
   1.5145202685162802E-004
   6.2803417718035686E-005
   8.0898373591175760E-005
   6.0934369427430747E-005
   7.0431544263133846E-005
   8.1936558406304469E-005
   1.1384261129671683E-004
   8.2194714524567260E-005
   6.6702728922610462E-005
   5.0564632739731702E-005
   7.0690766037867378E-005
   8.5186411686245309E-005
   1.7436528940546257E-004
   1.3555353634148352E-004
   7.9658481100804366E-005
   8.6308619216190883E-005
   6.8231663135128397E-005
   6.0325371301926348E-005
   8.0817560930541513E-005
   1.2247757985122971E-004
   1.2106979630086305E-004
   6.2601127771423791E-005
   1.3456401820239035E-004
   1.2156084469207842E-004
   1.5388625818636207E-004
   9.3980601957064942E-005
   7.1404199103873643E-005
   5.8786026811447542E-005
   7.2599948892544631E-005
   1.0673244679645925E-004
   7.4977096006811913E-005
   6.4678050807764889E-005
   1.4509656074957283E-004
   9.3467892939952209E-005
   5.8288302528235415E-005
   6.8852959249276281E-005
   1.0280937937168311E-004
   5.3454969394851751E-005
   8.7708791630270987E-005
   1.0280185317377179E-004
   7.2590611567719665E-005
   1.0116602511635690E-004
   8.7794737815063961E-005
   7.9008959498451733E-005
   1.1656751098071450E-004
   7.3191982705551791E-005
   9.0498140085678883E-005
   8.8525488342614472E-005
   7.7931254955134502E-005
   7.3421301632357452E-005
   8.3873934845036006E-005
   1.0467680900797727E-004
   8.6862170938310540E-005
   8.3683414586193113E-005
   8.8625527686586497E-005
   1.1043832696964160E-004
   9.7875124705078587E-005
   7.9165719717269009E-005
   9.7983540556788228E-005
   6.1704414197728041E-005
   8.0182264301159936E-005
   1.0837516023037304E-004
   1.2288178532612732E-004
   6.3214912764191007E-005
   8.9716832961122785E-005
   5.6269640718385207E-005
   7.3484792393866536E-005
   1.9052200181657712E-004
   9.5514282513849250E-005
   1.1558353515290645E-004
   1.4727276017855871E-004
   1.0084327684220679E-004
   8.8409531814950625E-005
   1.1306759964380703E-004
   1.3175379510317519E-004
   7.3058706811625495E-005
   8.6765760056160235E-005
   8.7460640934286662E-005
   9.8705423962686258E-005
   8.2346732196236246E-005
   5.2494308733410360E-005
   6.3618172262366033E-005
   1.3753046659887970E-004
   9.1661672018619357E-005
   1.3762142378759737E-004
   8.1101902268710370E-005
   1.0169089858391704E-004
   1.3074537606116312E-004
   9.4763940550686245E-005
   5.4290194482291772E-005
   6.8472489411497037E-005
   8.3442006405509754E-005
   1.3990546798101994E-004
   1.0331969714722396E-004
   6.8052005227527021E-005
   9.2195353360724694E-005
   6.0640902716883424E-005
   8.8211490366536411E-005
   6.7816648247505170E-005
   6.8794415894527956E-005
   1.0676657127157067E-004
   8.8585296712079026E-005
   9.6478714616889555E-005
   1.2904146646033397E-004
   6.3271971580615248E-005
   6.2242106369467113E-005
   1.1879567504061392E-004
   1.2555324211362606E-004
   5.8543121615787040E-005
   7.6719558839489477E-005
   6.9779857263239668E-005
   1.0841466827339403E-004
   1.3409922146849371E-004
   5.8686493395050761E-005
   1.2861712978528707E-004
   8.7864027094118586E-005
   1.1402283457606829E-004
   1.5512636538449423E-004
   9.9407883839888015E-005
   5.9256351714408204E-005
   1.0796945499845376E-004
   7.3245120445062365E-005
   1.0513473802376503E-004
   9.0917279243309422E-005
   9.3212013301410430E-005
   9.5611875885234137E-005
   7.7591134096808591E-005
   6.1108679709725799E-005
   7.6108511567691566E-005
   6.1892676591768380E-005
   8.2736788615790240E-005
   6.9939318812456167E-005
   9.5390131795677433E-005
   7.4479188467643404E-005
   7.6566180101939044E-005
   5.2682590594909080E-005
   9.1600853218164500E-005
   1.0513652812526665E-004
   8.2116472203678460E-005
   7.3985655886976733E-005
   9.8731299460093808E-005
   1.5828823446854392E-004
   1.1464245601809476E-004
   8.0319743484967901E-005
   6.7258833235987219E-005
   8.8864138551144334E-005
   1.0466293209306429E-004
   1.1890304198487258E-004
   9.2459118586793383E-005
   8.2155802009893585E-005
   1.2803281281170150E-004
   6.0559189011587029E-005
   1.5820491917690866E-004
   6.4632668485514950E-005
   1.3719528168194416E-004
   1.0110418431966612E-004
   7.3639564855804482E-005
   9.4695780132406091E-005
   8.1862139568836750E-005
   9.5841734786867303E-005
   7.7001629131447639E-005
   7.7641311271311919E-005
   1.5419160544539225E-004
   2.0036554178170602E-004
   1.0691867788975177E-004
   7.3476682344177240E-005
   9.4135479158838142E-005
   8.8776868554488021E-005
   7.6191971392856685E-005
   8.1538175228278167E-005
   6.6247028950915780E-005
   8.2075104270784528E-005
   6.3494436126904839E-005
   1.0408245806006233E-004
   1.3491240982386915E-004
   1.0103797873769546E-004
   5.4818344649520379E-005
   5.8632308963679704E-005
   7.3426721519153450E-005
   7.3223165974676860E-005
   7.4172461517043489E-005
   1.0471458018465501E-004
   6.6522181469951815E-005
   6.9513348875029367E-005
   9.5759381781415458E-005
   8.5897288602345819E-005
   1.1098614894055772E-004
   1.0107188558779335E-004
   8.1062160218544599E-005
   1.3311341924954537E-004
   7.7025261287131256E-005
   6.1771669359455750E-005
   1.0531331722823831E-004
   1.1613500723079284E-004
   5.3904696268669718E-005
   7.9523100199914220E-005
   7.8103303222291142E-005
   5.4086378050336001E-005
   8.0935715160269692E-005
   9.1477655912467601E-005
   9.5721440127032774E-005
   1.1735871073588064E-004
   5.1852476903755647E-005
   8.8994563691416646E-005
   8.2809711574449970E-005
   1.8399534130451907E-004
   8.6390612796661984E-005
   8.0508175676205647E-005
   6.9319373442255748E-005
   8.3042135827508036E-005
   1.2435718572887869E-004
   1.2498931242523360E-004
   1.1339445240739973E-004
   8.6926195061208763E-005
   1.1578341968772370E-004
   1.4744982777010733E-004
   1.3031359794520587E-004
   7.7900626800362681E-005
   7.6108605404917248E-005
   5.7112301695996532E-005
   8.5824394335607757E-005
   7.6443857027607776E-005
   7.6704444698518463E-005
   1.0017220029415962E-004
   6.3192895009172407E-005
   1.5703993682240886E-004
   1.0439364102974066E-004
   1.4422965091315736E-004
   8.8106736636141137E-005
   1.0974163904923407E-004
   8.2317522274893829E-005
   6.3507169061670249E-005
   1.1282537183844608E-004
   6.1553159665223857E-005
   4.8767342549822670E-005
   8.1794981236749361E-005
   1.0187685399253559E-004
   8.8016836199154996E-005
   1.1799155968551202E-004
   6.3795653004632621E-005
   6.2103768776301880E-005
   6.6347305689030397E-005
   5.2904963415779723E-005
   1.0611554707267198E-004
   9.9504423776380023E-005
   1.9342860723436069E-004
   6.8692627427598983E-005
   4.2642703039755904E-005
   1.0365449422820293E-004
   5.3892649135949846E-005
   7.3805450206084234E-005
   6.7952662740843652E-005
   8.1875862552273609E-005
   7.8849431553025794E-005
   6.9193523462070117E-005
   5.8124826805731696E-005
   1.1224842124061255E-004
   6.7625287326884985E-005
   7.4540411269282357E-005
   1.4295424031435946E-004
   7.2386723387079073E-005
   7.8319665382062186E-005
   7.0938796196738210E-005
   9.9601386220184683E-005
   7.0915703778863184E-005
   9.7463876719296579E-005
   1.4468401304735409E-004
   8.7450964664922376E-005
   6.7809678506233878E-005
   7.4262996957886337E-005
   1.1631218998427558E-004
   5.6592607601355368E-005
   5.9376906680201657E-005
   6.0791119285170718E-005
   1.0605146120163948E-004
   7.4460982497353781E-005
   8.3212188255813460E-005
   1.0089510679650063E-004
   8.7531348480137798E-005
   7.2496450298455145E-005
   2.1572792938244023E-004
   1.0120376595003612E-004
   1.1631191249539498E-004
   7.2026900819820137E-005
   1.0180182356597403E-004
   6.2405699409740637E-005
   6.9177324720728447E-005
   7.2377329996337224E-005
   1.2799953396049719E-004
   1.2318491903565631E-004
   5.5334438775966145E-005
   1.1565050722827341E-004
   7.0284087209160825E-005
   1.0684023767624735E-004
   9.2758471929886238E-005
   6.4954136329314091E-005
   6.2225549105884495E-005
   1.2005885200754355E-004
   8.8033063803454994E-005
   7.1858516217042340E-005
   1.0036625059210961E-004
   1.2019602265787983E-004
   8.7293490125741227E-005
   1.3212834337651778E-004
   5.7769489027174836E-005
   7.1401653359436706E-005
   1.4012125542645765E-004
   6.8319468199772905E-005
   1.4978346119099334E-004
   1.0882746538058922E-004
   5.7633145725324259E-005
   5.0184644087397999E-005
   1.1271028914716418E-004
   1.0499541518947856E-004
   7.1249305231836315E-005
   5.9643800902025701E-005
   6.7589128840289653E-005
   6.2256056633967001E-005
   1.3878860162023634E-004
   6.7443267021674613E-005
   8.2313052522631504E-005
   7.7864622183035451E-005
   8.6607741551366366E-005
   7.0310409882205619E-005
   6.5592434545298621E-005
   8.9298293503253817E-005
   8.8480683890664890E-005
   1.2499861855003541E-004
   1.9572070117500155E-004
   6.1886736648202246E-005
   7.4226390044674853E-005
   7.7738939120578090E-005
   9.9073396835227458E-005
   1.3512523998110770E-004
   9.3151068667062911E-005
   1.0100373946462515E-004
   5.8409851193243009E-005
   6.3373573476965952E-005
   5.8405371868230728E-005
   1.2429368152760398E-004
   8.5496971687130588E-005
   9.1615537484790463E-005
   5.9858407926022702E-005
   7.6027444926124097E-005
   7.4544722831914424E-005
   1.2594334429725479E-004
   8.4214386252378122E-005
   8.5008676672593782E-005
   1.1339970377151658E-004
   1.0161090048557460E-004
   8.1362677500215161E-005
   1.3685372804157013E-004
   7.1046451161517796E-005
   1.5674759806584798E-004
   9.3404851515604178E-005
   4.9419727075874261E-005
   7.1472192393959999E-005
   7.6296808497660262E-005
   6.4376929164532311E-005
   9.6804584525875487E-005
   9.3871400287685807E-005
   8.8741422992468956E-005
   7.1848919700736894E-005
   8.4808242023381593E-005
   9.4376061319974806E-005
   1.0828712743470705E-004
   9.2207796822258342E-005
   1.2226353461601013E-004
   8.4700966127797554E-005
   1.6908547846626151E-004
   6.8922403203810009E-005
   7.5647134860368033E-005
   7.9038709603288494E-005
   1.3600812515732286E-004
   1.2123951336709052E-004
   1.2434018372576991E-004
   1.2849705163101686E-004
   8.8910668776578808E-005
   1.0478355759726865E-004
   8.3554045019338267E-005
   1.3346806841623497E-004
   7.9094886997899350E-005
   4.9710117138609159E-005
   7.8392874524253514E-005
   1.0224806725818097E-004
   6.2238478877969040E-005
   7.8790061189009503E-005
   1.0121682716965528E-004
   7.7820376219740444E-005
   5.1015620821560750E-005
   7.3601822478625031E-005
   9.8279948213534558E-005
   9.2140913696476655E-005
   6.6149628500490875E-005
   6.2850701041075840E-005
   1.7353941051480025E-004
   9.1445462661699658E-005
   1.3296352602661018E-004
   6.5390156039512795E-005
   5.2620348960358318E-005
   7.3573268182680566E-005
   8.5379039214050691E-005
   7.8788246795005986E-005
   9.6383699142818050E-005
   6.2646585132374746E-005
   7.2161086220865018E-005
   7.4627438057697716E-005
   1.0528009578560858E-004
   6.9486966681823543E-005
   8.3311814585988170E-005
   8.1058944501496445E-005
   7.2858764331382243E-005
   9.9866630276422344E-005
   6.9552608017676653E-005
   6.2562458393472379E-005
   8.6436670329927156E-005
   1.0684065342831501E-004
   7.5180628443615745E-005
   7.0822895043058068E-005
   6.5843896016950224E-005
   8.2231363845178696E-005
   8.6309533422216001E-005
   7.4874441567829991E-005
   6.4384046332678836E-005
   5.6068609877482947E-005
   4.8129626029620836E-005
   8.1174170370430619E-005
   6.5002139066370343E-005
   1.2830154654477587E-004
   9.6685777842269992E-005
   9.0153718656263719E-005
   7.4828777639978069E-005
   1.1549809791456578E-004
   1.1805904117437779E-004
   8.8313912805190896E-005
   5.0097691374544974E-005
   8.8100837307434379E-005
   6.4202726872577800E-005
   6.8864996351316430E-005
   9.3456256735740883E-005
   1.1057961824153001E-004
   7.4958481484923054E-005
   1.8858283321598093E-004
   5.8705756763177976E-005
   1.3603661114174135E-004
   5.9956918349445595E-005
   6.2865750143034144E-005
   6.5071439681155377E-005
   8.6530353193998625E-005
   1.2317490995818667E-004
   1.0046276653442827E-004
   1.3491319153078379E-004
   7.8014994873175109E-005
   7.0206138453564164E-005
   7.8239206204890627E-005
   6.0551431716297216E-005
   7.6663199788102939E-005
   8.6798912770516320E-005
   8.9740985149972793E-005
   1.0646409706324350E-004
   8.4184643230225870E-005
   5.7271457017274035E-005
   1.2568026596488510E-004
   4.2946055154373478E-005
   6.4893904997970434E-005
   5.9105083154473186E-005
   1.0638878486416568E-004
   5.8020692740824275E-005
   1.3758268792605135E-004
   7.9280565403560939E-005
   9.6761638158778646E-005
   9.5399181258177534E-005
   1.2866649227193593E-004
   7.9303698286325229E-005
   7.7293298629074519E-005
   6.1590936648163813E-005
   1.4605064188139813E-004
   1.0247067497754868E-004
   1.8033637785465917E-004
   7.9142144662920012E-005
   6.6611448142168316E-005
   6.1432165586055356E-005
   5.3903874220513880E-005
   1.0201878860654701E-004
   1.1498724712817700E-004
   1.2084108776861906E-004
   1.0641949368710174E-004
   7.3323255072062663E-005
   7.0885370639246409E-005
   8.8307009153254591E-005
   1.5489430194353806E-004
   6.9246314759254164E-005
   5.5632806094442978E-005
   1.0286675636705841E-004
   9.1448397158235670E-005
   7.1184225923411423E-005
   9.9406532050368704E-005
   8.5927171283216620E-005
   8.8634322877723790E-005
   8.3946133506767801E-005
   1.0569092369803036E-004
   6.5852884191033831E-005
   6.9982539920220046E-005
   7.8552340829697503E-005
   1.0561882907246107E-004
   9.1827269423127078E-005
   1.0111627075996227E-004
   1.3002440160807285E-004
   7.9712296359454431E-005
   1.0902549539831759E-004
   7.4729480953248523E-005
   8.2063181185690112E-005
   6.8101613315606774E-005
   7.2092668340971406E-005
   8.7860646881883687E-005
   1.0656222284494733E-004
   6.4935674270400514E-005
   5.8298468770956436E-005
   9.7654539741405457E-005
   1.0156269135806092E-004
   1.0575297307088635E-004
   7.5703797208768594E-005
   8.7388282224602410E-005
   9.0406624807313135E-005
   9.4264399945796225E-005
   7.1529105835188187E-005
   1.0046051286591778E-004
   5.9420359576453638E-005
   1.1513382855975487E-004
   7.9408858134244120E-005
   6.7651547263766225E-005
   7.3009701405703367E-005
   8.5262559715521487E-005
   7.2991499088240211E-005
   6.8430344383752466E-005
   8.9071616935622111E-005
   7.8031915269963754E-005
   8.5429200869330499E-005
   6.2067811560555602E-005
   8.0402225610579610E-005
   9.5760595402459870E-005
   6.3152977572067967E-005
   8.1890911474540623E-005
   1.1007847218152592E-004
   6.8824042786172002E-005
   1.0856092510657032E-004
   1.1321276874203929E-004
   7.6991987051870368E-005
   9.4046632974192118E-005
   7.3160603752240257E-005
   9.0354442830337011E-005
   1.0672354213801849E-004
   9.5038085790915923E-005
   9.0171414299430050E-005
   1.2083565160404094E-004
   1.0955211083975759E-004
   7.1504747162633845E-005
   9.4765602285226349E-005
   8.4340297295857036E-005
   7.1392746650174275E-005
   8.5473711118040795E-005
   1.1189058215698610E-004
   6.0970644445259791E-005
   1.0167302068577758E-004
   7.7884273977912150E-005
   7.1812477407198893E-005
   7.6049817315204668E-005
   1.6266975354277925E-004
   7.6521795580570886E-005
   5.0658222525341742E-005
   9.1802948756841753E-005
   1.1009167563009281E-004
   7.6764135547736025E-005
   1.1693493166288485E-004
   1.1036445911059355E-004
   6.2156505354194180E-005
   6.4388961048334386E-005
   7.6136769940005785E-005
   5.7517225789355784E-005
   7.6465213547780378E-005
   8.7306540591927648E-005
   9.0929149538831943E-005
   1.4159814669986460E-004
   8.4549209819991954E-005
   9.9992903184805307E-005
   6.9116922337772015E-005
   8.9605687218672071E-005
   1.0857386319842293E-004
   7.1557377510723873E-005
   7.0189744544104553E-005
   8.7587629304200168E-005
   8.2346531215071294E-005
   1.2094129284231140E-004
   7.4477823060098834E-005
   1.1419904574676274E-004
   9.2121005827810600E-005
   7.6963417985244711E-005
   9.8272390363973741E-005
   1.0164686068752793E-004
   8.9098065602960679E-005
   7.1345169572807119E-005
   8.1389700276474926E-005
   8.4675177519573055E-005
   1.0174456071292875E-004
   1.0054315985408455E-004
   1.0482773817694035E-004
   5.7222717162703465E-005
   8.2884075185961096E-005
   8.7584841667785916E-005
   1.1206095514992867E-004
   8.9143156684350590E-005
   1.2094724079865313E-004
   8.7201292491916586E-005
   1.1078464696274660E-004
   8.5028344878048388E-005
   6.3653410750650773E-005
   8.3311534853407714E-005
   1.9536591193736804E-004
   1.1243431100089149E-004
   7.9527805064197679E-005
   9.8515695458251928E-005
   5.2646238404078363E-005
   7.6564686510867082E-005
   6.3892770720667643E-005
   5.7806281998850156E-005
   9.3908678948848771E-005
   1.3041635581350258E-004
   9.9996540821888950E-005
   7.6119492641784877E-005
   1.3398526642598250E-004
   6.1246258607774737E-005
   5.5016896450567949E-005
   8.3962412777275624E-005
   7.3023794882938370E-005
   9.8514855308728003E-005
   9.5322215253024043E-005
   8.6290955106542916E-005
   1.4311407682907640E-004
   6.3602781741438976E-005
   8.0801658817124066E-005
   6.8461729553463520E-005
   6.2379574755449797E-005
   6.2625810804326827E-005
   1.3096305126173818E-004
   1.2325698700771327E-004
   8.7071930100410122E-005
   9.2118929775559415E-005
   8.3756814393373379E-005
   4.9822040758837547E-005
   9.3609879751435117E-005
   1.0867302128694707E-004
   7.6439276400838230E-005
   1.2858585950908109E-004
   1.0746331732311426E-004
   7.5691647830746788E-005
   7.1982736142330148E-005
   7.5749497873600456E-005
   1.5209148533280945E-004
   5.3973400600655763E-005
   1.1183633714282895E-004
   9.6345188039076700E-005
   9.6282700933617216E-005
   7.2432073386320214E-005
   6.1137173181386218E-005
   9.2085409293022404E-005
   1.1583038735851364E-004
   1.2883231843495760E-004
   6.0426645145982224E-005
   9.1215045267134862E-005
   8.3120572638798146E-005
   1.0395284525338151E-004
   6.8736296101271134E-005
   8.7267160785321340E-005
   7.5201468514411471E-005
   1.0563157055288615E-004
   1.1652239747535427E-004
   5.9631310099011145E-005
   9.1039098261056308E-005
   1.3148066279345479E-004
   7.2449342583714486E-005
   7.9097067736254328E-005
   9.1436176341168810E-005
   7.7113914252272770E-005
   8.3972533429962313E-005
   7.3383367371844383E-005
   9.9037221006857381E-005
   1.1598881369095584E-004
   8.0731099831382320E-005
   8.6006665327463238E-005
   6.4294193258137647E-005
   1.0015899101864471E-004
   8.2322143497796452E-005
   6.2916242684254439E-005
   7.7849936343754315E-005
   1.0807965639553991E-004
   8.8056653866605878E-005
   9.8100489440978292E-005
   7.8250973035167974E-005
   7.0314799061844285E-005
   2.3274165164940063E-004
   7.2618450639687108E-005
   6.5551079661185468E-005
   7.5270398030311756E-005
   7.9722681802508297E-005
   1.2187689346397828E-004
   1.5239134530680652E-004
   7.1135572183598993E-005
   6.2905726388770472E-005
   8.2375464288119435E-005
   9.4466577699653658E-005
   5.2351162056084529E-005
   1.1053999568827229E-004
   7.5171627469724172E-005
   6.2191073841518757E-005
   1.0311587817609812E-004
   8.5196349460912399E-005
   1.8346431220705306E-004
   7.7325021915738154E-005
   6.0810223870935850E-005
   1.6907320720088923E-004
   7.3574406737724119E-005
   1.3875312960354310E-004
   4.7712099897070569E-005
   1.0172246857725627E-004
   7.6879869301608691E-005
   8.9093989935718097E-005
   9.9210065300588769E-005
   6.4959055075798007E-005
   8.7542549091744346E-005
   8.9157263878333315E-005
   8.5341119730350832E-005
   9.8367962352062177E-005
   6.0672717337909421E-005
   4.5017712158194760E-005
   8.1601391464363712E-005
   9.3632821264234760E-005
   8.7967448988187253E-005
   6.2910375045239513E-005
   1.1806191913948996E-004
   7.1182224145509334E-005
   7.7634477053110945E-005
   7.3734619347002499E-005
   6.6882854832181455E-005
   1.0003713236070133E-004
   8.8081680916911152E-005
   1.1051225054130962E-004
   7.7353567258213929E-005
   7.2040603863408368E-005
   1.2911319730229547E-004
   8.9730334427747983E-005
   5.9164249690181588E-005
   1.3223248564741904E-004
   1.1118350363516219E-004
   7.6521880973090439E-005
   8.2400766401341110E-005
   8.8761464957882972E-005
   5.4968005619778331E-005
   7.3650661739851461E-005
   6.6856022043563452E-005
   7.0242278567965335E-005
   6.2969268601429984E-005
   7.2128422898201522E-005
   1.0203530790133886E-004
   8.0352109461590880E-005
   1.2520370236758982E-004
   5.4074575731005673E-005
   1.1754449943916630E-004
   6.7870322358242908E-005
   4.9630776476606249E-005
   8.2206640900511351E-005
   1.2904130000038669E-004
   1.0850575513846478E-004
   7.0112313410530217E-005
   5.4528988023620103E-005
   5.9085793502242525E-005
   5.2224948503553193E-005
   1.6037793509969430E-004
   8.5514504369757976E-005
   8.0565010854011251E-005
   1.0650641731048181E-004
   7.3337608401451363E-005
   9.7132857089491344E-005
   6.1315135128573267E-005
   7.1845542577751338E-005
   6.6502040737691169E-005
   9.2751345588909154E-005
   1.1080599368849863E-004
   8.7367439734594392E-005
   8.9549658221376553E-005
   1.0445686255327703E-004
   1.3291525641669744E-004
   6.9227971721799725E-005
   5.0215449150208948E-005
   6.5584456910721770E-005
   8.0674601017906620E-005
   4.9863428661360721E-005
   5.2124984413334985E-005
   8.4112512879440480E-005
   6.4513051145132221E-005
   1.2008685957885161E-004
   9.1970061282309511E-005
   7.6971014583664306E-005
   6.9004561678203099E-005
   7.5756983297919391E-005
   8.9251846023804523E-005
   1.3811086830308399E-004
   6.5031162503088088E-005
   1.0141586152467977E-004
   6.6799752700900085E-005
   6.9516449224108029E-005
   8.0854519920606482E-005
   9.8464316569393961E-005
   7.6710351836517768E-005
   6.1894331796735094E-005
   1.1921571951209009E-004
   7.3853003872282946E-005
   1.2165153211681545E-004
   1.3423986946248243E-004
   5.9589900669883681E-005
   8.1106660460945353E-005
   4.6570353265411833E-005
   6.4770511938990892E-005
   9.5647160814856942E-005
   6.7018512004857756E-005
   5.7810295179665633E-005
   9.3643227565143756E-005
   1.2390517896213567E-004
   8.1282560523039210E-005
   1.2638172672057676E-004
   6.3378733012522508E-005
   6.6188515770549232E-005
   8.3917940451647428E-005
   6.2524023714520026E-005
   7.2755048689253140E-005
   8.5956842432886920E-005
   8.4597458068458385E-005
   9.7541472574109748E-005
   1.1644518569036506E-004
   5.6257871954102895E-005
   1.1314795324450215E-004
   7.0397590855432544E-005
   8.3971900030470345E-005
   6.6224669191710422E-005
   1.2170255523203328E-004
   6.4190287317108046E-005
   6.5866435147069523E-005
   9.1931639523723933E-005
   6.4529195097758741E-005
   1.3556790156979287E-004
   8.2915265899637203E-005
   7.1299650131776223E-005
   8.0440279140956195E-005
   7.0684672664827013E-005
   5.5687446397172391E-005
   7.3466337466112866E-005
   8.3400563607066637E-005
   9.5639699557503868E-005
   6.0845941746477084E-005
   6.0409734473958104E-005
   9.0586224616336791E-005
   7.6132941535958230E-005
   1.3431906352602855E-004
   7.1617250115813737E-005
   1.3258197796405143E-004
   1.3367242820607879E-004
   1.2251733622374345E-004
   8.9563126586324305E-005
   9.9904399015485296E-005
   7.3714973753023330E-005
   9.1011039309960194E-005
   9.6081665121025670E-005
   1.1574891682991908E-004
   1.2330374631493111E-004
   7.4386589251650704E-005
   1.1000239619191076E-004
   6.1936454230229816E-005
   6.6730771796871591E-005
   9.7164613600627617E-005
   1.2352770452150202E-004
   6.0260389459729449E-005
   1.3267890296297417E-004
   7.4275235279817103E-005
   1.0417532708488111E-004
   1.0214371228032331E-004
   1.0892367363853220E-004
   6.6476794946912867E-005
   6.0883643921194028E-005
   8.0930336712469307E-005
   8.2338744932474494E-005
   7.3542526779971283E-005
   9.8524266564265284E-005
   9.6543364697079651E-005
   9.3027569935404551E-005
   7.9154754756766968E-005
   5.7830786670687088E-005
   7.5551974900635137E-005
   6.8755948068804942E-005
   6.5836526746748797E-005
   8.2808768557511426E-005
   1.2743817166617168E-004
   5.9528189575725116E-005
   6.5510642347105344E-005
   1.1163629443406388E-004
   9.7888091663862192E-005
   9.0834876917968298E-005
   9.9205825582054160E-005
   1.1652640906351554E-004
   1.0969932727963558E-004
   8.2704490563666471E-005
   6.3283212919485913E-005
   7.9212770640410643E-005
   8.6546849514760411E-005
   8.2944293178430179E-005
   7.1204480819864533E-005
   7.5077211636202147E-005
   1.0285414191025095E-004
   9.7718592944557076E-005
   6.1204429946940198E-005
   1.0380780638111542E-004
   9.5988878634971830E-005
   9.3270679213602550E-005
   7.2629439500156726E-005
   5.0762275082656956E-005
   8.8062868956913828E-005
   6.5828155391623689E-005
   8.6033387216122049E-005
   8.1297076935946632E-005
   7.8302644906141182E-005
   9.1927974463789462E-005
   7.6761787767985263E-005
   7.5556707944534436E-005
   8.1033643719663370E-005
   7.1925878472116475E-005
   7.3828068096805374E-005
   1.0151311526058629E-004
   5.7892450885538237E-005
   7.4425269730763353E-005
   6.3628787808581494E-005
   7.7298697277656313E-005
   8.8586167659150447E-005
   6.8442273744810260E-005
   8.3738910882721169E-005
   5.6270010514718689E-005
   1.3175112563790876E-004
   7.2971799926139979E-005
   6.9892571368085983E-005
   8.3616481252647115E-005
   7.1299489730698915E-005
   9.7525618690015153E-005
   1.0794886697676122E-004
   9.2660039676226724E-005
   2.2436407882993938E-004
   8.3170789596780149E-005
   5.6064508763095411E-005
   7.5906673217316463E-005
   9.0402242959299766E-005
   7.8094702997471950E-005
   1.1177712002394244E-004
   8.4322341111847180E-005
   7.2984978391084788E-005
   8.3760629954292558E-005
   8.1127373177146747E-005
   1.1724887654946741E-004
   5.9365489433863424E-005
   9.2514994678515053E-005
   6.0972988394927046E-005
   7.3068885662864593E-005
   5.2641498381165675E-005
   6.9357749628874769E-005
   7.7829226806904600E-005
   4.5865601093849102E-005
   5.3199557733811436E-005
   7.1647033478214843E-005
   7.0702970196550677E-005
   6.7397912201109237E-005
   8.2447816625216754E-005
