   6.4609203294489862E-005
   6.9989067805331659E-005
   5.6318494386945870E-005
   6.2168526606118350E-005
   1.1771145372366542E-004
   1.0064901392653186E-004
   1.7092521034664176E-004
   1.5163011132828652E-004
   1.1169403894592199E-004
   9.1926423452948447E-005
   1.3692420930705906E-004
   9.2102682025259030E-005
   4.7673090311741662E-005
   7.1249573136317453E-005
   8.9522782054838262E-005
   1.5068855317468613E-004
   6.4735523364815945E-005
   5.6868315031707689E-005
   5.6534118790497605E-005
   3.2436180117947927E-004
   1.5123404800503938E-004
   4.7666286504701352E-005
   6.2328933401140441E-005
   5.5947889125009801E-005
   4.6296049440574300E-005
   6.2407221298791602E-005
   9.6124183743685160E-005
   1.0272763756825302E-004
   4.7960079603699258E-005
   1.5619936492032414E-004
   6.8778424981735171E-005
   1.1138203019435448E-004
   4.2465132748820001E-005
   4.8953750792839964E-005
   5.3468628606795296E-005
   5.1444446620394846E-005
   6.5849455975641779E-005
   6.3710918743442067E-005
   9.1601808045102339E-005
   5.7817737121986685E-005
   7.2129091939595694E-005
   1.0645951806377059E-004
   1.4817589449630261E-004
   9.8572256131061080E-005
   6.4912333694080280E-005
   1.3414461515492835E-004
   2.6872784790834132E-004
   1.0278687073035379E-004
   4.2478566283616728E-005
   7.1683238734511812E-005
   1.2217692060184938E-004
   8.6438664683412316E-005
   1.1321592386430099E-004
   8.7815662993391861E-005
   4.1980283380431406E-005
   1.1807451999072273E-004
   1.0297380043941441E-004
   9.8004283002183623E-005
   8.9463415181930401E-005
   1.0478944985542422E-004
   7.5637946540728915E-005
   2.1226488190749369E-004
   5.8657426500588872E-005
   4.9946395656020519E-005
   7.1234244190982596E-005
   5.1833516677293591E-005
   1.1838056875852430E-004
   1.1501354141782559E-004
   5.3038835185395624E-005
   6.1178346915724815E-005
   9.8438295634755170E-005
   6.6322918352282125E-005
   4.8824374504519937E-005
   1.1563149516029179E-004
   4.9578607005002989E-005
   6.6168028661636995E-005
   7.8323896992648454E-005
   7.2998243726375258E-005
   5.5153980516023171E-005
   1.8072152342951035E-004
   5.9665177741700310E-005
   1.0682309051464612E-004
   1.3639864729544416E-004
   6.3305744259416891E-005
   5.3801996996939408E-005
   4.6850628975943052E-005
   7.2850392906670803E-005
   1.0752856588613558E-004
   7.4861273471292365E-005
   1.1312814000568624E-004
   1.7693782619763974E-004
   7.6121970230862488E-005
   9.0158477315753260E-005
   1.0311889752444178E-004
   5.0801924643697563E-005
   4.9598448879705116E-005
   1.0988018788989219E-004
   4.2179995701160923E-005
   7.0410988739373102E-005
   5.3523660903360355E-005
   3.9841635915011079E-005
   1.0534568736411329E-004
   1.6813030832974664E-004
   7.3215544717446899E-005
   6.9591061246517438E-005
   4.4376428217801174E-005
   5.0253950901184096E-005
   5.4660586550459825E-004
   3.7171583273369938E-005
   5.6525682185545011E-005
   7.4222320555191774E-005
   1.2065849364833405E-004
   5.7734632758347719E-005
   9.4724285969831226E-005
   8.3713334305857942E-005
   5.6651023047678732E-005
   4.9067903148393721E-005
   5.5342470365723923E-005
   7.8433405030840585E-005
   6.0907441428221231E-005
   1.0886317185986289E-004
   4.7877996187510808E-005
   1.6324358807120323E-004
   1.5704143688180668E-004
   8.0203700627864039E-005
   1.2074354477280280E-004
   5.4276089506925526E-005
   6.0633235906960640E-005
   1.9059584152126668E-004
   1.0054169148111430E-004
   7.5500716712762075E-005
   3.0927279179469402E-005
   7.4860643273123067E-005
   6.9185585764065205E-005
   1.0576365894014496E-004
   3.7857051542562102E-005
   6.5659374882814993E-005
   6.8371962014851230E-005
   9.7395529423494477E-005
   1.2796052490619784E-004
   6.2915338995950631E-005
   8.8810795730542261E-005
   9.7315754244222132E-005
   1.1422522987052596E-004
   1.0336073841769153E-004
   1.3677665069092420E-004
   8.7137657454970283E-005
   9.8396357560119870E-005
   1.6909261154000833E-004
   7.6386051612053834E-005
   5.8246687466323252E-005
   1.1425436326096199E-004
   7.6725485754935280E-005
   1.1524498461273146E-004
   4.4148381548040956E-005
   3.9737808712808623E-005
   1.3267379600304653E-004
   4.3205712779214270E-005
   1.1645461384048526E-004
   1.4446216250740745E-004
   8.0467697645237763E-005
   3.4140548002846987E-005
   2.2558814965038758E-005
   1.2443117234955391E-004
   4.1041576067040697E-005
   5.1906629992563157E-005
   4.6880953668051232E-005
   9.9150197003190790E-005
   1.2681568122038732E-004
   6.7649153563061778E-005
   4.9730420759045918E-005
   8.9106665890643702E-005
   6.3453096289014905E-005
   8.6341313424473812E-005
   5.4066859957581382E-005
   7.1252662128356431E-005
   8.5257359819907485E-005
   1.7543506157045868E-004
   5.2388617663698800E-005
   6.2659285867685844E-005
   9.1208208314035128E-005
   4.2613456549552822E-005
   4.5343878372239570E-005
   7.2960982101062075E-005
   1.1201757618360064E-004
   9.5230669082565537E-005
   1.2232860799043214E-004
   1.5559653293242302E-004
   4.5224995290134806E-005
   6.5311813092993297E-005
   3.4120145713590654E-005
   1.7722059531147618E-004
   1.6275079202775490E-004
   1.4962674989296750E-004
   8.5016339352155562E-005
   1.0569780455817425E-004
   1.1755834485796616E-004
   1.1317579917820434E-004
   6.8452048321128336E-005
   1.2321377644185718E-004
   1.1135259428015562E-004
   1.8424070349681827E-004
   5.5694124055480744E-005
   1.0815791732240120E-004
   7.6606869615078791E-005
   1.5007772945669156E-004
   1.1627300599941307E-004
   5.7352158175752277E-005
   6.8292310541795203E-005
   9.9174232591482000E-005
   1.3044356942779368E-004
   1.9267668618563462E-004
   8.2851918288874462E-005
   6.7517979447180151E-005
   7.4292862404565579E-005
   1.2869479743876349E-004
   4.6147559875407290E-005
   7.9123760994330479E-005
   3.7583147878800265E-005
   7.8239157962878774E-005
   6.2135046149872214E-005
   3.1392846133858095E-005
   5.9127209410982307E-005
   7.6757226993239577E-005
   4.4498560865897054E-005
   6.1098903408089971E-005
   9.8889178776326379E-005
   1.9518903427831100E-004
   6.5587639231582198E-005
   1.0118531483572577E-004
   2.7388131631475679E-004
   1.2995036559440562E-004
   8.4790340043921724E-005
   5.8476645932742963E-005
   5.7439632389304656E-005
   5.6434696442324250E-005
   9.1022636688338089E-005
   6.8139233786107002E-005
   4.3668815554060160E-005
   3.5345842163887002E-005
   1.0393526762320768E-004
   9.6213139121987566E-005
   3.9928976661251643E-005
   7.3395741147298831E-005
   1.0237848428854129E-004
   8.1573855193902754E-005
   5.4595240233276070E-005
   6.9581158833824562E-005
   8.2205874123177341E-005
   1.3570023968893872E-004
   8.7182702506270095E-005
   8.0224423181506110E-005
   1.0969585417551511E-004
   7.4011076719155856E-005
   1.8750884998005563E-004
   4.2130566220598326E-005
   9.4888301349741849E-005
   7.1761849318872982E-005
   3.7910365723981503E-005
   2.9963529729880066E-005
   6.3889834799803921E-005
   6.9711360818997155E-005
   1.4568355621446370E-004
   1.3101130563844516E-004
   1.3034301075881926E-004
   6.2907385822728922E-005
   8.1156680278240525E-005
   5.7616031491662609E-005
   4.5429853105971745E-005
   6.5266540290926698E-005
   6.8062410341904336E-005
   7.2876564131693682E-005
   4.1227393934126130E-004
   5.0127072336597517E-005
   5.3615119574955658E-005
   6.4029808981782923E-005
   8.4649915109471363E-005
   1.1768768751074736E-004
   1.0954123368331444E-004
   7.9453240061338660E-005
   2.9177478698810675E-004
   1.0381094591475800E-004
   1.4301726559303262E-004
   1.0460629322099754E-004
   9.1003008235119004E-005
   6.9899611724041772E-005
   2.8762186861215256E-005
   4.9272821251129701E-005
   6.1764826016494977E-005
   4.8371253034071928E-005
   4.3384382531908381E-005
   4.9394654146176905E-005
   5.1564488872859583E-005
   8.2368444129237315E-005
   4.2550659836342951E-005
   7.4749011283457037E-005
   6.8773681565168575E-005
   1.0346919453151115E-004
   1.2264871334441348E-004
   2.7823767637238440E-005
   6.9117676857441713E-005
   6.0039092250885837E-005
   6.9343051545303118E-005
   8.4809603308165287E-005
   7.2301618773838928E-005
   2.8974125397796629E-005
   6.7146021095794027E-005
   1.1889073025308005E-004
   5.8196724764837301E-005
   1.8615837250687765E-004
   6.8229768915109007E-005
   3.4997693641361719E-005
   7.4621851668203290E-005
   5.9815924209745094E-005
   8.4821131659978797E-005
   4.4705629709162513E-005
   3.7360782879785211E-005
   5.3803630690522485E-005
   1.4331727720605792E-004
   1.5818326885323666E-004
   1.0636011592361120E-004
   1.3883383864609448E-004
   5.0858775208477421E-005
   1.6702985560187471E-004
   7.7804134010989794E-005
   5.1504421839817675E-005
   6.2103157158844869E-005
   6.2003275429385255E-005
   7.2264756382685026E-005
   1.2790997101702999E-004
   1.6306309824301232E-004
   5.9838328344573012E-005
   3.0661033902112302E-005
   8.0458174836831151E-005
   7.7735474925582707E-005
   3.3774060773817912E-004
   4.5894363658390115E-005
   6.8901991998375842E-005
   7.6476403976634633E-005
   6.2137013237790778E-005
   7.7659579912865852E-005
   6.0217135926511769E-005
   8.1623017507588384E-005
   1.7775640307234750E-004
   8.0023905501012512E-005
   1.0212652680688873E-004
   1.9160617300611088E-004
   5.8455515411303537E-005
   1.3661712317795740E-004
   6.6743795015736289E-005
   9.0172301445082048E-005
   4.1526453875675666E-005
   1.0856003124947849E-004
   2.5738472503442566E-004
   7.3483330860917820E-005
   7.0310558544360309E-005
   1.0362437457361557E-004
   7.3101374051866606E-005
   1.7360911719108816E-004
   4.7647364150429008E-005
   2.8396203087693429E-005
   7.1403901778194998E-005
   4.0642484724935430E-005
   6.7855986213221338E-005
   1.7345352491488750E-004
   7.1666657252795958E-005
   1.2867814994009649E-004
   7.2629417888666391E-005
   7.3741823479169780E-005
   8.3239376937708010E-005
   2.6359297903920068E-005
   3.6980000425110862E-005
   4.3277120897447326E-005
   1.7457370980479973E-004
   6.1097525925012363E-005
   1.1442000613130009E-004
   7.1528745992356440E-005
   5.8324519945094032E-005
   1.2543402179044741E-004
   5.5836596923916883E-005
   7.9316825676616052E-005
   9.1863701761378457E-005
   9.3925508497229274E-005
   1.2204239703301360E-004
   5.5724543037149465E-005
   4.5590827352471868E-005
   4.1290128506881635E-005
   1.2177469423605538E-004
   1.3067773690023522E-004
   7.2731585494206007E-005
   7.5354712391007212E-005
   1.1592675800267377E-004
   7.2199980471869836E-005
   1.1397226580779027E-004
   3.0411279677683450E-004
   9.0457473113899584E-005
   7.7484210602813514E-005
   9.3806386099169119E-005
   1.4730354941387678E-004
   6.3764319766090757E-005
   4.1247001028413228E-005
   1.1164662017326763E-004
   9.9040057875194126E-005
   2.3346897942963915E-005
   4.6233620502122560E-005
   3.5876527907760393E-005
   1.7823074595819117E-004
   4.7150363498094622E-005
   9.8693748108569937E-005
   5.8047892484278594E-005
   3.6797715980170781E-005
   1.1813776499196354E-004
   9.8134596755793238E-005
   7.2092646823938351E-005
   9.8417670166702829E-005
   1.6779680422686859E-004
   1.6309844675452281E-004
   1.1102620278461036E-004
   1.6760698420618394E-004
   5.4311946633576047E-005
   6.3940880689729722E-005
   1.1096579556189852E-004
   5.5942360389413049E-005
   1.9596631687940992E-004
   5.4390410993501208E-005
   9.4816052967538377E-005
   4.9354466709412099E-005
   1.2424075358148320E-004
   1.4196391550815886E-004
   8.2068755353377856E-005
   5.9810512972418888E-005
   8.8980641837549111E-005
   8.2588518481722999E-005
   6.2277375623838132E-005
   9.4070617819571041E-005
   9.0297043919440479E-005
   7.7571317746032197E-005
   5.2307042094355670E-005
   3.1153447168420632E-004
   4.8848108900094065E-005
   7.6695148380151600E-005
   6.1732971543812331E-005
   1.1335331200505494E-004
   1.0884283840466294E-004
   1.0936849947390517E-004
   6.9734666848674296E-005
   8.7786788138515093E-005
   6.6693673994350667E-005
   9.4574321365971099E-005
   4.1431357685974660E-005
   1.0238166211401528E-004
   1.1685079212092263E-004
   8.1572322083984819E-005
   1.6822683585435914E-004
   1.5598363234939388E-004
   5.9837413983098903E-005
   7.6430043126305178E-005
   8.5569584164631063E-005
   1.1579933918307870E-004
   4.7506441819432753E-005
   4.7616956026415191E-005
   5.5808592412860946E-005
   6.9933937106867890E-005
   7.3791058273671789E-005
   1.2418211487671819E-004
   5.6847968031448552E-005
   6.2358727286590871E-005
   5.0000498904802964E-005
   4.8577280817979905E-005
   8.9742326950931493E-005
   7.3790412981436507E-005
   8.9996431189755935E-005
   6.9384702067974989E-005
   6.9531255499097135E-005
   3.7476933622754944E-005
   9.1907558176488753E-005
   4.3520023447271566E-005
   8.8495469006178281E-005
   1.1343213796950878E-004
   1.4735315762209582E-004
   8.3405527745355722E-005
   7.8436764449664044E-005
   5.6547040065866287E-005
   7.3874228633305652E-005
   1.4965735504172340E-004
   1.1359380949159793E-004
   3.7959667478027291E-005
   1.0432090409997586E-004
   6.2971740166538985E-005
   1.9828180320832171E-004
   9.2581868538992273E-005
   5.3907437076752948E-005
   1.0598418184537136E-004
   1.5951277580172546E-004
   8.8186730244162000E-005
   7.6006595746882114E-005
   1.1778028063529732E-004
   5.6603609818350385E-005
   8.3333404062956362E-005
   7.3118796731208650E-005
   9.3855581141696507E-005
   8.4310256574076313E-005
   4.2832615176832502E-005
   5.7401868838969569E-005
   4.4906642821372819E-005
   1.1618360368860370E-004
   6.2849166633391704E-005
   7.9359918159243768E-005
   6.8075248007266133E-005
   5.6565757787389606E-005
   3.4935561236179292E-005
   3.9934447982510958E-005
   2.0009142413873176E-004
   8.1866442650571015E-005
   5.2906478505300682E-005
   5.2712476348895420E-005
   6.1391077244203556E-005
   1.2181211854708708E-004
   1.1090620509931177E-004
   1.4364305001869269E-004
   1.1245343289502010E-004
   7.3089379264223357E-005
   4.4903109962921134E-005
   1.1880278932597869E-004
   8.7824085517738783E-005
   7.1759582574314814E-005
   1.7441879235275556E-004
   1.2876356119797766E-004
   1.2067132723168558E-004
   6.0113501306600186E-005
   9.2010430184682874E-005
   6.3122447004584873E-005
   3.6766157557522916E-005
   6.9805553906995154E-005
   6.1936153921106856E-005
   3.4755299431514023E-005
   9.2167696301276295E-005
   5.4635257593579681E-005
   5.1971642213602231E-005
   9.9975253549726710E-005
   6.9983460850327582E-005
   7.1263851112796423E-005
   9.1466135887260179E-005
   9.4266539715626569E-005
   4.7348689530161302E-005
   1.3637866588933601E-004
   6.6948491356891559E-005
   6.1284779547372663E-005
   1.8943123970071343E-004
   6.3523839636215855E-005
   1.9912796528534556E-004
   6.4725069360512072E-005
   9.2491853594311709E-005
   6.4814676742297570E-005
   5.3190710530214591E-005
   1.3307058133683948E-004
   5.6314486180319239E-005
   1.2125332313217331E-004
   6.4837140798228575E-005
   4.9966455701202145E-005
   1.0414300730360261E-004
   6.6700392600376073E-005
   4.9645268828658441E-005
   4.7283596363150649E-005
   7.3824761888507243E-005
   7.1093397110236328E-005
   4.7257919165318604E-005
   1.4945731063311323E-004
   8.5807108028048963E-005
   1.6519993174967092E-004
   8.8797823580415953E-005
   7.9533091239441728E-005
   1.0327279989144554E-004
   2.0550959552865627E-004
   9.3161755904136334E-005
   9.9961761766761717E-005
   5.3735844230592667E-005
   5.0019876042056724E-005
   5.3948350243757268E-005
   3.8885428247713730E-005
   5.3954370333194759E-005
   3.5891424440765011E-005
   6.2822716782918463E-005
   1.2768065643949759E-004
   1.2258324855931736E-004
   4.4538625087896476E-005
   6.9561069845513928E-005
   1.4991041721763946E-004
   5.4318003698552929E-005
   3.8082308528681213E-005
   5.7894156984830712E-005
   5.1937721316362096E-005
   1.4093358187575763E-004
   5.0754440050026524E-005
   4.2443349719170723E-005
   9.7282736055120210E-005
   6.5825407677786116E-005
   6.7807563360540343E-005
   1.2151758097797628E-004
   8.2490764267484251E-005
   3.9699341622425607E-005
   4.1892105103471063E-005
   4.8121926555876419E-005
   7.0666274470678001E-005
   7.6243249953311976E-005
   2.5865242350314266E-004
   5.8343184046634046E-005
   7.4843741692031361E-005
   8.5856408126380537E-005
   9.2464963297511949E-005
   4.7235258870660548E-005
   3.6560496525234484E-005
   5.7977336321959259E-005
   8.4796872249294988E-005
   1.3676402127598710E-004
   1.1215426391714092E-004
   9.4895265802846820E-005
   4.9989923008327544E-005
   2.9797103224794617E-005
   5.8471444869616883E-005
   8.4490960913602065E-005
   8.2796651550226720E-005
   6.6689376555221152E-005
   6.0299644506702144E-005
   8.7436329636217527E-005
   6.9774538208589607E-005
   7.4847923090525469E-005
   3.8885137589552793E-005
   1.2939558412461440E-004
   1.0001383974470551E-004
   1.7031132519676034E-004
   7.8386472550600868E-005
   1.0625447134657571E-004
   1.1275671443382577E-004
   7.9357549846466405E-005
   4.2746413492224591E-005
   1.2540286920303994E-004
   7.4243262023909569E-005
   8.8201125167542121E-005
   5.4014118607909547E-005
   1.1631031501337846E-004
   5.5277344988283911E-005
   6.1073314977061295E-005
   1.2839130703484484E-004
   9.9700012193343975E-005
   6.5029598835370685E-005
   8.7748468164250233E-005
   7.3098093323487281E-005
   6.2785220942847354E-005
   1.2032525396903658E-004
   8.2396131005417399E-005
   4.4557930523162057E-005
   5.8682197937467034E-005
   8.1315254945840958E-005
   1.3368689862475791E-004
   1.0344740025634062E-004
   7.5357950517796244E-005
   5.4446816144259895E-005
   6.0533241190958330E-005
   7.6456441774711147E-005
   5.1999350323340935E-005
   7.1026284909323639E-005
   9.1761294811570533E-005
   1.1252793935584757E-004
   2.4210960653157633E-004
   7.7650322504960986E-005
   1.1415240534959483E-004
   1.1043148710820458E-004
   6.9479362142182239E-005
   5.9825127506339692E-005
   1.4314800489348704E-004
   5.7167982899902653E-005
   8.0324027516227969E-005
   1.0915058315814825E-004
   8.0770404900315276E-005
   1.0688899909348782E-004
   7.5354769532121846E-005
   4.9556025162955688E-005
   1.1516594023620084E-004
   6.0783853313264413E-005
   5.3574843991729876E-005
   4.2963894949764424E-005
   3.8393863798940514E-005
   4.8013956106288863E-005
   1.5371995056614961E-004
   6.2289144206837551E-005
   5.9552408135282544E-005
   5.5630719973666597E-005
   5.9460898250646143E-005
   9.9075974172773830E-005
   2.2012209215099444E-004
   4.0914225625788406E-005
   5.6493282830381758E-005
   3.2798032775210673E-005
   1.0784937424881289E-004
   8.0593823399858854E-005
   7.6245822590962712E-005
   1.6703018928811215E-004
   1.8041082904015886E-004
   7.6912511509835381E-005
   6.3709200603480465E-005
   2.5091714849278504E-004
   9.4688737193203385E-005
   1.2695368253734155E-004
   4.8036463714084620E-005
   3.1776273207712450E-005
   4.6979294932019588E-005
   7.0113015091560093E-005
   1.1291406737252593E-004
   4.6615375132492771E-005
   5.1122251745637502E-005
   9.2016542273829960E-005
   1.1170701769735353E-004
   4.4592139883954385E-005
   4.5847783965379197E-005
   1.0557684834366485E-004
   1.1292380974359575E-004
   8.5485302248379210E-005
   1.2710087439342605E-004
   6.6417947166474400E-005
   6.1396487197092748E-005
   6.9290282910386072E-005
   1.2834178571950473E-004
   9.4966501734895464E-005
   5.8140400610619482E-005
   2.2114858806726771E-004
   9.6902079589094119E-005
   1.1263622995138864E-004
   6.5514916946093039E-005
   1.2062410840367028E-004
   6.1556665401171288E-005
   6.9678332025375448E-005
   7.4206302012564873E-005
   2.1247972177038164E-004
   1.8467065681540627E-004
   4.0850267831773175E-005
   7.6984201362745007E-005
   1.7293391464407487E-004
   1.1450225927009905E-004
   7.9219534662576936E-005
   7.7163342311398241E-005
   1.1389055419847895E-004
   8.0647133669792387E-005
   5.3276167143997424E-005
   8.8020945861973069E-005
   6.2542237776094887E-005
   6.0686848713896384E-005
   1.3890568643717399E-004
   2.1501956867242504E-004
   9.2299255256627160E-005
   1.3445918879573658E-004
   6.6398240495921108E-005
   1.0842730968633622E-004
   7.5835010859553608E-005
   5.5235914016746135E-005
   3.9054879264838695E-005
   8.6417000791710281E-005
   8.8865973440565023E-005
   1.5451737490575470E-004
   8.2378739241877378E-005
   5.0787380475240161E-005
   4.9270135195570316E-005
   3.8600659545606203E-005
   5.2125831183134398E-005
   7.9970266502855450E-005
   7.4802654110187923E-005
   7.4639246416627623E-005
   8.0582797225372667E-005
   9.4167663484824747E-005
   4.3192422431880494E-005
   7.9474472295761736E-005
   1.9095983633871607E-004
   5.3625016055508298E-005
   4.8352277751698032E-005
   1.6183340457019639E-004
   1.4253895595929376E-004
   1.8321948542657232E-004
   1.2530804897531645E-004
   3.9875990361376742E-005
   5.3620839264222746E-005
   1.0243716621343758E-004
   5.7458063987074460E-005
   1.0110382478609546E-004
   3.9780859923020197E-005
   1.2270084917758098E-004
   1.0233138943407215E-004
   5.9443047729899019E-005
   6.7401385980592296E-005
   1.8345813228605511E-004
   6.3334314605697437E-005
   3.4888214921090482E-005
   7.1795313254497591E-005
   7.2681065596403544E-005
   5.7857185397169518E-005
   1.2656157604681254E-004
   5.0516838946287368E-005
   1.1008548335731367E-004
   9.7798363049553095E-005
   4.4769121154615214E-005
   1.2635326229648962E-004
   7.7041080913807077E-005
   8.2234917603865002E-005
   3.9748706041735303E-005
   1.3096105988490272E-004
   7.0792814187215446E-005
   5.7927536863604289E-005
   8.5735813814467738E-005
   5.1564172070291280E-005
   9.0183518609953051E-005
   9.4442923764196784E-005
   7.7217642300994268E-005
   4.1203698125992886E-005
   1.0973583909484757E-004
   1.2088590033359979E-004
   7.6909312453239651E-005
   4.9892450323063530E-005
   1.2919233486964534E-004
   4.8160091840058080E-005
   1.1959697287453896E-004
   4.3932777376642766E-004
   4.4074874258370117E-005
   7.7537674021698494E-005
   1.5054344595209743E-004
   6.2436256386017488E-005
   1.0733345436678047E-004
   4.9183597689933001E-005
   6.8355962671280479E-005
   7.8749590977197600E-005
   1.1868581846075275E-004
   6.3282886189902190E-005
   3.3652685574459753E-005
   1.5535418416500396E-004
   5.7028077358899868E-005
   3.9686776636803966E-005
   5.6688154709022526E-005
   9.9851974524303421E-005
   3.4810633286262509E-004
   7.2828143140228648E-005
   1.3441794411138026E-004
   6.1278293171633419E-005
   1.3488170648585828E-004
   4.7654905565256254E-005
   1.0645521299426957E-004
   5.4889326992994065E-005
   8.8142606545035319E-005
   9.9228551109379086E-005
   8.6861621691959977E-005
   1.9633908910933465E-004
   6.2978064020533252E-005
   4.9001366392904894E-005
   6.7401732989385660E-005
   5.6497666797633803E-005
   1.3541755463390286E-004
   2.8048595613229883E-005
   1.3911276841691554E-004
   7.7948169884741467E-005
   4.4954195688710296E-005
   8.2586850808074260E-005
   9.0207040234292866E-005
   1.9509483563191196E-004
   4.3862404517311942E-005
   5.3642647308030954E-005
   8.2929723082062804E-005
   7.7533481972005415E-005
   2.1820188206755242E-004
   6.8796646470849885E-005
   2.5327458707169974E-004
   7.8061236887335143E-005
   9.7337276241625284E-005
   1.1625842270893250E-004
   9.9624992001715791E-005
   5.6591568412376426E-005
   4.7502289766150866E-005
   4.6372163719127105E-005
   5.5276247930460129E-005
   9.4843217260461845E-005
   5.9351175864554156E-005
   5.7886983905746117E-005
   9.7434631110972648E-005
   6.3002837323963276E-005
   3.3755254303205424E-005
   5.5084400700240292E-005
   7.0721315014327695E-005
   5.3102580731562496E-005
   7.0570263004614408E-005
   7.7268162539673554E-005
   1.3762842659813029E-004
   5.1034646796748369E-005
   1.6171105157146968E-004
   7.6990347134566541E-005
   4.2408627610718439E-005
   5.4104203796477255E-005
   7.0081426357519448E-005
   1.9642976754969725E-004
   7.5895793758096934E-005
   1.1963592621672070E-004
   6.0498246223875147E-005
   6.2382779856060724E-005
   1.4630291432481899E-004
   9.2901398411658425E-005
   9.4454817947209490E-005
   4.1629507545378817E-005
   8.7068111032523250E-005
   5.2747920542200065E-005
   1.2330785045730139E-004
   7.2839170593586510E-005
   5.6043683093234177E-005
   7.1126463404300918E-005
   3.5916129476519187E-005
   5.4851012424939807E-005
   1.2109861707567414E-004
   1.1960327798257243E-004
   8.0986565625708177E-005
   5.8572282669457856E-005
   1.1152221790092008E-004
   3.5948011967297918E-004
   6.2155177345981193E-005
   5.1588662302711624E-005
   5.5698331636548018E-005
   4.3925692627240925E-005
   3.4187507570181282E-005
   1.2541149769181001E-004
   7.4003746087185728E-005
   1.4074642448730923E-004
   8.5221214453603113E-005
   9.0165092564440354E-005
   7.1555669914438689E-005
   8.1982528795959754E-005
   3.9376939335775474E-005
   4.9426558377668197E-005
   7.8944882238864383E-005
   9.7320732918622490E-005
   1.3161905781809344E-004
   2.2438494689760085E-004
   6.9195556567830551E-005
   6.4658904119648794E-005
   7.9597639521926101E-005
   3.6267959652101752E-005
   8.5444217138415488E-005
   1.6566422552184815E-004
   9.7030478900002714E-005
   1.3438444123096830E-004
   8.0148496525723321E-005
   4.4201974453694513E-005
   4.3217990861788991E-005
   8.5695300989014188E-005
   8.7105988866738738E-005
   9.5452642682741722E-005
   8.5565701051635104E-005
   4.5203081453140850E-005
   1.1231893421470859E-004
   6.5374900715351074E-005
   1.1455167817320381E-004
   1.5184431441946826E-004
   5.2791774180344787E-005
   1.9708436284595425E-004
   7.2943755674921736E-005
   9.4475110632767398E-005
   1.1342173667732507E-004
   9.6385814311601811E-005
   3.7073023484527022E-005
   9.3593960947767631E-005
   2.0136076154334790E-004
   4.8349081296376146E-005
   7.3139996100741298E-005
   1.2652903349061675E-004
   1.7802209171749952E-004
   2.8757303209090177E-004
   6.5649342625263862E-005
   6.8878669613408924E-005
   8.8907143731842286E-005
   7.0656337435554985E-005
   1.2980287020718340E-004
   8.7249656911186774E-005
   4.9815775489848345E-005
   6.0916454409985684E-005
   4.7548520746077410E-005
   7.4686874966953433E-005
   1.5668734668580956E-004
   4.7123120992914211E-005
   7.0137785319294982E-005
   6.1125514412464958E-005
   9.2804313197188712E-005
   5.9120440520010101E-005
   1.0575727207525908E-004
   6.9376012772261758E-005
   4.8205772789266332E-005
   7.7592133197353848E-005
   6.1045249510863233E-005
   6.2245642129847556E-005
   2.5072258984489118E-004
   5.5724257502479277E-005
   6.5189816405438318E-005
   6.1121813963517938E-005
   4.3972054151734554E-005
   5.0089859639214732E-005
   1.7933485781254117E-004
   6.5293030224617391E-005
   7.4356522864166952E-005
   4.4276913368009055E-005
   7.3181824955971227E-005
   7.4623100718164474E-005
   6.9974002009096168E-005
   5.4650592497314097E-005
   8.8383558980178873E-005
   6.6054669855037461E-005
   5.3772228459501865E-005
   4.5314547325128321E-005
   5.2906228735124914E-005
   1.0746400011060047E-004
   6.9069873842473938E-005
   1.2232619941228331E-004
   8.0006812906576857E-005
   7.0334409293376868E-005
   9.3920555046426134E-005
   1.8922335634586680E-004
   4.1589260510480305E-005
   1.2160409203123827E-004
   1.6576617464012953E-004
   8.3419678485442588E-005
   3.1041145486512238E-005
   9.7650761306458591E-005
   1.2063876751488116E-004
   5.3000074240209426E-005
   3.9497955018650517E-005
   5.5301426307977856E-005
   4.4124747685622413E-005
   5.9954606683192902E-005
   7.6254657158768516E-005
   6.9261633096297283E-005
   9.3874576925190038E-005
   4.7296646920951239E-005
   5.7765096932284905E-005
   1.0014025845806029E-004
   7.2920246278473417E-005
   6.9724808033868194E-005
   1.7116193647513702E-004
   1.0114344432185049E-004
   6.3850843544490234E-005
   1.0784675540896979E-004
   1.0582471088494148E-004
   1.3691420971826958E-004
   6.4106126830590043E-005
   1.8350615639705882E-004
   7.6504528599484074E-005
   4.2189653118534168E-005
   4.0774338475539785E-005
   8.8386747708060713E-005
   6.6143946162136968E-005
   6.9945539323917728E-005
   9.0011950295661256E-005
   1.1763367007914483E-004
   5.7537209342994831E-005
   5.7354055933748200E-005
   6.5888338704571406E-005
   1.5249193972237705E-004
   5.3159157182811475E-005
   8.2579227605843661E-005
   2.3842587015162088E-004
   6.5496634053123764E-005
   3.6280829413857358E-004
   8.5414380104870097E-005
   4.3361282718696422E-005
   5.5086496842457490E-005
   1.3805812143403214E-004
   7.9999214255318285E-005
   1.0873981372090372E-004
   5.3060549853104519E-005
   4.4348153224797321E-005
   4.0980995132123539E-005
   2.2789572323430988E-004
   6.4599251618532240E-005
   1.5784615638150264E-004
   5.7014068782205151E-005
   7.8560957279627061E-005
   7.4091795425990895E-005
   8.7060421182266591E-005
   1.0103642752667458E-004
   1.1275006491178068E-004
   1.0527118092505818E-004
   1.2227980187995533E-004
   5.1093892344894571E-005
   5.9203488221820077E-005
   7.5815627459268616E-005
   8.2426726702667917E-005
   4.9391427673299175E-005
   1.3361159081848561E-004
   7.6872581875284506E-005
   5.4572515968171907E-005
   4.7215352515723739E-005
   4.0858931760297716E-005
   1.6939296961607426E-004
   9.6950435223465582E-005
   5.0030335539105046E-005
   3.3699162204243537E-005
   5.2584575234914901E-005
   4.0030139075755972E-005
   4.7120407267083057E-005
   9.0490209633822436E-005
   1.7637035802440130E-004
   1.5545550495068040E-004
   7.3559271208244696E-005
   1.2863852347633415E-004
   1.4304341899681452E-004
   6.9028103657888836E-005
   2.6052025760198584E-004
   6.7426188636713916E-005
   2.8763227449942072E-005
   7.6172618798340776E-005
   1.4008848288995946E-004
   8.8441985253532584E-005
   9.7426888556693459E-005
   1.2509907509687741E-004
   8.0547895750435915E-005
   5.3856602635426547E-005
   8.9999621993556693E-005
   9.8970339557595294E-005
   1.0179060543146408E-004
   3.8917426359924153E-005
   9.3966374203279624E-005
   9.5522107298471213E-005
   3.6048563100003918E-004
   3.9113869533166596E-005
   8.9641108790602657E-005
   5.1627797309012797E-005
   9.2162741560856601E-005
   1.0918657471415033E-004
   1.7022144159158800E-004
   1.2019312959572873E-004
   5.1808610550887357E-005
   8.3568721722813752E-005
   6.2016964743711998E-005
   7.9634374748689576E-005
   1.5076506651713568E-004
   5.6042763300593450E-005
   7.7280766553404552E-005
   9.6730247846350855E-005
   5.2926586106770811E-005
   6.9861121958284428E-005
   6.6204260337738175E-005
   7.5146606592254876E-005
   4.5324850222206666E-005
   7.1172538305639663E-005
   9.3685771637260837E-005
   5.6659419588672042E-005
   7.3536195619271536E-005
   4.4752442680478552E-005
   7.6189342382815240E-005
   6.5734394913556491E-005
   8.1597437608137347E-005
   8.5987718666263600E-005
   3.8721032789375365E-005
   5.4163117075336299E-005
   5.0830587291720165E-005
   6.0915069763626146E-005
   5.5091267640270269E-005
   3.8187430150373957E-005
   9.4338380995975061E-005
   6.5698655715162310E-005
   1.6697685740071333E-004
   5.7368993920615912E-005
   6.0362181142588941E-005
   9.0227297423782192E-005
   8.7452177601138022E-005
   3.2845264196874076E-005
   7.3880991846004027E-005
   4.4196747500001020E-005
   6.2545893010724428E-005
   6.2542071401791826E-005
   7.8800344283505762E-005
   5.2842151956905256E-005
   8.3101326537864283E-005
   8.1266514437995055E-005
   1.5560679981601686E-004
   5.4128330986956011E-005
   6.1920665939006376E-005
   5.0498726713042739E-005
   5.0653581067889257E-005
   5.0813225099453078E-005
   3.9027868356006381E-005
   1.2835572847967830E-004
   9.8438430014607603E-005
   1.0708061589469371E-004
   1.0372471524742078E-004
   6.4214177512585230E-005
   1.2760906093107059E-004
   8.2974513786193395E-005
   4.5032162421510071E-005
   7.8537347119073404E-005
   4.5562751057226979E-005
   4.3178185078452285E-005
   1.0380859437257802E-004
   1.9855284582805002E-004
   6.3054911554137060E-005
   8.1243429450174445E-005
   7.0475053867414658E-005
   5.2768075319923984E-005
   5.7956504863334365E-005
   6.4032754253919656E-005
   5.9711286652435727E-005
   9.4518752537804226E-005
   2.0674226363908473E-004
   6.4233642664885088E-005
   6.6059130351973070E-005
   5.5690133706945212E-005
   5.4310239471943841E-005
   1.0058127125606978E-004
   4.5820084542230867E-005
   1.1928068218452336E-004
   5.2896093886598972E-005
   4.6200466828470071E-005
   5.6717911929664906E-005
   7.1694659191032741E-005
   6.0397321872927635E-005
   5.4676076524537740E-005
   2.7662912373732019E-005
   3.6465962907033253E-005
   3.5500264147508163E-005
   9.2078524631169028E-005
   7.6217828391535875E-005
   6.2771013016377675E-005
   4.1395123867131632E-005
   8.2714747419554749E-005
   1.0651442212895675E-004
   9.3943875207904310E-005
   8.3624180276507912E-005
   8.4443428564098873E-005
   9.2065866940868751E-005
   1.6327455303580444E-004
   5.0301967216116232E-005
   5.4840473557449944E-005
   1.0461212905902378E-004
   5.1662412228641340E-005
   4.3375396374544878E-005
   5.2796757495417114E-005
   5.1890810117615961E-005
   5.5784397127932027E-005
   6.4160879681960666E-005
   6.1504536253121348E-005
   7.1715027564849614E-005
   6.9745784701648824E-005
   5.8669873218902741E-005
   1.3358497226270707E-004
   1.0172773156253180E-004
   6.0959832203998527E-005
   6.2328422935769201E-005
   1.0607683548359866E-004
   1.0047651016948626E-004
   6.6214112580213218E-005
   8.9368268036089230E-005
   3.7646915377060038E-005
   9.8194416771935108E-005
   7.9184480999940554E-005
   9.2481853598610318E-005
   1.1038237662578721E-004
   9.3517658381171392E-005
   1.3036008435775558E-004
   1.4803040828887428E-004
   8.4206637622191550E-005
   2.1243683697672849E-004
   7.3636957963011120E-005
   7.0631003192531263E-005
   4.3664276051255979E-005
   4.4185068481470770E-005
   3.2016506701593965E-005
   3.7787101543558368E-005
   3.7779607945586206E-005
   1.1501149681887823E-004
   8.5706711952662591E-005
   3.5426235331517351E-005
   5.9981724967654472E-005
   5.3425380529088340E-005
   1.8346550378501271E-004
   1.0347720568958147E-004
   1.1213549875438238E-004
   6.7484808838975228E-005
   8.9685970222630744E-005
   4.9639019034075325E-005
   2.8798556472847187E-005
   5.1911747612814299E-005
   1.2356088441647039E-004
   3.7670312457407817E-005
   9.5078181837349635E-005
   7.6549469214776139E-005
   1.2661459603920003E-004
   9.4775498762027325E-005
   7.5386311692060020E-005
   9.9168718543361377E-005
   8.5856344547967454E-005
   1.2203919200937456E-004
   7.6015919196675938E-005
   6.2607266849794627E-005
   2.0408642420709097E-004
   8.5006843730005545E-005
   8.3909546359187912E-005
   5.7991329342147786E-005
   7.2803047357998478E-005
   2.0868037329372507E-004
   7.2547101223250900E-005
   6.2958293375405366E-005
   7.8253805246229679E-005
   5.9989173192781484E-005
   5.6670766924234505E-005
   4.2720107210350885E-005
   7.6482896775816872E-005
   6.5509787408916917E-005
   4.4727845125833533E-005
   7.9706347736138806E-005
   4.9676612174815055E-005
   1.5000776933292011E-004
   6.2282094141968903E-005
   6.7614865533121906E-005
   9.0445995652768069E-005
   1.0886704903862547E-004
   4.1447108056305641E-005
   1.8836047301751618E-004
   4.8475916604533484E-005
   4.5457397452771116E-005
   5.3154554669397414E-005
   1.7819995298107679E-004
   6.7466191800669809E-005
   6.7467993636090531E-005
   7.4835047169774188E-005
   2.4402992264152207E-005
   7.6154388483495091E-005
   2.1157061333781612E-004
   5.4458519986869629E-005
   7.1886042261689356E-005
   7.5330287709184844E-005
   1.1953448432307021E-004
   3.3136881313762301E-005
   8.7933454314612325E-005
   9.9313708265667865E-005
   9.3546975420322789E-005
   2.9174293162014875E-004
   8.7359819398544176E-005
   6.6358598521082892E-005
   7.2093180348956217E-005
   1.4095320393493288E-004
   9.9611978892089788E-005
   9.5023461186606457E-005
   6.3253584891903369E-005
   9.9987213596999303E-005
   1.5552765766582198E-004
   9.4216291268038992E-005
   7.0533052941060197E-005
   1.0839527835572380E-004
   5.8262746834591510E-005
   8.6327710590004524E-005
   1.1654440070743464E-004
   1.3073432553944100E-004
   7.9364216189069652E-005
   6.7209657394628222E-005
   8.2541589941813602E-005
   2.8932087727769900E-005
   7.2521550257515665E-005
   7.2766402280408191E-005
   9.9781356820650486E-005
   4.5205841758545190E-005
   4.8964492983468454E-005
   6.2567955139520521E-005
   9.0199632280729193E-005
   1.4157780887789017E-004
   1.3193303289961393E-004
   1.0581864140204352E-004
   8.5340998321209465E-005
   4.9020679984546394E-005
   7.0300120686988927E-005
   6.2665806621105329E-005
   1.2509128435447771E-004
   6.5853850701302948E-005
   8.8926623491746658E-005
   7.2054318901124785E-005
   4.7429074936181917E-005
   4.4239826825971657E-005
   6.5632281243375320E-005
   7.1924969777952235E-005
   6.2191848882578747E-005
   8.5087811337560917E-005
   5.6138716655706808E-005
   9.1790376680111067E-005
   1.9204019732511410E-004
   5.8493972550766744E-005
   8.1294266769551353E-005
   1.0426231826652168E-004
   3.7187350718978017E-005
   1.2541363633228447E-004
   4.9626198509915180E-005
   4.5067596442782595E-005
   1.4020229095856255E-004
   6.6357911464934508E-005
   9.1579347165493048E-005
   5.6541285386872364E-005
   3.6264464521182970E-005
   4.9380383503898768E-005
   1.2856105206579871E-004
   8.4087440003965713E-005
   5.4566961013951142E-005
   1.4665457796009582E-004
   1.1469587938404822E-004
   5.0900870137410967E-005
   1.4492066633229410E-004
   7.1526591150923195E-005
   1.0943446956415776E-004
   3.4511612928177324E-004
   8.9902701189976112E-005
   8.5341158094363211E-005
   9.7419904604963538E-005
   6.4929992745477568E-005
   1.4140571319579001E-004
   5.4441040877350410E-005
   1.2964504894521963E-004
   8.9723491997013600E-005
   5.7932476649188124E-005
   4.7455681706530254E-005
   7.7198185409470751E-005
   1.0864426136924118E-004
   9.4349740112290858E-005
   1.6046561321318202E-004
   6.4474864619133783E-005
   1.1474770689803511E-004
   1.0483465664672775E-004
   6.3266147232032840E-005
   8.2252986176078243E-005
   7.7807276041237796E-005
   7.5510823513794050E-005
   2.1931658883172475E-004
   2.3622287951193400E-004
   4.0423189360985479E-005
   4.3669083411341654E-005
   8.8504060707958183E-005
   9.6700249637710059E-005
   6.0950969442030081E-005
   1.4570039061694693E-004
   6.1847450856903832E-005
   7.4669018738245764E-005
   5.8972459544727450E-005
   1.8048825539436811E-004
   1.2389814546237657E-004
   7.2574881002178803E-005
   5.8386584755822444E-005
   9.7078333544505026E-005
   1.6073948884680304E-004
   1.8161123535887511E-004
   7.7900610764897028E-005
   5.1180256234135141E-005
   6.4848506987245154E-005
   6.7809365829291597E-005
   6.4889858477557713E-005
   1.2776274428477613E-004
   1.0413580870164164E-004
   1.7248511553235885E-004
   5.4876195891746429E-005
   8.1282563063925629E-005
   5.4932390250020736E-005
   6.0404703607846485E-005
   1.2770872284532443E-004
   6.1470026579405851E-005
   3.8441206478308193E-005
   7.1263983768814782E-005
   4.6240326017500944E-005
   6.2180553165406077E-005
   5.7403549219633869E-005
   1.2820782371807945E-004
   4.0963059339461785E-005
   4.5384280214391016E-005
   2.5989188987109959E-005
   5.4719012503685677E-005
   1.9303744911744309E-004
   1.1492206980533394E-004
   4.6550382342133336E-005
   1.1179669413788782E-004
   4.3560886332352066E-005
   1.2437364144146908E-004
   4.7308878454458794E-005
   7.6225345654275055E-005
   9.2506815062633446E-005
   1.5338342474798583E-004
   1.0226940870115764E-004
   4.3406489652466256E-005
   1.4471243534533735E-004
   6.8784282826468921E-005
   7.0661100746457041E-005
   6.4670387409280385E-005
   3.8300025000736618E-005
   4.8661759026245550E-005
   5.7783927144391011E-005
   1.1403553722910434E-004
   9.3009098812872642E-005
   1.0822388075904875E-004
   9.7711285700517348E-005
   5.4430610233122855E-005
   1.4895125141278491E-004
   5.6437650576417535E-005
   8.1428957676967737E-005
   8.4043668214109243E-005
   8.5547813683053742E-005
   9.6417935106947708E-005
   5.7286389372626562E-005
   7.3583116037466721E-005
   9.5204971483405960E-005
   9.8471788109897953E-005
   3.8685716330504028E-005
   7.0807613349230212E-005
   1.6155707097735512E-004
   5.6488306979541191E-005
   7.7059441976837055E-005
   7.2508029773828562E-005
   4.4897065254801793E-005
   4.3870454489905209E-005
   4.5376205935562989E-005
   1.0323767280813040E-004
   3.3656608090567759E-005
   8.8937521740125501E-005
   1.0043678135712506E-004
   7.2314403645671709E-005
   9.4564419849500826E-005
   5.1978930873980738E-005
   3.7380676108726932E-005
   6.4032331236927467E-005
   4.4951956894107188E-005
   1.0145845259461876E-004
   1.4267460091649478E-004
   1.3555569497058400E-004
   4.5214141469495818E-005
   6.6181880983862557E-005
   5.0654896477459283E-005
   4.0924704283476675E-005
   7.9428450254783665E-005
   6.5192754941161704E-005
   8.6923588055426329E-005
   1.5114115936268812E-004
   5.6927898018555770E-005
   1.1107480589693736E-004
   3.8787419829405500E-005
   6.2205689479831089E-005
   2.3920900764415471E-005
   8.8558946080303185E-005
   8.1999760130754143E-005
   6.1417474023531146E-005
   8.5386951707781212E-005
   1.0809474341938363E-004
   6.5186810702941541E-005
   1.1213716920877792E-004
   6.0587272937034940E-005
   6.5051638416667755E-005
   3.9939040584730616E-005
   4.9405468344956660E-005
   3.7887217740268055E-005
   8.5229550887965636E-005
   9.7887823002086911E-005
   7.5122850086730111E-005
   6.0667611535941888E-005
   6.5194232066382088E-005
   4.6912913875066978E-005
   8.1031971291406263E-005
   1.1762883935845211E-004
   9.8625338409689281E-005
   4.0857225154121860E-005
   1.7346942155228623E-004
   5.6983340300667833E-005
   5.3912533165761494E-005
   7.2131189712644253E-005
   5.7817675318167657E-005
   1.0396111216752954E-004
   7.2963897810463451E-005
   7.0420913545021687E-005
   7.4480175356873450E-005
   1.1550495325378331E-004
   3.2929711565514354E-004
   8.9615153352404575E-005
   1.2286683856800956E-004
   3.0698748938312683E-005
   5.1855691742710507E-005
   5.1549483513628574E-005
   7.1061818331781261E-005
   6.1967553312461900E-005
   8.1285820563614661E-005
   1.4274601564109011E-004
   1.1081492947112363E-004
   1.8634201476659234E-004
   9.1245230393515299E-005
   5.4020560109982606E-005
   9.3741077829065129E-005
   6.1391401363521719E-005
   5.1070611892531270E-005
   4.4598291720805893E-005
   6.6065915544243512E-005
   1.8730471286902708E-004
   9.5787465909698134E-005
   3.9370971927343116E-005
   4.5206823097215732E-005
   7.8522572801684046E-005
   5.2305730207136573E-005
   5.0338423697410529E-005
   6.2759821655809973E-005
   6.0842391307850900E-005
   7.5405137731252022E-005
   4.0349303466592814E-005
   5.8510418608466339E-005
   7.7514977474382472E-005
   1.3732467496264798E-004
   1.1053305068110809E-004
   1.2293099277386010E-004
   4.4437863179821695E-005
   6.3169630990659236E-005
   6.5265294721873594E-005
   5.1904755761231439E-005
   5.1712903974202428E-005
   6.0949641799882359E-005
   4.3883669844116840E-005
   8.8838331713843871E-005
   6.5302728098857836E-005
   3.5486592657480527E-004
   6.1148951725384812E-005
   1.0786712827471839E-004
   1.1485720780839519E-004
   1.8273411315031200E-004
   9.5153613961832670E-005
   5.8108384077394299E-005
   5.0357836364509027E-005
   1.1960797819458227E-004
   6.0256268672898247E-005
   1.4515752538853219E-004
   4.3939794066786819E-005
   6.5392284507727124E-005
   2.2182510658691660E-004
   4.8672917490386763E-005
   4.7016344965475122E-005
   1.0020288919741476E-004
   9.8708475594143363E-005
   4.2568817380430596E-005
   6.1385445152119765E-005
   7.7991161979121270E-005
   6.0447062312007339E-005
   5.7008415293182967E-005
   1.6099570903834815E-004
   1.0748085051763755E-004
   7.6539968117516336E-005
   9.4921420154384681E-005
   8.2655766429644509E-005
   7.4237428845393523E-005
   9.1490793801327072E-005
   1.8343614716580925E-004
   1.1657504227497032E-004
   9.1388622882154980E-005
   5.1508963651221390E-005
   4.9741106118027340E-005
   5.2015279184168489E-005
   7.5196737972666391E-005
   5.0195800185555040E-005
   9.7676090109989380E-005
   3.4470288703711694E-005
   5.8231309064122817E-005
   6.5794457485949636E-005
   1.2039062502884014E-004
   1.0586999756975808E-004
   6.3623772394757498E-005
   8.3307410957405916E-005
   7.7672447180696279E-005
   6.8779148148628090E-005
   5.4716421151564973E-005
   5.1375376548276929E-005
   6.6703909380409925E-005
   4.6206617369161853E-005
   7.7517871103817683E-005
   6.4752321348767873E-005
   2.0923004163870502E-004
   1.6571265981515048E-004
   8.5065847963742923E-005
   6.3767775168401854E-005
   8.0636357993593759E-005
   8.9067836228641894E-005
   8.3899181359692689E-005
   5.5368167839818902E-005
   1.4970904732455867E-004
   8.9298388501283984E-005
   8.6629941477272797E-005
   6.8416471779549689E-005
   7.4463248259104973E-005
   7.0944822491470551E-005
   1.0530792551493598E-004
   1.1459700140488672E-004
   9.6296253018525742E-005
   5.3724250668062210E-005
   8.8389664424570711E-005
   5.7349357191947640E-005
   5.1135984546631888E-005
   8.7313674018729484E-005
   7.9349391962232015E-005
   5.9822302661450783E-005
   1.1095487208642434E-004
   7.3182402199364896E-005
   1.3478933799403360E-004
   6.6893807002321506E-005
   1.0506809920661653E-004
   5.8727471511249392E-005
   5.5496949055249020E-005
   5.1158141595058046E-005
   6.2000530074856665E-005
   6.6469472377935071E-005
   5.2525357585605775E-005
   1.1125166982169549E-004
   2.1817274870620848E-004
   1.3579757964795174E-004
   4.7806641118299084E-005
   8.9346048784906556E-005
   6.5174763350734372E-005
   5.3357842344097859E-005
   1.7413989665429950E-004
   1.1652389906715813E-004
   9.3360972504169277E-005
   8.7794710537649585E-005
   1.3123084135783423E-004
   2.6776063494523574E-004
   7.8026077654012453E-005
   6.9751197574747731E-005
   4.6620041458835501E-005
   5.2483784433815788E-005
   3.3687146360478307E-005
   7.9488981598351764E-005
   8.7146369803097048E-005
   5.8213657598042507E-005
   4.1686505739181857E-005
   5.0136981481588008E-005
   4.7143499477403000E-005
   4.0628963794050730E-005
   7.2957227796568961E-005
