   6.6270211267156615E-005
   4.3516380218369249E-005
   5.3801135698695636E-005
   6.9441289117391460E-005
   1.2124556327752885E-004
   1.0473963081169281E-004
   1.8630998844139065E-004
   1.6122059602228936E-004
   1.1414277563802051E-004
   8.7802572899135708E-005
   1.5646926094460789E-004
   1.0637408874616577E-004
   5.0987528006065334E-005
   6.2215047880899766E-005
   9.8024334992223545E-005
   1.4980650214849213E-004
   6.5550440402510637E-005
   5.3464461677362337E-005
   3.9178988719438397E-005
   3.3170980343710327E-004
   1.6064577630451392E-004
   4.5775348069972484E-005
   5.5420587244745298E-005
   6.0268058593134311E-005
   4.7986116208390124E-005
   4.8775328395118492E-005
   9.9709524476721063E-005
   1.0189861307901675E-004
   3.9615034039840499E-005
   1.6783151880925799E-004
   7.4121486955819571E-005
   1.2436747361365227E-004
   3.4506580569431463E-005
   5.4125028799598503E-005
   5.0746765428922357E-005
   5.7123008282628850E-005
   7.3816090802932840E-005
   6.9142592661786234E-005
   1.0725929140368974E-004
   6.3841894381232514E-005
   7.1887101626765324E-005
   9.5256516526542550E-005
   1.6441837118128335E-004
   1.1061467068103931E-004
   5.4882759140464440E-005
   7.5303797994450664E-005
   3.0772235770741709E-004
   1.1178238502164691E-004
   4.2319695790729475E-005
   7.7796957811176968E-005
   1.0478370015517593E-004
   4.4935252386031246E-005
   1.0535899573278838E-004
   8.4465803381978522E-005
   4.0007927072998486E-005
   1.3721325988340691E-004
   1.1591465706236819E-004
   1.0974687986342164E-004
   9.6503428925307064E-005
   4.0097980761073082E-005
   6.2629033037636726E-005
   2.3227957042711340E-004
   6.3474031196059891E-005
   5.0971056412977802E-005
   7.0453757221999823E-005
   3.6485725853830424E-005
   1.3606355502872411E-004
   1.3294277381256626E-004
   5.1181626567846967E-005
   6.5884282486815225E-005
   9.6092069080091136E-005
   6.2492038169808728E-005
   4.6902397557878476E-005
   1.3434060874610622E-004
   4.2278963348620145E-005
   4.5604347001238913E-005
   4.4062587176482654E-005
   6.0893446473502593E-005
   6.0741501457505233E-005
   1.9547311498851797E-004
   5.0880668731435476E-005
   1.2097605964213024E-004
   1.5901144434164773E-004
   5.8419623921306673E-005
   3.7470234201882739E-005
   3.9802915883265939E-005
   6.9211278162961129E-005
   1.1658781949708026E-004
   5.4624224169502199E-005
   1.2625759863543558E-004
   2.1137332901897715E-004
   8.5299328107095243E-005
   1.0203519119283998E-004
   6.5265196317547877E-005
   4.3916712229854620E-005
   4.5650790326643998E-005
   1.2101226413448237E-004
   3.5709654219387255E-005
   7.5958320850191596E-005
   3.9168030903045085E-005
   3.9752747980791794E-005
   9.8851358034253550E-005
   1.8986975202112116E-004
   6.1855482928611512E-005
   7.1605733372981351E-005
   4.3085987278220682E-005
   4.8681166859740797E-005
   6.1187263834678511E-004
   3.3924487721990557E-005
   6.0314526105458452E-005
   7.9205794038877183E-005
   1.1047651200496659E-004
   6.1032234774942049E-005
   1.1086514619989270E-004
   9.4417808312877732E-005
   5.5736125570093491E-005
   4.6739828476375577E-005
   5.7122368078767599E-005
   8.6776974281547729E-005
   6.3631644569968026E-005
   1.0522143123956079E-004
   4.4238743392138841E-005
   1.8673488887017273E-004
   1.8418830653824228E-004
   7.5751390169123898E-005
   1.1000712936866279E-004
   5.6537899015180758E-005
   6.6764976305433714E-005
   1.7861968019042466E-004
   1.1516734975420885E-004
   7.8457233349798954E-005
   3.1689042622236802E-005
   5.8113027453643252E-005
   7.3752630344938269E-005
   9.5988797297878831E-005
   4.1199564506404535E-005
   7.0664182235984468E-005
   7.3185584063344169E-005
   4.3407240138705497E-005
   1.4014404045157561E-004
   5.4705958857038622E-005
   9.5550038471361532E-005
   9.3670024860613869E-005
   1.1892548444938302E-004
   1.1329811425580734E-004
   1.3349542660308266E-004
   9.9164008653798491E-005
   1.1494818536442723E-004
   1.9469600661700629E-004
   6.9915651471408270E-005
   6.0048576630345704E-005
   1.1241536130342221E-004
   8.2639174698177507E-005
   1.3026248412787518E-004
   4.8113484416111409E-005
   4.3902415002517974E-005
   1.5629286118931440E-004
   4.6403283008258507E-005
   1.2779268984294224E-004
   1.6065092654215951E-004
   9.1988596884255510E-005
   2.7701012259850973E-005
   2.2418564878989641E-005
   1.4392648209144037E-004
   4.2783535297688202E-005
   5.2436208726336397E-005
   3.6204630119229460E-005
   9.0756144210044618E-005
   1.4812349462388111E-004
   5.7942698814641145E-005
   4.6929930611944816E-005
   8.7212883576462787E-005
   6.7738258910108923E-005
   8.4202888062236071E-005
   5.0797887291428572E-005
   7.7676252772065248E-005
   9.5281033555831045E-005
   1.8959971815741571E-004
   5.2638519357715112E-005
   4.0941346938922279E-005
   1.0376617031646309E-004
   3.9562441094957243E-005
   5.0388813796195253E-005
   6.7568945843801448E-005
   1.2715598695205993E-004
   1.0412696956653129E-004
   1.3796835913510431E-004
   1.7718816676233791E-004
   4.5893796287278949E-005
   7.1402091321880090E-005
   3.6532097689437697E-005
   2.0505701170059576E-004
   1.7625687530948550E-004
   1.7098669648234972E-004
   8.4145258712888299E-005
   7.6744581748532413E-005
   1.2908331012705332E-004
   1.3024905427995432E-004
   7.7281377344574743E-005
   1.3496755374354131E-004
   4.8941990145686834E-005
   2.1169990363275096E-004
   6.2273558980608415E-005
   1.0608398357114637E-004
   8.9641699175809687E-005
   1.7394252950079291E-004
   1.1643479065454664E-004
   5.1054387061619250E-005
   6.1773430208561896E-005
   1.1603623420087080E-004
   1.5586044423307262E-004
   2.2805695648865683E-004
   8.6881854001814304E-005
   7.7534096071724273E-005
   7.1990685584074151E-005
   1.4613791212393984E-004
   4.6241918516685149E-005
   8.3364538210658139E-005
   3.0521010759444030E-005
   3.8131436363985328E-005
   5.7077788305602953E-005
   3.2250857431733834E-005
   6.6896404913770608E-005
   8.3341710327665191E-005
   4.8388239404500400E-005
   6.4629023518406536E-005
   8.6869656975589081E-005
   8.1989843165436536E-005
   3.4243764097154869E-005
   9.0239182645401896E-005
   3.2326637324226512E-004
   1.3981835614832320E-004
   8.8208811687351290E-005
   5.4035687194041959E-005
   5.1503821764055205E-005
   5.5947302299729911E-005
   1.0741373647695360E-004
   7.5306444024520643E-005
   4.5787612547718014E-005
   2.8044785541370597E-005
   1.0028788651165926E-004
   1.0864498865419209E-004
   4.1555205077719906E-005
   3.2053900575599865E-005
   1.0783619625598256E-004
   8.4380766477176408E-005
   3.8202406202250226E-005
   4.8107426906794907E-005
   9.4732938208812696E-005
   1.5463498393778304E-004
   8.5417059887737292E-005
   6.2616821105984771E-005
   1.2155407960477959E-004
   8.2648236219816520E-005
   2.1144304178582937E-004
   3.3321435907343216E-005
   1.0970394677592540E-004
   7.7519433687530415E-005
   3.8582216117190527E-005
   3.0401410163726851E-005
   7.0306978734397958E-005
   4.9622445619243153E-005
   1.3577744101864859E-004
   1.3282591299357513E-004
   1.4709525878282121E-004
   6.8613043776919523E-005
   9.2758557248407339E-005
   2.5348901453052411E-005
   4.0131843169120636E-005
   6.8762511915235357E-005
   7.6459981708725902E-005
   7.7561218867395194E-005
   4.7993387692324966E-004
   4.9630970675315948E-005
   4.7944195585516445E-005
   5.5368454618681983E-005
   8.8868161195429743E-005
   9.1701503227080769E-005
   1.2819198287407504E-004
   9.0521413282907025E-005
   1.8247931826344174E-004
   5.5532429159608061E-005
   1.0043694084166262E-004
   1.1644448664222829E-004
   5.7285778135445846E-005
   6.1257710558169310E-005
   2.8409651233548714E-005
   5.3351464405504054E-005
   5.5612469523376236E-005
   5.0872797936267987E-005
   4.2096460659067896E-005
   5.0046697715798055E-005
   5.7486197493177023E-005
   9.7101896213616114E-005
   4.8136050236237379E-005
   7.9740072190474267E-005
   7.9703820804225212E-005
   1.0345663209793289E-004
   1.4251954864800785E-004
   2.9380279305235990E-005
   6.1070192143515220E-005
   6.1920806448677480E-005
   7.7512088051677046E-005
   9.4317771133110341E-005
   7.1083020722256766E-005
   3.1686323176836815E-005
   7.7301336504033443E-005
   1.0947973096851395E-004
   6.2693695648689400E-005
   1.9114616246369490E-004
   7.5964254073665596E-005
   3.6439940506107505E-005
   8.7197552843760163E-005
   3.5646382679361084E-005
   7.4888049604396700E-005
   4.8082636466484732E-005
   3.6388462248973302E-005
   4.8031815901356142E-005
   1.4505685759976333E-004
   1.8536256116111571E-004
   1.1174754675575650E-004
   1.3353312466027936E-004
   5.6894106185189948E-005
   1.8670001124135833E-004
   8.5161563272420155E-005
   4.3885717944122505E-005
   5.9058955468107420E-005
   5.8321927253824822E-005
   7.5187787306958922E-005
   1.2271903149043130E-004
   1.0404297953357158E-004
   6.4882086297703880E-005
   3.4018368790473601E-005
   9.0369898736822310E-005
   7.6160597436844248E-005
   3.3605660100062746E-004
   3.7914544646631835E-005
   7.0922816994403129E-005
   8.3302414372390631E-005
   6.7556862133695897E-005
   7.7926783004065691E-005
   6.5886672967403197E-005
   8.9457178323382679E-005
   1.2031454680211613E-004
   8.5352816849617235E-005
   1.1508681558439557E-004
   2.2657391765883909E-004
   6.4548537111775391E-005
   1.6163573481532594E-004
   7.1380619961740728E-005
   1.0080828431333663E-004
   4.3172934167555349E-005
   7.5297941164711603E-005
   3.0308266799997379E-004
   8.4422967236697527E-005
   7.8250282291371219E-005
   1.1520651881075440E-004
   7.7070974578080962E-005
   1.9762737534526813E-004
   5.0871047374674016E-005
   2.5911130406326765E-005
   7.8034638385483804E-005
   3.8418591765926866E-005
   6.6146150218554230E-005
   1.8989589205730014E-004
   7.7064383891641450E-005
   7.2974735950361196E-005
   5.0769793703020010E-005
   6.7585043947002122E-005
   6.2351196926575795E-005
   2.4285802353656489E-005
   2.9477543800257997E-005
   4.3901048473458251E-005
   2.0359799102649367E-004
   6.5448121830486659E-005
   1.1078173986067400E-004
   7.2904016252213312E-005
   3.2438662174788075E-005
   1.4492028556126711E-004
   5.2706915404069223E-005
   9.1864070785056690E-005
   1.0077765583620497E-004
   6.2304487270425823E-005
   6.2613893073851842E-005
   4.1538371370965665E-005
   4.5536650962544759E-005
   3.0382422256322123E-005
   1.3677132408472419E-004
   1.5475887334895808E-004
   6.6840784308067037E-005
   8.2216392958749403E-005
   6.5188576369402848E-005
   7.7977224548776548E-005
   7.0679420408763404E-005
   3.4507797246504231E-004
   9.3564854943266519E-005
   5.9027549312290718E-005
   9.8448028121689076E-005
   1.1961644972575769E-004
   6.5377996702319346E-005
   4.1507871504228593E-005
   9.4738755221253319E-005
   8.5132710387891318E-005
   1.9786804973684931E-005
   4.8672604479052951E-005
   2.6592761645472872E-005
   2.0381137832265549E-004
   3.8897062940687476E-005
   1.0463543283692923E-004
   4.7295912716128879E-005
   3.8304772588192008E-005
   1.2778522063906485E-004
   9.9374271275938603E-005
   6.2291682649151322E-005
   9.3241848448229653E-005
   5.7935909152659996E-005
   1.8913347895816479E-004
   1.2753971188204550E-004
   1.8835544504172038E-004
   4.9891834593942974E-005
   6.8636046375132763E-005
   5.9186953997089800E-005
   5.3770097088059247E-005
   1.8111000601884103E-004
   5.3079317084319838E-005
   1.0119080280240314E-004
   5.4346244367614093E-005
   5.5334229465200959E-005
   1.5510579795352975E-004
   8.9007367327282019E-005
   5.6027448462882238E-005
   7.7887814905954627E-005
   9.2526214558179425E-005
   6.4683181850363520E-005
   9.6576480955121370E-005
   9.1762225498296908E-005
   8.6874901448855661E-005
   5.7331359932779237E-005
   2.3196668542042304E-004
   5.2015985518369992E-005
   8.6338732164518127E-005
   4.8244416120215109E-005
   1.0221286782749046E-004
   1.2203533026169311E-004
   9.4619123220739652E-005
   7.0834331577612596E-005
   9.7921144700144810E-005
   7.5507412284083738E-005
   9.1554966794940069E-005
   4.5776413291838703E-005
   7.5751293046724094E-005
   7.2162548493202589E-005
   5.6119382586556182E-005
   1.4830048878960780E-004
   1.4915910331615682E-004
   4.9587390908703104E-005
   8.7304463631746591E-005
   9.2376174503749691E-005
   1.3426153614523500E-004
   5.2707696540600956E-005
   5.1851818746961303E-005
   6.3473071321065760E-005
   8.2251964009838585E-005
   8.4864921923721100E-005
   1.2503809518264245E-004
   4.6874663484816240E-005
   6.8934789647469972E-005
   4.9411266229921245E-005
   4.9190528073359070E-005
   1.0219419249217180E-004
   7.4682417783260855E-005
   8.5190280474618807E-005
   7.2707710509761127E-005
   7.9822716205944034E-005
   3.8675307767385766E-005
   1.0652022082938016E-004
   4.7823154172742992E-005
   9.3226990671159356E-005
   1.0471351263702399E-004
   1.4741298318269626E-004
   6.2448645296237434E-005
   8.5107136788755057E-005
   4.6294999178208312E-005
   4.1283849933763002E-005
   6.8705085513149405E-005
   1.2956266363756979E-004
   4.0844148028327806E-005
   3.1177490279069374E-005
   6.9240387515224819E-005
   2.2268362143543986E-004
   1.0035659941183431E-004
   4.7556048490705548E-005
   1.0944575091689168E-004
   1.8501729047089633E-004
   9.6863402407383061E-005
   4.4828116019482661E-005
   8.9451028021677055E-005
   4.9713882362542803E-005
   9.3931227793972981E-005
   7.9355721160948288E-005
   9.6908182454694421E-005
   8.6813126502656952E-005
   4.2916800350629514E-005
   5.4312622726698669E-005
   4.5118692639186638E-005
   7.4662564290226699E-005
   6.6539924861654988E-005
   8.6971004563613354E-005
   6.6155782525817534E-005
   3.2806701229746907E-005
   3.5206124960184928E-005
   3.8492851556026624E-005
   2.2966944266361385E-004
   5.1065981133654145E-005
   4.2137331129656613E-005
   5.5943128095995843E-005
   4.7743453928149423E-005
   1.2021465006674315E-004
   9.4203572952968170E-005
   1.5493315790562204E-004
   1.2878901493709483E-004
   4.4027032621241663E-005
   4.0657442186652536E-005
   8.7580035461622406E-005
   1.0210976373713599E-004
   6.5299295935737869E-005
   1.6103718200624484E-004
   1.3791929566840823E-004
   1.1376250449965535E-004
   5.7154499055841833E-005
   7.7802534352214100E-005
   6.9079826129523833E-005
   4.0297803326974695E-005
   6.9278308376361728E-005
   6.9841361085354634E-005
   3.7173358386501951E-005
   1.0923653669709833E-004
   4.7176651376569277E-005
   5.4361051317290434E-005
   1.1640752129522319E-004
   7.5170558816930474E-005
   5.3643690557073954E-005
   8.5082275033443241E-005
   1.0692511600756603E-004
   5.3290109543383275E-005
   1.5368330356053315E-004
   5.4009210872396494E-005
   4.3702256840567948E-005
   1.9884344475079292E-004
   5.3067415765276515E-005
   2.3145444109533837E-004
   7.0217603566941146E-005
   8.6186596469923804E-005
   6.3037835706695292E-005
   5.8951688770225789E-005
   1.4518723264064288E-004
   6.2721032085864793E-005
   1.3539693983859186E-004
   6.9737778112186392E-005
   4.0997421293023790E-005
   9.4134347460742622E-005
   5.1754988256394050E-005
   4.6880406731582352E-005
   3.8294990768748249E-005
   7.5498017867457067E-005
   4.3256431683337548E-005
   4.1328582238545539E-005
   1.6180823145930601E-004
   8.6699762822059701E-005
   1.4582113206919569E-004
   1.0245368922308806E-004
   5.6743242269280438E-005
   1.1394352118830557E-004
   2.2701098464177286E-004
   7.5384431958714290E-005
   9.8933891242036656E-005
   5.8712859957565623E-005
   4.8612623108621600E-005
   5.9639932849385827E-005
   4.2097897000062437E-005
   4.7820831677571666E-005
   3.7225038491640299E-005
   5.2132360342323073E-005
   1.2387904424792872E-004
   1.3752883286152396E-004
   4.4398918829589281E-005
   7.7712161659852067E-005
   1.7851721373546742E-004
   2.5114481753471873E-005
   3.1835182972917860E-005
   5.9743020185354107E-005
   4.8007188741378181E-005
   8.2797337391839754E-005
   5.2707318627431211E-005
   4.6294551239761832E-005
   1.0399324314063725E-004
   7.0233594412277771E-005
   6.6297416988382238E-005
   1.2387027801454383E-004
   8.5981421473236468E-005
   3.9204036789183000E-005
   4.0953733144772707E-005
   5.3758766416839196E-005
   3.7269799476260576E-005
   4.1408996931913026E-005
   3.1070032788921243E-004
   6.3778400239122265E-005
   8.5743366979465895E-005
   7.8203628483584982E-005
   6.7421850001459006E-005
   4.2983822721056990E-005
   3.7351408015852172E-005
   5.7788109828470160E-005
   8.9376290529482802E-005
   1.6000942822696042E-004
   6.7338027177438466E-005
   7.8214757120107108E-005
   5.0393882503777619E-005
   2.8227902305708417E-005
   5.8178823549431935E-005
   9.0987265455541217E-005
   7.5453153968981971E-005
   6.4896001477480691E-005
   4.8968840209173283E-005
   8.0762093152611937E-005
   7.3150296765713677E-005
   7.4378466865019177E-005
   3.8892004567036290E-005
   1.5145844184588807E-004
   7.5575313084056179E-005
   1.9326531092190452E-004
   8.3569866784157049E-005
   8.2325371751320085E-005
   1.3036758347310124E-004
   8.8201453761908275E-005
   4.4916453268363532E-005
   8.9203115425011230E-005
   6.5936130546724540E-005
   1.0159388851213691E-004
   5.4513351742019264E-005
   1.3428129170042787E-004
   5.9450249006126308E-005
   6.3191272546708819E-005
   1.4850239248799719E-004
   1.1428759620013875E-004
   7.4049427330056739E-005
   7.7897699326065037E-005
   6.6445529732747906E-005
   4.7509634792804959E-005
   7.6938211456082314E-005
   8.7576869107553249E-005
   4.5722963085741460E-005
   6.2553299049286794E-005
   8.5726348862176694E-005
   1.4940877491162309E-004
   1.1486326055213601E-004
   7.1537647560431794E-005
   4.5331233728184136E-005
   6.0559431427372547E-005
   7.0307389371324452E-005
   4.4936084192351263E-005
   7.5988564295400912E-005
   7.6205435264923150E-005
   1.2454004228067313E-004
   2.6983291082439053E-004
   6.8399592434823970E-005
   8.4060354562713992E-005
   1.1300463443047886E-004
   6.3638043726297420E-005
   6.0665126499664174E-005
   1.6257081953214778E-004
   3.7265935803071755E-005
   4.8913956568364745E-005
   1.2694692340570860E-004
   7.3722076281616206E-005
   1.2082355001944887E-004
   5.1069150895850179E-005
   5.2197091086249635E-005
   1.0914767719394513E-004
   5.8193012910213510E-005
   5.9678598613842625E-005
   4.8000785136184102E-005
   4.2009722378210049E-005
   5.0376914979820751E-005
   1.7356379696092941E-004
   6.5148589153423889E-005
   5.6711059321711300E-005
   5.5485668405556416E-005
   3.9014648147254268E-005
   1.0294541354638565E-004
   2.6216432009780282E-004
   4.2033306778458318E-005
   5.9901540743172429E-005
   3.4293118201185559E-005
   1.1546948866552030E-004
   9.0080455905609900E-005
   7.5134990717732450E-005
   1.6439874216776529E-004
   1.7372843591491587E-004
   6.5275109105413764E-005
   6.5791651475772343E-005
   2.8263974714114480E-004
   9.5482406711337966E-005
   6.8544028208284897E-005
   5.2783819212843225E-005
   3.1708059214901783E-005
   3.5430653267943265E-005
   4.7825226735596929E-005
   1.0646710964622035E-004
   3.6218892025172435E-005
   5.5765398468659624E-005
   1.0481373721813878E-004
   1.2965376443033541E-004
   4.6669500253568729E-005
   5.1252637519911756E-005
   1.1345682613037166E-004
   1.3009725936767393E-004
   9.6850448479832802E-005
   1.2735978704397663E-004
   6.1774423576645189E-005
   5.0134486235062974E-005
   7.3121674388525743E-005
   1.1511397620600321E-004
   5.8480547654514629E-005
   6.1603644853487380E-005
   2.4637771066266016E-004
   9.4713457663936804E-005
   1.2030329042456369E-004
   6.6212933933218558E-005
   1.3827478880017551E-004
   6.6562338786142983E-005
   7.8314381287833876E-005
   6.8840935180885691E-005
   2.5333434681017815E-004
   2.0363814120525400E-004
   4.1979073781260750E-005
   8.8402442319148456E-005
   1.9866427522401877E-004
   1.2828143291464649E-004
   8.9284138765886322E-005
   5.6031694079526681E-005
   7.0356688103935595E-005
   8.7910299435897386E-005
   4.4921005819186522E-005
   1.0239973672933076E-004
   7.1604056822374782E-005
   5.3857974747104758E-005
   1.3895170768437573E-004
   2.4734050269862266E-004
   8.6113009060049308E-005
   7.4947842758498620E-005
   4.2175745442890814E-005
   1.1886741718886119E-004
   7.4285291723221044E-005
   6.2537745726118241E-005
   4.1910329224863582E-005
   8.7129191208424703E-005
   9.6887249779792006E-005
   1.5084723395720866E-004
   8.7297021412165824E-005
   5.7103787598527207E-005
   4.9162948811433509E-005
   3.7005668286314161E-005
   4.5943698845931005E-005
   8.2170423014705737E-005
   6.8925764878575782E-005
   7.7469983357176693E-005
   7.3189044229801794E-005
   8.2360313949602959E-005
   4.0371673727155083E-005
   8.2287908654561255E-005
   1.5960590874698866E-004
   5.5753855802042181E-005
   4.8408967803183705E-005
   1.8774397613675488E-004
   1.6643942102939553E-004
   9.0973745251722663E-005
   1.2944752385715455E-004
   4.1907733361569284E-005
   5.6533653021241528E-005
   6.8740696280865561E-005
   6.1958560041465967E-005
   1.1456730175496928E-004
   3.3956965470377722E-005
   4.8208760356296348E-005
   9.3535626001412414E-005
   6.1362973265994720E-005
   7.7390459511828398E-005
   2.1450726449542191E-004
   6.9758214028941575E-005
   3.3158607129018978E-005
   7.4459596044171620E-005
   6.0097017967281408E-005
   6.1807408320302035E-005
   1.3489348222556007E-004
   3.9910207912643349E-005
   1.1107204601927962E-004
   8.5294063166414319E-005
   4.1014055503768110E-005
   1.4766623521969151E-004
   8.4904079097948432E-005
   7.9070527987117338E-005
   4.0593491904645552E-005
   1.2849980774341173E-004
   7.7264579090869330E-005
   5.8856723300879308E-005
   7.4337529984377609E-005
   5.0932191276354096E-005
   9.2742617264703978E-005
   9.3469946721528994E-005
   8.3431940157891325E-005
   4.2565974272193137E-005
   7.9152803697746474E-005
   8.3578691360528199E-005
   8.0993892399182750E-005
   5.2996637986972685E-005
   1.5142890070366942E-004
   5.2703318717042382E-005
   1.3788106878754780E-004
   5.2561628525630752E-004
   4.5497519669225168E-005
   4.0108816628548112E-005
   5.9471267620756407E-005
   6.7771739316851011E-005
   1.1036875190025964E-004
   5.5188789994404258E-005
   7.7972404492919606E-005
   9.0091168818462846E-005
   1.2831001827811713E-004
   6.4069027967573569E-005
   3.7083789738490773E-005
   1.8194053139329068E-004
   4.5597944074657429E-005
   4.2255815019601539E-005
   6.1499399058863213E-005
   1.1396449434368396E-004
   2.2843075461823073E-004
   7.6334990103709148E-005
   1.2940710428640016E-004
   6.3608163394720095E-005
   1.5516891097592023E-004
   4.8642159762457142E-005
   1.1008319364168036E-004
   5.7359606025265599E-005
   4.0195974537927939E-005
   1.1138990723147422E-004
   8.7484944821256203E-005
   1.6210659371600274E-004
   5.8087589988518708E-005
   5.3129716895398350E-005
   6.9415029289049334E-005
   4.9531254572530683E-005
   1.4225495891910807E-004
   2.5057360633139475E-005
   1.4987826295361973E-004
   5.7672960597094238E-005
   4.5792881073794379E-005
   9.0715538798265974E-005
   9.9058036369352435E-005
   2.0772045593691319E-004
   4.7823038611425573E-005
   5.3063189994417975E-005
   8.9398414363188374E-005
   6.8303974080162288E-005
   2.2302034926859532E-004
   6.6163092233734562E-005
   2.9510220837111203E-004
   6.9630461028490824E-005
   8.1880013891246276E-005
   1.0448291323248687E-004
   1.0265718070446948E-004
   6.3183080742054774E-005
   5.1718449591934301E-005
   4.6743012746657323E-005
   4.9955650250432884E-005
   1.0206689669494554E-004
   5.1699828603266297E-005
   5.1852562226068623E-005
   9.0686669128185754E-005
   5.8660760816537975E-005
   3.6423555286190679E-005
   5.4658049406509378E-005
   8.1301584120998084E-005
   5.8471323375958609E-005
   6.7970680069657504E-005
   7.4087774221695717E-005
   1.1460715099220373E-004
   5.5702857906900315E-005
   1.8923806688604577E-004
   8.5270747301438777E-005
   3.4650211310889978E-005
   4.3568132256805138E-005
   7.0618641785889658E-005
   1.4891079305818681E-004
   7.2846044585860449E-005
   1.1790919484103401E-004
   6.5121191014556157E-005
   6.7677622985957075E-005
   1.5721010577976469E-004
   9.9086082023280020E-005
   1.0193724881418621E-004
   4.0085078474852803E-005
   3.8181173038107402E-005
   5.5913859931058041E-005
   1.3637019237317183E-004
   8.2129117872676218E-005
   6.1533739548294330E-005
   6.2690836061143735E-005
   4.0006830997791103E-005
   5.3740650701364024E-005
   1.1721674673389786E-004
   1.0533541689051749E-004
   7.7090570847210846E-005
   3.4231630095245509E-005
   1.2226580819385489E-004
   3.7734882743481902E-004
   4.3925733395251623E-005
   5.3228381005230315E-005
   5.8240383361929547E-005
   3.8116211877544026E-005
   3.5196266607584682E-005
   1.4325081843834879E-004
   5.8432766793809450E-005
   1.5882463057468026E-004
   9.0842186552456353E-005
   8.2415153714820362E-005
   7.7817901914126815E-005
   7.7966130128640087E-005
   3.2659005992227053E-005
   5.0971318273281588E-005
   8.0714205250337546E-005
   1.1374425818919688E-004
   1.5536775480639242E-004
   2.4924842490762084E-004
   7.4698680149603124E-005
   7.2828819461275774E-005
   6.3428597390439257E-005
   3.8878218431985034E-005
   8.9348470243156872E-005
   1.9059251147169701E-004
   1.0688103805791665E-004
   1.5531233107385250E-004
   9.0435124237973950E-005
   4.0656067157236225E-005
   4.2327798585706023E-005
   8.5887791410935198E-005
   1.0187193728239405E-004
   1.0799990606186000E-004
   9.7356141495911377E-005
   4.3019248395915804E-005
   1.1152943217647185E-004
   6.8917769742480955E-005
   1.2290777425678003E-004
   1.7423899552812332E-004
   5.9762400457337275E-005
   2.3261974144731266E-004
   8.0832116335356280E-005
   1.0614009414475075E-004
   1.3193389649937448E-004
   1.0532241126006663E-004
   3.9395936553463700E-005
   6.5923933457016245E-005
   2.2994335269146675E-004
   5.0814025901761630E-005
   8.0984164471437157E-005
   1.1747862971455584E-004
   1.5829315104679307E-004
   2.0772592887239357E-004
   6.8290470636165793E-005
   7.6611513625913911E-005
   8.9869564624956127E-005
   6.8195986360053117E-005
   1.3999272447907083E-004
   6.2719644693544935E-005
   5.0785261453598554E-005
   6.0385127633114593E-005
   3.6584117832376283E-005
   4.9234468891170903E-005
   1.4235560453561649E-004
   4.8060448607093643E-005
   7.4383352371909994E-005
   4.4373359433614677E-005
   1.0042469252246590E-004
   4.3865406027142952E-005
   1.2297034104468706E-004
   6.9857543044995045E-005
   5.0425920738876207E-005
   8.8081489629834086E-005
   5.8702436898993784E-005
   5.6309134592672388E-005
   2.2188390421958018E-004
   5.8027413469938651E-005
   6.7364402994068225E-005
   5.0650549318869476E-005
   4.9519913872230946E-005
   5.6731383127855318E-005
   1.7614301277937047E-004
   4.6421206643021449E-005
   7.8105816083313487E-005
   3.7446473475137827E-005
   5.2853315139166929E-005
   8.2244260790187860E-005
   6.1369421643981978E-005
   5.8072072929506478E-005
   9.6418854191178589E-005
   3.5758819910454084E-005
   4.2069365029017843E-005
   4.4762695215477583E-005
   5.1859020808125913E-005
   9.0627623436998760E-005
   7.6199654461061550E-005
   1.3776035225137039E-004
   4.8289851979014402E-005
   4.6789164275506666E-005
   5.6244725664418209E-005
   2.0692852940011456E-004
   4.5014705702839616E-005
   1.4309146836685314E-004
   1.4331420627774563E-004
   9.3459141682415150E-005
   2.2780058308703002E-005
   1.0216966246999735E-004
   6.7261213230589115E-005
   5.9453179332716633E-005
   4.0473519676889199E-005
   5.7643302996423724E-005
   4.0882417411737444E-005
   6.6654977705979439E-005
   6.8691565330563568E-005
   6.8207872548733630E-005
   6.7223035090337811E-005
   4.9311075236400276E-005
   5.7006444687952703E-005
   1.0754782257716565E-004
   6.0303918880441946E-005
   7.8486749877846538E-005
   4.2757776361462440E-005
   1.0341310657762450E-004
   7.1271572577909039E-005
   8.8225453870189048E-005
   7.0701292836334255E-005
   1.5966198366103120E-004
   6.7907215675571314E-005
   1.7826398310730638E-004
   6.6128587175372832E-005
   4.4353913162636795E-005
   4.1609991559489512E-005
   1.0207165044789043E-004
   7.2961789892331117E-005
   6.9328313067896000E-005
   9.9929690674791961E-005
   1.2982787413476777E-004
   4.9693705980654402E-005
   6.3105509109921538E-005
   6.5148483635445135E-005
   1.0257471682463364E-004
   3.7579584571096899E-005
   6.2520863302727487E-005
   2.7996845963322402E-004
   6.1942239661350441E-005
   4.1576563521253173E-004
   9.7438452622917361E-005
   4.5689996561761440E-005
   3.2500802276251608E-005
   1.1530177688232221E-004
   6.2067838511219579E-005
   1.1931365188816294E-004
   5.1105387602280736E-005
   3.6296941463128119E-005
   3.9860049006849429E-005
   2.1766063089269632E-004
   6.8348766735101886E-005
   1.5840899907402782E-004
   4.7600368558733112E-005
   8.1380484495983138E-005
   7.9540483198017379E-005
   8.5772023517544796E-005
   9.4271413912954807E-005
   1.0189385240758234E-004
   1.1388711015173019E-004
   7.4024889129066212E-005
   3.9797764094532457E-005
   5.3369558198602538E-005
   8.1884449569971505E-005
   5.4268534326001321E-005
   4.0636098639657696E-005
   1.5271850456676612E-004
   5.9154987678403517E-005
   5.1057068753173648E-005
   4.7048319212445885E-005
   4.3948803657485720E-005
   1.8591500236641426E-004
   1.0835737640647164E-004
   4.5027117666524291E-005
   3.4330673872810876E-005
   4.6522075934001050E-005
   2.9581586633463181E-005
   4.0484468137050169E-005
   1.0026195830747524E-004
   2.0814583501370710E-004
   1.7497009619800894E-004
   4.1456558608814496E-005
   1.3950607014544576E-004
   1.1729844674906927E-004
   7.0884192745161433E-005
   2.8732952118823147E-004
   7.2641311216140787E-005
   2.7255529081790643E-005
   7.3014671126741829E-005
   1.6034209168775649E-004
   9.2254234291232778E-005
   9.3859176545114028E-005
   1.4593212684146250E-004
   8.1486158422298268E-005
   5.8865142500448764E-005
   8.9180793394021105E-005
   1.0628095917059911E-004
   1.1206368588995956E-004
   3.0390106335641239E-005
   5.6081889045390706E-005
   7.7325965588243933E-005
   3.3667707678146391E-004
   3.8535451244662529E-005
   9.7335430908519413E-005
   4.8778615303357940E-005
   9.0557257964835549E-005
   1.2037467675950859E-004
   1.6448119705922344E-004
   1.3756509915727145E-004
   5.5200461863792844E-005
   8.0689531253706607E-005
   5.9367373412749678E-005
   9.0540765630141911E-005
   1.6183297272642989E-004
   5.5139218541049774E-005
   9.0174319113645537E-005
   9.9130091053639192E-005
   5.6479210240208319E-005
   7.8953502531270897E-005
   7.7158066571529345E-005
   8.4556440091879478E-005
   4.6258557235006290E-005
   7.8500171772456567E-005
   7.1603029205946891E-005
   5.0879286917081611E-005
   7.7236275837298481E-005
   4.4755832856603136E-005
   8.4946476371795549E-005
   4.4255643114962274E-005
   6.0557251097664921E-005
   4.5342619664683654E-005
   3.0641819002675107E-005
   5.5552180454034568E-005
   4.5533383621579509E-005
   7.0035360050273195E-005
   5.8830636897037331E-005
   3.2404205748140168E-005
   1.0130852924768803E-004
   5.4376119866077692E-005
   1.9398391947783437E-004
   5.4588312129201256E-005
   5.6025723924020020E-005
   9.8061123102645396E-005
   6.8127388575998736E-005
   3.1390907934431315E-005
   8.2983986130052536E-005
   5.0109347659774522E-005
   7.2831247868683757E-005
   6.7743919478370712E-005
   4.7228639158088458E-005
   4.2136924546385167E-005
   8.0194403403021231E-005
   6.9992904122358933E-005
   1.5600062097370420E-004
   4.8287867483447225E-005
   4.2247345656860397E-005
   5.2980003397414570E-005
   5.3332610692260294E-005
   5.7853494814098769E-005
   4.4008226738130749E-005
   1.4479682964314632E-004
   1.1204375150300568E-004
   1.1700021936804661E-004
   9.3854095066615861E-005
   6.9971335497062516E-005
   1.3314537680777686E-004
   9.4228313428086416E-005
   4.5186364744960381E-005
   6.9781223950408539E-005
   4.1494141567730913E-005
   3.7151356106349700E-005
   1.1057871247512033E-004
   2.3484888868552148E-004
   6.5668690564844100E-005
   8.3635681697203618E-005
   7.4179895598195644E-005
   5.4951532215068345E-005
   6.4501907238326617E-005
   7.3503278641992283E-005
   5.8330280158970918E-005
   1.0649759583904089E-004
   2.2118585697955255E-004
   5.3078275682749831E-005
   7.2716644014371291E-005
   4.7500322545585085E-005
   5.0931711042481253E-005
   1.0628440627199638E-004
   4.0511575870790926E-005
   1.1302072025465437E-004
   5.2867706499129328E-005
   4.9098103181517804E-005
   5.7919764030660847E-005
   5.5089096919645263E-005
   4.5590307135815670E-005
   4.2057533143808968E-005
   2.9322155333125124E-005
   3.2953056777297214E-005
   2.9529898072252379E-005
   1.0440784258912277E-004
   8.2105311253703517E-005
   7.0000753526532045E-005
   4.4838109036690213E-005
   9.3443369072256189E-005
   7.1182627576989342E-005
   8.8524812586115821E-005
   9.3655442013609224E-005
   8.5396785780879255E-005
   1.0489815904052055E-004
   1.8665062536807022E-004
   5.3612385323278243E-005
   5.7194265170442910E-005
   1.0068801357222547E-004
   5.3593644548598020E-005
   4.3604654154563110E-005
   5.9869389913136520E-005
   5.1032865688419172E-005
   6.1291095452985014E-005
   7.2048534365903413E-005
   6.9459223573399676E-005
   7.9337575495504038E-005
   8.0311032575042921E-005
   6.2296722928264860E-005
   1.5158633229406728E-004
   1.1802258543901475E-004
   6.7338332940669512E-005
   5.3098763084703897E-005
   1.1207083087400323E-004
   9.7948716510284838E-005
   4.8742986704835312E-005
   9.9745044898375926E-005
   3.6312147654819395E-005
   4.9853813716272794E-005
   6.9200404357485471E-005
   1.0254082729724269E-004
   8.1209926034236097E-005
   8.3622803440300272E-005
   1.4469707653678773E-004
   1.6568124173163231E-004
   9.5439655629994067E-005
   2.0359393937274491E-004
   8.1524718397949894E-005
   7.5208707774914810E-005
   4.8441947723239173E-005
   3.4541167060252493E-005
   3.2407239944644587E-005
   3.5596599696052172E-005
   3.5241377197217725E-005
   1.2080018732915236E-004
   9.3853750246634482E-005
   3.7717871893817132E-005
   6.0606096814985135E-005
   4.3015825403682375E-005
   2.1588697551381096E-004
   7.0467026917988890E-005
   1.1709897544504373E-004
   4.9739743409764093E-005
   8.0204080363166838E-005
   4.8690024690077880E-005
   2.7987928170525317E-005
   5.6389660731910616E-005
   1.3488510313941810E-004
   3.7358517156381809E-005
   1.0623292600100832E-004
   7.9982698112750775E-005
   1.4802668878058478E-004
   1.0658212652494611E-004
   8.5152402214082841E-005
   1.0243411297485814E-004
   7.8448280851810604E-005
   1.3771141970650230E-004
   8.0021394632719771E-005
   6.4966995572806772E-005
   2.1241686788830581E-004
   7.5991976501774093E-005
   7.4996824307140163E-005
   4.7940568626846562E-005
   7.9601873263699619E-005
   2.3497320254508100E-004
   7.3136597808980431E-005
   6.6794579576176126E-005
   5.4545292373964381E-005
   6.6812136999283415E-005
   5.8353600640847560E-005
   4.2375409711253761E-005
   3.0850583953758644E-005
   5.5190001803350741E-005
   4.4532079259878357E-005
   8.9695090718261300E-005
   4.6429968030087593E-005
   1.5579332126009469E-004
   7.0673839551524064E-005
   6.9670059099453266E-005
   8.3343496694103834E-005
   1.2363324844398948E-004
   4.1153972410059196E-005
   2.2149739778135825E-004
   3.8291721631072677E-005
   4.0336949513094244E-005
   5.7891463262427827E-005
   1.9066254187656028E-004
   7.7451509697032425E-005
   7.3355086637732597E-005
   6.6908240280537401E-005
   2.3591394913851679E-005
   7.0738630044543107E-005
   2.3843200431939200E-004
   5.0938758104629798E-005
   7.8207149729752270E-005
   7.5000736426739339E-005
   1.2785565762681166E-004
   3.7169039382273040E-005
   1.0214354835259467E-004
   1.0257327749950759E-004
   9.0213185336402934E-005
   2.4962671925785496E-004
   9.1265061158271482E-005
   7.3412608827596893E-005
   6.7250191059128487E-005
   1.4822196685017870E-004
   1.0058360456511784E-004
   7.3639708407654319E-005
   6.0348773058137204E-005
   1.1630906023156331E-004
   1.4316964030386932E-004
   6.6509208039024453E-005
   6.9342201551276768E-005
   9.9545893082163923E-005
   6.5457480105031692E-005
   8.8457702567830773E-005
   9.5835541348144229E-005
   1.3037431257793987E-004
   7.8500395981996566E-005
   6.2256277668764509E-005
   8.4276444733260382E-005
   3.0664465194404255E-005
   7.4356821338171524E-005
   8.2508865574930135E-005
   1.0625088539726350E-004
   4.9772917031254681E-005
   5.3064437494865990E-005
   6.3952795211565583E-005
   6.9433454819719793E-005
   1.6142070731861886E-004
   8.4270457664421177E-005
   6.6860993074534315E-005
   9.3465677476253632E-005
   5.4475739251741130E-005
   7.8870946801093617E-005
   6.4710436086795102E-005
   1.4780835610657205E-004
   5.9781694397970090E-005
   7.2615447498269284E-005
   7.1029646405716863E-005
   4.8651831175167903E-005
   4.5477573217737435E-005
   6.3379753401071568E-005
   7.7684871249661877E-005
   4.7435566925992163E-005
   8.1649613020625612E-005
   5.4503412858892754E-005
   3.2754591726825062E-005
   2.2178835269980637E-004
   5.9455291158212739E-005
   8.2551814359195898E-005
   1.1546298467947576E-004
   3.7039656694689643E-005
   1.4576922728639001E-004
   4.9679970393784814E-005
   4.3216156304658331E-005
   9.1369618884135602E-005
   7.1440749396008282E-005
   9.6876728768496056E-005
   5.8328650650845689E-005
   3.3080264726795154E-005
   4.2169350181079537E-005
   1.3966076655247758E-004
   8.4662409617089403E-005
   6.1216110953705023E-005
   1.4887574292774675E-004
   6.5712076158949858E-005
   5.2860506645524842E-005
   1.5764971438665245E-004
   7.6703409260579216E-005
   1.0390440315212150E-004
   4.1279305937656411E-004
   5.4552903188623936E-005
   9.5754642952168264E-005
   1.1354849073042309E-004
   5.9795041483679108E-005
   1.5898067577283973E-004
   6.1135054670467904E-005
   1.3747353325289948E-004
   6.0874360421053822E-005
   6.3002610669451263E-005
   5.1410794306776010E-005
   7.4781765011931218E-005
   1.0458312762712051E-004
   6.8569768309420507E-005
   1.4635717614017502E-004
   6.9434578257734596E-005
   1.3416237759278075E-004
   1.0185001497682753E-004
   6.5115401271479887E-005
   8.3288598175308419E-005
   7.0287523282502792E-005
   8.3022059964479324E-005
   2.4690439221236268E-004
   2.7114997282488373E-004
   3.6760093940734769E-005
   4.6006865791087010E-005
   9.9201948391635774E-005
   1.1235576955339721E-004
   6.1980560945016077E-005
   1.5784082949306009E-004
   6.4032068472553500E-005
   6.6313925429491651E-005
   6.0944378851211298E-005
   1.7597658687790822E-004
   1.2990505957052078E-004
   7.9289267424081732E-005
   6.4951090726283672E-005
   1.1138942093606361E-004
   1.7546469995855221E-004
   2.0975146079227791E-004
   7.5824457014181352E-005
   5.4211115267594155E-005
   6.8574764847200532E-005
   4.8564475979132042E-005
   6.4132980580721875E-005
   1.4502129732644201E-004
   1.1008279308491666E-004
   1.9967849936748793E-004
   5.1364240216360731E-005
   9.0593505279782226E-005
   5.9098304663029738E-005
   6.2125630898333405E-005
   1.4229781424994234E-004
   5.4288404849230874E-005
   3.9840796859358404E-005
   6.6267004434672757E-005
   5.1959271346894412E-005
   6.4380712775402913E-005
   5.9838734684103470E-005
   1.0600523872539258E-004
   4.3761583988178904E-005
   4.9822145834032464E-005
   2.7368526876960808E-005
   6.2107729880856458E-005
   2.2944051407736200E-004
   8.7315780798690894E-005
   4.0164538657027718E-005
   5.2985720898113660E-005
   4.0840983708110014E-005
   1.4747024620894179E-004
   5.2117083522560331E-005
   7.4939569117113091E-005
   1.0174292358644993E-004
   1.8110339354068881E-004
   1.1408644273127675E-004
   4.3158759940675894E-005
   1.6205555504811929E-004
   4.5145026016578671E-005
   7.5639592230516132E-005
   6.5043215768323300E-005
   4.1448091565716970E-005
   5.5613126397961668E-005
   4.9118946128472524E-005
   4.7103752000312572E-005
   8.9164235046024462E-005
   1.1785712674258532E-004
   7.6804398165046566E-005
   5.3959419221931369E-005
   1.7523850318951667E-004
   6.1407396736947728E-005
   5.9124802618786305E-005
   6.9808394805445667E-005
   9.0453119698051692E-005
   1.0641640540989910E-004
   5.8128492484530367E-005
   7.6606523875897935E-005
   1.0860446913772494E-004
   7.7519500103875102E-005
   3.4560163282492224E-005
   5.3398153532231002E-005
   1.8549362377445262E-004
   5.8496882907718761E-005
   5.9864525115653049E-005
   6.4152359020758901E-005
   4.8790464513712629E-005
   4.6683193175251132E-005
   3.1232208618246317E-005
   1.1548598825543499E-004
   2.6532326160548954E-005
   7.4379699683645807E-005
   1.0130195186260565E-004
   6.0033799108505827E-005
   1.0792236993914469E-004
   5.0477305238881057E-005
   3.4783006909231388E-005
   6.6542736383344670E-005
   4.7474451122039281E-005
   1.1491477614463126E-004
   9.9224960238919355E-005
   1.1803887610867154E-004
   3.0307231345964222E-005
   7.0742646983728901E-005
   3.9512019423555053E-005
   3.2181755229758894E-005
   8.4051301569783833E-005
   7.2072172070904113E-005
   8.9306336227604923E-005
   1.6986484833712501E-004
   6.5292893696508573E-005
   1.3005151379470479E-004
   4.0477201745130942E-005
   5.7848537864964006E-005
   2.3868694173326412E-005
   7.9291977460424257E-005
   7.7703039933726029E-005
   6.8527425757957864E-005
   9.3212248726173217E-005
   1.1766468734498447E-004
   6.8601498756086320E-005
   1.2966877804852781E-004
   6.6651416373002452E-005
   6.4093235119624072E-005
   3.4291418960489078E-005
   5.1709587326462031E-005
   3.8418091508056013E-005
   8.1468319994882968E-005
   1.0999436387737790E-004
   8.2823272849022364E-005
   5.7505354094677095E-005
   7.0423665052077577E-005
   4.9514074385030410E-005
   8.8276590174775918E-005
   1.3005132056325623E-004
   1.1258260113737179E-004
   4.3814155546745065E-005
   1.9845178150866764E-004
   3.6128541698781484E-005
   5.5559760684158595E-005
   6.0476934327654106E-005
   5.8626835629127794E-005
   1.1348657913922763E-004
   6.4297371548893646E-005
   6.0793416189054701E-005
   7.5915733380529856E-005
   9.0139940460971373E-005
   3.1816026129751043E-004
   9.6929649196837530E-005
   1.3434047293657948E-004
   2.8300688609234182E-005
   5.9720084257013561E-005
   5.6854085172692949E-005
   8.1663406649589321E-005
   6.0822997601817060E-005
   8.9444093377950560E-005
   1.6599635532256471E-004
   1.2721791946405294E-004
   2.0007040514120436E-004
   6.2060220365879907E-005
   5.9106914698952187E-005
   1.0864821481912754E-004
   6.6697733207758737E-005
   4.9860121602527073E-005
   4.8182089930978666E-005
   4.9601512326249887E-005
   1.9931259620944164E-004
   1.0840520554893023E-004
   4.2073780742589640E-005
   4.6028860469048709E-005
   6.2149315411226750E-005
   5.8343338020949610E-005
   4.6144587724737093E-005
   6.1982966636964880E-005
   5.5069484147929535E-005
   7.4965270867172575E-005
   3.8277805051539002E-005
   4.1965852917005647E-005
   8.8836429597693791E-005
   1.4689707461996423E-004
   1.2842600486269139E-004
   1.3694442397177016E-004
   4.6312039340658952E-005
   6.0589984132603683E-005
   6.0613899073704826E-005
   4.9919834271658912E-005
   5.2345914168030305E-005
   6.5683910489299028E-005
   4.2093345950664042E-005
   9.6016078791567858E-005
   6.8751847047891727E-005
   3.9060264691049895E-004
   4.7516048393418847E-005
   1.1322884590483364E-004
   9.4217371088980056E-005
   2.0079237592911391E-004
   3.8731138122022045E-005
   5.4975203221496138E-005
   5.4846217432179544E-005
   1.2832899574233064E-004
   6.7802669526017959E-005
   1.6969312389183768E-004
   4.8220239761798369E-005
   5.9962809265806331E-005
   2.5986304795872335E-004
   3.5322533943427217E-005
   3.3321659010390185E-005
   1.0948659854673052E-004
   6.7203124689907081E-005
   4.4790383780286084E-005
   6.2733678145930169E-005
   7.9425882961360893E-005
   6.3546773967352994E-005
   5.5914100213312360E-005
   1.8963111675037814E-004
   1.0733107693889157E-004
   8.3069565946386150E-005
   6.6888989554178590E-005
   5.8562202701288967E-005
   6.2376884967600612E-005
   8.7000206846633220E-005
   2.0272801894397980E-004
   8.6482280596634608E-005
   9.5546599511381263E-005
   4.9270988910156008E-005
   5.0786701353076694E-005
   4.9772743949869072E-005
   7.0486805403224286E-005
   5.5270499624378949E-005
   1.0215839252917965E-004
   3.1188291942554482E-005
   3.4531761766328834E-005
   7.2049004485095849E-005
   1.1361226778561915E-004
   6.6430520061695259E-005
   6.6796805277466808E-005
   9.5500335046702693E-005
   8.4348699775874209E-005
   7.5664611838858358E-005
   5.6146901943858278E-005
   5.8439768581373283E-005
   7.3557511148884572E-005
   4.3477583778018470E-005
   5.7343442908424769E-005
   6.5065358043519517E-005
   2.4088678836870129E-004
   1.8272258022456218E-004
   9.2743576087400619E-005
   6.8562103656503206E-005
   9.1188218008619832E-005
   8.3940906715624850E-005
   9.5190747185890418E-005
   6.1952164915565124E-005
   1.3039232186390205E-004
   9.7000423966504400E-005
   9.4174630734512847E-005
   7.4958467864635444E-005
   7.5951017246885322E-005
   6.0909031984539057E-005
   1.1831552126649997E-004
   1.3308091275429564E-004
   1.0421061303743128E-004
   5.9085849075252857E-005
   8.1092640086164426E-005
   5.9037481344712465E-005
   5.6963830599179730E-005
   9.5619979760645641E-005
   7.3696508900134049E-005
   5.4874371716962973E-005
   1.2461678862474987E-004
   6.6314491153004202E-005
   1.4994723377783820E-004
   5.2507747897188967E-005
   8.6599899733762404E-005
   6.3825762533060464E-005
   6.3175697453336964E-005
   4.8702235160555920E-005
   6.3481472720805165E-005
   7.0998355761121504E-005
   3.7213509259322745E-005
   1.2118813041182147E-004
   2.3317022347933640E-004
   1.1584404756301081E-004
   5.0650282457907464E-005
   8.4568740740942889E-005
   7.0212718300189495E-005
   5.0351565156598752E-005
   1.9929217615114982E-004
   7.2480181230441567E-005
   6.8107286852994351E-005
   8.6085442351999472E-005
   1.4956001773162178E-004
   3.0377302420783270E-004
   6.6922748964193189E-005
   7.7008438681651259E-005
   5.0912424190877326E-005
   5.8223061604695467E-005
   3.5850899092110154E-005
   8.5066010672196459E-005
   9.8342669860370855E-005
   6.2031854172158626E-005
   4.3933199846060186E-005
   5.2105547937909912E-005
   4.2436852763470547E-005
   3.4640374642961036E-005
   8.1249345909207156E-005
