   7.6179045144313367E-005
   9.0598734497375548E-005
   8.7479129916261580E-005
   6.9082941498800743E-005
   1.0128379160751516E-004
   8.3200951762850379E-005
   9.4278275384920821E-005
   8.4908631874967478E-005
   7.9242537473445441E-005
   7.1627080661837721E-005
   8.3890662011500548E-005
   8.5981747879292826E-005
   6.9626378872858041E-005
   6.7430113677537120E-005
   7.3357873382719292E-005
   7.8250303813406227E-005
   1.0751741459808863E-004
   5.9567631024594977E-005
   6.9632753665314226E-005
   1.4322569924001664E-004
   1.1167464468917034E-004
   8.4219421819136723E-005
   7.3269188533147067E-005
   5.9647551594994947E-005
   5.5563908787144025E-005
   8.6294970727816378E-005
   9.3621849136410400E-005
   6.7493038294622287E-005
   6.7049023541450285E-005
   1.1314643530402037E-004
   1.2166643012564136E-004
   1.1832844464729862E-004
   6.1960335882561737E-005
   6.3793148733055200E-005
   8.6100704923946139E-005
   7.8480271319358332E-005
   9.6606537782811667E-005
   6.0284697138373119E-005
   8.5128447869473755E-005
   6.7380421623212738E-005
   6.3968853645165224E-005
   8.4659174128893396E-005
   1.3456293988041500E-004
   9.6084766739634454E-005
   1.3081242793805991E-004
   9.5605987434742794E-005
   1.3600207794595997E-004
   8.9581679540654712E-005
   1.2806803327548985E-004
   9.2026452685874127E-005
   1.0197096605637891E-004
   8.5016216237971147E-005
   6.8687660657845923E-005
   7.0938631889795606E-005
   5.7128031040889835E-005
   1.1058519329698412E-004
   7.6532387592600313E-005
   6.4177320573159400E-005
   8.8751067659211368E-005
   1.2277478269525157E-004
   7.6854175465201945E-005
   1.2665843475003258E-004
   6.4247604766275561E-005
   8.2881499939649678E-005
   7.8999992581944324E-005
   9.0367674996644635E-005
   8.0996610052036877E-005
   6.9600387361498994E-005
   5.2218561764536961E-005
   6.1755919705598768E-005
   1.1495778230518888E-004
   7.8331491982236112E-005
   5.1249169637233077E-005
   9.3239796173199329E-005
   5.8580104750927169E-005
   8.4327135271321550E-005
   9.8613249621721066E-005
   9.1331734351771243E-005
   8.1521463889030874E-005
   1.1203026834879301E-004
   1.0195370997982220E-004
   9.0240616321443754E-005
   9.7973610690348394E-005
   5.7951881406625564E-005
   1.2129836640069737E-004
   6.6817060423172509E-005
   8.8962569963416246E-005
   8.8797064268308242E-005
   9.7978879050405373E-005
   7.7129316408229356E-005
   9.7638254497638976E-005
   1.0365106316617710E-004
   1.0927328971023994E-004
   9.5190540563820189E-005
   7.8775228080324460E-005
   9.3198986222003163E-005
   1.0121743162244955E-004
   7.4322914691485854E-005
   7.6983304319289919E-005
   7.1975449746517156E-005
   7.4855993380270824E-005
   9.6299423646175629E-005
   8.7618400771173017E-005
   6.6500164053775573E-005
   1.1060666751135407E-004
   4.9166368958034091E-005
   8.0117436785712815E-005
   1.9682267430631308E-004
   6.5075147320689159E-005
   6.5163001183292382E-005
   9.4729977541477920E-005
   1.0162433646343151E-004
   8.3191777795798766E-005
   8.5934324789385769E-005
   6.2537557732369011E-005
   5.9830657904459103E-005
   1.0695993219798443E-004
   6.3147165731206886E-005
   2.4480881617492837E-004
   7.7767894257118364E-005
   1.1829828101329034E-004
   5.0045842328408202E-005
   8.9481102474006283E-005
   1.0235473106228527E-004
   7.3352637704628278E-005
   1.2361109216724959E-004
   8.5270378515460635E-005
   6.9360713070010875E-005
   1.2794026294838062E-004
   8.0516090068681083E-005
   7.7930895794882873E-005
   6.3195832136410323E-005
   8.0706103663732691E-005
   7.5397475426721317E-005
   1.2275448983205375E-004
   4.8239209214294282E-005
   8.2347045539825020E-005
   7.6814903148990206E-005
   9.1712318348002289E-005
   6.6687054581701890E-005
   6.8016685766649190E-005
   7.8675075186816057E-005
   8.8193653939713727E-005
   9.9938169595275639E-005
   1.4304666174590528E-004
   8.6566204104459338E-005
   7.5272274734369959E-005
   8.1261957251155831E-005
   1.6393958302405939E-004
   8.7560704299533606E-005
   7.7986057372854252E-005
   7.5576538095018965E-005
   7.7578720921077360E-005
   1.3004376297279553E-004
   7.3155707370078446E-005
   1.0965017812988268E-004
   8.4954479150233989E-005
   7.1472859360819548E-005
   9.8714118270257307E-005
   1.9816882137815145E-004
   7.8301709193949465E-005
   7.3049680698574789E-005
   6.8494165757602710E-005
   8.4489450929494493E-005
   6.3527145056008170E-005
   7.7518206900711433E-005
   7.0470679966006482E-005
   8.1983252412512730E-005
   1.0962799188117948E-004
   8.3767739825242084E-005
   1.0906233755556481E-004
   1.0274789290736472E-004
   6.5584989579527914E-005
   1.5051621527992933E-004
   6.3932128884912044E-005
   6.9926008693405487E-005
   7.9947509177232697E-005
   9.9474162059991718E-005
   7.9152807926179683E-005
   8.2891009770690716E-005
   1.1829383110987339E-004
   9.4120677219718062E-005
   6.7493360532232052E-005
   5.1614578558228023E-005
   8.8050432010912313E-005
   1.0749645867063781E-004
   7.8817882047274102E-005
   8.8780786470751358E-005
   8.5685616794020891E-005
   7.0953048800792112E-005
   4.8961034232421965E-005
   8.4405522502171903E-005
   9.5187608615604957E-005
   1.2683851667038239E-004
   5.9423160086698458E-005
   7.9862450821156734E-005
   1.0895144346707697E-004
   9.0878112197658682E-005
   8.0574462101566720E-005
   8.3641862876593603E-005
   8.6509887779166107E-005
   9.9105698714717060E-005
   7.0911694161270700E-005
   7.4915723274884466E-005
   8.9103242005514129E-005
   1.3168692079454830E-004
   6.2449167426534711E-005
   7.2137631989549049E-005
   8.7712530867898241E-005
   1.2705168543857042E-004
   8.1669455396992150E-005
   8.7401855090023229E-005
   1.2825304206123158E-004
   6.1284038879580807E-005
   8.6481114529256725E-005
   1.2721058706773305E-004
   7.9011945817172906E-005
   8.9745891481804625E-005
   6.4530091716230538E-005
   8.6016124333664564E-005
   7.0870294153302116E-005
   6.7250451537663848E-005
   7.1942466545826356E-005
   7.1910299770524370E-005
   8.2142647757605774E-005
   1.0507654855808036E-004
   1.0518123195880111E-004
   1.0312757400970911E-004
   1.1848777223772831E-004
   8.5975158887772571E-005
   1.1575898196595488E-004
   1.1524923086439524E-004
   1.0057108926741246E-004
   5.4630503601468988E-005
   5.6270127134965893E-005
   5.2706288164037906E-005
   6.2955192359281223E-005
   6.6282046409837223E-005
   1.0740653982517075E-004
   8.4761207731862552E-005
   7.4698274135050999E-005
   9.1870403691062037E-005
   4.9882912564756239E-005
   1.1012930617355109E-004
   8.1058706626647666E-005
   1.0688538208294755E-004
   5.5302469875780808E-005
   7.6292429331625827E-005
   8.2672977088765783E-005
   8.8273987825285424E-005
   6.9264384782204234E-005
   7.7524439851771120E-005
   9.2949889986973326E-005
   1.1869686828964421E-004
   8.6175095598859945E-005
   1.1874818943533203E-004
   8.6604477746935396E-005
   6.9768399396528179E-005
   5.1553605412640307E-005
   8.1137470916649404E-005
   1.0302851395880470E-004
   8.5652203384649562E-005
   7.9982308138862849E-005
   1.1465445458238290E-004
   1.3103773531079107E-004
   7.7048284674128696E-005
   8.5703323570025607E-005
   1.2202420117684230E-004
   7.7841194118265179E-005
   1.0459440468364167E-004
   7.2138185141751830E-005
   9.1996467594884069E-005
   1.5356255042303749E-004
   8.3612833003874102E-005
   5.2397427535269923E-005
   6.9148707468333004E-005
   6.9305379509842810E-005
   9.7409433669669486E-005
   1.0970702402408198E-004
   8.5289399473647374E-005
   1.3932654668567525E-004
   6.8128867730771781E-005
   9.2464725137166799E-005
   7.4055537486195018E-005
   8.3344633233217564E-005
   9.1298067290910724E-005
   6.7358980505149594E-005
   7.5658847700071596E-005
   9.5134675673463415E-005
   6.9757125456177974E-005
   7.5787612094173711E-005
   5.5441943981509246E-005
   7.3068160876740382E-005
   1.0524320455079643E-004
   7.7171120592838975E-005
   1.1602728747143119E-004
   6.3183196283020146E-005
   7.0463250682187905E-005
   8.0882286197954647E-005
   9.6258164507731357E-005
   6.3390797350060260E-005
   7.4115895392251531E-005
   8.1258148115479151E-005
   8.7262552186416958E-005
   1.0185522066309834E-004
   8.5964480542524561E-005
   1.1043293946248989E-004
   1.0262093581075852E-004
   8.2765076584561404E-005
   1.3546493166900092E-004
   7.6762296068903993E-005
   9.9739609555006366E-005
   1.0106781502559897E-004
   1.2275683239293237E-004
   8.5301567458007004E-005
   1.0023477981529871E-004
   8.8338630118108116E-005
   6.5933674851490100E-005
   8.9986218017676343E-005
   8.5032721177763241E-005
   8.9958110936230059E-005
   1.1712985625335931E-004
   5.1693767761447470E-005
   1.0915169145499688E-004
   8.5068360670622308E-005
   1.2880208054131384E-004
   5.1240122871798386E-005
   5.7949144152998671E-005
   6.6887715139326228E-005
   6.9059517603131950E-005
   1.9703636895038163E-004
   6.9087992339531197E-005
   6.4287782686570723E-005
   8.0850927182757763E-005
   1.1711234429559965E-004
   2.2101031665634695E-004
   1.1304898137338346E-004
   1.2913872852648398E-004
   7.9107161712634061E-005
   1.4525320931860702E-004
   6.6186958904475835E-005
   6.8645691470768655E-005
   7.7077370048764601E-005
   1.0754518207735997E-004
   1.7166957989244244E-004
   9.9881348861185939E-005
   9.5073853914839001E-005
   7.0748571050817426E-005
   8.8903709208057420E-005
   6.4966361629605155E-005
   6.3562232701200390E-005
   6.6836797487068999E-005
   8.4638057553003038E-005
   1.2003011449439579E-004
   9.0743604323405128E-005
   6.1415482265792534E-005
   1.0291550448797073E-004
   1.0755715149183085E-004
   1.0865099516740639E-004
   5.5681910168170369E-005
   5.1544564603651002E-005
   6.9828821677874473E-005
   6.4856174117099581E-005
   7.1385855597227611E-005
   9.2775261304464617E-005
   8.7363831827752306E-005
   9.7359937694007511E-005
   6.5028057301811382E-005
   5.4597327787580098E-005
   7.0213325865576385E-005
   8.7303941551391230E-005
   6.6155189510618345E-005
   9.7202316858654910E-005
   9.6001918559328052E-005
   1.1889935746281332E-004
   8.0712074130168945E-005
   8.6109443130289243E-005
   6.5504815995732642E-005
   6.6118433128886360E-005
   7.6060858010723085E-005
   9.6137018459012820E-005
   8.6390972849437745E-005
   7.3540381338702251E-005
   1.1185183708448485E-004
   6.7469048226703461E-005
   7.8738741319917620E-005
   1.1752055540419918E-004
   1.0141394586370772E-004
   9.0836331884274575E-005
   7.8956717812771985E-005
   6.2901557397331890E-005
   8.6321663675861381E-005
   1.2073571858823192E-004
   1.0086140030347473E-004
   1.4609572456956280E-004
   7.7284502689437576E-005
   1.1818400102608967E-004
   9.0162221149822259E-005
   1.1988934607577895E-004
   9.7697763554696314E-005
   8.6132135446877680E-005
   9.9870335218506928E-005
   1.0309964571905235E-004
   5.5519303022063830E-005
   7.1305909839473113E-005
   8.7529049457307765E-005
   1.0070383335184086E-004
   1.1732985529783545E-004
   7.8508322043672994E-005
   5.2284805107860313E-005
   5.7187805886921858E-005
   1.0340801121066527E-004
   1.1319415380059392E-004
   7.0980972733487646E-005
   9.3574121673431214E-005
   9.0368738630309476E-005
   7.5874974245265732E-005
   9.2960785964005648E-005
   9.2197776249448141E-005
   6.4827921919933713E-005
   6.7488043719515978E-005
   1.1609701470097591E-004
   7.5250393082531666E-005
   8.8823100208984014E-005
   9.0327875996913291E-005
   7.5173740611916595E-005
   1.4144737600647073E-004
   9.8940451281285017E-005
   9.8780351100504924E-005
   1.1348952183812643E-004
   7.8311957527533936E-005
   1.1034731496486610E-004
   8.7674193234347171E-005
   7.3970248827636581E-005
   8.9690165707307349E-005
   1.1640529345797433E-004
   9.5060288590937471E-005
   9.7662444535379970E-005
   1.5945764664267197E-004
   7.3619891117444335E-005
   6.7611575547991523E-005
   7.6318205678529069E-005
   1.5794184002108200E-004
   1.1710504641479869E-004
   7.2598733022921644E-005
   5.8966308420730630E-005
   1.2619201664135067E-004
   8.0583006666131850E-005
   8.8051939661082398E-005
   9.1425639919472066E-005
   8.7541012168491550E-005
   8.6039559593312261E-005
   8.0316270133361285E-005
   1.4445971049749907E-004
   1.0303616503200677E-004
   9.8419334134542403E-005
   6.2763471417388221E-005
   9.2859661888072522E-005
   1.0435011033847741E-004
   8.0889808797257809E-005
   4.6831236341089466E-005
   6.2159180008529254E-005
   6.9792113920550807E-005
   6.9585230747250482E-005
   1.0075411209363818E-004
   7.7050962154484858E-005
   6.5119822708558435E-005
   7.2004270815697271E-005
   4.9873945650029110E-005
   1.0503846350640328E-004
   7.8729367220323592E-005
   8.2561930074359351E-005
   6.1831224611369839E-005
   5.6864099197048866E-005
   7.0624200915081820E-005
   1.6497124989289566E-004
   9.7584230504295155E-005
   7.4682608092567742E-005
   1.3652275333846014E-004
   1.3006363756718449E-004
   9.7771574286483463E-005
   8.1673796469085375E-005
   1.0450007110696456E-004
   1.0417112425045654E-004
   9.4461444851990167E-005
   8.5475800542621523E-005
   1.1282320387581302E-004
   1.0966763989969328E-004
   9.1018380749695514E-005
   1.9350816856217515E-004
   1.0414378336109166E-004
   7.1357975122974827E-005
   1.0842061890038643E-004
   1.2765838612155951E-004
   9.0407962069272369E-005
   8.9133192953917806E-005
   9.2484642657290398E-005
   5.6443903565348791E-005
   9.9722582016101348E-005
   6.6498106934461773E-005
   1.1478578083039052E-004
   7.9681836876300014E-005
   9.6981321474686781E-005
   7.7641841072174225E-005
   9.2601484434696692E-005
   1.0467953673209839E-004
   8.4063909394166712E-005
   8.7090030677855338E-005
   7.0061491857930774E-005
   1.0938378146721477E-004
   7.3674758112318622E-005
   8.9545126025072401E-005
   1.1268674333656443E-004
   6.9054252148071946E-005
   8.3843134504601972E-005
   7.2430749138337948E-005
   1.2554488288300835E-004
   1.1014200872310388E-004
   8.7604336506278798E-005
   8.9220803128322882E-005
   9.3624622885427492E-005
   8.6916534018132726E-005
   5.9555571607838551E-005
   8.8443308390737582E-005
   7.8365520074198672E-005
   7.2505557866914377E-005
   1.0347555396281927E-004
   8.4380115018292757E-005
   1.1640863824212124E-004
   5.5255270875878889E-005
   8.7517387660209485E-005
   5.3815815911589226E-005
   6.8559135877084736E-005
   9.5275698128409871E-005
   7.0162401236207125E-005
   9.0854867462923021E-005
   7.2669389338524899E-005
   6.4913903779130006E-005
   9.4363015957862315E-005
   1.1556705023852527E-004
   1.2499135054357981E-004
   6.4686078475447397E-005
   1.3187572668546809E-004
   6.9083952615484626E-005
   5.6568288009347997E-005
   1.1329954216575596E-004
   9.7910659974265101E-005
   7.0646262369882223E-005
   1.7166994482610773E-004
   8.1341139905186333E-005
   1.1265231667110921E-004
   7.8090016841741238E-005
   1.0562633622123169E-004
   7.6522870709256699E-005
   8.7802677216646121E-005
   9.7675686815386277E-005
   6.5967903503623562E-005
   8.8921811189983862E-005
   9.1188196118773831E-005
   6.1175153304450822E-005
   1.2476823272962180E-004
   6.4876211612664952E-005
   1.0357210581058221E-004
   6.6918847510233608E-005
   6.7201072089767569E-005
   9.2513042297938684E-005
   5.2283301937225663E-005
   1.1461475266099615E-004
   7.8106055924910442E-005
   1.3861208304152478E-004
   7.9511426283982334E-005
   9.2170487230633518E-005
   1.3551492547189716E-004
   1.2166738503070938E-004
   8.2211705733672811E-005
   1.1909616352275446E-004
   6.2674843557298696E-005
   7.4267010969534294E-005
   9.5176032689198677E-005
   7.8891966222632815E-005
   1.0033698729035804E-004
   9.0749777427362363E-005
   9.1361650404780498E-005
   8.1033435007935213E-005
   8.7563319401917866E-005
   5.6178508669175835E-005
   1.0977880063223025E-004
   9.3361353982133200E-005
   8.9333164303366153E-005
   7.0978039091522537E-005
   6.3017674543249758E-005
   1.2752527046121044E-004
   7.4603185028373865E-005
   4.9841069351161247E-005
   6.4077597237246654E-005
   1.2890664806436425E-004
   6.1511805195669947E-005
   1.2873162110776891E-004
   8.5109932159171332E-005
   9.2653384167835898E-005
   9.1359501969290303E-005
   6.8276131723216124E-005
   4.7976767214164401E-005
   6.3908263484477670E-005
   6.6559491264975976E-005
   1.2841241394357091E-004
   9.0521630193010470E-005
   6.3753327314754088E-005
   1.3366797407368569E-004
   9.1231379012994866E-005
   7.4721674871647029E-005
   8.4132177754004414E-005
   8.9884786186214094E-005
   1.1971408767824478E-004
   8.9483957967279040E-005
   1.0253198796764252E-004
   7.9654965993935890E-005
   8.5090080762205802E-005
   6.9270270486871730E-005
   7.8373736557562585E-005
   9.0146898685069721E-005
   7.2774990223328374E-005
   6.8874540284288044E-005
   1.2482882983471294E-004
   9.1354859622501646E-005
   7.6605741068511152E-005
   8.1604715318434748E-005
   6.5239500801977175E-005
   8.9004397312370982E-005
   1.1368624875288076E-004
   1.0101290444072492E-004
   8.4842635893615377E-005
   9.6986692366717787E-005
   9.0115424458170652E-005
   8.4282963580266783E-005
   7.9198433637372846E-005
   7.5263726668983546E-005
   7.4977341023326532E-005
   7.0088812251144854E-005
   7.0319041306383744E-005
   1.1465867120688955E-004
   9.3517552974106276E-005
   7.0581262226874608E-005
   8.7677925000975387E-005
   8.8831683969334556E-005
   6.7746599151919510E-005
   1.1424550728048047E-004
   7.7382060772517402E-005
   5.9739108887175784E-005
   1.1027970932483644E-004
   8.5581378773635035E-005
   7.5178841921830285E-005
   6.3181371298191863E-005
   9.4559600219267979E-005
   9.5709562498386304E-005
   1.1232322097094982E-004
   8.2289224869676181E-005
   5.6854213502819666E-005
   5.9955686212448163E-005
   6.5564895590849201E-005
   6.0767102536540086E-005
   7.5181574701079583E-005
   8.2524722111403806E-005
   8.5395288690014905E-005
   1.0034906500310373E-004
   8.2223974756015476E-005
   9.0389877910012731E-005
   1.0361110845785120E-004
   9.2576846131472683E-005
   8.5562588576002110E-005
   1.0870587331585042E-004
   1.0954092728107979E-004
   5.6397905943560813E-005
   1.0409574411030302E-004
   1.0573205290044024E-004
   7.5843179252804886E-005
   1.0066390717035137E-004
   8.8183291096848631E-005
   7.9103201123584751E-005
   8.6128390240271276E-005
   1.7229885414094009E-004
   5.8150408018631737E-005
   4.5626001992819599E-005
   4.5162030997615904E-005
   8.2792200480859767E-005
   6.2678372783145917E-005
   8.3103170282630126E-005
   8.9131827241513894E-005
   5.8728389000151275E-005
   1.0705918861683337E-004
   1.1127767516583754E-004
   1.4223014683471352E-004
   5.7417164664724682E-005
   5.2496290879919584E-005
   8.2708527822450428E-005
   7.6024671443167589E-005
   7.2167934752832974E-005
   1.1136371567839367E-004
   1.6541549493382626E-004
   8.7131783718424579E-005
   5.9889751182085876E-005
   1.3083228690559596E-004
   6.7426241222572124E-005
   8.0573585702751221E-005
   9.5663430505542763E-005
   1.1001633239246896E-004
   6.2731652787276036E-005
   7.2962747319139674E-005
   1.4870070031157851E-004
   1.1510626173258453E-004
   8.0131563907858731E-005
   9.1849959544638361E-005
   7.2453001117874828E-005
   5.0147564509851956E-005
   7.4588751693911853E-005
   9.1219543577341635E-005
   7.1150838010663651E-005
   6.7112171940645346E-005
   7.5796187760324030E-005
   1.2851511620544652E-004
   7.1658076841052046E-005
   7.8846393960032115E-005
   1.8368683348085423E-004
   8.7600642928805316E-005
   7.6381190214247713E-005
   1.2745681392988160E-004
   9.1595689376584673E-005
   8.3358163401655471E-005
   8.5635509360785432E-005
   1.2150021435813449E-004
   6.9682262998231755E-005
   8.8816367549261369E-005
   8.8189569879738850E-005
   1.1889445539837227E-004
   1.0174897208401520E-004
   1.0357310005693777E-004
   7.6718904647188777E-005
   9.9284479077584075E-005
   8.2455328804840840E-005
   7.6030574804413094E-005
   8.7223334002926447E-005
   1.0299530320304701E-004
   6.4358695688822233E-005
   9.1737230080349839E-005
   6.5158725872962772E-005
   7.1593914795015161E-005
   6.2665887070037255E-005
   1.1363343938730643E-004
   1.2441973591944777E-004
   6.6632358729756290E-005
   1.5154646833626226E-004
   8.0987783212371574E-005
   1.5264475444422509E-004
   6.3184948311421045E-005
   8.1397633637453291E-005
   6.1189743453574121E-005
   7.0663547900246153E-005
   8.2076280261963165E-005
   1.1468096717837047E-004
   8.2768030743273817E-005
   6.7121704367906676E-005
   4.9418169621818178E-005
   7.1176651992627406E-005
   8.5689324000317094E-005
   1.7531409634619262E-004
   1.3612136093422913E-004
   8.0177222227786630E-005
   8.5543840926592755E-005
   6.8417178386145881E-005
   6.0464346814166906E-005
   8.1431082133728001E-005
   1.2307318802251674E-004
   1.2195607873132567E-004
   6.2960151203188784E-005
   1.3565663976619277E-004
   1.2132965099060573E-004
   1.5300729777433027E-004
   9.4400677904720346E-005
   7.1119827043561058E-005
   5.6476381022329931E-005
   7.3074127826133818E-005
   1.0755401528035560E-004
   7.5542241610241270E-005
   6.4211176959796791E-005
   1.4589634997421566E-004
   9.3591604977566299E-005
   5.8686545080192551E-005
   6.9213665260664458E-005
   1.0311946821062866E-004
   5.2502548438225755E-005
   8.7957168153107566E-005
   1.0348225262310850E-004
   7.3004409510456233E-005
   1.0196613310412765E-004
   8.8215658766820738E-005
   7.9512028197526298E-005
   1.1739477996007623E-004
   7.3695017469475023E-005
   9.1171646970239574E-005
   8.7553493999528072E-005
   7.5395538088134033E-005
   7.2081680243528135E-005
   8.2473904218257610E-005
   1.0532019348092081E-004
   8.6661826154905001E-005
   8.3906274923803008E-005
   8.9149363948343762E-005
   1.1119474101026361E-004
   9.8599070566932596E-005
   7.9756218384662161E-005
   9.8764785459535715E-005
   6.1769427337088538E-005
   8.0616950713829129E-005
   1.0926122994558229E-004
   1.2384657297007977E-004
   6.3646381001800862E-005
   9.0193457051652474E-005
   5.6567802429340641E-005
   7.3269604814536472E-005
   1.9200991236055243E-004
   9.6200476556968794E-005
   1.1650651494445189E-004
   1.4848457450709307E-004
   1.0154043310013370E-004
   8.9027765287905990E-005
   1.1397171634848197E-004
   1.3280018120617902E-004
   7.3640851304754466E-005
   8.7474292292385658E-005
   8.8094500665985057E-005
   9.9423357778062846E-005
   8.2803545512123334E-005
   5.2514728428031922E-005
   6.3923622881777736E-005
   1.3570539377461829E-004
   9.0485653384411990E-005
   1.3788737777051515E-004
   8.1642660194618892E-005
   1.0246174176559165E-004
   1.3183242359829400E-004
   9.5512301888584175E-005
   5.4628861831827203E-005
   6.8940531338819880E-005
   8.3782595696212822E-005
   1.3997187243673648E-004
   1.0351621172133708E-004
   6.8220419911822999E-005
   9.2789883619615813E-005
   6.0278583900974780E-005
   8.8772913764940554E-005
   6.8297964810201960E-005
   6.9163179742233103E-005
   1.0752738738018917E-004
   8.9227087606363317E-005
   9.7229928439126172E-005
   1.2997419555884447E-004
   6.1410441995550887E-005
   6.1671402294288905E-005
   1.1962439221723321E-004
   1.2616463756444168E-004
   5.5769645115902234E-005
   7.6753541839591182E-005
   6.8279160039954394E-005
   1.0855075883204629E-004
   1.3493132754255815E-004
   5.9005734977473727E-005
   1.2947469817476038E-004
   8.6186069290103783E-005
   1.1485847170499656E-004
   1.5551289873797828E-004
   9.8574131293062558E-005
   5.9153640920327459E-005
   1.0684742644784664E-004
   7.1134869333343254E-005
   1.0587210239787266E-004
   9.1439010169681249E-005
   9.1908934047420221E-005
   9.6055986502979228E-005
   7.8192897364602682E-005
   6.1528661598459175E-005
   7.6651833348302239E-005
   6.2182442376866687E-005
   8.2146072699697644E-005
   6.6111763430712627E-005
   9.5881520459123009E-005
   7.4548521149311102E-005
   7.7074034670531963E-005
   4.7938073849523021E-005
   9.2223275761335832E-005
   1.0582424163125439E-004
   8.2621599270523471E-005
   7.4561533911232032E-005
   9.9381620387415366E-005
   1.5920903097594593E-004
   1.1514465921641685E-004
   8.0794880626222334E-005
   6.7388170051607059E-005
   8.8909464595817423E-005
   1.0540761309647527E-004
   1.1947907761046631E-004
   9.3191978508398395E-005
   8.2084060667314443E-005
   1.2836500527937543E-004
   6.1000074245694261E-005
   1.5943151305870880E-004
   6.4258568784436712E-005
   1.3820442744791843E-004
   1.0176305593766607E-004
   7.2441459322640300E-005
   9.4366780543226079E-005
   7.9626384706543205E-005
   9.6536510775283504E-005
   7.7464219582870295E-005
   7.8234832326565007E-005
   1.5531857883960577E-004
   2.0119870780957463E-004
   1.0767638719608660E-004
   7.3960253241816247E-005
   9.4879774881290112E-005
   8.9451257135687981E-005
   7.5529170283721776E-005
   8.1305331851978861E-005
   6.5346895565041092E-005
   8.0992888793780462E-005
   6.3958385292548083E-005
   1.0490879801340196E-004
   1.3597061607230541E-004
   1.0105246430438187E-004
   5.4681594174829849E-005
   5.8977345870062064E-005
   7.3964928770569064E-005
   7.3722807280202305E-005
   7.3678894290595700E-005
   1.0417878037963662E-004
   6.6926368440900730E-005
   6.9884657216599810E-005
   9.1490724568245321E-005
   8.6426906039884722E-005
   1.1173999847775090E-004
   1.0170208681969990E-004
   7.8726411529738988E-005
   1.3376921337988497E-004
   7.7522963661405428E-005
   6.2017889183512464E-005
   1.0291727274010459E-004
   1.1670527525054638E-004
   5.4135401875470906E-005
   8.0038320096437442E-005
   7.8562577298104758E-005
   5.4054722136748492E-005
   7.8801196869088665E-005
   9.1147403163355849E-005
   9.6040735212340426E-005
   1.1662243496104053E-004
   5.2206326100943200E-005
   8.9508559378592977E-005
   8.2998229261603768E-005
   1.8554177583830105E-004
   8.7030285474841505E-005
   8.0705343570689687E-005
   6.8886092664718324E-005
   8.3207478076685205E-005
   1.2384387642609736E-004
   1.2542208440056616E-004
   1.1401170890990261E-004
   8.6339064814537934E-005
   1.1634709847957409E-004
   1.4478921553317474E-004
   1.3075520027619000E-004
   7.8172110401321030E-005
   7.5799620601324735E-005
   5.7402184915258653E-005
   8.6474456672200163E-005
   7.6990283860547975E-005
   7.7219716540990422E-005
   1.0081743269735071E-004
   6.3558439055981313E-005
   1.5047910772517285E-004
   1.0494860426943680E-004
   1.4470623768233977E-004
   8.8668852872619559E-005
   1.0965729111504149E-004
   8.2652906941675346E-005
   6.3924523762854708E-005
   1.1362502933741233E-004
   6.0649725778313108E-005
   4.8889460134781371E-005
   8.1878668547106826E-005
   1.0161568178190122E-004
   8.8236937576538136E-005
   1.1890106986598647E-004
   6.4038499374246381E-005
   6.2089393074568643E-005
   6.5377438995766477E-005
   5.2785239340562110E-005
   1.0601245649641196E-004
   1.0005717692696748E-004
   1.9257701200381570E-004
   6.9045042805627045E-005
   4.2876506646890478E-005
   1.0439360356588343E-004
   5.4197106999387821E-005
   7.4170736259586978E-005
   6.7784999747795346E-005
   8.0852280644753887E-005
   7.8647235449883583E-005
   6.9620152656425113E-005
   5.8419507312154197E-005
   1.1121166382672931E-004
   6.7050105686382067E-005
   7.3492528865427587E-005
   1.4325301707467878E-004
   7.2889807355686238E-005
   7.8946450978530872E-005
   7.0985640929498004E-005
   9.5521081989282302E-005
   6.5949453512293476E-005
   9.6753191666544913E-005
   1.4577454208779261E-004
   8.7845910504284852E-005
   6.7982697656203750E-005
   7.1323539901143928E-005
   1.1634237195700013E-004
   5.5448094000856695E-005
   5.8307560766912915E-005
   6.1098380172529556E-005
   1.0658528166505415E-004
   7.4696724952397976E-005
   8.3534607255524515E-005
   9.7454561717463673E-005
   8.7965006267013346E-005
   7.2653114096294109E-005
   2.1698180391437454E-004
   1.0157102264460609E-004
   1.1698749185435227E-004
   7.2449913270186266E-005
   1.0176514883948940E-004
   6.2646980551840498E-005
   6.7773476373342022E-005
   7.2712728267135390E-005
   1.2820050832091197E-004
   1.2388265219178882E-004
   5.5712851800379679E-005
   1.1620635645622661E-004
   7.0342197800645842E-005
   1.0261897512154156E-004
   9.3346510142457937E-005
   6.5439415169380802E-005
   6.1361411799829233E-005
   1.2085563920245992E-004
   8.4356616097644164E-005
   7.1781278435375257E-005
   1.0097254727611379E-004
   1.2111425535710060E-004
   8.7861071469395131E-005
   1.3302800396718741E-004
   5.5176486788490737E-005
   7.1761350583216083E-005
   1.4112014756791078E-004
   6.8791566623493865E-005
   1.5083558976625476E-004
   1.0966933342288709E-004
   5.7775676605450583E-005
   5.0528144078647025E-005
   1.1359425820252126E-004
   1.0550269463142105E-004
   7.0647648660093456E-005
   5.8630789712226730E-005
   6.6894353372372230E-005
   6.2510046476225100E-005
   1.3973155356540018E-004
   6.7887497216994122E-005
   8.2511822850869144E-005
   7.8352864469398244E-005
   8.6958389511904694E-005
   7.0746145834346609E-005
   6.6079223149728014E-005
   8.9048236476331876E-005
   8.7272660269024772E-005
   1.2542864460398520E-004
   1.9731761696706722E-004
   6.1759812357649698E-005
   7.4683706726739701E-005
   7.8208834899794638E-005
   9.9494085414480549E-005
   1.3606957098502795E-004
   9.3339854076132851E-005
   1.0054803611084645E-004
   5.7642745580703494E-005
   6.3773457874083240E-005
   5.8710094863469597E-005
   1.2516196415488564E-004
   8.6084341402116089E-005
   9.2150485637490769E-005
   5.9828746651316130E-005
   7.4739869353257856E-005
   7.4981407994279291E-005
   1.2693268870221248E-004
   8.4779268042854808E-005
   8.5602633724365259E-005
   1.1428363118469475E-004
   1.0236010488472524E-004
   8.1972317736990073E-005
   1.3801692272062498E-004
   7.1212405842152089E-005
   1.5760886893313131E-004
   9.3937535170224249E-005
   4.9653628495770361E-005
   7.1929861933653786E-005
   7.6941623994619099E-005
   6.4819056926232761E-005
   9.6613673924875071E-005
   9.3717684861469196E-005
   8.9066534088216447E-005
   7.2268108569632946E-005
   8.5467506315870469E-005
   9.5118564601219177E-005
   1.0902466570901324E-004
   9.2929134519359211E-005
   1.2326664171717625E-004
   8.5243716089460376E-005
   1.7033731998635187E-004
   6.9244736337596938E-005
   7.4778989201475731E-005
   7.9445508987476226E-005
   1.3704654512397655E-004
   1.2209718776742159E-004
   1.2527593082481040E-004
   1.2952435199879215E-004
   8.9517723068193350E-005
   1.0557815137874537E-004
   8.3937614782439671E-005
   1.3446942388904324E-004
   7.9500104830720664E-005
   4.9939817435854571E-005
   7.8476730794281059E-005
   1.0252816101529266E-004
   6.2471048966217520E-005
   7.6368948045190256E-005
   1.0182276422695231E-004
   7.7841818253682017E-005
   5.1052001623875762E-005
   7.3567230420346861E-005
   9.9002433012095484E-005
   9.2888830595991924E-005
   6.6472710809493374E-005
   6.2254497106822561E-005
   1.7359604235653447E-004
   9.1923608969010303E-005
   1.3393970560754396E-004
   6.5815822150599247E-005
   5.2834447189460676E-005
   7.3533734895966119E-005
   8.6022092043037157E-005
   7.9259240684342581E-005
   9.6995325853136942E-005
   6.3062495520413723E-005
   7.2707005906961464E-005
   7.5118102859351267E-005
   1.0601358203959415E-004
   6.9512586663631975E-005
   8.2765890265176884E-005
   8.1524336775177082E-005
   7.3173692908905125E-005
   1.0010226585525953E-004
   6.9972434514886677E-005
   6.2877084971902535E-005
   8.5783802004260219E-005
   1.0754772867957140E-004
   7.5629937853692592E-005
   7.1284499971955049E-005
   6.6309998916784621E-005
   8.2917729755997986E-005
   8.5610748233496309E-005
   7.5306459443832006E-005
   6.0204978650597940E-005
   5.6413159946277695E-005
   4.8344684296367295E-005
   8.1782699750977428E-005
   6.5416473912798068E-005
   1.2923530254257978E-004
   9.7222332024768680E-005
   8.9789039625217309E-005
   7.3958450256949359E-005
   1.1639263681287113E-004
   1.1895461664582343E-004
   8.8830319480763555E-005
   5.0002732281031277E-005
   8.8756982948153578E-005
   6.4276121814574438E-005
   6.8906997589850645E-005
   9.4042026756238398E-005
   1.1007838927689650E-004
   7.4893873657707027E-005
   1.8755094462170581E-004
   5.8817585299538921E-005
   1.3708753684424425E-004
   6.0118906536872001E-005
   6.3218573903921162E-005
   6.5351361213365173E-005
   8.4464287186365464E-005
   1.2393338700769600E-004
   9.5400351975644704E-005
   1.3575744779360598E-004
   7.7359188073539248E-005
   7.0637408946787534E-005
   7.8655651057917632E-005
   6.1001620884608559E-005
   7.7280717826427821E-005
   8.7292575870133525E-005
   8.9118733964801015E-005
   1.0688484400412935E-004
   8.4207317890744383E-005
   5.7420864566034300E-005
   1.2444208880563830E-004
   4.3192261904082496E-005
   6.5176743065799064E-005
   5.9432721538329128E-005
   1.0705676653549411E-004
   5.8434221145980580E-005
   1.3859690591604135E-004
   7.9258085142208570E-005
   9.7343160066525524E-005
   9.5302153083156709E-005
   1.2769841739400714E-004
   7.8980328690764608E-005
   7.7841209944963977E-005
   6.1927309973675666E-005
   1.4602755105877803E-004
   1.0298559117800116E-004
   1.7873755089025618E-004
   7.9560782139465570E-005
   6.7077686549755477E-005
   6.1886809994313982E-005
   5.4123756342683779E-005
   1.0137564146861404E-004
   1.1159311822749240E-004
   1.2177029716815885E-004
   1.0706634459883244E-004
   7.3791157038705104E-005
   6.9966726437375925E-005
   8.8918934480065328E-005
   1.5581945870154964E-004
   6.9669818900157903E-005
   5.5964971751065352E-005
   1.0050236965165313E-004
   8.6770598274156545E-005
   7.1402477264967583E-005
   9.7363442887984055E-005
   8.6341044923080344E-005
   7.8968586140193070E-005
   8.4470697193316326E-005
   1.0464104986368034E-004
   6.6263900459280693E-005
   7.0247496855880461E-005
   7.9076532685611590E-005
   1.0643478562890696E-004
   9.2534134280264322E-005
   1.0192938672115820E-004
   1.3092560912914689E-004
   8.0027629115821122E-005
   1.0654410464961230E-004
   7.4902241886223530E-005
   8.2215305248954705E-005
   6.5727670840570163E-005
   7.1473750065702580E-005
   8.8127365882188565E-005
   1.0714876243103325E-004
   6.5421504998608722E-005
   5.8687842049646856E-005
   9.8338145004322764E-005
   1.0117188808051685E-004
   1.0534950443843835E-004
   7.5260033548497457E-005
   8.7920634562476172E-005
   8.7096518447355611E-005
   9.3805372542970269E-005
   7.1295763557623963E-005
   9.8492997758462905E-005
   5.9749886690679397E-005
   1.1591370499050903E-004
   7.9863542050119516E-005
   6.5988996108816951E-005
   7.2129706594946087E-005
   8.5665150655594540E-005
   7.3488783279691093E-005
   6.8476757920307921E-005
   8.9665262351691630E-005
   7.8560135097182146E-005
   8.5813490238391060E-005
   6.2420303033192983E-005
   7.9885623177742860E-005
   9.5191996176707683E-005
   6.1857627628025263E-005
   8.1370056308102131E-005
   1.0711226196631797E-004
   6.3913907518044718E-005
   1.0887414192079490E-004
   1.1398530238844625E-004
   7.6271577233215899E-005
   9.4620376592134266E-005
   7.3464999209302146E-005
   8.9505661603063978E-005
   1.0734105772135897E-004
   9.5607328576876354E-005
   8.8973323142323938E-005
   1.1230213278570443E-004
   1.0995944508142576E-004
   7.1553778507966762E-005
   9.5515832194309838E-005
   8.4867258004135267E-005
   6.9255296506313033E-005
   8.5696588975287040E-005
   1.0577504260546132E-004
   6.1254401295335537E-005
   1.0246766802688060E-004
   7.8487707430810379E-005
   7.2293226882438598E-005
   7.6162145902885849E-005
   1.6382095937826380E-004
   7.6046762504549813E-005
   5.0697114853266118E-005
   9.2197920468667729E-005
   1.1056101643710142E-004
   7.6576655526065836E-005
   1.1654165183177659E-004
   1.1109484801942876E-004
   6.1638375777160509E-005
   6.4146697147787217E-005
   7.6350727996761804E-005
   5.4639134738063334E-005
   7.6017841875103390E-005
   8.7737825690701958E-005
   9.0527574850271099E-005
   1.4059268085649465E-004
   8.2007029087392315E-005
   9.9861872509800247E-005
   6.9435320223430375E-005
   8.9750048016850898E-005
   1.0575030906067280E-004
   7.1704916491912462E-005
   7.0508969685067848E-005
   8.7883442763015744E-005
   8.2893135992887626E-005
   1.2141369459263787E-004
   7.5016698177386701E-005
   1.1483089878970509E-004
   9.2439936922641711E-005
   7.7126349525352583E-005
   9.8855683467241097E-005
   1.0202541401471878E-004
   8.9558793400320634E-005
   7.1700571590475954E-005
   8.0474234230329809E-005
   8.3078953845313830E-005
   1.0253697416942675E-004
   1.0106049558663802E-004
   1.0410470342538708E-004
   5.7500043644369804E-005
   8.3347678255990922E-005
   8.8018755020458504E-005
   1.1282472575109921E-004
   8.5429019034983725E-005
   1.2146389557393458E-004
   8.0600055126572965E-005
   1.1133240584527038E-004
   8.5156953821245181E-005
   6.3947115388978418E-005
   8.3741024236042423E-005
   1.9219804028241394E-004
   1.1303095491258081E-004
   7.9509987163990160E-005
   9.7360227871168091E-005
   5.2807364791985198E-005
   7.5504971756767218E-005
   6.4144331309192850E-005
   5.7711742597201657E-005
   9.4665116865251935E-005
   1.3143154985344936E-004
   1.0015447044186427E-004
   7.6556733339168596E-005
   1.3427354377463360E-004
   6.1413172194740227E-005
   5.4813256350328882E-005
   8.2879373393565908E-005
   7.3200206790048522E-005
   9.8982314147455020E-005
   9.5307544797913177E-005
   8.0700777130659124E-005
   1.4417637140360154E-004
   6.4082101168972424E-005
   8.1421682715216370E-005
   6.8807665726882658E-005
   6.2750772086911881E-005
   6.2937989973706605E-005
   1.3187730386335546E-004
   1.2371454075333149E-004
   8.6852632334682447E-005
   9.2836417816060182E-005
   8.3841391439038476E-005
   5.0045609945720585E-005
   9.4376219536022532E-005
   1.0953597257936307E-004
   7.7027148706310415E-005
   1.2928051981434230E-004
   1.0355738683754283E-004
   7.5906690480709394E-005
   7.2334066164639362E-005
   7.6290396934635066E-005
   1.5329370968790454E-004
   5.4013411504371539E-005
   1.1106610628556295E-004
   9.6943987964812292E-005
   9.5555022966785797E-005
   6.9126130377257278E-005
   6.1075877538320310E-005
   9.2745697131267502E-005
   1.1662387185456830E-004
   1.2979135628632857E-004
   5.9613232445904057E-005
   9.1836800140684402E-005
   8.3728128695782867E-005
   1.0328740359239178E-004
   6.8903436123792978E-005
   8.7806829995281250E-005
   7.3992386087366944E-005
   1.0412222083318186E-004
   1.1727003944858954E-004
   5.9652940266489022E-005
   9.1233088348584903E-005
   1.2908110061974362E-004
   7.0794714663032068E-005
   7.9738087195900566E-005
   9.2025557275674460E-005
   7.6859691170681781E-005
   8.4516371406389695E-005
   7.3000191358276622E-005
   9.9569208133590734E-005
   1.1664844592717828E-004
   8.1037123841367259E-005
   8.5883513358082095E-005
   6.4774449072537810E-005
   1.0085725123981584E-004
   8.2642314078838660E-005
   6.3209034718472804E-005
   7.8342337136120971E-005
   1.0869086316903849E-004
   8.8225953779174919E-005
   9.8843419183524902E-005
   7.8786305642028384E-005
   7.0807837045700048E-005
   2.3470017992289355E-004
   7.1810895794583360E-005
   6.5976485517679100E-005
   7.2222529860199107E-005
   7.9086393014538267E-005
   1.2153341273393643E-004
   1.5238185870060947E-004
   7.1606261298015050E-005
   6.2040912191280365E-005
   8.2922197262749568E-005
   9.5150020942670851E-005
   5.2471830666308930E-005
   1.1125674257549261E-004
   7.2508401021619359E-005
   6.2383623815342253E-005
   9.6031847176867194E-005
   8.5506028185465102E-005
   1.8401273684572595E-004
   7.4559922821454752E-005
   6.1157206998818840E-005
   1.6883104495991891E-004
   7.4127579952502272E-005
   1.3971579077711591E-004
   4.6327200463422729E-005
   1.0114063156798083E-004
   7.7183199738866041E-005
   8.9732340940368684E-005
   9.9736443393438659E-005
   6.4960114326961555E-005
   8.8045736103126968E-005
   8.9042298373545793E-005
   8.4986672478853936E-005
   9.6255635143338171E-005
   5.9458148430542900E-005
   4.5057145530800077E-005
   8.2007059346841395E-005
   9.4203670002136704E-005
   8.8672831968004587E-005
   6.3387817275015914E-005
   1.1889691868528157E-004
   6.8295496752494386E-005
   7.7923073671965005E-005
   7.4206264483033565E-005
   6.7165681235793509E-005
   9.8118409875614797E-005
   8.8353472741779167E-005
   1.1069569015391787E-004
   7.7560710117217615E-005
   7.2466656819317489E-005
   1.2942591432905872E-004
   8.9376150976458528E-005
   5.9488734099484323E-005
   1.3005488012752289E-004
   1.1189314886268715E-004
   7.7020550276644771E-005
   8.2726996567892032E-005
   8.9252593222060442E-005
   5.4860803595481533E-005
   7.4093411260900874E-005
   6.7294106796019439E-005
   7.0787802488290349E-005
   6.2413364634983110E-005
   7.2333902641278860E-005
   1.0265151053622798E-004
   8.0881927642687126E-005
   1.2617753464402997E-004
   5.4374100907518511E-005
   1.1831140418357852E-004
   6.8177413645255670E-005
   4.9975037679352682E-005
   8.2860901401986137E-005
   1.3017160597806341E-004
   1.0918332255012790E-004
   6.9996156209658597E-005
   5.3116095885267809E-005
   5.7425983733965977E-005
   5.2190897088751394E-005
   1.6155889774268527E-004
   8.3977014986678171E-005
   8.0002232541962626E-005
   1.0358623367065022E-004
   7.3256880822802667E-005
   9.7897884948624052E-005
   6.1854359330131548E-005
   7.2402740125288072E-005
   6.6989854817364955E-005
   9.3169366695704849E-005
   1.1151507497982387E-004
   8.4974836842436388E-005
   9.0027112597256386E-005
   1.0498766616411377E-004
   1.3301994089606696E-004
   6.9426155509019787E-005
   5.0010334282943324E-005
   6.6019636746995265E-005
   8.1349209683811584E-005
   5.0186778199068828E-005
   5.2345644755008106E-005
   8.4219944962703723E-005
   6.4736219748271878E-005
   1.1742292857519398E-004
   9.2518078887411087E-005
   7.7489139807410511E-005
   6.6621606999043678E-005
   7.6096067373025749E-005
   8.9893223781827881E-005
   1.3893401825385642E-004
   6.5477070538279411E-005
   1.0214972852461692E-004
   6.7322867284417762E-005
   7.0028138719930102E-005
   8.1368760221909672E-005
   9.8824236778032295E-005
   7.7058432393152323E-005
   6.2266124333505246E-005
   1.1993367060851828E-004
   7.0789246063875929E-005
   1.2236604151594896E-004
   1.3344037020026768E-004
   5.9732883110185582E-005
   8.1611003804816002E-005
   4.6892109325073555E-005
   6.5238304467792803E-005
   9.3510221396020932E-005
   6.6943160515138154E-005
   5.5886301684807113E-005
   9.1939201758638485E-005
   1.2426887362645915E-004
   8.1517397375979601E-005
   1.2588417443382328E-004
   6.2986031620850710E-005
   6.6617625087816309E-005
   8.4585683221500077E-005
   6.2308966441864728E-005
   7.3328138399440373E-005
   8.6551310347241645E-005
   8.4054583821973098E-005
   9.8140604982279678E-005
   1.1740003462288341E-004
   5.6529769318968685E-005
   1.1404651654179664E-004
   7.0892731976454125E-005
   8.4467323953038483E-005
   6.6596032331551184E-005
   1.2246751839521626E-004
   6.3214518431085369E-005
   6.6078320630048079E-005
   8.5462315683927257E-005
   6.4690551850671692E-005
   1.3434881974663329E-004
   8.3421356338797987E-005
   7.1384938717754427E-005
   8.1011112613843056E-005
   7.1114971362131718E-005
   5.5904550764912185E-005
   7.3255779620775018E-005
   8.3947379726447376E-005
   9.5974382592974730E-005
   6.1188312501395865E-005
   6.0777197264531279E-005
   9.0630687029369760E-005
   7.5558409991498878E-005
   1.3525289167453110E-004
   7.1642614095655650E-005
   1.3367552016495553E-004
   1.3469906913481680E-004
   1.1882566769984404E-004
   8.9939476647434379E-005
   1.0058881575450769E-004
   7.4230164857790057E-005
   9.1564260300373046E-005
   9.6833020570584731E-005
   1.1669125350272376E-004
   1.2338490506866472E-004
   7.4824613912961876E-005
   1.0995407553867175E-004
   6.2212135531369310E-005
   6.7180491954491959E-005
   9.5302248504606314E-005
   1.2441634590437158E-004
   6.0302275198367207E-005
   1.3368173095163374E-004
   7.4840346270075705E-005
   1.0204466397753601E-004
   1.0273902857016322E-004
   1.0351830654480126E-004
   6.6018182524302276E-005
   6.0766278648674746E-005
   7.9968905672726340E-005
   8.2852998564545951E-005
   7.3578125785354103E-005
   9.7640444688314634E-005
   9.0209216428453911E-005
   9.3681759431234044E-005
   7.9685952939279549E-005
   5.8076044116739793E-005
   7.5603708816219655E-005
   6.8996393110346428E-005
   6.6219815441591012E-005
   8.3346788503393842E-005
   1.2803709063879311E-004
   5.9958310142027488E-005
   6.5014490729699333E-005
   1.1250820621072604E-004
   9.8566270366063974E-005
   9.0245680811313264E-005
   9.9684141758258347E-005
   1.1277908426205892E-004
   1.1000104861813779E-004
   8.3314937135658539E-005
   6.3562640566926866E-005
   7.9410609877808303E-005
   8.7068502670786682E-005
   8.3550641702696471E-005
   7.1639938251869586E-005
   7.5661866817213283E-005
   1.0355435323534395E-004
   9.8254162263046341E-005
   6.0453308350961659E-005
   1.0424801479351110E-004
   9.3512325467311991E-005
   9.3911448389770330E-005
   7.3084275470627856E-005
   5.1006934053621964E-005
   8.7755798619748026E-005
   6.5282198396936523E-005
   8.6355467177060365E-005
   8.1840871604103036E-005
   7.8300772833919181E-005
   9.2505445286660175E-005
   7.6456629061188327E-005
   7.6018470951885511E-005
   8.1318742214348382E-005
   7.2401835181739116E-005
   7.3997009533601085E-005
   1.0216485162442928E-004
   5.8121012195791246E-005
   7.4858447476796482E-005
   6.4092188649408170E-005
   7.7816411762155285E-005
   8.7883129454698424E-005
   6.8672322063991005E-005
   8.3658035504732364E-005
   5.6557671885911424E-005
   1.3174905532135908E-004
   7.3308945939875444E-005
   6.9384897204649129E-005
   8.0915263907086214E-005
   7.0667482014875706E-005
   9.7971884004178548E-005
   1.0883117968913491E-004
   9.2286169120838119E-005
   2.2023356763048525E-004
   8.3676802912558464E-005
   5.6400928194693946E-005
   7.6398314924880047E-005
   8.9486419572828402E-005
   7.7354594065307694E-005
   1.1168657816159363E-004
   8.4667130028086776E-005
   7.3148715805658248E-005
   8.3998323129634396E-005
   8.1703464629653654E-005
   1.1816309615394102E-004
   5.7886842121389807E-005
   9.3209861433422012E-005
   6.1452313287177268E-005
   7.3171414988853917E-005
   5.2760357650100504E-005
   6.9305308326991368E-005
   7.8318855379708435E-005
   4.5482527579712796E-005
   5.1838565289540018E-005
   7.1894772530035141E-005
   6.8555767120570527E-005
   6.7665348858656993E-005
   8.3022556913186607E-005
