   7.6552420706814663E-005
   8.9051538642164900E-005
   8.6805679814364341E-005
   6.8207462413790167E-005
   9.9177650414907713E-005
   8.1436020114947154E-005
   9.4726563304907711E-005
   8.3404734139507002E-005
   7.8411673040803826E-005
   7.1079031424941942E-005
   8.2443440156448517E-005
   8.4434746313717557E-005
   6.8913078544518270E-005
   6.6656797911496580E-005
   7.2795822733642983E-005
   7.6816668193051635E-005
   1.0691954115529431E-004
   5.8416541075309988E-005
   6.9568856627724466E-005
   1.4025846283790788E-004
   1.1460547208889557E-004
   8.6453835780314457E-005
   8.4626003437923868E-005
   5.9471534026700404E-005
   5.6587306514553036E-005
   8.5512622547543726E-005
   9.2429966294749923E-005
   7.3457128857550374E-005
   6.7792033965362726E-005
   1.1061230054343693E-004
   1.1937021095129700E-004
   1.1669024736376826E-004
   6.1123208894198493E-005
   6.2764546662003436E-005
   8.4936392429274922E-005
   7.6957705633399709E-005
   9.8240020687851735E-005
   6.7583065167542715E-005
   8.4750338082337665E-005
   6.6305180445677873E-005
   6.2746710995998430E-005
   8.2768396563707888E-005
   1.3302402386531175E-004
   9.5265283932714542E-005
   1.2799962886241657E-004
   9.4243893936091707E-005
   1.3504113522300160E-004
   8.8021630152467143E-005
   1.2547073241000100E-004
   9.1165437734202115E-005
   1.0995174655647849E-004
   8.3270168992580082E-005
   6.9811842897295824E-005
   6.9853524591568492E-005
   6.1143011221574621E-005
   1.1186080923843092E-004
   7.5237004557153440E-005
   6.4383893451659997E-005
   8.7720413527793030E-005
   1.2147903821137022E-004
   7.6748584094195039E-005
   1.2367203995433852E-004
   6.2890115312200600E-005
   8.1135610568586916E-005
   8.1827840914774948E-005
   8.9013252446527613E-005
   8.0626537557002123E-005
   6.8739746032591667E-005
   5.2740190450644777E-005
   8.1572957537350623E-005
   1.1296686051397941E-004
   7.7052553471655883E-005
   5.3641261120358697E-005
   9.1398048941927749E-005
   5.7816717265255528E-005
   8.2480830040902476E-005
   9.6653596706389552E-005
   9.3226312926248151E-005
   8.3852864219859070E-005
   1.0958975541631885E-004
   9.9789611463628133E-005
   9.0770936783630323E-005
   1.0079769255076151E-004
   5.7834518277349804E-005
   1.1929630982355969E-004
   7.3468225250208753E-005
   8.7228516152605871E-005
   8.7365867122789670E-005
   9.5974215882543246E-005
   7.5852274736492431E-005
   9.9234485068268530E-005
   1.0195130264035696E-004
   1.0793975576766370E-004
   9.9300197923595944E-005
   7.9238310390386830E-005
   9.5009359503126092E-005
   9.9406364574408914E-005
   7.7019372817202229E-005
   7.5659381726816066E-005
   7.1076046743397695E-005
   7.4297188191724882E-005
   9.4404694329207735E-005
   8.8012385608840605E-005
   6.8025044493917394E-005
   1.1018987869398083E-004
   4.8813706876906213E-005
   7.8655835384906526E-005
   1.9364837006883177E-004
   6.4386969350257469E-005
   6.5215797850937923E-005
   9.3929467854185245E-005
   1.0240054863855345E-004
   8.2784744620641932E-005
   8.5805467445514963E-005
   6.3124191520858337E-005
   6.4414925730509946E-005
   1.0833716825653893E-004
   6.2174113798472413E-005
   2.3910692400436160E-004
   7.6121930164800800E-005
   1.2478308941384119E-004
   5.7874749767507935E-005
   8.7768457880817711E-005
   1.0138983427397419E-004
   7.3268118258270205E-005
   1.2361343335051241E-004
   8.3885922705809383E-005
   7.0754059529791504E-005
   1.2554472274605989E-004
   7.9397207298587718E-005
   7.6636750120325910E-005
   6.2437184321795767E-005
   8.1131106576109015E-005
   7.6127267334763171E-005
   1.2007887816877850E-004
   4.8914712953320424E-005
   8.1189664923040454E-005
   7.5743171309332615E-005
   1.0051988302507957E-004
   6.7816126285909101E-005
   6.7319642006481679E-005
   7.8439202396869473E-005
   8.6453415528290386E-005
   9.8173941450876794E-005
   1.4089664178677731E-004
   8.5370850718000836E-005
   7.6831169893052165E-005
   8.1058902534055394E-005
   1.6049274429171063E-004
   8.6697986772165430E-005
   8.3055483823807729E-005
   7.4692189747158099E-005
   7.6680382491921414E-005
   1.3849213665904727E-004
   7.3326907875323865E-005
   1.0771439153081242E-004
   8.4247132333299776E-005
   7.0540818914446263E-005
   9.8678705877005155E-005
   1.9357589300629695E-004
   7.8284076017828776E-005
   7.3640167534567118E-005
   6.7883239612599958E-005
   8.3133498267171221E-005
   6.2750520435181625E-005
   7.9858099113055077E-005
   6.9398673202298393E-005
   8.0595112121660274E-005
   1.1007226155389744E-004
   8.2657967010856445E-005
   1.1963592295296062E-004
   1.0131699206742997E-004
   8.3436467697175143E-005
   1.4769250691673501E-004
   6.3625022302060848E-005
   7.1034535849975500E-005
   7.9557865305879884E-005
   9.7388311370141269E-005
   7.7708272600234631E-005
   8.1096452316036430E-005
   1.1619940784294814E-004
   9.2373293909372674E-005
   6.6661630742950590E-005
   5.0667404247425303E-005
   8.6473592083937702E-005
   1.0529962863283434E-004
   7.8369477960413443E-005
   8.7989567374055264E-005
   8.4677216141917450E-005
   6.9909375824059235E-005
   5.0098300404501425E-005
   8.2801333186032796E-005
   9.6159073157637241E-005
   1.2434278780181702E-004
   5.8389866512820392E-005
   7.8145288795480062E-005
   1.0827896886895265E-004
   9.1477617415036813E-005
   7.9970939722595212E-005
   8.2496361441702364E-005
   8.4839358070073922E-005
   9.7267208048034613E-005
   6.9552622302577281E-005
   7.4165050946680406E-005
   9.0496005660406018E-005
   1.2924190433266034E-004
   6.2013618366247195E-005
   7.3594407254449511E-005
   9.3059931301014325E-005
   1.2454320803155627E-004
   8.0261960674971142E-005
   8.6178435198106448E-005
   1.2544649726279239E-004
   6.0534857151012698E-005
   8.5415858750652763E-005
   1.2439260453339892E-004
   7.7947848831237169E-005
   8.8126323443117968E-005
   6.5368223525436673E-005
   8.4885973271662832E-005
   7.0896870438258425E-005
   6.6330311931571227E-005
   7.1607296685682173E-005
   7.2368724260187911E-005
   8.0995770436760768E-005
   1.0281746285846603E-004
   1.0350365683807550E-004
   1.0161515148015632E-004
   1.1794604605229201E-004
   8.5593335695303090E-005
   1.1337023039703426E-004
   1.1391777499073580E-004
   1.2050407421263922E-004
   5.4710307039190774E-005
   5.6007262794920544E-005
   5.4713252974505170E-005
   6.5312813755412529E-005
   6.7809950726917807E-005
   1.0556095884208625E-004
   8.5598545958325155E-005
   7.5170936885744996E-005
   9.2891032072112939E-005
   4.9087201739802319E-005
   1.0784757063457856E-004
   8.1336547448666703E-005
   1.0466124859632588E-004
   5.5008358728445426E-005
   7.6996566686197079E-005
   8.2982882250916609E-005
   8.7893950545219813E-005
   6.8875955846938865E-005
   7.9550177960073282E-005
   9.1177196753181833E-005
   1.2881225851472128E-004
   8.5394051210124943E-005
   1.2809747051752214E-004
   9.4037691442315074E-005
   6.8737092605645851E-005
   5.1150008034232930E-005
   8.0019235920090315E-005
   1.0168558689150745E-004
   8.5190002367275635E-005
   8.5569213974424977E-005
   1.1314962168582899E-004
   1.2866692140869700E-004
   7.7420317615370461E-005
   8.4349083790135246E-005
   1.1987319654257958E-004
   7.7252084050544097E-005
   1.0342633097996884E-004
   7.0692380087536592E-005
   9.0713804713303463E-005
   1.5094101586883132E-004
   8.2300851920144924E-005
   5.7409727457771510E-005
   6.8622623867143771E-005
   6.7954484235549533E-005
   9.6519977563443241E-005
   1.0838213885965836E-004
   8.6868436093034699E-005
   1.3712902737935317E-004
   6.8345776849290541E-005
   9.0904994096530485E-005
   7.2837500473880783E-005
   8.2582620889908907E-005
   9.1006502954541136E-005
   6.8678576324754015E-005
   7.4248232856755550E-005
   9.3722952695469153E-005
   7.0429271952461377E-005
   7.7390236605999160E-005
   5.7453413661613928E-005
   7.7489083448502140E-005
   1.1285959699300364E-004
   8.1011887589103169E-005
   1.1717554807157540E-004
   6.2272555061923320E-005
   7.5430681324258772E-005
   8.0457473794964612E-005
   9.5268839729158384E-005
   6.2733896962963929E-005
   7.7867244387998152E-005
   8.3688295584131623E-005
   8.8201281795276815E-005
   1.0156190074604076E-004
   8.7679325980988525E-005
   1.0842592497663934E-004
   1.0110821195210437E-004
   8.0973411358955930E-005
   1.3374595592968201E-004
   7.5227919666191132E-005
   9.7697329061656094E-005
   1.0359087298851067E-004
   1.2215016404737056E-004
   8.5276868210448103E-005
   9.8170177994408428E-005
   8.9862068372322074E-005
   6.5614356997426113E-005
   8.8672564630184426E-005
   8.4589681483365656E-005
   8.8072501042818475E-005
   1.1590880195765824E-004
   5.0838788005785295E-005
   1.0744015965938279E-004
   8.6291675504084951E-005
   1.2687385592461699E-004
   5.0538534206413632E-005
   5.6875332805338443E-005
   6.5579067495636010E-005
   6.7640179326986674E-005
   1.9331967011992622E-004
   7.2545338783312077E-005
   6.3411611288595609E-005
   8.3534748471935638E-005
   1.1566436393998059E-004
   2.1782683009813645E-004
   1.1760375101739795E-004
   1.3326787280446931E-004
   7.7638727361104104E-005
   1.4209047483089408E-004
   6.5357587412097606E-005
   6.8715656139319454E-005
   7.5996684143876976E-005
   1.0549284262558699E-004
   1.6801515482992314E-004
   1.0027216959183738E-004
   9.4058486906397105E-005
   7.2110123670388897E-005
   8.8806792190648939E-005
   6.4783216118415149E-005
   6.2669596060415319E-005
   6.5652754130519073E-005
   8.3081952159989376E-005
   1.1736937142892411E-004
   8.9142881764471316E-005
   6.4252071030629885E-005
   1.0300228111244960E-004
   1.0765283974752704E-004
   1.0703837762109656E-004
   5.4729512266592681E-005
   5.2211659416286351E-005
   7.0878384140115355E-005
   6.8793316965728014E-005
   7.1162114385176943E-005
   9.1417856530665102E-005
   8.5991036614003276E-005
   9.5564352153016893E-005
   6.7905954249251036E-005
   5.4580548915187829E-005
   7.1764525590712580E-005
   8.7587995309871630E-005
   6.6249265602936626E-005
   9.9535380858669704E-005
   9.9366463307126249E-005
   1.1701381712176725E-004
   7.9553664511923639E-005
   8.4694411896575671E-005
   6.4815443485953522E-005
   6.4965724932738308E-005
   7.4867896772119183E-005
   9.4400110110285735E-005
   8.4737673669258153E-005
   7.2148671846629465E-005
   1.0981726462087241E-004
   6.6700024698376829E-005
   7.7408180979101485E-005
   1.1566306613977067E-004
   9.9264350919406547E-005
   9.0696318591552188E-005
   7.7540022362566869E-005
   6.4031340631685087E-005
   8.7538402421786921E-005
   1.1970771042338070E-004
   9.9083740002547859E-005
   1.4297253636656943E-004
   7.6623703310472972E-005
   1.1781232076159994E-004
   8.8420642305407751E-005
   1.1880996585433197E-004
   9.6207753279440339E-005
   8.7910741081114461E-005
   9.8800262914116953E-005
   1.0199320402864876E-004
   5.4998536908859960E-005
   7.0033927694697996E-005
   8.6057941995053310E-005
   9.9884849297558260E-005
   1.2291590686204932E-004
   7.6837850586468091E-005
   5.1496450622278962E-005
   5.6145741459982522E-005
   1.0155349839043829E-004
   1.1589132645390376E-004
   7.0223839981962250E-005
   9.2098728251102893E-005
   8.9699865461809392E-005
   7.4465488128962678E-005
   9.3411581575630079E-005
   9.1432876711035070E-005
   6.5002139147875119E-005
   6.7162234457207465E-005
   1.2336485835710316E-004
   7.5931972454105701E-005
   9.1073447810721136E-005
   9.1230001009574090E-005
   7.4226028777637747E-005
   1.3926781437937063E-004
   9.8285055242509933E-005
   9.7434115605848383E-005
   1.1170244752766981E-004
   7.9951332842358432E-005
   1.1551743217862588E-004
   9.0896958561449744E-005
   7.2811712438260097E-005
   8.8413497092928921E-005
   1.1464615436864903E-004
   9.4560171305632469E-005
   9.6349207667216128E-005
   1.5656370425489894E-004
   7.7117747103574522E-005
   6.6875003724671842E-005
   7.6838492015739971E-005
   1.5457527057980057E-004
   1.1760774470142699E-004
   7.1837337126472582E-005
   5.8791434618152279E-005
   1.2343277369000080E-004
   7.9163465550179530E-005
   8.8141078114603445E-005
   9.0020407412720336E-005
   8.5730352381641493E-005
   8.4729170770345667E-005
   7.9062473281024610E-005
   1.5922437754411144E-004
   1.0151391737690007E-004
   9.6421098556762039E-005
   6.1979338238018903E-005
   9.2618508465961216E-005
   1.0231635740766175E-004
   7.9246409333677027E-005
   4.5973301807663810E-005
   6.1262884300018096E-005
   7.3679284231629658E-005
   6.8178850553094844E-005
   9.8581323809613465E-005
   7.7237578828857979E-005
   6.4508866599143844E-005
   7.0756224673812796E-005
   4.9215317182860999E-005
   1.0408291823895843E-004
   7.7930375133705940E-005
   8.3886509227243424E-005
   6.1353617264167846E-005
   5.6476832771829048E-005
   8.2269863314123444E-005
   1.6176556764313242E-004
   9.6835324450379544E-005
   7.5361875013950971E-005
   1.3567067849468343E-004
   1.2998467027637177E-004
   9.7170373394828735E-005
   8.0321020406517505E-005
   1.0378384417863847E-004
   1.1346687051367608E-004
   9.5339947515505661E-005
   9.1222154493167745E-005
   1.1546512691178324E-004
   1.0835012648868386E-004
   8.9228077805294956E-005
   1.8982305960979840E-004
   1.0428229381984232E-004
   7.1398834975281052E-005
   1.0688072976755238E-004
   1.2486160157969999E-004
   9.3487604486591297E-005
   9.0547391526348572E-005
   9.3400676730756658E-005
   5.8512220401351803E-005
   1.0419490045985831E-004
   6.7390644056834574E-005
   1.1239461110518076E-004
   7.8422674960373375E-005
   9.7556087167111486E-005
   7.6096875442842172E-005
   9.3853385314121143E-005
   1.0499822810137989E-004
   8.5240950099262249E-005
   8.6160227158550191E-005
   7.3161998043012058E-005
   1.0717305292166348E-004
   7.3599701244829333E-005
   9.1919926444698435E-005
   1.1455099863924959E-004
   8.2246478990808631E-005
   9.6007969106772130E-005
   7.1979267233690631E-005
   1.2338298139168491E-004
   1.2460686227324625E-004
   8.6561347546286211E-005
   9.0673892230038852E-005
   9.4467647121345227E-005
   8.6452939825435227E-005
   5.8830179951027438E-005
   8.6848218719771359E-005
   7.8242381745821668E-005
   7.1160340257174327E-005
   1.0152446207367003E-004
   8.3086432012757311E-005
   1.1477503374293622E-004
   5.4963901873168556E-005
   8.7948542386352485E-005
   5.3859096780439769E-005
   6.8490548072440760E-005
   9.3685324582555855E-005
   6.9036102336935903E-005
   9.0232274149796912E-005
   7.1864374522082064E-005
   6.4796531117117592E-005
   9.3533785578079991E-005
   1.1535466127129982E-004
   1.3132787085552811E-004
   6.4532324108830931E-005
   1.3054593004140934E-004
   7.5412491269885194E-005
   5.8788172944480135E-005
   1.1250221101148549E-004
   1.0031079407929645E-004
   6.9510878935138514E-005
   1.6851332790722204E-004
   8.3321685982265563E-005
   1.1653782275760293E-004
   7.7358306989081129E-005
   1.0345897909092074E-004
   7.5013471516508070E-005
   8.7458514167739908E-005
   9.8657637189043514E-005
   6.5540830749228739E-005
   8.7940198199852298E-005
   8.9657381335458543E-005
   6.0265470150957709E-005
   1.2183887098790770E-004
   6.3823468521317353E-005
   1.0151913812944045E-004
   6.6769804219277772E-005
   6.7254952525096806E-005
   9.0882637950196645E-005
   5.2065011338040177E-005
   1.1395630146500036E-004
   7.6661572986725982E-005
   1.3559206319996265E-004
   7.8394163089174647E-005
   9.0661284214913477E-005
   1.3289127196700135E-004
   1.1957892676462670E-004
   8.0922621766682962E-005
   1.2246390588357373E-004
   6.2783422079871649E-005
   7.3465231062256489E-005
   9.3153128323861229E-005
   7.7874400013947876E-005
   9.8885195804687364E-005
   9.1360921293776449E-005
   9.2421363470788056E-005
   8.0401133187769927E-005
   8.7232719522330139E-005
   5.5348293131115395E-005
   1.0758670460445301E-004
   9.3211815335075658E-005
   8.8410480932903516E-005
   9.0288370714369182E-005
   6.3690304410850526E-005
   1.2566356193662457E-004
   7.3859154407994053E-005
   5.0195893578308335E-005
   6.4028700334996353E-005
   1.4625234641436907E-004
   6.0670596456725848E-005
   1.2651024602382919E-004
   8.3849830255943196E-005
   9.0976038144085849E-005
   1.1050096079744554E-004
   6.7643808287667472E-005
   4.7573839154878472E-005
   6.2756824737472604E-005
   6.5519911421620556E-005
   1.2585387555627865E-004
   8.9443254900612042E-005
   6.3066107890448022E-005
   1.3056015850856242E-004
   9.0680968378067830E-005
   9.6778918360188826E-005
   8.6599844430994911E-005
   8.9637268468172087E-005
   1.2121851825898647E-004
   8.8115316665071449E-005
   1.0098535682326845E-004
   7.7980744751289416E-005
   8.3610479991009986E-005
   6.9285700970043673E-005
   7.7109712482488057E-005
   8.8614099051209538E-005
   7.1581606403326917E-005
   6.8117301110180218E-005
   1.2243536300974588E-004
   9.0215595056540286E-005
   7.7551372665513537E-005
   8.0166743403064643E-005
   6.4289688321894173E-005
   8.7793813577587994E-005
   1.1149975380166384E-004
   9.9493497898776805E-005
   1.0312474245265588E-004
   9.5698846603061138E-005
   8.8405739691593761E-005
   8.3211160199059124E-005
   7.7917730978262383E-005
   7.4707952855089361E-005
   7.3456777712646679E-005
   6.9690922781176997E-005
   6.8842787333138968E-005
   1.1410512487584284E-004
   9.3921278334585507E-005
   7.0944724881137974E-005
   8.6747648115559215E-005
   8.6964244154060633E-005
   6.6617172693619620E-005
   1.1288002559302083E-004
   7.5927365456548345E-005
   6.4101083798463599E-005
   1.0899137355266341E-004
   9.8552118770490541E-005
   7.5827825241710515E-005
   6.3178874373380446E-005
   9.4209590620004691E-005
   9.8258816730516653E-005
   1.1579130712976782E-004
   8.3382436516208795E-005
   5.6517095721061680E-005
   6.4197233477917483E-005
   6.5402032500382372E-005
   6.4801481725943564E-005
   7.6410836346442034E-005
   8.1665476200866471E-005
   8.8734797148919012E-005
   1.0087370674269327E-004
   8.2248010866810289E-005
   8.9297344083956107E-005
   1.0214490768433861E-004
   9.1419961118394981E-005
   8.5275365764415445E-005
   1.0724523829647808E-004
   1.0876576646262330E-004
   5.7632139402183874E-005
   1.0280198676581037E-004
   1.0368274431405558E-004
   7.4819075070590318E-005
   9.9744447727211492E-005
   8.6823171232912037E-005
   7.8611156858847454E-005
   9.0159898405315584E-005
   1.7343134867177080E-004
   5.7732341661714744E-005
   4.7734115094980347E-005
   4.4723211491408511E-005
   8.1755168526323314E-005
   6.2398809867469373E-005
   8.1723373831751162E-005
   8.8267214344847143E-005
   6.2662249654727464E-005
   1.0847803710331279E-004
   1.0999761307863972E-004
   1.4703481482268934E-004
   5.8108336799150194E-005
   5.2098182933075068E-005
   8.8319762270512532E-005
   7.4868988361655094E-005
   7.1429686063234702E-005
   1.0897750405482458E-004
   1.6220504192977780E-004
   8.5972462702386222E-005
   5.9679149287705159E-005
   1.2850580811005972E-004
   6.7137350979545521E-005
   7.9269747429749484E-005
   9.4090707608595974E-005
   1.1134232491941501E-004
   6.6736276477465074E-005
   7.9983266735345870E-005
   1.5678003610711705E-004
   1.1282824544590894E-004
   7.8573036459576726E-005
   9.1640672004422700E-005
   7.2424207765132365E-005
   5.2356899202723984E-005
   7.4201992850107308E-005
   9.0275698675588994E-005
   7.5148934332506742E-005
   6.7980402967151532E-005
   7.5494726470998069E-005
   1.3164720919627538E-004
   7.0407852174781538E-005
   7.7126132081705307E-005
   1.7971501405742764E-004
   8.8251879445601445E-005
   7.5496796797853348E-005
   1.2644352560875369E-004
   9.0684656649537508E-005
   8.5303503007208876E-005
   8.5767206270804522E-005
   1.1936865634815855E-004
   7.8126867118244860E-005
   8.7896749277420653E-005
   8.7475832506890626E-005
   1.1683622203872479E-004
   1.0033567016818902E-004
   1.0207047542685762E-004
   7.6481178169535225E-005
   9.8031926691219526E-005
   8.1434989771256728E-005
   7.6049522968679514E-005
   8.5900897649515375E-005
   1.0168152344075116E-004
   6.3562184262972677E-005
   9.2097672942152641E-005
   6.6618658183945908E-005
   7.1163688720543957E-005
   6.6952674837958035E-005
   1.1983997864744892E-004
   1.2385209053160118E-004
   6.5507900666999377E-005
   1.4933666407090750E-004
   7.9426037464737552E-005
   1.4960814079174821E-004
   6.2661999486037773E-005
   8.0054308990544566E-005
   6.0688088313706594E-005
   7.0682799326409070E-005
   8.1123740729644955E-005
   1.1237105778400651E-004
   8.1669323119358222E-005
   6.6846087995006562E-005
   5.5991298937880472E-005
   6.9893962194103097E-005
   8.4449903152400581E-005
   1.7440309531260471E-004
   1.3615543431193611E-004
   7.8823833817704851E-005
   8.5420586983962852E-005
   7.2213755953633331E-005
   5.9709589767589427E-005
   7.9692680374182716E-005
   1.2145908780484027E-004
   1.2034531323256578E-004
   6.2880228691780798E-005
   1.3281905314833781E-004
   1.2129854385380363E-004
   1.5181985058955325E-004
   9.2895407248285005E-005
   7.1022332402994763E-005
   6.2000802267057491E-005
   7.8262586463746588E-005
   1.0529727258502070E-004
   7.3980228592449040E-005
   6.5128291299804540E-005
   1.4296654601463196E-004
   9.2249088677894052E-005
   5.7668906025043243E-005
   6.7948965651008829E-005
   1.0150614506675647E-004
   5.3232395577741612E-005
   8.7105261696723347E-005
   1.0160945928789219E-004
   7.3120896891497111E-005
   9.9675804067661639E-005
   8.6978703190759669E-005
   7.8262901911329153E-005
   1.1722576721544638E-004
   7.2204874171157026E-005
   8.9464360352062340E-005
   8.8680397316339928E-005
   8.5952952242794917E-005
   7.3710896957086307E-005
   8.4084247568229497E-005
   1.0437363800357446E-004
   8.5719092840732657E-005
   8.2598753897011331E-005
   8.8527948619373647E-005
   1.0940284574175372E-004
   9.6622863603602690E-005
   7.7970513093522341E-005
   9.6725936131495136E-005
   6.1018487345866656E-005
   8.3249120121619928E-005
   1.0710166492813485E-004
   1.2117951195976221E-004
   6.3094391104593782E-005
   8.8565955904467455E-005
   5.5916734232266686E-005
   7.2849125291968837E-005
   1.8803289016931481E-004
   9.4142238355478280E-005
   1.1394098370845421E-004
   1.4580941126981584E-004
   1.0076918805807936E-004
   8.7477173958880385E-005
   1.1199841208265180E-004
   1.2986530137554602E-004
   7.2752927050232150E-005
   8.5737069945409202E-005
   8.7024178954620978E-005
   9.7379835750259123E-005
   8.1278367460280415E-005
   5.2464479486943827E-005
   6.3087023086074652E-005
   1.3579491573791671E-004
   9.0578739188585788E-005
   1.3591165762998371E-004
   8.0191340730023831E-005
   1.0120698243872138E-004
   1.3123778791658224E-004
   9.3583667499412760E-005
   5.3907247499359241E-005
   6.8469990497701163E-005
   8.3708205288767152E-005
   1.3789256894302605E-004
   1.0400274918858506E-004
   6.9950338519910379E-005
   9.1407819515905049E-005
   6.0027228654686710E-005
   8.8056058256604766E-005
   6.7152861194165348E-005
   6.8612144022393105E-005
   1.0636109661898009E-004
   8.7448559514445809E-005
   9.5377136602810693E-005
   1.2740437216115990E-004
   6.2893557102046348E-005
   6.2912577663774247E-005
   1.1731823052700867E-004
   1.2442501311545816E-004
   5.8910764079238238E-005
   7.6841426655736083E-005
   7.1100800612265401E-005
   1.0784641714654396E-004
   1.3234807537881513E-004
   5.8001371510085183E-005
   1.3098436501498892E-004
   8.7635258917727411E-005
   1.1239843018094651E-004
   1.5442853160346179E-004
   1.0092037175059606E-004
   5.9658292588986470E-005
   1.0708725964580879E-004
   7.2222459883969448E-005
   1.0392283677376117E-004
   8.9837337129608302E-005
   9.2202651963151254E-005
   9.4818531769555011E-005
   8.0442518557230210E-005
   6.0861864622030607E-005
   7.5111822764560495E-005
   6.1162232703900510E-005
   8.2326960798219262E-005
   7.7917233878201385E-005
   9.4207003802018068E-005
   7.4308421217531118E-005
   7.5909609157029162E-005
   5.9172220462456351E-005
   9.0738825330738943E-005
   1.0374846874386968E-004
   8.1317736406850871E-005
   7.3240329660990126E-005
   9.7574424148040649E-005
   1.5598074999316036E-004
   1.1339576339697089E-004
   7.9887072363414702E-005
   6.6531770956124154E-005
   8.7845293138830955E-005
   1.0316720378526882E-004
   1.1817865616787759E-004
   9.1537215664797721E-005
   8.1340939063096629E-005
   1.2792492495025898E-004
   5.9998747088503627E-005
   1.5611804317366930E-004
   6.6932673541711000E-005
   1.3514375176307519E-004
   1.0098960664598818E-004
   7.5474121265056701E-005
   9.4526456101554266E-005
   8.0965541136147619E-005
   9.4559917101967353E-005
   7.7545565435457276E-005
   7.7182447033588444E-005
   1.5247970974885608E-004
   2.0354887473075325E-004
   1.0554466317656216E-004
   7.2745892749105770E-005
   9.2806143063839643E-005
   8.7645035648743714E-005
   7.6263673097180489E-005
   8.0710398398966423E-005
   6.9333499452806663E-005
   8.2506794698858029E-005
   6.2981261931194913E-005
   1.0249604071664300E-004
   1.3377179714194775E-004
   1.0436029327327197E-004
   5.6292640558217656E-005
   5.7901213832466118E-005
   7.3894905116761225E-005
   7.2633171964212585E-005
   7.3229179433202007E-005
   1.0344042312519020E-004
   6.7979828391633848E-005
   6.9515918291985747E-005
   9.5459459481178117E-005
   8.4701793336185781E-005
   1.0948305739166322E-004
   1.0169002812060572E-004
   9.1619746726634741E-005
   1.3126207641306377E-004
   7.7136533088863920E-005
   6.2514143077791590E-005
   1.0737103516363929E-004
   1.1557521966464156E-004
   5.4884548715163515E-005
   7.9581813958846351E-005
   7.8973382554893462E-005
   5.4150785674362756E-005
   8.1401699906298217E-005
   9.6249956434370877E-005
   9.4763361388306637E-005
   1.1578583937121831E-004
   5.3158768208052579E-005
   8.7960846814645429E-005
   8.1894574968403860E-005
   1.8158029911433053E-004
   8.6534512146030780E-005
   8.0975085294359076E-005
   6.9813958182114873E-005
   8.2241960447965097E-005
   1.2356892415584935E-004
   1.2458875263292641E-004
   1.1234942593051967E-004
   8.6881699205602146E-005
   1.1459091965317613E-004
   1.4544295283851078E-004
   1.2911508591209109E-004
   8.1665809140385836E-005
   7.6451774940217550E-005
   5.8386042122966749E-005
   8.4875650274019639E-005
   7.5911824954852408E-005
   7.6512938953488368E-005
   1.0112879922776414E-004
   6.2709231076749598E-005
   1.5774273268860363E-004
   1.0305788930315828E-004
   1.4267173364161431E-004
   8.9003332829721386E-005
   1.0932763521038886E-004
   8.3341366955639703E-005
   6.2844800642789748E-005
   1.1270784042399022E-004
   6.1344976870218466E-005
   5.0252034952630945E-005
   8.6704532798562053E-005
   1.0102510648980049E-004
   8.7709243403651560E-005
   1.1626698308917734E-004
   6.3042227714630894E-005
   6.1676636629525854E-005
   6.6817115020523753E-005
   5.2892206413653633E-005
   1.0486362812259936E-004
   9.9339687284153016E-005
   1.9060624980676147E-004
   7.0630186451014628E-005
   4.3543503787564542E-005
   1.0245025195286144E-004
   5.3369210336712406E-005
   7.2840096487064473E-005
   6.7091473601004576E-005
   8.0801125107007830E-005
   7.7976638792440751E-005
   7.2538198063684068E-005
   5.7704095085235287E-005
   1.1052458238221781E-004
   6.7594515357054276E-005
   7.5813503587027494E-005
   1.4192088667716845E-004
   7.1609573290471842E-005
   7.7614939270540597E-005
   7.2621318526437968E-005
   1.0514034971423691E-004
   7.8206263204656641E-005
   9.6769197982476043E-005
   1.4423764041318605E-004
   8.6215441722289009E-005
   6.7480555508940887E-005
   8.4461609879826982E-005
   1.1615424914709334E-004
   5.7805511763798453E-005
   7.1055671368135622E-005
   6.0414698743576096E-005
   1.0561563625825883E-004
   7.3734113359137326E-005
   8.2575598378972824E-005
   1.1096108637758557E-004
   8.6780848520319538E-005
   7.1935614736202014E-005
   2.1285314532607855E-004
   1.0047840211549305E-004
   1.1477878840543494E-004
   7.2212882311524588E-005
   1.0086448526818382E-004
   6.1783947290532936E-005
   7.1132880293930126E-005
   7.1549386978087272E-005
   1.2614005620277397E-004
   1.2175461073783821E-004
   5.4746470072968480E-005
   1.1483590096686021E-004
   7.0400841521931759E-005
   1.1397633041833605E-004
   9.1693240696174517E-005
   6.3956571363109043E-005
   6.1439435188534439E-005
   1.1882705698911229E-004
   8.8256553203328595E-005
   7.1439807657508274E-005
   9.9869348022047991E-005
   1.1858433888923830E-004
   8.7664819167579980E-005
   1.3188674346082974E-004
   6.2084552309245807E-005
   7.0813713779729903E-005
   1.3811432643634277E-004
   6.7516829269942641E-005
   1.4760330256551128E-004
   1.0766159555867333E-004
   5.7431759237322893E-005
   5.1005267578598144E-005
   1.1208758494578892E-004
   1.0391927324030077E-004
   7.0835387246618380E-005
   6.3108061655694228E-005
   6.7475201218247184E-005
   6.1454632251765643E-005
   1.3702868454092750E-004
   6.6707282210666101E-005
   8.1202877368138888E-005
   7.7165327807966695E-005
   8.5514142285292511E-005
   7.0073058632653669E-005
   6.5119925597589959E-005
   8.8486971500422121E-005
   8.7724582111176999E-005
   1.2449115428079759E-004
   1.9298614464491573E-004
   6.1086464802163640E-005
   7.3147123067085923E-005
   7.7107004099663011E-005
   9.7826765328278475E-005
   1.3318057294646693E-004
   9.3326641611697441E-005
   1.0144420276317883E-004
   6.5213494245619692E-005
   6.2752091741090512E-005
   5.8014123241151487E-005
   1.2439491614112409E-004
   8.4780111483220413E-005
   9.1907003908832228E-005
   5.9317082506835695E-005
   7.9883434163066563E-005
   7.4030580594986077E-005
   1.2434340019162581E-004
   8.4143305723852142E-005
   8.4137800749196481E-005
   1.1204237112624503E-004
   1.0035939158575099E-004
   8.0654995133814251E-005
   1.3579267981399408E-004
   7.0221042925064156E-005
   1.5559391735829795E-004
   9.2189489801383854E-005
   4.9060218430975850E-005
   7.0589285480973074E-005
   7.8181267517708007E-005
   6.4392554657571936E-005
   9.5513527776193698E-005
   9.2782669455183936E-005
   8.7579053738373163E-005
   7.0976961167160653E-005
   8.3706794675751474E-005
   9.3461176903664181E-005
   1.0677949994917860E-004
   9.1086674826130633E-005
   1.2054149495355569E-004
   8.3599924271124477E-005
   1.7078368156973217E-004
   6.8212377345650512E-005
   7.4943373590597250E-005
   7.8700842703258007E-005
   1.3420359050565122E-004
   1.1958404750864453E-004
   1.2316929948764631E-004
   1.2770346001076655E-004
   8.8156758356672395E-005
   1.0332123530828056E-004
   8.2908602547007121E-005
   1.3166476733995409E-004
   8.0137730403734519E-005
   4.9145450139692676E-005
   7.7883489983565968E-005
   1.0097490395344907E-004
   6.1965401759127981E-005
   7.9190493862866203E-005
   1.0504857981163752E-004
   7.7154787387346594E-005
   5.1512023347548976E-005
   7.4768215291898200E-005
   9.7537838159542000E-005
   9.3733325895298166E-005
   6.8012541179893337E-005
   6.2147417798695352E-005
   1.7207845683882124E-004
   9.1237082428020919E-005
   1.3127327910767331E-004
   6.6378234996857294E-005
   5.2251213863433424E-005
   7.2800495200942800E-005
   8.4467323677999147E-005
   7.9532352919314510E-005
   9.7189044630230237E-005
   6.2188800977175341E-005
   7.1813973387773147E-005
   7.6238652010383155E-005
   1.0398203808579959E-004
   6.8766894921791524E-005
   8.6620422189197198E-005
   8.0087010169505667E-005
   7.1801037261944777E-005
   9.8497408761095327E-005
   6.8858361940184851E-005
   6.2731533931783802E-005
   8.5807683780267583E-005
   1.0573602768129602E-004
   7.4616160848729388E-005
   7.0853367918265211E-005
   6.5055250371899286E-005
   8.1328886155018984E-005
   8.8659940978336150E-005
   7.4003627792416769E-005
   6.3744427260526646E-005
   5.5379826197146402E-005
   4.7759531090399077E-005
   8.0053639904084921E-005
   6.4655510181732144E-005
   1.2642358521026349E-004
   9.5964068848601223E-005
   9.3018985776554687E-005
   7.4324945272907206E-005
   1.1380066785459457E-004
   1.1683181901525100E-004
   8.8405891220770812E-005
   5.1103725327950529E-005
   8.7425238056049629E-005
   6.4156609522358666E-005
   6.8182008479918447E-005
   9.2414107116663358E-005
   1.0903257316044590E-004
   7.4744270508264824E-005
   1.8870928643283851E-004
   6.0073373415271359E-005
   1.3448822238355110E-004
   6.0504682783661399E-005
   6.3363222822298478E-005
   6.5379922337063887E-005
   8.7288670556015874E-005
   1.2156958419198269E-004
   1.1056911547186786E-004
   1.3295228918304495E-004
   7.9385365075200430E-005
   6.9925184947778276E-005
   8.0166221661759509E-005
   6.1540022151865666E-005
   7.5740001976076749E-005
   8.5690600188369613E-005
   8.8981595440305359E-005
   1.0609104998944884E-004
   8.3175202161068406E-005
   5.6832720659019684E-005
   1.3278943446690453E-004
   4.2449497299724390E-005
   6.4030659411629394E-005
   5.8576213133018182E-005
   1.0734255539554464E-004
   5.8267270186147818E-005
   1.3566576879908793E-004
   7.9009938366532022E-005
   9.5647614425801200E-005
   9.4397358389733063E-005
   1.2837740005416581E-004
   7.9320602960138490E-005
   7.6265438313242407E-005
   6.0744102561318508E-005
   1.4393994586168839E-004
   1.0142383792551056E-004
   1.7819689109038999E-004
   7.8692581424094767E-005
   6.5903985483068965E-005
   6.0612932574650372E-005
   5.3690120512960243E-005
   1.0144368137974497E-004
   1.1870390655276349E-004
   1.1952917927497998E-004
   1.0538316381695253E-004
   7.2450058406505177E-005
   7.0429496534513890E-005
   8.8029361006092377E-005
   1.5287367591124856E-004
   6.8387215781334106E-005
   5.5212747479483094E-005
   1.0491508255132004E-004
   1.0020421532600146E-004
   7.1253305208728411E-005
   9.9473919074201294E-005
   8.5096984113920603E-005
   9.3596268098728591E-005
   8.4825276325417749E-005
   1.0439199662422707E-004
   6.5600457390811094E-005
   6.9443311107740256E-005
   7.7784440057754992E-005
   1.0408259094554991E-004
   9.0531530512835530E-005
   1.0094466657454225E-004
   1.2824121184051282E-004
   7.8748726498336410E-005
   1.0966159012104436E-004
   8.2115170274597057E-005
   8.1023227486486340E-005
   6.7157858023814739E-005
   7.2613534200387163E-005
   8.6808680822096751E-005
   1.0762067775020293E-004
   6.4126613181687665E-005
   5.7522977742898271E-005
   9.6317034507811166E-005
   1.0046726079823826E-004
   1.0764939522350183E-004
   7.5016759998081383E-005
   8.6940406968814853E-005
   8.9655786186410916E-005
   9.3047710905397909E-005
   7.3766650814261245E-005
   9.9662922419216797E-005
   6.8214328065994883E-005
   1.1378795657873253E-004
   7.8447750893910584E-005
   7.0817430738486921E-005
   7.5086072907696338E-005
   8.4364954861405555E-005
   7.2668250170641774E-005
   7.1360881464166179E-005
   9.1215321146443694E-005
   7.9026326657653819E-005
   8.8073625477031763E-005
   6.1428828401291841E-005
   8.2742082846881578E-005
   9.9459704104593949E-005
   6.7817557884684959E-005
   8.1172837891794306E-005
   1.0999173299761914E-004
   8.3231812352589036E-005
   1.0736149592399031E-004
   1.1179259081778965E-004
   7.6773179689890061E-005
   9.2918728181342028E-005
   7.3615041500570957E-005
   8.9586703124677723E-005
   1.0751485860106766E-004
   9.3881866985749473E-005
   9.3324641389566027E-005
   1.3393356804484359E-004
   1.0834382637057446E-004
   7.2948537710504425E-005
   9.3499485583339306E-005
   8.3318344621239780E-005
   7.0720368505614045E-005
   8.5144922857244518E-005
   1.2181578059584688E-004
   6.0655065332433475E-005
   1.0070710262427034E-004
   7.6762734207570102E-005
   7.0859456578872387E-005
   7.5096921788737057E-005
   1.6019258652560768E-004
   7.8062204256013144E-005
   5.0342638798712908E-005
   9.0876738524129182E-005
   1.0881177759156850E-004
   7.5907730378372776E-005
   1.1708941906070777E-004
   1.0995173664160059E-004
   6.2804872431448160E-005
   6.3628176859807067E-005
   7.5086348087146542E-005
   5.7079514515288515E-005
   7.6281720621679432E-005
   8.6657566015931994E-005
   9.0042374505297599E-005
   1.4293480086193642E-004
   9.2083161777339360E-005
   9.8852510079452548E-005
   6.8580636663380718E-005
   8.9133432634014946E-005
   1.0981900375143165E-004
   7.2379847959256854E-005
   6.9517269597376777E-005
   8.7615337620358463E-005
   8.2668318422394126E-005
   1.2052187012701317E-004
   7.4531963284393260E-005
   1.1274127623486191E-004
   9.1555069161151253E-005
   7.6520542868637947E-005
   9.7506638073656301E-005
   1.0133299310073241E-004
   8.8981976809122799E-005
   7.1059534620928987E-005
   8.0749473658983951E-005
   8.5587961676548499E-005
   1.0325702123377172E-004
   9.9335234063702336E-005
   1.0925697025755000E-004
   5.6890661805203344E-005
   8.1818443197268810E-005
   8.6429974988721210E-005
   1.1097275736346801E-004
   8.9362568850350616E-005
   1.1952170070420562E-004
   9.0330490376763458E-005
   1.1060968029967992E-004
   8.4461011908809744E-005
   6.3114674052337159E-005
   8.2586786107190503E-005
   2.0337336634945730E-004
   1.1120872644705870E-004
   7.8488965783151096E-005
   9.8437063918243209E-005
   5.5653137531169820E-005
   7.6145550145458184E-005
   6.3271064717505251E-005
   5.7704832201000279E-005
   9.2638683619603420E-005
   1.2860703268962321E-004
   9.9375000049228447E-005
   7.8274872343101729E-005
   1.3364933303893040E-004
   6.2056160719100670E-005
   5.5561108875961976E-005
   8.2933474036016780E-005
   7.6723413756294096E-005
   9.8102543572509775E-005
   9.5030024916756799E-005
   9.5807337645399690E-005
   1.4139013240447502E-004
   6.2957860339899854E-005
   7.9809449565763490E-005
   6.8226603391192365E-005
   6.2013601472904432E-005
   6.2492507213170821E-005
   1.2919107903507448E-004
   1.2148216571009289E-004
   8.6963307007000416E-005
   9.1212029061855522E-005
   8.4955481388077121E-005
   4.9627946137135101E-005
   9.3424861494466427E-005
   1.0777052935851126E-004
   7.7075598352956893E-005
   1.2692366901789165E-004
   1.1430934970644983E-004
   7.4869106478259536E-005
   7.1089979593414303E-005
   7.4817625039253575E-005
   1.5163454122324576E-004
   5.5552208386992713E-005
   1.1725632938835679E-004
   9.7919850187575244E-005
   9.5008581231233766E-005
   7.3197533424545594E-005
   6.0562305066878186E-005
   9.1386023275528120E-005
   1.1495536809606460E-004
   1.2704284189687652E-004
   6.0588767840944320E-005
   9.0550172088356279E-005
   8.2645117250508109E-005
   1.0247006797287041E-004
   6.9207377394389573E-005
   8.6022500074219106E-005
   7.4654995061410420E-005
   1.1340487850902873E-004
   1.1522412847075910E-004
   6.0083134767675942E-005
   8.9960140934676512E-005
   1.3391814614285960E-004
   7.3932732612662968E-005
   7.8161736128780286E-005
   9.0568998967485397E-005
   7.6087197568781070E-005
   8.3815445634185108E-005
   7.4100657109969897E-005
   9.9224669660124564E-005
   1.1466065461686983E-004
   8.0915848928811749E-005
   8.5182847999712698E-005
   6.3513302963225213E-005
   9.9643085789450842E-005
   8.1460043955484119E-005
   6.5323670908037904E-005
   7.6886951996600768E-005
   1.0862337735726456E-004
   8.7496224573216282E-005
   9.8071565138873419E-005
   7.7192652108083585E-005
   6.9697245908580168E-005
   2.2902236220605161E-004
   7.2137915722664204E-005
   6.5011742260228343E-005
   7.9579552071012323E-005
   7.9125347189592897E-005
   1.2160862184095749E-004
   1.5061915558230114E-004
   7.0367030642094790E-005
   6.2419660471847705E-005
   8.2078642713732491E-005
   9.3238035723746326E-005
   5.1616682211999222E-005
   1.0893409143171612E-004
   7.4759842304553587E-005
   6.1606647992186702E-005
   1.0810090489888357E-004
   8.4159276099791323E-005
   1.8636319070701237E-004
   8.3779933761304672E-005
   6.5075775896330173E-005
   1.7530770007992964E-004
   7.5026674700515316E-005
   1.3688543669932124E-004
   4.7597342505201343E-005
   1.0038884873083659E-004
   7.5986919156329039E-005
   8.9958972448496397E-005
   9.8012043270581748E-005
   6.4708088649175407E-005
   8.6896891523242914E-005
   8.9592308252747972E-005
   8.5242162491523785E-005
   9.8321038096666619E-005
   6.8063175875708923E-005
   4.6384286446115432E-005
   8.1528353115761467E-005
   9.2503877337672121E-005
   8.6860211960242725E-005
   6.2545302032864002E-005
   1.1672778795478696E-004
   7.6692735510286387E-005
   7.7024766113595062E-005
   7.3267348428442052E-005
   6.6291437323742126E-005
   1.0221055381227725E-004
   8.7288431761298855E-005
   1.0979117964390946E-004
   7.6428378117068940E-005
   7.2816798357457755E-005
   1.2739116794983357E-004
   8.8914914086302686E-005
   5.9170720575318202E-005
   1.3696453170932929E-004
   1.0968165177482385E-004
   7.5740453735256524E-005
   8.1717800406528942E-005
   8.8968936571933864E-005
   5.5766042913848467E-005
   7.5057364334194131E-005
   6.6682691760842655E-005
   7.0305814538075280E-005
   6.3679955066128449E-005
   7.1784640401357285E-005
   1.0171803951179326E-004
   7.9595411102521233E-005
   1.2343332939172973E-004
   5.3948733963135676E-005
   1.1689657579168199E-004
   6.9559299351359648E-005
   4.9193802568911145E-005
   8.1260088009820099E-005
   1.2952115535101778E-004
   1.0830195239841482E-004
   7.2986606906939034E-005
   6.0733960452919659E-005
   6.4275727256750553E-005
   5.2548247561706411E-005
   1.5809683026399759E-004
   8.4648524969790410E-005
   8.0586178675781341E-005
   1.1125615785931409E-004
   7.2747839329246906E-005
   9.5813645529983497E-005
   6.1029210684014927E-005
   7.1472519957120650E-005
   6.9390634040153386E-005
   9.2466556049310145E-005
   1.1056303840125776E-004
   8.6866458848091661E-005
   8.9840422806056205E-005
   1.0699314760011346E-004
   1.3155832230813541E-004
   6.8830131902208695E-005
   4.9622264152716594E-005
   6.5463387747984850E-005
   7.9758506855134704E-005
   5.2164601074734240E-005
   5.1920913422844473E-005
   8.4612816551842671E-005
   6.3933449800689885E-005
   1.1872435875922809E-004
   9.1104737633841880E-005
   7.6590813553903400E-005
   7.1719783402582953E-005
   7.5507903126371601E-005
   8.8386902529164228E-005
   1.3632661287877291E-004
   6.4599216269665502E-005
   1.0053674790194090E-004
   6.5944166911957743E-005
   6.8723364373097923E-005
   8.0260345586471218E-005
   9.8288384924671935E-005
   7.5925976965700520E-005
   6.1057666640114403E-005
   1.1810631332152177E-004
   8.1817567403048286E-005
   1.2029649942642575E-004
   1.3227858904536538E-004
   5.9240358819106584E-005
   8.1190820567533234E-005
   4.5990752483875549E-005
   6.3931222692243845E-005
   9.6378064966734809E-005
   7.0010759459110348E-005
   5.7098752388184715E-005
   9.2171620272764773E-005
   1.2211403129185877E-004
   8.3808409888803598E-005
   1.3031297642427094E-004
   6.2900252400806362E-005
   6.5258478219222784E-005
   8.2972828169438834E-005
   6.3940195278458051E-005
   7.2078701521608623E-005
   8.5261503682189295E-005
   8.3820638282538416E-005
   1.0459980625965480E-004
   1.1648947597158126E-004
   5.7402663528230580E-005
   1.1150507530066089E-004
   6.9598806488365382E-005
   8.2759825199158000E-005
   6.5300872868827620E-005
   1.2191092705803458E-004
   6.4125499725109858E-005
   6.5290180596173385E-005
   9.7411639011205501E-005
   6.3842994194465201E-005
   1.3381581735736876E-004
   8.1890119995653771E-005
   7.0792370918781240E-005
   7.9664347473752504E-005
   7.1464586217300985E-005
   5.5579826768203315E-005
   7.2690532620540741E-005
   8.2264994823136463E-005
   9.5747161194060205E-005
   6.0858593044356176E-005
   5.9884903700244680E-005
   8.9582947896475190E-005
   7.5347201595381253E-005
   1.3256743577704159E-004
   7.1489287396333287E-005
   1.3071287375392273E-004
   1.3207270162966841E-004
   1.2885302879278899E-004
   8.8984245357915572E-005
   9.8476188532379213E-005
   7.2917551483284772E-005
   9.0082172771828320E-005
   9.4704497274841184E-005
   1.1422912337433247E-004
   1.2562187849163306E-004
   7.4101040786671811E-005
   1.1650870358437013E-004
   6.2228799393322860E-005
   6.6476590237850029E-005
   9.9587017839629764E-005
   1.2206797724204532E-004
   5.9950817422706394E-005
   1.3169046323460438E-004
   7.3548330493535474E-005
   1.0373159837293449E-004
   1.0141120908565157E-004
   1.1817599527267177E-004
   6.5880429621945861E-005
   6.1003429899125919E-005
   8.0226329003041594E-005
   8.1264180861103695E-005
   7.2832915709451527E-005
   9.7936996476314771E-005
   1.0123869525722246E-004
   9.2216831655462215E-005
   7.8074787248019281E-005
   5.8062960396074883E-005
   7.8906637189091942E-005
   6.8214238139043296E-005
   6.5211126635389860E-005
   8.1717093966566045E-005
   1.2587962571988586E-004
   5.9035609547890203E-005
   6.5616977217708612E-005
   1.1003053670469188E-004
   9.6727968203078648E-005
   9.0084419197665553E-005
   9.8090353094586492E-005
   1.2823525537361525E-004
   1.0837420584677312E-004
   8.2164574975833284E-005
   6.4291069459067009E-005
   7.8747825761761565E-005
   8.5631182647935900E-005
   8.1715839707430609E-005
   7.0363754381532099E-005
   7.7837710204896310E-005
   1.0168176191975834E-004
   9.7047809281442811E-005
   6.1021597764712272E-005
   1.0287654994269071E-004
   9.7850950682090620E-005
   9.2134419114140578E-005
   7.1963177982936849E-005
   5.0466690523495589E-005
   8.7336306621305242E-005
   6.5156244111014034E-005
   8.5659582917391901E-005
   8.6523302186293876E-005
   8.4291566593931694E-005
   9.0672630949577255E-005
   7.5825161827051027E-005
   7.4704755393893170E-005
   8.2037693351792634E-005
   7.1263588484711860E-005
   7.3040878485506336E-005
   1.0063753987253817E-004
   5.9894474587069194E-005
   7.4949762694446963E-005
   6.3037000917353419E-005
   7.7344830598111662E-005
   8.7505831058750418E-005
   6.7710612244809362E-005
   8.2854819668432537E-005
   5.6244978423276344E-005
   1.3036996736597628E-004
   7.2159831049161966E-005
   6.9577591998650555E-005
   8.9452658965150360E-005
   7.2133605406215646E-005
   9.7291790150429719E-005
   1.1454857228811310E-004
   9.9260070994086093E-005
   2.2217491675430504E-004
   8.3467543549193386E-005
   5.6752133140301831E-005
   7.7227234734753673E-005
   9.3544875778372061E-005
   7.7974676391881452E-005
   1.1170402551664671E-004
   8.6176894310616931E-005
   7.2619228500187376E-005
   8.3847032434662986E-005
   8.0250840347860484E-005
   1.1607875889170799E-004
   6.4491708149619418E-005
   9.1457518127874971E-005
   6.0611661448735227E-005
   7.2919585306808321E-005
   5.2547073260632414E-005
   6.8678281812025900E-005
   7.7461992578594575E-005
   4.5617423931029800E-005
   5.2640072186790837E-005
   7.1407231903154099E-005
   7.0352084664711839E-005
   6.6733144991180818E-005
   8.7242139443625255E-005
