   3.6895189486502313E-004
   3.3106412221875693E-004
   3.1283655500629910E-004
   3.5429028888719650E-004
   2.7902416988666182E-004
   3.1056345253719953E-004
   3.1167393245853258E-004
   3.5217610064338750E-004
   3.5797961761508930E-004
   3.0779176001081765E-004
   3.0303295448601985E-004
   3.0182431441481511E-004
   3.0391141823940125E-004
   3.1643540262790953E-004
   3.0350799071027289E-004
   3.7611122768697013E-004
   2.6943848172655138E-004
   3.0322518779240740E-004
   2.8729911908075548E-004
   3.4855018786359820E-004
   3.3306877603192232E-004
   3.1656719304646994E-004
   3.4948148534232065E-004
   3.3159390633183042E-004
   3.1146652971171903E-004
   3.2063786723288091E-004
   2.9563692128080132E-004
   3.3312280934627033E-004
   3.8459094282773367E-004
   3.6673962225682022E-004
   3.9745978267475011E-004
   4.0626888291624662E-004
   3.5692095349223324E-004
   2.8719359844868464E-004
   2.7362368806254863E-004
   2.9472910644677905E-004
   3.4527872068943307E-004
   3.4389925249107177E-004
   3.7295109981499834E-004
   2.9125608169449838E-004
   3.0839915277836364E-004
   2.8129255605233280E-004
   3.5353634614380692E-004
   3.0991753125714298E-004
   2.8172534492603162E-004
   3.2152037176568470E-004
   3.3310406499187525E-004
   3.2174934063597518E-004
   3.0258694345313428E-004
   2.9931599315867355E-004
   3.4304370711869635E-004
   3.6747440501811286E-004
   3.6865815321368014E-004
   3.4464367394760031E-004
   3.5858538026255042E-004
   3.7283750010291052E-004
   3.9420589927908713E-004
   3.5624501308894897E-004
   3.0611629903444217E-004
   3.5402041657491267E-004
   3.2014905470535498E-004
   3.0897155397500856E-004
   3.8418582599060257E-004
   3.0536726319719821E-004
   3.3225218531095078E-004
   3.0289005226003896E-004
   3.0340943659235914E-004
   3.2929777843537377E-004
   2.8493745162977874E-004
   3.2475292320619312E-004
   3.1446604456649389E-004
   3.0284677813817917E-004
   3.7163046072260451E-004
   3.2657314267046207E-004
   3.3047394091548026E-004
   3.1143670987053551E-004
   3.6256986351863846E-004
   3.6839538069704787E-004
   2.6807166907678610E-004
   3.4014167226225110E-004
   3.4277890322913143E-004
   3.2901059201323555E-004
   3.5363499685220383E-004
   3.5390549268591806E-004
   3.4656487237368056E-004
   3.5288815105219710E-004
   3.6160340855353768E-004
   3.2905714535923084E-004
   2.9609385532080776E-004
   3.5399585159494356E-004
   3.5773122285989538E-004
   3.9068234837670872E-004
   3.2449360903669626E-004
   3.4106895698917067E-004
   2.9651964451697833E-004
   3.3459285325385688E-004
   3.6207990988108331E-004
   3.0363120675615685E-004
   3.1849428034824777E-004
   2.9694217035701611E-004
   3.1217413687675599E-004
   3.1543520305120723E-004
   3.4502667894380934E-004
   3.1772074960680416E-004
   3.1343811724586441E-004
   3.4416709220011613E-004
   3.2687546134421518E-004
   3.0878258775814805E-004
   3.3440643926822795E-004
   3.3924031871999802E-004
   3.3556791776604778E-004
   3.3354177680827571E-004
   2.9034708287498264E-004
   3.7503147425849051E-004
   3.0026136905405947E-004
   3.7003059664157223E-004
   3.6945416481839436E-004
   3.1761881463306991E-004
   3.6769823490711634E-004
   3.6549360990756075E-004
   3.4918691239860255E-004
   3.7772986384226897E-004
   3.1493654561118376E-004
   3.2274207572146983E-004
   2.9731401289399454E-004
   3.0743015378389168E-004
   3.7505490301116784E-004
   3.5181894044951562E-004
   2.8966688723363189E-004
   3.6982594904778828E-004
   3.0874862487118156E-004
   3.0231492681953581E-004
   3.1011621865796108E-004
   3.3251554222711225E-004
   2.7957119178634386E-004
   3.1629934747561835E-004
   3.8515919376460391E-004
   3.0104776958386114E-004
   3.7967947121562756E-004
   3.6577846912454594E-004
   2.8431207185015321E-004
   3.8879034956686240E-004
   2.8730895340394890E-004
   3.7617564637757600E-004
   3.2247450729614888E-004
   3.7135471482046959E-004
   3.5507368910341096E-004
   3.3747953235066286E-004
   3.0627730506700300E-004
   2.9745001950223099E-004
   2.9709146309432410E-004
   3.4386349262248818E-004
   3.6818415317867013E-004
   3.6624618484147712E-004
   3.6479516815477435E-004
   3.2018683410921781E-004
   2.9107044800373685E-004
   3.7749925588071028E-004
   2.8812261390895826E-004
   3.3068457943912860E-004
   3.6067923780255129E-004
   3.6491274588716486E-004
   2.9444965405527398E-004
   3.0951405113299448E-004
   3.0795857426540210E-004
   3.6565156563895141E-004
   2.8423525568866233E-004
   3.1379127070135831E-004
   3.4606325136619589E-004
   3.9978970171836295E-004
   3.9259748366692656E-004
   3.3735622283476401E-004
   3.3189422176755631E-004
   3.0542335797193089E-004
   3.1906356980222268E-004
   3.4540662631323828E-004
   3.4994540892223521E-004
   3.6001198052021611E-004
   3.1773282693824839E-004
   3.5619605605875505E-004
   3.4338949200931457E-004
   3.3699142885365357E-004
   3.4877772393840747E-004
   3.5612546211204426E-004
   3.1757146062770552E-004
   3.6398690869045731E-004
   2.9945425903217011E-004
   3.2519048152752504E-004
   3.6353238080908751E-004
   3.1082136034832748E-004
   3.5413042698042045E-004
   2.7595004339421749E-004
   3.1296362273934542E-004
   3.4987135632287455E-004
   3.5447297469223934E-004
   3.1928921524462453E-004
   3.4827588073907802E-004
   3.2017830586048078E-004
   3.3369850350922965E-004
   3.6576430339251096E-004
   3.4917902228153840E-004
   3.2461128464702496E-004
   3.6572742236758057E-004
   3.4870081452615374E-004
   3.2060451447260064E-004
   3.9702046235535842E-004
   3.3954418443557830E-004
   3.2719404992161963E-004
   3.3089541941687969E-004
   3.1646528672108978E-004
   3.6897532593898762E-004
   3.2175420006280291E-004
   3.1642911777190612E-004
   3.6158498903063715E-004
   2.9873876948850861E-004
   3.2998803570049955E-004
   3.7516207455563913E-004
   3.5456349419730451E-004
   3.0003681033084019E-004
   3.3907635447044692E-004
   3.2801988465667146E-004
   3.2819772654448643E-004
   3.0879755092194552E-004
   3.7904000293664228E-004
   3.6365633406656571E-004
   3.5362068070606082E-004
   3.5709149940945127E-004
   3.0812643955498175E-004
   3.4519567551364504E-004
   3.7965276285487049E-004
   3.1718101308307427E-004
   3.2227073267268488E-004
   3.3054505175094735E-004
   3.4773767801675139E-004
   3.5876153107039396E-004
   3.5470968226295667E-004
   3.1394194066688340E-004
   3.3397550462039471E-004
   3.2560356394913592E-004
   3.7510502992164473E-004
   3.1456169695888978E-004
   3.5148872283945800E-004
   2.9307293808444786E-004
   3.1099225891636828E-004
   3.1700986074345724E-004
   3.3436645582861927E-004
   3.6524515264260628E-004
   3.1189892110935786E-004
   3.2555317315197547E-004
   3.3723143439531037E-004
   3.0235041092148337E-004
   3.1832276399599760E-004
   3.7129423538488355E-004
   3.0845653699727892E-004
   3.4210686413482626E-004
   3.3032616241201226E-004
   3.0861500764136517E-004
   3.4299939729604212E-004
   2.7171727768824765E-004
   3.2620152173862049E-004
   3.5841225924104514E-004
   3.1984995981964139E-004
   3.8140201749547884E-004
   3.7771119291299881E-004
   3.0477091395327509E-004
   2.9259287796617323E-004
   3.4198147562004215E-004
   2.9523336321127865E-004
   3.0416861296815654E-004
   3.3832512108093819E-004
   2.9893726775725109E-004
   3.8148030253604956E-004
   3.0227260190726299E-004
   3.6240358149147251E-004
   3.7035161878230100E-004
   3.3711886714957639E-004
   3.6324013668151520E-004
   4.0565786494059172E-004
   3.0206985739163926E-004
   3.3824953110526615E-004
   3.5102889559767461E-004
   4.1225033407559636E-004
   3.7857146569619349E-004
   4.0191126451119183E-004
   3.7202723390641153E-004
   3.9292603763927807E-004
   3.7507259909341735E-004
   3.0542487259066991E-004
   3.4666927259667974E-004
   3.7962940804737311E-004
   3.4515078261291931E-004
   3.2230491911206584E-004
   3.4647095150122778E-004
   3.4402160236031318E-004
   3.4879403782940696E-004
   3.6393306893115856E-004
   3.5268429159524819E-004
   3.7342986613091384E-004
   3.7504811651636443E-004
   3.6452707522694204E-004
   3.5261411115593614E-004
   3.3122776573965139E-004
   3.4258594154651481E-004
   3.5740638764397920E-004
   3.1396092674433520E-004
   3.2854447147620292E-004
   3.3871230587087292E-004
   4.0004081083872727E-004
   3.1745565641737755E-004
   3.0244925226638518E-004
   3.4700749111492052E-004
   3.5359914587698883E-004
   3.1038220381427123E-004
   3.2002863030794145E-004
   3.4652155552339283E-004
   3.1254008535806858E-004
   3.7363819905217299E-004
   3.7184178042310421E-004
   3.2255914436516223E-004
   3.4878947701607119E-004
   2.9371167282640705E-004
   3.4865124644267443E-004
   2.9015459988923436E-004
   3.0765325961173919E-004
   2.9748075805819437E-004
   3.7924802517890101E-004
   3.5228157861092992E-004
   2.8669476746083250E-004
   3.5075566309042535E-004
   3.6000023776213335E-004
   4.4413214640160093E-004
   3.0308111486989058E-004
   3.1958304844763275E-004
   3.8685645772922972E-004
   3.3949539228361709E-004
   3.2877595631548260E-004
   3.5487525502684566E-004
   3.7656971524058420E-004
   3.7009349534126155E-004
   3.7921899834791211E-004
   3.1140466766692906E-004
   3.4250341259854341E-004
   3.1842172483101004E-004
   4.0067801661458396E-004
   3.6594142167748405E-004
   3.0191355788818184E-004
   2.8526430139340164E-004
   3.6690908658015045E-004
   3.5011108249953759E-004
   3.2235082019586701E-004
   3.3982402491364132E-004
   3.0614222520226485E-004
   3.1720044715794962E-004
   3.1607750194560471E-004
   3.6759649755402455E-004
   2.8774057112530854E-004
   2.8183493133408072E-004
   3.0788140767083728E-004
   2.8347736307961609E-004
   3.0056152364443730E-004
   2.9281898406054413E-004
   3.0161326864100712E-004
   3.6523159442158919E-004
   3.2331917196018104E-004
   3.0103761252574506E-004
   3.5604497316374883E-004
   3.2562179769432228E-004
   2.9227108719288034E-004
   3.5097207707423216E-004
   3.5303867328904996E-004
   2.8441729436931980E-004
   3.7446025501287222E-004
   3.1553100487039047E-004
   3.0760587125675920E-004
   3.0018041203824699E-004
   3.2938679292549889E-004
   2.8438445217612444E-004
   3.0371410713272637E-004
   3.0485700632861532E-004
   3.3299492580152223E-004
   3.9028906013940571E-004
   3.8022091623232505E-004
   2.9592112292682035E-004
   3.0023833756643973E-004
   3.1518583904042953E-004
   3.0172225517806437E-004
   2.8762601102144561E-004
   3.3606043907767955E-004
   3.2812093411743466E-004
   3.4546363989177586E-004
   3.5490340857673451E-004
   3.3070602201230832E-004
   2.9995266731427407E-004
   2.9109634320583400E-004
   3.5013144564712109E-004
   3.0837666270775127E-004
   3.6485846486301741E-004
   3.8456537434427852E-004
   3.2060053697457287E-004
   3.3665753278516362E-004
   3.0380537671003771E-004
   3.0525799201815509E-004
   3.5667244213905051E-004
   3.0764782681874523E-004
   2.9650138571655208E-004
   3.5067896398710091E-004
   3.4584016435632340E-004
   3.4321338059249755E-004
   3.1977039317703659E-004
   3.0294372792160756E-004
   3.9325062837257228E-004
   3.7679613596389622E-004
   3.1261949175849751E-004
   3.6752745270960600E-004
   3.0711706234398477E-004
   3.1355196789662073E-004
   3.2875648792003872E-004
   3.2039956280752310E-004
   3.7896234662184385E-004
   3.8719922442415940E-004
   2.9787504978832029E-004
   3.1352037635647004E-004
   3.3667484538349066E-004
   3.4909844029694110E-004
   2.9867611614788249E-004
   3.2947265537111071E-004
   3.8734327516311604E-004
   3.7224537655995802E-004
   3.3522905008138070E-004
   3.1533418311401474E-004
   3.5484233222345942E-004
   3.5949906790978115E-004
   3.4154341651123255E-004
   3.1302502738228376E-004
   3.4307728138533751E-004
   2.9360003243345439E-004
   3.5131577522326687E-004
   3.6574201529386238E-004
   2.9392921132993425E-004
   3.6078340914719089E-004
   3.6881533022537882E-004
   3.2327081449618991E-004
   3.9023532986705447E-004
   3.6810325779055626E-004
   2.8584415787204806E-004
   3.3855714829968245E-004
   3.0171152121764345E-004
   3.1493056151247199E-004
   2.9998089460387447E-004
   2.7712803357858248E-004
   2.8899838427414522E-004
   3.7756751764118131E-004
   2.9350416645124215E-004
   2.7220187693043286E-004
   3.0153176144713376E-004
   2.9935058853897177E-004
   2.9802938238056797E-004
   3.0852878540337572E-004
   2.9310187343267426E-004
   2.8372179652089272E-004
   3.6077941440963344E-004
   3.7439400322885404E-004
   2.9425790120443234E-004
   2.9989220789131761E-004
   2.9713262094615780E-004
   3.1495244684785317E-004
   3.0850296922275007E-004
   2.9408807367598824E-004
   3.6495373002539344E-004
   3.5106067214583507E-004
   3.5137876665455891E-004
   2.7929385669263535E-004
   3.0322442930714663E-004
   3.1664139890250298E-004
   2.9365530551756961E-004
   2.8936378456667882E-004
   3.1210840527193235E-004
   3.0756541045339787E-004
   2.7235328104138350E-004
   2.9812792857004440E-004
   3.8127505905367323E-004
   2.8859093537349537E-004
   2.9476030285348202E-004
   3.3266769509589678E-004
   3.2989539134996006E-004
   3.8481770288418036E-004
   3.1313258347551826E-004
   2.9119299697964626E-004
   3.4460575170074050E-004
   3.1703394680258863E-004
   3.2650126962847887E-004
   3.4350677113528523E-004
   2.9461035202532062E-004
   3.3250738392637160E-004
   3.4337599850330693E-004
   3.7228514885221162E-004
   3.1834134884326355E-004
   2.9697990001434490E-004
   3.0906632536498819E-004
   2.9493965105724189E-004
   3.7750798528110401E-004
   3.5611078244401120E-004
   3.3172795656934693E-004
   3.3879407624062293E-004
   3.0476998896715994E-004
   3.1971968541078590E-004
   3.5946936198701194E-004
   3.1865036807983681E-004
   2.8944726746531646E-004
   3.1715826856586009E-004
   3.2175691452021897E-004
   3.1593630060238132E-004
