   3.4042061992354590E-004
   3.2330707007183316E-004
   3.5323452057754999E-004
   2.9598380749748889E-004
   3.0364528080095585E-004
   2.7327777817782930E-004
   3.5266400438934651E-004
   3.0057285369397714E-004
   2.8260386916070113E-004
   3.1264350301076589E-004
   3.8363185227721121E-004
   3.3252165131436427E-004
   2.9409799896894083E-004
   3.0214824286628147E-004
   3.0146248193668360E-004
   2.8716711228511757E-004
   3.3703755392163994E-004
   3.1935972589340644E-004
   3.6360689944971213E-004
   3.4354144705459348E-004
   3.1805018839299490E-004
   3.0719110367689900E-004
   3.4615654313949364E-004
   2.7652702063350336E-004
   3.5846142563591114E-004
   3.5831877473662597E-004
   3.7681381645142127E-004
   3.9139344430588643E-004
   3.4695563105800769E-004
   3.1048935776930865E-004
   3.8628768702570355E-004
   3.2069695828417942E-004
   3.7431775066031742E-004
   3.8541514450419101E-004
   3.4761644888427152E-004
   3.2549561101568100E-004
   2.8503655993725277E-004
   2.8751779476305202E-004
   2.9987471938343812E-004
   3.2074607200987398E-004
   2.6312193634840805E-004
   3.2207493237499095E-004
   3.4087553652992263E-004
   3.2155411061891549E-004
   3.2218661709338255E-004
   3.0795933997796495E-004
   3.1452609880810143E-004
   2.8248643250225144E-004
   3.5072950123642935E-004
   4.1426124156778533E-004
   2.9618993412407001E-004
   3.6797341442233229E-004
   3.4905040564599227E-004
   3.0966640696711013E-004
   3.7158120551824414E-004
   3.1782869370893706E-004
   3.0107194404703009E-004
   2.8217324722082203E-004
   2.9855986601892541E-004
   3.7293565453922915E-004
   3.6477347710896847E-004
   3.3483973396381266E-004
   3.3168331375995008E-004
   3.4568361818502883E-004
   3.6502888644681660E-004
   2.9742711719171310E-004
   3.8410259256008329E-004
   2.9107542715675676E-004
   3.2588827415844815E-004
   3.0299030786486907E-004
   3.0216582523599945E-004
   3.3462783016997502E-004
   4.0873605624646510E-004
   2.8201827530665533E-004
   3.0827129768560104E-004
   3.3443214481434792E-004
   3.0833283762094762E-004
   3.4923650879418089E-004
   3.5942629470029795E-004
   3.6414221159065583E-004
   3.1798222983847087E-004
   3.3774215560261725E-004
   3.5281853135462482E-004
   3.0338151913696570E-004
   3.6551875089394913E-004
   3.1140609176580803E-004
   3.6981978774178241E-004
   3.1683341069869725E-004
   3.4009646755477909E-004
   3.0462780982567708E-004
   3.4214731661643983E-004
   3.4979752351019206E-004
   3.7368494701191707E-004
   3.0110687375623586E-004
   3.0171069778523574E-004
   3.6861211752108698E-004
   3.3408499278398112E-004
   3.2138049393974432E-004
   2.9453124123413646E-004
   3.4350818581855951E-004
   3.1223629017982404E-004
   2.7767452190837204E-004
   3.0307589255983288E-004
   3.4644245700163524E-004
   2.6921997242274791E-004
   3.0376815894304600E-004
   3.0801874339393703E-004
   3.0220322723457005E-004
   3.5547106837135865E-004
   2.8914456303096627E-004
   3.6000975717407008E-004
   3.1797622025343651E-004
   3.0621159917278146E-004
   3.4287721081663374E-004
   3.6437144960169263E-004
   3.1356484468076328E-004
   3.3606311480243578E-004
   3.1038843170192332E-004
   3.4225174149539467E-004
   2.7585429289913313E-004
   4.0136939781597677E-004
   3.4530663317709287E-004
   3.4408769481532016E-004
   3.6577220942194517E-004
   3.4791638400842042E-004
   2.9520600935155258E-004
   3.9522684509685143E-004
   3.1521483887052770E-004
   3.9878490086430238E-004
   3.2343339433713741E-004
   3.8491849145000693E-004
   3.0753590192251638E-004
   3.5111408401591426E-004
   3.4555844218833368E-004
   3.0024863265015240E-004
   3.5581031727475391E-004
   3.5660084975330005E-004
   3.2957615777146282E-004
   3.8211499995706964E-004
   4.0417169757671790E-004
   3.5815964071164946E-004
   3.7421495141027087E-004
   3.6299608749737223E-004
   2.9496249421123239E-004
   3.1620277261914110E-004
   3.0738962585270005E-004
   3.2435070671201697E-004
   3.1934997447418355E-004
   3.3038731905602077E-004
   2.8797589527315801E-004
   3.7327913161004384E-004
   2.9775015992158330E-004
   3.1415341654578459E-004
   3.0534734690182771E-004
   3.1401076956102047E-004
   3.2328232337105968E-004
   3.1729951412455602E-004
   3.6116985995312807E-004
   3.9005009249266513E-004
   3.9821123225680443E-004
   3.4388482847452437E-004
   3.8018061387318962E-004
   3.2150054378735511E-004
   3.8076279902246504E-004
   3.3608724993256769E-004
   3.0902813847383801E-004
   3.3839167689082476E-004
   3.1982400159913702E-004
   2.9236327473398325E-004
   3.5365760396646799E-004
   3.1353969013779890E-004
   3.4547585297144346E-004
   3.5880500018808286E-004
   2.9936778726915892E-004
   3.2696880132325809E-004
   3.3934436009884353E-004
   3.7518066664815288E-004
   3.2755497515361836E-004
   3.2377266623701527E-004
   2.9254063443304656E-004
   3.0731169967229395E-004
   3.0690067458392218E-004
   3.2118928775886740E-004
   3.6240503150347241E-004
   3.7560266059003526E-004
   2.9713307143491700E-004
   2.8638089679536370E-004
   3.5595164302004039E-004
   3.5257560117671219E-004
   3.2832433731389763E-004
   3.1352104878911661E-004
   3.6035319111824693E-004
   2.7519405109606681E-004
   3.2086989451328012E-004
   3.8583215477363755E-004
   3.5276782427276135E-004
   3.6793603294519049E-004
   3.4179862339460686E-004
   3.5024062652004828E-004
   3.1545311324191215E-004
   3.6545410322496132E-004
   3.3254904948436416E-004
   3.1291381492566683E-004
   3.2440303575275971E-004
   3.7408863166809469E-004
   3.2201561510760763E-004
   3.0377006963566201E-004
   3.1487941835459305E-004
   3.9092725983342724E-004
   3.3136059947067069E-004
   2.9217232115140294E-004
   3.4565797383794776E-004
   3.9432053383561290E-004
   3.0521256175004022E-004
   3.0269860838384369E-004
   3.0074440450118280E-004
   3.6383493127276680E-004
   3.1518287476869862E-004
   3.2063559186943594E-004
   3.0449356689906889E-004
   3.5002247060114298E-004
   3.5555713453725671E-004
   3.3063986072263680E-004
   3.4277635416931696E-004
   3.1994192637065414E-004
   3.8708953584720793E-004
   3.7902619900100152E-004
   3.4147365949446627E-004
   3.5209738109610866E-004
   3.2263193257156059E-004
   3.0641704969585373E-004
   3.1689888261586177E-004
   3.2304638015972261E-004
   3.5818315222676189E-004
   3.6177296759813644E-004
   3.9347321428647759E-004
   4.0666633726835319E-004
   3.0092622440750281E-004
   3.5947827690909851E-004
   2.9677427851542728E-004
   3.4112226206495314E-004
   3.1203437592784841E-004
   3.7326461498066117E-004
   3.5121806174335114E-004
   3.7298217708419188E-004
   3.1541377460434888E-004
   3.4252901401128806E-004
   3.4046909955101233E-004
   3.2813704158766196E-004
   2.9637551950136899E-004
   3.0962596063212908E-004
   3.2488559581171259E-004
   3.1120482804251198E-004
   3.3291768128612502E-004
   2.9856804111492340E-004
   3.6400473287913598E-004
   2.9538846596659967E-004
   3.1706905844374616E-004
   3.2206112179135516E-004
   3.5114559919427696E-004
   3.8012491874620170E-004
   2.9722693934893673E-004
   3.0030452318885768E-004
   2.9752592118301245E-004
   3.5342327661223904E-004
   2.9881633053112887E-004
   3.3013094459458168E-004
   2.9765668901625327E-004
   3.1459359743938312E-004
   3.3996362859340870E-004
   3.1334149086838009E-004
   2.7193177548467842E-004
   3.7191316128738783E-004
   3.7598598439050012E-004
   3.2203109673054601E-004
   3.3251201384484842E-004
   3.1439484003335279E-004
   2.8136430206272654E-004
   3.8890700566191112E-004
   3.2623273866547208E-004
   3.1332022409923745E-004
   3.4540249591187122E-004
   3.7946585251043377E-004
   3.5467859705998623E-004
   3.1581904405524676E-004
   3.1636150775126082E-004
   3.0904457548592862E-004
   3.2259540489151095E-004
   3.5041054423588498E-004
   3.4120064626396048E-004
   3.7133803433191473E-004
   3.1957836398434131E-004
   3.6660784526475903E-004
   3.3953743670033003E-004
   3.6683967214871049E-004
   2.8902075344515134E-004
   3.4196212184358401E-004
   3.3356424740606867E-004
   3.5410775389824016E-004
   3.2479998362705336E-004
   3.6360219204912799E-004
   3.1806284647813913E-004
   3.2571273235630600E-004
   2.8202483725031484E-004
   3.5483380151851013E-004
   2.9959236857943114E-004
   3.5365967246977088E-004
   2.9151008295941183E-004
   3.3806530094775144E-004
   2.9707672907079463E-004
   3.4960794471344966E-004
   3.1412262580807009E-004
   3.6221909186204363E-004
   3.6850702857366276E-004
   3.5322914416413711E-004
   3.2626585241685494E-004
   3.5697875362097626E-004
   2.9441006301373924E-004
   3.4097818713761576E-004
   3.7703579123265178E-004
   3.3414145493717787E-004
   3.6146528604207229E-004
   3.2846127505979785E-004
   3.2018501413945459E-004
   3.2012515760395673E-004
   3.6855489121105108E-004
   2.9720128755834528E-004
   3.2037872785937261E-004
   3.2043069752831372E-004
   2.9230714602881280E-004
   2.8428563301971364E-004
   3.5024984931568946E-004
   3.0368402116683454E-004
   3.6718987430252689E-004
   3.0201340482282572E-004
   3.4114685520503837E-004
   3.6818803965167900E-004
   3.1860476547822611E-004
   3.6448681766975045E-004
   3.3235556213240302E-004
   3.1503686550979142E-004
   3.3359751703214560E-004
   3.5348686646038746E-004
   2.9412378635891432E-004
   3.1994086446001665E-004
   3.3810398870237721E-004
   3.0655168486822405E-004
   3.6885990171754181E-004
   3.5805950600093298E-004
   2.7286082345634796E-004
   3.5698538394353022E-004
   3.0963173878555058E-004
   3.0239085466435923E-004
   3.6863700101013138E-004
   3.1453445010131629E-004
   3.4869293419084800E-004
   3.6238508553897148E-004
   3.7359836089335475E-004
   3.2114901375208434E-004
   3.6815923485395525E-004
   3.4263626080312563E-004
   3.3808304911607599E-004
   2.9719996163553655E-004
   3.2079144026546613E-004
   2.9987502390143558E-004
   3.6754577226252454E-004
   3.1223733281980767E-004
   3.7529172393608646E-004
   3.2266782000287198E-004
   3.3953881328865508E-004
   2.7278435027865443E-004
   3.4675963829840180E-004
   2.9774928189151093E-004
   3.0054895371308337E-004
   3.8238060192551018E-004
   3.5926183808971768E-004
   2.7499965001515986E-004
   3.4267147570316773E-004
   2.8080676929836821E-004
   3.3627144858891007E-004
   3.3314506349979805E-004
   3.6179757068611010E-004
   3.6354987882406643E-004
   2.9227840973869153E-004
   3.0259827543266648E-004
   3.2478070791893868E-004
   2.8742328848458965E-004
   3.2483749909131235E-004
   2.7180752074289585E-004
   3.1163662618611843E-004
   3.1678605606702965E-004
   3.8315478483083473E-004
   2.9626587771826654E-004
   3.0300072804629317E-004
   3.6630615527443204E-004
   3.4353778342364544E-004
   3.2703683843666033E-004
   3.5580352493683962E-004
   2.8802899627898755E-004
   3.2350676547693768E-004
   2.8904199493103093E-004
   3.0440638891466015E-004
   3.1871628993295376E-004
   3.2250927914784461E-004
   3.2077947042952187E-004
   3.7914083774898859E-004
   3.1254540400902438E-004
   3.0148343631372068E-004
   3.5973624451440892E-004
   3.3804813697910544E-004
   3.4988213322149100E-004
   3.5654175289494321E-004
   3.7188781797534121E-004
   3.4988795594188002E-004
   3.7762448042137929E-004
   3.3757794966612236E-004
   3.5089874694252523E-004
   3.5736633063653038E-004
   3.5087203738631454E-004
   3.0347378195478105E-004
   3.1820007520476725E-004
   3.1745138335918896E-004
   3.0342427163738522E-004
   3.1101766999922165E-004
   4.0088374750925788E-004
   3.4253672543401933E-004
   3.5018734535185699E-004
   3.6836447914364911E-004
   3.1943257618296720E-004
   3.2478127991267247E-004
   2.7666116541775711E-004
   3.2894209024587911E-004
   3.0598181721221303E-004
   3.1662216324366047E-004
   3.5640811143481369E-004
   3.5725094124405040E-004
   3.1465360883462272E-004
   3.2430885717706559E-004
   3.2332759116069840E-004
   3.5636376517381109E-004
   2.9613603037116995E-004
   3.5118254939792474E-004
   3.2146667530999712E-004
   3.4376884129076914E-004
   3.1746516208358756E-004
   3.8409827557066062E-004
   3.0322453501357988E-004
   2.8368730908588191E-004
   2.9473902296440346E-004
   3.3531475550622125E-004
   3.0120495000985113E-004
   3.5986392482717717E-004
   3.0326952605066077E-004
   3.0974810824709232E-004
   3.1081306093212751E-004
   3.3822266417608040E-004
   2.6541783867358430E-004
   3.3889367764627150E-004
   2.8716946790571319E-004
   3.1703062339086789E-004
   3.1545120923238837E-004
   3.0098732223910504E-004
   2.8721111718016704E-004
   3.1750871446620385E-004
   3.4336163814532086E-004
   3.1057647291468621E-004
   3.6870841479550310E-004
   3.0423865852366656E-004
   2.9063867011302769E-004
   3.2100179363607836E-004
   3.2509519283241965E-004
   3.5580664009776891E-004
   3.1967072815168487E-004
   3.5637561487397235E-004
   3.3616074386316308E-004
   3.1516861170944162E-004
   3.2183098142024688E-004
   3.6215977866709361E-004
   3.0451690140303518E-004
   3.6908645721269107E-004
   3.6842979393434240E-004
   3.0192370184724314E-004
   3.3471053192149383E-004
   3.4967527548672499E-004
   3.0880737807147151E-004
   2.9498037877764735E-004
   3.2761329979712168E-004
   3.6604894308360871E-004
   3.5100056957471288E-004
   3.1086720926065469E-004
   3.3312018639975453E-004
   3.9718493885514968E-004
   3.0481009786552339E-004
   2.8569334404047499E-004
   2.7604959896564970E-004
   3.6880338250221243E-004
   2.8509396993485313E-004
   2.9524006531464047E-004
   2.9519661617791496E-004
   3.7463751222738853E-004
   3.5219372267650842E-004
   3.3392291178562634E-004
   2.8223653463535400E-004
   3.1333934887827587E-004
   2.8446462420144770E-004
   2.9448752053262689E-004
   3.3110217535073394E-004
   3.7462828935868968E-004
   3.8503582467435587E-004
   3.5133587629745553E-004
   3.3298860172298529E-004
   3.4876477361038094E-004
