   3.8486713184848081E-004
   3.0200479533163576E-004
   3.7177844632037998E-004
   3.0789613749364288E-004
   3.7604901617808311E-004
   3.4117385917550527E-004
   3.4541891731483613E-004
   3.4395843242565599E-004
   3.2503071145542910E-004
   3.5672261847612997E-004
   3.0673484141150126E-004
   3.3486296489498109E-004
   3.1124094062526399E-004
   3.2591461988174897E-004
   3.2012291846333847E-004
   3.6646286018866847E-004
   3.5038458352061092E-004
   3.4780735100493004E-004
   3.5178367037545831E-004
   3.6753581875062003E-004
   3.4406391010011910E-004
   3.1306199345583165E-004
   3.0903075555839294E-004
   3.6045808370793883E-004
   2.9430397700933286E-004
   3.3127932964235012E-004
   3.2887051379217768E-004
   2.9553160864455725E-004
   3.2498975181549476E-004
   3.4184737563701107E-004
   2.9358376913623743E-004
   3.4854153623064594E-004
   3.5341911776204301E-004
   3.5105303575698514E-004
   4.0635911510041413E-004
   2.7968354331468678E-004
   3.0178998443151125E-004
   3.5349582012068030E-004
   3.0938665025617679E-004
   3.5371595314320715E-004
   3.5960684861791823E-004
   3.9146498562059475E-004
   3.5571310560616174E-004
   3.1036659087305054E-004
   3.0880546328832198E-004
   3.7712947489084792E-004
   3.6234661906784884E-004
   2.9750861451335506E-004
   3.5303043439680873E-004
   2.7549144732670047E-004
   3.3424452710532183E-004
   2.9390785760120879E-004
   3.5503075505264985E-004
   3.7606313808963575E-004
   3.4820650737269539E-004
   3.1539956631210589E-004
   3.5645246658414225E-004
   3.8179276125699727E-004
   3.1814271249049303E-004
   3.0530432339246553E-004
   2.9454652062914924E-004
   3.1244411068766497E-004
   2.8965584987825424E-004
   3.7527524463007450E-004
   2.8676614836706856E-004
   3.3036024855650695E-004
   3.4897831049530406E-004
   3.8914340922553524E-004
   2.9142912096444181E-004
   2.9157674236726086E-004
   3.2939132058217675E-004
   2.9995706774440742E-004
   3.7072641395790158E-004
   2.8602055673821174E-004
   3.1902285338811622E-004
   3.4577264120204442E-004
   3.0606329042375858E-004
   3.1954649009285088E-004
   3.0760846294967362E-004
   3.5025357426265752E-004
   3.0501647549024084E-004
   3.4275262727392826E-004
   3.0393641769750819E-004
   3.6463544686073703E-004
   3.3793880082712470E-004
   3.4457648368794313E-004
   3.1535345218163354E-004
   2.9699836870430095E-004
   2.9319391402749228E-004
   3.6082741960342360E-004
   3.0123049929922332E-004
   3.9692469153417671E-004
   3.2233305045447323E-004
   3.4224341335858005E-004
   3.7264000546228572E-004
   3.6007925886464545E-004
   3.0373382827176214E-004
   3.6057608703465285E-004
   3.3630271944236275E-004
   3.0325455173506517E-004
   3.3188735254841494E-004
   2.9360550464781367E-004
   2.9166137643882550E-004
   2.8854816145569540E-004
   3.9577850131575904E-004
   3.6357314578719998E-004
   2.8990567448353865E-004
   3.1938222364581487E-004
   3.5079879085405091E-004
   3.5376700701691993E-004
   2.8242448418870262E-004
   3.1270930070934435E-004
   3.2104944482124604E-004
   3.1450912251371123E-004
   3.1121973628718281E-004
   3.9513836437802657E-004
   3.3675973391863632E-004
   3.5889550885074005E-004
   2.9378690237344575E-004
   3.4917943437448232E-004
   3.7408863946165091E-004
   4.1024141318777012E-004
   3.1108590532584230E-004
   3.3714391951157651E-004
   2.8172797559658459E-004
   3.4916414791284338E-004
   3.2557469145356842E-004
   2.9634387011800371E-004
   3.1381385514091720E-004
   3.5747597847017294E-004
   3.6340398683692960E-004
   3.5732934719643521E-004
   3.1578940027342895E-004
   3.5000601235931776E-004
   2.9014597236410927E-004
   2.8881996355192765E-004
   3.4120228475146083E-004
   3.7849562727475591E-004
   2.9770354447959153E-004
   3.2384911770433632E-004
   3.1080543402074978E-004
   3.0580809922460718E-004
   3.3084432397568656E-004
   3.1250595538366755E-004
   3.2522868000511688E-004
   3.2800881007350515E-004
   3.0926334996536625E-004
   3.3413326976753169E-004
   3.2864488397249579E-004
   3.4295763068460677E-004
   3.3732295373662920E-004
   3.0371240030876984E-004
   3.2474441428553743E-004
   2.7568173050490527E-004
   3.0514908111421447E-004
   3.6466505588135176E-004
   2.8523823324886325E-004
   3.2238809140090974E-004
   3.5167700027722692E-004
   3.5174909702553490E-004
   3.5748920838886634E-004
   3.1659588343307396E-004
   2.9163126269722057E-004
   2.9189873119220679E-004
   3.1504171171004122E-004
   3.1156382821015112E-004
   3.1669814587821638E-004
   3.0498423497367963E-004
   2.8355098197464237E-004
   3.9460260951458732E-004
   2.7050631194220183E-004
   2.9685913072328908E-004
   3.5888229057117691E-004
   3.2130787625735276E-004
   2.9260572475725235E-004
   3.0858887234928867E-004
   2.9333588589429822E-004
   3.3250998486595440E-004
   3.3208329686371422E-004
   3.3736682060726418E-004
   2.9236735359403212E-004
   2.9047114701968342E-004
   3.6264257529684688E-004
   3.0708122941354861E-004
   3.2531720900418379E-004
   3.8337287110169429E-004
   3.4068608238167536E-004
   3.3133000719170086E-004
   3.4752505435999448E-004
   3.0907392839262150E-004
   3.2533263146122484E-004
   2.9281591443103315E-004
   3.2267620075870045E-004
   3.2099110404301191E-004
   3.6162283868152194E-004
   3.4040467527938090E-004
   3.7809419043854421E-004
   3.1590830393435013E-004
   3.7496514354191815E-004
   3.4217666857592907E-004
   3.7468493149284246E-004
   3.8032448982691229E-004
   3.2810118235950832E-004
   3.2756863712503115E-004
   3.4410035443117117E-004
   3.3583366996660515E-004
   3.6347415495845532E-004
   3.0621690738768127E-004
   2.9906288077231847E-004
   3.4856004909162154E-004
   2.9367986484054762E-004
   2.9666746305089404E-004
   3.7413827187788245E-004
   3.2547021238275701E-004
   3.6754663339022472E-004
   3.4441935699973083E-004
   3.4716262017781685E-004
   3.5647740549405290E-004
   3.2594134256900230E-004
   3.4182247599420860E-004
   3.1409209645807490E-004
   3.5119598970790482E-004
   3.2286783637485084E-004
   3.3199601219960372E-004
   3.0324709777536471E-004
   3.5463875461880446E-004
   3.2363630866528146E-004
   3.0479702514479184E-004
   3.6717018505833080E-004
   3.3075341066133261E-004
   3.4476985426810003E-004
   2.8899120900844504E-004
   3.4635201259625685E-004
   3.4974474006061070E-004
   3.5714142873160946E-004
   3.1518266790080861E-004
   2.9119853790608859E-004
   3.2929012248523169E-004
   3.1658245749676490E-004
   2.9342878088807570E-004
   3.1704799756773663E-004
   2.9181710522486462E-004
   3.2442299803817027E-004
   3.3643489362642962E-004
   2.9957426627671063E-004
   3.2864363422125737E-004
   3.0609418885207149E-004
   3.3609172963010677E-004
   3.0734627169813622E-004
   3.5559109624890966E-004
   2.8018644667059410E-004
   2.9718168090450047E-004
   3.6054805919212161E-004
   3.0122228669184347E-004
   3.8733371989563433E-004
   3.2129099770867209E-004
   3.4416678752727031E-004
   2.9971403945684689E-004
   3.2825486256612025E-004
   3.4881839258160588E-004
   3.6056902742480980E-004
   3.2458929966374490E-004
   3.5867090752736902E-004
   3.0076625582813016E-004
   3.4358713005211997E-004
   3.6601277473360922E-004
   3.3396363881055854E-004
   2.9614759635401795E-004
   2.8969602443505661E-004
   3.1413035162618957E-004
   2.9006074637003476E-004
   2.8604160795066817E-004
   3.5153246273651831E-004
   3.1707151348780944E-004
   3.0915539514057334E-004
   3.4168617349776271E-004
   3.1940944749139126E-004
   2.8854594075413125E-004
   3.5968785401818796E-004
   3.9008963211066696E-004
   3.1829307963257797E-004
   3.3586552605424712E-004
   3.3753516599400400E-004
   2.8247852908145108E-004
   2.8338582927025835E-004
   3.0917587674349635E-004
   3.0859771289728458E-004
   2.9449728011601644E-004
   3.1330270418285613E-004
   3.2094677537591046E-004
   3.8322771357190321E-004
   3.4797868319701880E-004
   3.4451117721761654E-004
   2.9411120042721237E-004
   3.7535145265678549E-004
   3.7501417833796003E-004
   3.3812807218373678E-004
   3.6196787530654907E-004
   2.9130250818317985E-004
   2.8847451696567702E-004
   2.9765364428160917E-004
   3.0537152265072248E-004
   3.0487497051562024E-004
   3.2675369481772153E-004
   3.5149295555084718E-004
   3.7553162389969668E-004
   3.2477546416978059E-004
   2.7599166908110899E-004
   3.3895964412765665E-004
   3.7065731879709120E-004
   3.4190849870237999E-004
   3.4162335629591572E-004
   3.3923990942516036E-004
   2.9804598043574142E-004
   2.9642831496354142E-004
   3.8141053268300057E-004
   3.6078968750277078E-004
   3.7845492581587114E-004
   3.5719989297384726E-004
   3.5477150842066368E-004
   3.0225762716912436E-004
   3.9523797979640682E-004
   3.7790975040242109E-004
   3.4844512119577657E-004
   3.4386188143031577E-004
   3.5805027821076709E-004
   3.7193872821753916E-004
   2.7239930067601934E-004
   3.8444224633755135E-004
   3.6005503470315845E-004
   3.2764223855836952E-004
   3.0201544772000033E-004
   3.1564293951346392E-004
   3.3924648871273063E-004
   2.8182429861922371E-004
   3.2573552539751592E-004
   3.1459623605251602E-004
   2.8762032452129128E-004
   3.3599658559488321E-004
   3.7801101689041673E-004
   3.0798428112422695E-004
   3.6709082906756583E-004
   3.1162154964506535E-004
   3.4577549143453932E-004
   2.9657568393614376E-004
   2.8639626915624922E-004
   3.5672744336530274E-004
   3.0388034511260535E-004
   3.9604502654125209E-004
   3.3868541230059929E-004
   3.2334913452807082E-004
   3.2972886749650448E-004
   3.7371511034606637E-004
   3.4717783820133121E-004
   3.2900278013416539E-004
   3.1306764272644709E-004
   2.8551665486080966E-004
   2.9443394592669302E-004
   3.6153986443495056E-004
   3.4694438856090970E-004
   3.7360204053358311E-004
   3.5382770265626257E-004
   2.8742248199980011E-004
   3.1968096041069474E-004
   3.4327263725130510E-004
   3.2454120455598383E-004
   3.6860214667040536E-004
   2.9306604064590123E-004
   3.3600678780832939E-004
   3.1960983334882137E-004
   3.1396194380009707E-004
   3.0936886302926824E-004
   3.0343312404809589E-004
   3.2714917733795134E-004
   3.2481154276241801E-004
   3.1383712397862004E-004
   3.2953442381533307E-004
   3.6531658241325361E-004
   3.7102309021541728E-004
   3.7184792591155529E-004
   2.7802516103119928E-004
   2.7627577466045068E-004
   3.5358770724874415E-004
   3.2188844861081196E-004
   3.0071005531393837E-004
   3.6543728628412084E-004
   3.2801129990022928E-004
   3.3412812479069177E-004
   3.4379641509008481E-004
   3.6174259466848830E-004
   3.1286387608514034E-004
   3.5968642261425074E-004
   3.3885171330431518E-004
   3.7465146844254863E-004
   3.0425984870089258E-004
   3.4922395317549748E-004
   3.1414212009425887E-004
   3.3647474210031882E-004
   3.3629302706144850E-004
   3.3433820888196890E-004
   3.4300754209194023E-004
   3.3739520741579346E-004
   3.4867863650228257E-004
   3.1180540864319937E-004
   3.4210545211957934E-004
   3.8890301918360085E-004
   3.1313433166247858E-004
   3.6039615409315845E-004
   2.9553617350040371E-004
   3.1495800288196550E-004
   3.8991962247380792E-004
   3.4837702982735112E-004
   3.0753868983133745E-004
   3.5422961753777738E-004
   3.0016866809615334E-004
   2.7969744006939480E-004
   3.4432315266797375E-004
   3.1614107048328282E-004
   3.5613629945038317E-004
   3.6539111398352098E-004
   3.1029315871288155E-004
   3.6658920322594254E-004
   4.0088620142273709E-004
   3.6274263913831220E-004
   3.8937285073214936E-004
   3.4223796990003421E-004
   3.0625589992388749E-004
   3.4618671488820198E-004
   2.9496953999713264E-004
   3.4428504946660405E-004
   3.7181620675961986E-004
   3.0962147056494242E-004
   3.6552928847449171E-004
   3.3783664156452887E-004
   3.7245940178294064E-004
   3.2519607350200833E-004
   3.0612922771004080E-004
   3.1421347439133701E-004
   3.9797384561080065E-004
   3.5230744673533297E-004
   3.7494165832393356E-004
   3.5420200023301128E-004
   3.1874172790824934E-004
   3.3862313630533201E-004
   3.0664646126004247E-004
   3.3774142343632324E-004
   3.5797729860817041E-004
   3.7318400024419056E-004
   3.2746697774520549E-004
   3.4521972842006387E-004
   2.9418401999033666E-004
   3.3993985244572960E-004
   3.8347071075868689E-004
   2.8698565887941909E-004
   3.0462702119483096E-004
   3.6371380957422427E-004
   2.7921032145843046E-004
   3.5786738597393000E-004
   3.6398788150725464E-004
   3.6702520842049130E-004
   2.8615417340434313E-004
   3.0326292219433847E-004
   2.8019805206721220E-004
   3.3836420853123309E-004
   2.9551072349821812E-004
   3.1084496817396353E-004
   3.2420240372464459E-004
   3.1824571848504537E-004
   3.0621438500877586E-004
   3.2079827696323578E-004
   3.3092772443807090E-004
   3.1546349968128516E-004
   3.4946425065693657E-004
   3.5567177662494312E-004
   2.9837062469152589E-004
   3.2630309660484588E-004
   3.3811548937613559E-004
   3.4310083965395269E-004
   2.9638375533306042E-004
   3.0311026684167331E-004
   3.3440604772885845E-004
   3.5999358077233308E-004
   3.3785736717685235E-004
   3.0292510099861475E-004
   3.0289837136168621E-004
   3.1678012447751642E-004
   2.9568930490206233E-004
   3.4808899644484578E-004
   3.6240172327360696E-004
   3.6200818925764876E-004
   3.4679450601603646E-004
   3.8792906472882508E-004
   3.1523633975016468E-004
   3.0765904263734776E-004
   3.0394349999457546E-004
   2.9022450947302947E-004
   3.4835036753721961E-004
   3.4913341444869038E-004
   3.4445298521252395E-004
   3.4989383778404715E-004
   3.6737639668913829E-004
   3.1871793091181995E-004
   3.7927965566149103E-004
   3.3396930714071985E-004
   3.3189317470063182E-004
   3.2226119488811976E-004
   3.5063549525705663E-004
   3.2639982664883858E-004
   3.2809221571074244E-004
   3.6981396147773763E-004
   2.9389174692292201E-004
   3.7173000279490072E-004
