   3.9175323474907955E-004
   3.3602965817898896E-004
   3.1795347927639179E-004
   3.7559463918589804E-004
   3.3515910422032044E-004
   3.7794425082055146E-004
   3.4191969957313558E-004
   3.2237869996996481E-004
   3.0897575740038868E-004
   2.9012301915580247E-004
   2.9421252748694157E-004
   3.2582453775340436E-004
   3.6105161782866310E-004
   3.6643281525959500E-004
   3.5792053408847274E-004
   2.9929490485050472E-004
   3.0166870269006309E-004
   3.7274400584928991E-004
   3.0987975693351678E-004
   3.5863403904894749E-004
   3.1196948541433367E-004
   3.7549845136412743E-004
   3.1006656475088327E-004
   3.3147399162685885E-004
   3.6746873328495156E-004
   4.0133377957850773E-004
   3.5692859157531885E-004
   2.9227996770310466E-004
   3.4524631024726278E-004
   3.5001644517115095E-004
   3.8393636188164008E-004
   3.5938201972601314E-004
   3.0767479905941301E-004
   3.0217744643463545E-004
   3.3310963253145153E-004
   3.6220267135547832E-004
   3.2110843625553031E-004
   3.0843639363431507E-004
   3.0684684855040859E-004
   3.6046931404199644E-004
   3.0680322869488028E-004
   3.1005102441081196E-004
   3.2150384050526261E-004
   3.3820973982881080E-004
   3.6983303526166264E-004
   3.1151726143747885E-004
   3.9744135959945379E-004
   3.0683201939689896E-004
   3.2890811354635010E-004
   3.4118295548726948E-004
   3.6417536492041908E-004
   3.6638409146406319E-004
   3.1922699793513056E-004
   3.1229749350730816E-004
   3.5053896512467669E-004
   3.1389407891991401E-004
   3.5711349687095301E-004
   3.4378347743952109E-004
   3.5405823455927926E-004
   3.4677657244745194E-004
   3.0660411201957665E-004
   3.6860427724091162E-004
   3.0404571063285087E-004
   3.5466567405147164E-004
   3.5580092290245544E-004
   3.4486969053732581E-004
   3.8627855420502919E-004
   3.0169990227326955E-004
   2.9089614554079471E-004
   3.3590909915280501E-004
   2.9963041673870176E-004
   3.4249869431888396E-004
   3.3401371115172429E-004
   3.4245562510327830E-004
   3.0759127120278453E-004
   2.8997621076215773E-004
   2.8954483224640290E-004
   3.5190871694232214E-004
   3.1461029781378822E-004
   3.0319117416685159E-004
   3.6078910001367294E-004
   3.6422680636544327E-004
   3.3316761327430709E-004
   3.3000618920305962E-004
   2.9313870511327595E-004
   3.2633793764232609E-004
   3.5060094558312668E-004
   2.9903057133070566E-004
   3.4841759823978655E-004
   3.6252190928942515E-004
   3.2578685687154648E-004
   3.3293691325297708E-004
   3.4873761770639136E-004
   2.9675811971832504E-004
   2.9680941455871579E-004
   3.4888399399482143E-004
   3.6633390002835029E-004
   3.3126709888130451E-004
   2.9008225533726266E-004
   3.3873031314894572E-004
   3.1691313899252310E-004
   3.6382629714283159E-004
   3.2249808864368132E-004
   3.7544059278384490E-004
   3.0702813103907297E-004
   3.2511750632536205E-004
   3.3839457976384712E-004
   3.3358929555902313E-004
   3.7108191095390405E-004
   4.0554933590498428E-004
   3.2321312299899894E-004
   2.9386911988107776E-004
   3.1662004864017960E-004
   2.9990406052246571E-004
   2.9037731121263534E-004
   3.6862022816993710E-004
   3.2851171639227696E-004
   2.9902596555383260E-004
   3.5442820939994031E-004
   2.9553050818083271E-004
   3.1028287500705297E-004
   3.5391938575791678E-004
   3.2874003825855133E-004
   3.6811016109264844E-004
   3.0188036573221039E-004
   3.4004198642824759E-004
   3.8514339652733550E-004
   3.4521160770474368E-004
   3.1891016703267507E-004
   3.2002016757166972E-004
   3.7275013068620701E-004
   3.7203758546375514E-004
   3.6451412674435056E-004
   3.8625765229474793E-004
   3.5390620703859219E-004
   3.3673611932157234E-004
   2.9555109920552874E-004
   3.6075890154501679E-004
   3.7354886153982345E-004
   3.6059273648220575E-004
   3.1092272560467724E-004
   3.1924797200307665E-004
   3.4565781555690323E-004
   2.9399937486387001E-004
   3.7703066211648961E-004
   3.8084335755927636E-004
   3.0183783651211951E-004
   3.6240157562405942E-004
   3.7898931049888386E-004
   3.3433295363925357E-004
   3.0920773029545652E-004
   2.9716977766169363E-004
   3.7893394510428186E-004
   3.7405681773759460E-004
   3.3721030745846597E-004
   3.4775678187239046E-004
   3.0898560180851070E-004
   3.0438605492892786E-004
   3.5632609341967842E-004
   3.0605277621647452E-004
   2.9979932266170048E-004
   2.6927822284580926E-004
   2.9697302742587474E-004
   3.5191517012591038E-004
   2.7779953501291045E-004
   3.0554976975848803E-004
   3.4833668207498821E-004
   3.0419982713350568E-004
   3.6416303984028019E-004
   3.5738611505060349E-004
   3.3915092297099225E-004
   3.0827215117630504E-004
   3.1021620219468557E-004
   3.0238807313691325E-004
   3.3554840129515696E-004
   2.8670704497635920E-004
   3.1577203104176706E-004
   3.1237246696528133E-004
   3.0188827113550803E-004
   2.9756157941225077E-004
   3.3751473062859736E-004
   3.2217778458549774E-004
   3.3792751327071756E-004
   3.5666266764646594E-004
   2.9388162903293399E-004
   2.9671943803169840E-004
   3.2554762068838847E-004
   3.3517993271878617E-004
   2.8240181055112703E-004
   3.0502170702909287E-004
   3.5299376548397928E-004
   3.1627705389769285E-004
   3.0323413192117585E-004
   3.2585693982036342E-004
   3.6141003061692994E-004
   3.1280896170889652E-004
   3.4486000817323732E-004
   3.1552181364431298E-004
   3.0297667076744392E-004
   3.6533540060109450E-004
   2.7668544257789191E-004
   3.2761432236782753E-004
   2.9265485593369327E-004
   4.0423337969609091E-004
   2.7911914114945550E-004
   3.0997221958484027E-004
   3.3640437233024389E-004
   2.9808748166039136E-004
   3.1674210927937836E-004
   2.9787990928049017E-004
   3.6565828893754369E-004
   3.5485035167691435E-004
   3.3500590858429096E-004
   3.0827634175084384E-004
   3.1226718390308896E-004
   3.8627138288769376E-004
   2.7489837728576685E-004
   3.2289275976787445E-004
   3.0549211053714886E-004
   3.1304944323707842E-004
   3.4726029285822937E-004
   3.0438840766979934E-004
   3.4679997584868112E-004
   2.9277997658417275E-004
   3.7065810455455712E-004
   3.2523001266583634E-004
   3.6289742233570248E-004
   3.5091774484260476E-004
   3.1874867813357088E-004
   3.0392045977354758E-004
   3.0112314782986980E-004
   2.9188822177008252E-004
   3.3890287463782145E-004
   3.2583666833306427E-004
   3.3126016318304867E-004
   3.9848262460371925E-004
   3.1016718462706974E-004
   3.1872509433131620E-004
   3.1612006633751993E-004
   3.1823073384117014E-004
   3.3676683635037210E-004
   3.6618197539675705E-004
   3.0317446930549987E-004
   3.0696123121610471E-004
   3.0007594243253329E-004
   3.2087945229945439E-004
   3.4114577251649923E-004
   3.5590627851123536E-004
   3.7116360582442029E-004
   3.9384580068329303E-004
   3.8537943830834582E-004
   3.2565645638328318E-004
   2.9140187401425604E-004
   3.5840577240889429E-004
   2.9432707549204425E-004
   3.4596160900751585E-004
   3.4946553689552980E-004
   2.9683555362074659E-004
   3.0153499834825921E-004
   2.9474184319233453E-004
   3.1453492979246047E-004
   3.6180607623437217E-004
   3.3625813421652795E-004
   3.3928526547869679E-004
   4.0473494774609522E-004
   3.2230933032645500E-004
   3.4554478921217568E-004
   3.5546730357827985E-004
   2.9927349304120272E-004
   3.2728277867119537E-004
   3.0085513910481409E-004
   3.4256474972173609E-004
   3.2035821392733383E-004
   3.5189679629079516E-004
   3.5783841068194648E-004
   4.0309354101559846E-004
   3.6254114434179310E-004
   3.3196486923057681E-004
   3.0999400655486018E-004
   3.7204568544541917E-004
   3.6041553340143722E-004
   3.8012038183686135E-004
   2.9864426497919314E-004
   3.0146037186006122E-004
   2.8970538550365506E-004
   3.3778632582653927E-004
   3.4657514317290719E-004
   3.1869921777809946E-004
   3.3957704737970490E-004
   3.1321496066999459E-004
   3.1578441569527854E-004
   3.3371036972033630E-004
   3.2574023176973972E-004
   3.4172892494114594E-004
   3.5935365350134497E-004
   3.5311276929974911E-004
   3.2112746185364234E-004
   3.4979046442391534E-004
   3.4232856106803332E-004
   3.2451171109902931E-004
   3.4253791798483476E-004
   3.3631649795780614E-004
   3.8480365161568607E-004
   3.6259062535116732E-004
   3.4829414031407852E-004
   3.8410590016836122E-004
   3.5080528635392092E-004
   3.0338304787494853E-004
   3.5105937612425064E-004
   3.7958962639872472E-004
   3.2585391911846691E-004
   3.7075685866833427E-004
   3.6728894154645269E-004
   3.9510894620604036E-004
   2.9262290382031761E-004
   2.9972975486734158E-004
   2.9983916873360693E-004
   3.6515443407950066E-004
   3.2545404197366638E-004
   3.1120237496244391E-004
   3.9337269846342708E-004
   3.0295110406189840E-004
   3.1036175398978401E-004
   3.5693603308887802E-004
   3.8495425081745292E-004
   3.1328272962527417E-004
   3.3929992934982278E-004
   3.4115034757031354E-004
   3.6165428481603809E-004
   3.5843803926853665E-004
   3.5925328581877590E-004
   3.2807002018706054E-004
   3.2474656441815468E-004
   2.9383071102699718E-004
   3.0617546488239430E-004
   3.8323986575183335E-004
   3.1737154438158391E-004
   3.5933436221889051E-004
   3.3747586550355235E-004
   2.7488360092207687E-004
   3.0222862411122172E-004
   3.3771347316259690E-004
   3.2242229668357446E-004
   3.5390611069525442E-004
   3.5676561731116940E-004
   4.0101805624254936E-004
   3.6744660828673598E-004
   3.4067636704819397E-004
   2.9222298267834432E-004
   3.0359770207177031E-004
   3.4718568339905188E-004
   3.5080131555623206E-004
   3.2142480427572166E-004
   2.8756336559419685E-004
   3.5402996895654017E-004
   3.3858221979402047E-004
   3.4707049504172706E-004
   3.5853965450233813E-004
   2.9738288508281667E-004
   3.3133970416547077E-004
   3.1486727025975244E-004
   3.6508355350509943E-004
   3.0101478042397225E-004
   3.7619905239198536E-004
   3.2607000746773555E-004
   3.0987106522470723E-004
   3.3548884741645791E-004
   3.3317556778161215E-004
   3.4544718084680490E-004
   3.5905262048886136E-004
   2.8545470051011132E-004
   3.1704966894150133E-004
   3.1959843554460650E-004
   2.9400934631816102E-004
   3.7340314063248224E-004
   3.6878714251728132E-004
   3.7334158331215906E-004
   3.2404289568096757E-004
   3.6077630221191596E-004
   3.6649953989354887E-004
   3.2018309633702476E-004
   3.8219917094250896E-004
   3.5942745517537547E-004
   3.0327314813209758E-004
   3.4265024124684797E-004
   3.1494711819081970E-004
   3.6880308648834959E-004
   2.9793499165822100E-004
   3.2375356864281163E-004
   3.5660992515136142E-004
   3.5749378408945879E-004
   3.0842184079841849E-004
   3.6192903491852064E-004
   3.6352579987190820E-004
   4.0246925216995736E-004
   3.3848561000508168E-004
   3.7080276219239187E-004
   3.1155685444494324E-004
   2.9832951573812415E-004
   3.0098273695318271E-004
   3.1096205974165631E-004
   3.1415143198875101E-004
   3.4630278444146534E-004
   2.8154555159181152E-004
   3.6675016450254022E-004
   3.6028672921094236E-004
   3.1231127570510481E-004
   3.5421287159961449E-004
   3.3425490081397287E-004
   3.3202237552740460E-004
   3.4589361611952617E-004
   3.8216576791305396E-004
   3.0223582887442519E-004
   3.0265172563256155E-004
   3.5146192824326683E-004
   3.4348183258421156E-004
   3.1678215153313249E-004
   3.0561045394098419E-004
   2.9484678377579576E-004
   3.5438938116489515E-004
   3.4916544782584566E-004
   3.6336531736623040E-004
   3.1073353507718747E-004
   3.3615696992976839E-004
   3.0661761046330590E-004
   3.5162574560984990E-004
   2.9227414440636027E-004
   3.0297066552865417E-004
   3.1040038488109678E-004
   2.7582701697632472E-004
   3.1428267094693303E-004
   3.4342498032830253E-004
   3.1623763207243560E-004
   3.8502249948869449E-004
   3.4213636231083882E-004
   2.6935663782792920E-004
   2.9256942523629833E-004
   3.3893674739470046E-004
   3.4694524113994491E-004
   3.3543377396122627E-004
   3.0708123249332072E-004
   3.0711430100427065E-004
   3.1873658375468692E-004
   3.0375913029400271E-004
   3.1893865264676460E-004
   3.1252197375638267E-004
   3.4658015126180720E-004
   3.4737829711568933E-004
   3.9334567044428139E-004
   3.7126324888523809E-004
   3.4954641573955037E-004
   3.2490753285422693E-004
   3.4691581723180322E-004
   3.5888865295013962E-004
   3.2989805157006979E-004
   3.0971292222597388E-004
   3.0295440716698874E-004
   3.4853136640581000E-004
   3.5692761024179616E-004
   2.8506247377203299E-004
   3.3412522240326053E-004
   3.0119906601224031E-004
   3.4533583212874964E-004
   3.0057500256257437E-004
   3.1879912555984690E-004
   3.6241915649338601E-004
   3.1032030863370848E-004
   2.8763512526075989E-004
   3.5634105456493073E-004
   3.5037932287103384E-004
   3.5084733576173964E-004
   3.3446876946621035E-004
   3.0960129389339769E-004
   3.1507596141984277E-004
   2.8235520642770992E-004
   2.9632016460125730E-004
   3.3485031349960137E-004
   2.9321535464910055E-004
   3.3316870553871378E-004
   3.4127492605822785E-004
   3.3331697642742910E-004
   2.9689450574024582E-004
   3.4264851548382211E-004
   3.0426923289068582E-004
   2.9324602357832553E-004
   3.1003998527963193E-004
   3.3471818652743869E-004
   3.1919766702401460E-004
   3.4148778354209814E-004
   3.0338224184330004E-004
   3.3527801810317667E-004
   3.0660641953352501E-004
   3.4802657765809907E-004
   3.5513480198287416E-004
   3.4090997012636474E-004
   3.2304522655672753E-004
   3.1933360391125584E-004
   3.6010712560557767E-004
   3.3131702343536717E-004
   2.8023058577458917E-004
   2.8977403852767987E-004
   3.4872594399194454E-004
   3.0144394125418758E-004
   2.8826678295157062E-004
   3.0414303226462418E-004
   3.5248974517979753E-004
   3.4705510379508193E-004
   3.3664771775220460E-004
   3.4827819182869040E-004
   3.2932538228029953E-004
   2.9383395832193317E-004
   2.7566021501209624E-004
