   3.7958604396116181E-004
   3.0762044747325662E-004
   2.6874677060771500E-004
   3.3246651241295951E-004
   2.9628849124685376E-004
   3.3569782447057865E-004
   3.5776558024881261E-004
   3.3665513981745475E-004
   3.4181467506915625E-004
   3.3232005893374383E-004
   3.0814668366273490E-004
   3.3824309418552337E-004
   3.1028386093218482E-004
   3.4705027738017569E-004
   3.1003641086971138E-004
   3.0163683132074730E-004
   3.1930467579666219E-004
   3.0179070668806714E-004
   3.1291093184226916E-004
   3.1400210599733685E-004
   3.6001706924195897E-004
   3.5040883995282775E-004
   3.2769693274692884E-004
   3.5236858695632863E-004
   3.1582238687290518E-004
   3.1672224232117253E-004
   3.4151281311636101E-004
   3.5935076890140314E-004
   3.6471422016053556E-004
   2.9529100550356905E-004
   3.4015609722493068E-004
   2.7699452553941008E-004
   3.5981995653732671E-004
   3.0292240508635358E-004
   3.2164529189433933E-004
   3.5423870308104607E-004
   2.9265810391916445E-004
   3.2192260941856892E-004
   3.6849428526588315E-004
   2.9080186261861579E-004
   3.7527812260102622E-004
   3.4476710911714279E-004
   2.9605220656457842E-004
   3.4841777742395757E-004
   3.6165179149158863E-004
   3.4858922775215753E-004
   3.1476669101801832E-004
   2.9944143218694780E-004
   2.9831165525508901E-004
   3.4575258427785820E-004
   3.1352426728070265E-004
   3.1235846889541218E-004
   3.7119069197109048E-004
   3.2056285779854231E-004
   3.1548787251069947E-004
   2.7728942657827992E-004
   3.0229349953720807E-004
   2.9714028436947089E-004
   3.2294239497348062E-004
   3.2919717033832665E-004
   2.9152556213320885E-004
   2.8531875954334923E-004
   3.6768827755273835E-004
   3.1702817471855697E-004
   3.0485911540441822E-004
   3.3500278861976459E-004
   3.3244034823500256E-004
   3.3118242054083091E-004
   3.5851851279311385E-004
   3.1603673804608140E-004
   3.3993846504727036E-004
   3.0979187050854547E-004
   3.2743084031366211E-004
   3.4135544996574359E-004
   3.9395559287058951E-004
   3.2343840050098703E-004
   2.7808893569653746E-004
   3.2621535288468407E-004
   2.8894105199101341E-004
   3.8411695682479723E-004
   3.4987552706232302E-004
   3.5102672833919716E-004
   3.1952020746886257E-004
   3.3179004104893394E-004
   3.0644741523364467E-004
   3.3549180486504017E-004
   3.1241903668526667E-004
   3.2929211203345263E-004
   3.5858560178042890E-004
   3.5635031396963693E-004
   3.5447749061369937E-004
   3.6436665553657335E-004
   3.1041559569423079E-004
   3.2868017953321043E-004
   3.4796283687344570E-004
   3.4143082463889107E-004
   3.2765003197884494E-004
   3.5637475338021619E-004
   3.4583918776430575E-004
   3.4600647036130535E-004
   2.9149883051556740E-004
   3.2874881637841503E-004
   3.0854705067295194E-004
   3.0477187755560247E-004
   3.2498913409297509E-004
   3.9915619027513100E-004
   2.8542923792914109E-004
   2.9606650351126436E-004
   3.6377369383180816E-004
   3.6536777222156568E-004
   3.3972586659342672E-004
   3.4710844201448025E-004
   3.4324537171884239E-004
   3.5804906790168876E-004
   3.1165337181738591E-004
   3.8258749413621614E-004
   3.6343956801704590E-004
   3.6695823455808397E-004
   3.2118760290307080E-004
   2.8517106631474517E-004
   3.5398033098247103E-004
   2.9199817698767448E-004
   3.5448632763810582E-004
   2.8633931114111438E-004
   3.0040834189576181E-004
   3.5294990483554473E-004
   3.6532813697327278E-004
   2.9913641253361044E-004
   3.5564849846265306E-004
   3.4740661620484434E-004
   3.0907257232090597E-004
   3.5834577569283303E-004
   3.1482615572974760E-004
   3.4671547657057444E-004
   2.8132185604300391E-004
   3.4079654596814258E-004
   3.0727271978916776E-004
   3.6693041001324863E-004
   2.9654575226471374E-004
   3.5270885720564991E-004
   2.9882649422641357E-004
   3.6169011654996457E-004
   3.2290293622284759E-004
   3.5491393360714694E-004
   3.7405853609912080E-004
   3.1466716159626808E-004
   3.6221765795134192E-004
   3.5214641208183183E-004
   2.9129583788410732E-004
   3.0984744367700174E-004
   2.8954596787246777E-004
   3.0701808605976651E-004
   3.0196427191210714E-004
   3.3506596139644840E-004
   2.8107383059652278E-004
   3.1171685048307521E-004
   3.1911101644481335E-004
   2.9761252032108445E-004
   3.2479880635158219E-004
   3.6155948509780623E-004
   3.5304767125018266E-004
   3.6392233085096758E-004
   2.8606584842966361E-004
   3.2838510646208578E-004
   3.1210548626229472E-004
   3.5098951031889371E-004
   3.8974364718840238E-004
   3.2929212286985829E-004
   3.1807703408249632E-004
   3.2107257701433615E-004
   2.9960541077657648E-004
   3.1311013645341835E-004
   3.5635256706796018E-004
   3.3328561020739314E-004
   3.6062653269224168E-004
   3.6685754088822825E-004
   3.5131453017919002E-004
   3.0456123405327683E-004
   3.5615772595245300E-004
   3.8896067791469166E-004
   2.9030703189534201E-004
   3.0151756769644634E-004
   3.6968292700935527E-004
   3.7301180083331906E-004
   3.3702566030752775E-004
   3.0725595361926335E-004
   3.5750708799481772E-004
   2.8692193963570083E-004
   3.0291703057444552E-004
   4.0403906029213513E-004
   3.1547322523817754E-004
   3.5924974414282268E-004
   3.0811684945120392E-004
   3.3951286621303331E-004
   3.3228920021860243E-004
   3.4444634906580663E-004
   3.2114791256448468E-004
   3.4460234383580304E-004
   2.9446327185546508E-004
   2.9969403948956411E-004
   2.9645680395000049E-004
   3.8224530686096667E-004
   3.5101912712999690E-004
   3.2721522268857597E-004
   2.9858744833335715E-004
   3.4649626395022248E-004
   3.4633245895156006E-004
   3.4834810856953141E-004
   3.6655659343978904E-004
   3.5416373576876108E-004
   3.7192834716793518E-004
   3.6294546982881674E-004
   3.0427229975786655E-004
   3.4193117427404476E-004
   3.6762057657103802E-004
   3.2715688943118386E-004
   3.0130012071327640E-004
   3.5212676513289776E-004
   3.1927645699419082E-004
   3.6166700603494748E-004
   3.5886239205700339E-004
   3.6457822770028029E-004
   3.1159873660414092E-004
   3.4441675586438953E-004
   3.4333031622105426E-004
   3.7260023639084869E-004
   3.5392360760889112E-004
   2.9284630673328730E-004
   2.9705665172996874E-004
   3.0534076609951057E-004
   3.4765231233230021E-004
   3.6225751812925613E-004
   3.6111491689846015E-004
   3.0792306695499682E-004
   3.4116596356060039E-004
   3.5034386924078946E-004
   3.2744035362849267E-004
   3.0084838711970656E-004
   3.0052215502753021E-004
   2.9888660174387098E-004
   3.7306664980178548E-004
   3.5812260253721446E-004
   3.7036137618765502E-004
   3.7895183340931865E-004
   2.7824096653526590E-004
   3.2173191309498597E-004
   2.8244258949808949E-004
   3.0717317926334375E-004
   3.2081135077622561E-004
   3.5040267946480759E-004
   3.5605464536176453E-004
   3.1473157705991153E-004
   2.9376780226572305E-004
   3.2069493861608384E-004
   3.3045334180905586E-004
   3.4717976736896717E-004
   3.2339105111811513E-004
   3.6555031929132344E-004
   3.2265047112478692E-004
   3.4760477337739164E-004
   3.2025459668115681E-004
   3.2313532656449929E-004
   3.0548911939589702E-004
   2.9588657634917637E-004
   3.6873214710475853E-004
   3.3257987593429000E-004
   3.0621658272153221E-004
   3.8188654521549521E-004
   2.8473851894264958E-004
   3.5169162695336900E-004
   2.9342962882881253E-004
   2.8976481411588308E-004
   3.8431801859119009E-004
   3.2908443918223138E-004
   2.7457247102610484E-004
   3.3419231898750934E-004
   3.8621693003026877E-004
   3.3987523015172500E-004
   3.1221068665338562E-004
   3.8136600633958251E-004
   2.7221304986328369E-004
   3.3802677701715012E-004
   2.7632995523089158E-004
   3.1147239873221221E-004
   3.0898922616251658E-004
   3.6143047207698610E-004
   3.6471332330316805E-004
   3.1135192331298230E-004
   2.9172523592696211E-004
   3.6256262292524386E-004
   3.3067122117646857E-004
   2.9798227376437756E-004
   3.0806752180399262E-004
   2.9670437628857897E-004
   3.9730106162733488E-004
   2.9716851677379091E-004
   3.2365005794318864E-004
   3.5521009165223952E-004
   3.3779550803470957E-004
   3.0958158950258576E-004
   3.7889385237244107E-004
   3.6219289610772064E-004
   3.2448026794522876E-004
   3.4986862709717462E-004
   3.4432048070409058E-004
   3.1465169480823432E-004
   3.4819852068315808E-004
   3.7626696736697910E-004
   3.3786231560330480E-004
   3.6092387189731745E-004
   3.1747279246056333E-004
   2.8077334600600803E-004
   3.6062609184611807E-004
   3.5628330437817305E-004
   3.1071032243578175E-004
   3.4772582103379819E-004
   3.4574636436981505E-004
   3.5335098597127093E-004
   3.6868928756662769E-004
   3.2468511513311741E-004
   3.5624964585511537E-004
   3.6027799005820441E-004
   3.4162362840992402E-004
   3.3547292299629437E-004
   3.0682252066697356E-004
   3.0986585878713466E-004
   2.9970198445061958E-004
   2.9061057145582923E-004
   3.1321990562292750E-004
   3.3652907337094524E-004
   3.4299699353783759E-004
   3.1456775105325602E-004
   3.1730664074730737E-004
   3.0968812840081572E-004
   3.3457722389266284E-004
   3.7149502920926105E-004
   3.8456368685470016E-004
   3.3379912972518314E-004
   3.2522581064177517E-004
   3.6211174789632829E-004
   2.9920567979319529E-004
   3.7990817582387622E-004
   3.1162789691808020E-004
   3.3720585456317688E-004
   3.4702052457627252E-004
   3.2967194129881339E-004
   3.2371099384422410E-004
   3.4733620977714900E-004
   3.3318043457860507E-004
   3.4557363299522905E-004
   3.4019126620434253E-004
   3.5684290026902313E-004
   3.3686925220805951E-004
   2.6489234791433468E-004
   3.0417388934736146E-004
   3.1199153694240651E-004
   3.3813869679520973E-004
   3.2545073241542878E-004
   3.8088077389937801E-004
   3.1102276227775897E-004
   3.7214393916477141E-004
   3.0257284135129660E-004
   2.7566865085329510E-004
   3.0529087421743916E-004
   3.5503534604133363E-004
   4.2223992186079151E-004
   3.8687858012717102E-004
   3.7031127290901159E-004
   3.3600202225763260E-004
   3.2342197580682462E-004
   3.0027653135051001E-004
   3.4714947057467612E-004
   3.7168343259565839E-004
   3.7772334380387507E-004
   3.3393727544485006E-004
   2.9752894714175281E-004
   3.3807993609120615E-004
   3.1975687768581664E-004
   2.8200832917547956E-004
   3.2107740525658254E-004
   3.6253564973591127E-004
   3.6581388826465653E-004
   3.3967806736980472E-004
   2.9459813233109896E-004
   3.6645286435883035E-004
   3.1459583019607322E-004
   3.4990411741871592E-004
   3.5470327869814041E-004
   3.5569928224217658E-004
   3.3276050521123979E-004
   3.0476450424753735E-004
   3.2636536323552869E-004
   3.6800646733511542E-004
   3.9115626588146830E-004
   3.5038882860270011E-004
   3.0246292146837635E-004
   3.8871642974093017E-004
   3.5705730557339990E-004
   3.0505415174700566E-004
   3.6470636533815465E-004
   3.4166555024553913E-004
   3.4381766512675636E-004
   3.3626067283793398E-004
   3.0522317219652188E-004
   3.0206710960328645E-004
   3.1686198685979824E-004
   2.6919243800662020E-004
   3.2641113399452574E-004
   3.4573346216296906E-004
   3.1443209432728900E-004
   3.1980807898590027E-004
   2.9092411587118881E-004
   3.1170825260262963E-004
   3.2562451584532625E-004
   3.1113118737444970E-004
   3.7306782091938394E-004
   3.3335513962341919E-004
   2.7801706417471153E-004
   3.0833210583128371E-004
   3.0724764988478327E-004
   3.5021630877339437E-004
   3.1094111047782699E-004
   3.6620261886701573E-004
   3.6685101912252975E-004
   3.4806626844784475E-004
   2.8017275845603601E-004
   3.3712460875277140E-004
   3.1238969981193203E-004
   3.8342422234407804E-004
   3.2604575937760562E-004
   3.2086187160322170E-004
   3.5782209048781672E-004
   3.5548307550312526E-004
   3.1749709109217354E-004
   2.9728882479093259E-004
   3.0554074622979901E-004
   2.8958593694441639E-004
   3.3169798995893426E-004
   3.3250916926455727E-004
   3.6877796488715155E-004
   3.0715537023201593E-004
   3.2650344846703002E-004
   3.1406779168935731E-004
   3.5296485007707648E-004
   3.0775219366685578E-004
   3.5416286915541809E-004
   2.9578595748505838E-004
   3.4472831324701577E-004
   3.4978932849282662E-004
   2.9747488670625767E-004
   2.9338042788345527E-004
   3.3765381053228901E-004
   3.2329693784263985E-004
   3.2942872803058920E-004
   3.0792076913564790E-004
   3.5724773943166541E-004
   2.9736182861046269E-004
   3.1033589029790670E-004
   3.1082068652522557E-004
   2.8648111968470279E-004
   3.7063922709857131E-004
   3.4623858388584182E-004
   3.0345637797545038E-004
   3.5657806161914162E-004
   2.9837782300130150E-004
   2.9121599290327473E-004
   3.4994240752047782E-004
   3.1009261196484814E-004
   3.1387531802756714E-004
   3.5311354865208140E-004
   3.1143364784155743E-004
   3.5797096863366914E-004
   3.1577780441461678E-004
   3.5331564338551244E-004
   3.2915084505968423E-004
   2.9808969514201039E-004
   3.5823175400152190E-004
   3.6946741929435429E-004
   3.6023930964170382E-004
   2.9261139392357819E-004
   3.7491282315137809E-004
   3.4879923997089288E-004
   3.5683595515038962E-004
   2.8198530063099130E-004
   3.1362946755111425E-004
   3.3067914856430697E-004
   3.4338862460973538E-004
   2.9816015788742764E-004
   3.1869963685488987E-004
   2.9492465189223308E-004
   3.4023858746872637E-004
   3.5438196209814596E-004
   3.8139951433930632E-004
   3.6602984464362466E-004
   3.0493451330027385E-004
   2.8197608079138088E-004
   3.9002154436110697E-004
   2.8560857177441505E-004
   2.8957682519282075E-004
   3.0998541887388472E-004
   3.4536641463051422E-004
   3.4422631154165737E-004
   3.4698036294294321E-004
   3.3897546480717787E-004
   3.5082318401779812E-004
   3.0388787772992094E-004
   3.4742423162855047E-004
   3.5446688809489499E-004
   3.1223919532198695E-004
   3.0707664111789747E-004
   3.6743286717796030E-004
   3.5672754898848812E-004
