   2.9004059210610068E-004
   2.7104166675102708E-004
   3.0984946253564440E-004
   3.2579438219686906E-004
   3.2970260889523374E-004
   2.8703784535321893E-004
   2.9374345272508389E-004
   3.3518184953534126E-004
   2.8494124092784867E-004
   3.2410217029302978E-004
   2.6868002127715976E-004
   2.7435676747283242E-004
   2.9066004104155160E-004
   2.9775987468912975E-004
   3.3027973065032166E-004
   2.8945853176914085E-004
   2.7975006122871703E-004
   3.2684665058288357E-004
   3.4713255626627002E-004
   3.3590039535713958E-004
   2.8244902249441875E-004
   2.7896243492340431E-004
   3.1945568821716166E-004
   3.0419521109081220E-004
   3.0729016757464193E-004
   2.9888711070356520E-004
   3.1417392036332055E-004
   3.2398596224373575E-004
   3.3328336498362901E-004
   2.7762860532135205E-004
   2.9624658139467563E-004
   3.3839855280120754E-004
   2.8470329497085484E-004
   3.1756254885079583E-004
   3.0540027720429901E-004
   2.8674019026211559E-004
   3.4215476104376789E-004
   3.0538899734806083E-004
   2.7516883544147832E-004
   3.5631394162406645E-004
   2.4913365753238836E-004
   2.7750563106455971E-004
   3.3120621106566322E-004
   3.4025518296179825E-004
   3.4140011923599706E-004
   3.5939930602279634E-004
   3.1765307049044940E-004
   2.8619939710789073E-004
   2.8987004969483908E-004
   2.7172176669589492E-004
   3.2115468135059176E-004
   3.3825159330225278E-004
   3.3943286259879575E-004
   2.9237806909504206E-004
   3.2162048667998142E-004
   2.8759753660745146E-004
   2.9430048538155829E-004
   2.6678476573181671E-004
   2.9177189878542962E-004
   3.3212937875231214E-004
   3.4906755131011393E-004
   2.8365864463141005E-004
   3.2459540048789459E-004
   3.4009136668754669E-004
   3.5622736274084726E-004
   2.8988034792122407E-004
   3.3005542198104033E-004
   3.3422855890365437E-004
   3.4576432840220363E-004
   3.1221197845347304E-004
   3.1352823252135908E-004
   3.4166852732552591E-004
   3.2892045663167492E-004
   3.0425402490725270E-004
   3.3171086739301921E-004
   2.8621909288885990E-004
   3.1380839850986297E-004
   2.8336221448053208E-004
   2.7535020266952645E-004
   3.1928428010207172E-004
   3.3040351511357652E-004
   3.3009250695439842E-004
   3.2961676652040539E-004
   3.1892805144600648E-004
   3.4076532953824628E-004
   2.7416461862529810E-004
   2.8830082861858798E-004
   2.9243343204764742E-004
   3.0583683389349476E-004
   3.3308808522904717E-004
   2.7756064540907752E-004
   2.8692380683581709E-004
   2.5951215404254618E-004
   3.3419894130368188E-004
   3.1335802430814427E-004
   2.8338354181779496E-004
   3.0279241098628339E-004
   3.0048998488627586E-004
   2.9046802440798269E-004
   3.0902484509133759E-004
   3.4778332274854133E-004
   3.3102977193365718E-004
   3.1181837498713791E-004
   3.4150295577936736E-004
   3.0156506833797661E-004
   3.2746583446232024E-004
   3.5040549302142965E-004
   2.9400391778877926E-004
   3.4374783234379197E-004
   3.4167777228287396E-004
   2.7795498612303855E-004
   3.0170179102077918E-004
   3.0197434541013782E-004
   3.0265210270166416E-004
   3.3114329377556800E-004
   3.1949925565405885E-004
   3.1286275833024600E-004
   3.3017448802702615E-004
   2.9132629693176028E-004
   3.1668339930786586E-004
   3.1529680209139055E-004
   2.9795426720003777E-004
   3.2249300788458001E-004
   2.9095327749971878E-004
   3.5003700021453822E-004
   3.0631969704267124E-004
   3.2158202516336282E-004
   3.4084939696560503E-004
   2.8668355797704519E-004
   3.2804601842767315E-004
   3.0918977629648990E-004
   3.0454786724936061E-004
   3.4086653406397891E-004
   3.2396512775700073E-004
   3.3610934133975677E-004
   3.1771940615279504E-004
   3.1018485866823176E-004
   2.6803159331654450E-004
   2.9912900498217827E-004
   2.7614380552982255E-004
   3.0228094823339847E-004
   2.8512243424665980E-004
   3.1857136331831269E-004
   3.2238930369307966E-004
   3.1994827053682950E-004
   3.4361375679352752E-004
   3.3732817107355552E-004
   3.3068874659121993E-004
   3.2599596055616644E-004
   3.6083986790619955E-004
   2.6708491389920762E-004
   2.7627309102150398E-004
   3.0943264570177070E-004
   3.0760999362128413E-004
   2.9443560467296015E-004
   2.8956907729122858E-004
   2.6640073779041001E-004
   2.8077506748667747E-004
   2.9442353330854016E-004
   2.8922019641197091E-004
   2.9530583066636826E-004
   2.9374703788029424E-004
   3.2275604720490459E-004
   2.8896679735547444E-004
   3.2955103816191935E-004
   3.2306326499071633E-004
   2.8580721535334834E-004
   2.9047017221377653E-004
   2.9626061273473341E-004
   3.2260321108595891E-004
   3.3883170475527762E-004
   2.9084995127215190E-004
   3.2464945737131935E-004
   3.3623103206467051E-004
   2.9136934952425284E-004
   2.9326302354286518E-004
   2.9806379085590561E-004
   3.2941599790637120E-004
   2.9555423033749675E-004
   3.0464353252386312E-004
   2.9336904882736698E-004
   2.7336481526160021E-004
   2.6873905567332228E-004
   2.9702321967427415E-004
   3.2417396477450933E-004
   3.3768398099555418E-004
   3.0901358474648964E-004
   2.9865509992149029E-004
   2.9737617810774450E-004
   3.2697183734897608E-004
   2.6185320645054783E-004
   2.7154849391705806E-004
   3.4372737595910461E-004
   2.8788734500281870E-004
   3.1944948287094665E-004
   2.8731478745487116E-004
   3.4422269208947122E-004
   2.9515503429829518E-004
   3.0719213287082981E-004
   3.4977146265897891E-004
   2.5877988970190259E-004
   2.7461132962551277E-004
   3.2436651436421499E-004
   3.1349247817437814E-004
   3.1030800101726529E-004
   2.8692703220382720E-004
   3.1868838070996450E-004
   3.4535542790101891E-004
   2.6840681874054260E-004
   3.3132079865812744E-004
   3.3128005882622280E-004
   3.2567371352349833E-004
   2.9791165476360579E-004
   2.7820194129526071E-004
   3.1260179241598051E-004
   2.9627704146675875E-004
   2.6666407045607008E-004
   3.2150265492742380E-004
   3.0007255210665111E-004
   3.2712535376087161E-004
   3.1678542471328937E-004
   3.1059625914600262E-004
   2.9940698212718383E-004
   3.1545672167521984E-004
   3.4483793748032342E-004
   3.0648876672290484E-004
   3.2498615567531144E-004
   2.9676409888394187E-004
   2.9358961550780902E-004
   2.6469157948834176E-004
   3.1865624835392261E-004
   3.1089032196497055E-004
   2.8395177858187872E-004
   3.3013904344550486E-004
   3.4116948834915159E-004
   2.7261890055174144E-004
   2.7536911760678198E-004
   3.0647449442774326E-004
   3.1317528205352903E-004
   3.4003361229703957E-004
   2.8076580180313510E-004
   3.0443806934528269E-004
   2.8593016693013892E-004
   3.3437500778520698E-004
   3.3267254841262407E-004
   3.3555309704513911E-004
   2.6722144240367223E-004
   3.3775107899744808E-004
   2.8382565403968897E-004
   3.3061242475635654E-004
   3.3956815617913554E-004
   3.0545123284724120E-004
   3.3562745821616235E-004
   3.4226468716502280E-004
   2.9208375264481854E-004
   2.8569309037641182E-004
   2.8237317035550801E-004
   2.8078146057240841E-004
   3.0540521634466903E-004
   2.6121224369496328E-004
   2.8635396871979241E-004
   2.5655853434491905E-004
   2.9538224802882541E-004
   2.9362649363453620E-004
   2.9363899862945407E-004
   2.9537469200302400E-004
   2.8658691202410524E-004
   2.9292701563426326E-004
   3.1854645087451536E-004
   3.1083460796105228E-004
   2.7410979824759029E-004
   2.7918209906390069E-004
   3.0710154407309625E-004
   3.4040898583652407E-004
   3.2714642311463881E-004
   2.8268399107728083E-004
   2.7476059875425568E-004
   2.8802660898905757E-004
   2.6231855749895807E-004
   2.7957751527778071E-004
   3.2522560873208422E-004
   3.6537167825042834E-004
   3.4163686518001751E-004
   3.1440667579399686E-004
   2.8356519407642420E-004
   2.7634490580247603E-004
   2.6337621792078727E-004
   2.6786592472132008E-004
   3.0561337287339822E-004
   3.1610549230261600E-004
   2.8479731529803003E-004
   2.7067149634210299E-004
   3.2209121314287698E-004
   2.8463369170373748E-004
   3.2227485787198130E-004
   3.1021086165824925E-004
   2.7896465787443422E-004
   2.8605567130728364E-004
   3.1866187777330882E-004
   3.3464766663684553E-004
   2.6374763376364887E-004
   3.0082733077422359E-004
   2.9455258081837805E-004
   3.2495787331865867E-004
   3.4146928648675989E-004
   2.9843227241212650E-004
   2.9054381286569580E-004
   3.0008497442338274E-004
   3.1805676327809561E-004
   2.8297585463160554E-004
   2.9738927195620664E-004
   3.2069985483838988E-004
   2.7676542438415390E-004
   2.9948663672123456E-004
   2.8647564832459947E-004
   3.2738745595902233E-004
   3.3907337970533403E-004
   3.2453856203373067E-004
   3.1093323173806044E-004
   3.2108425938160492E-004
   2.6629253284180313E-004
   3.0920587517363506E-004
   3.2088879027521855E-004
   2.7980154474038029E-004
   2.9626837608847289E-004
   2.8474446900614422E-004
   2.9333236248225124E-004
   2.8187003060659732E-004
   2.6355510077945879E-004
   2.9348226180372098E-004
   3.2272986940382503E-004
   3.1784633630695607E-004
   3.3887225953303562E-004
   2.7725643165760916E-004
   3.2375612408814560E-004
   2.9718567624941307E-004
   2.7118192531988436E-004
   2.9088596619331807E-004
   3.0300084570859212E-004
   2.9668970582353416E-004
   2.5614837931332125E-004
   3.1603513754129210E-004
   2.6872150879465970E-004
   2.8138127037376584E-004
   3.4957374097579574E-004
   3.4330266445270876E-004
   2.8596279490394200E-004
   3.3923248461127924E-004
   2.8951711514295299E-004
   2.4930077754954324E-004
   2.6208116438404110E-004
   3.2021830833393574E-004
   3.4402275292652189E-004
   2.7999423226588376E-004
   2.9233704195036087E-004
   2.8683153292035675E-004
   3.0360696726168827E-004
   2.6640127583113732E-004
   3.1643595344140661E-004
   2.8682021826905937E-004
   2.6852249809082362E-004
   2.5779391847893454E-004
   2.8993207696791258E-004
   3.3996562033365772E-004
   2.9625346389490313E-004
   2.9457560833314952E-004
   2.8519460034870945E-004
   2.6548873514117317E-004
   2.8728460817714906E-004
   2.7110504614329199E-004
   2.6063536770853295E-004
   2.9404942985839194E-004
   2.8720798808362820E-004
   2.8274022097186225E-004
   3.2488203535128746E-004
   3.1369208035024888E-004
   2.7286629953688176E-004
   3.5357555474659330E-004
   3.3789770552105318E-004
   3.3484932249724562E-004
   3.3194060607141015E-004
   3.1685914501960240E-004
   2.7972479958134468E-004
   2.6591057193134745E-004
   2.7890931211682081E-004
   2.9597487052571923E-004
   3.3418724574851312E-004
   2.7403710391944329E-004
   3.0005947886055102E-004
   2.9347488839847930E-004
   2.8974427231563476E-004
   2.8094147322936920E-004
   2.6813545645655779E-004
   3.1226109137056800E-004
   3.2019593003209068E-004
   3.3634749536756470E-004
   3.5551507411388456E-004
   2.9201763772695983E-004
   3.1262378931198458E-004
   2.8830473170701320E-004
   2.5499581986417020E-004
   3.2777480372030003E-004
   2.9728154562424884E-004
   3.2595777322492851E-004
   2.6676106993794093E-004
   2.7328199766300158E-004
   3.2964163360509275E-004
   3.1946989129272166E-004
   2.7865874452143782E-004
   3.4578367781477453E-004
   2.9455965965274964E-004
   3.3610764191567007E-004
   3.1948449493783158E-004
   2.7240819434534778E-004
   2.6459103767983072E-004
   3.3719076498651745E-004
   2.7643303366366986E-004
   2.7984696779249945E-004
   3.3399603825621561E-004
   2.9649157753079561E-004
   2.7435353758441938E-004
   3.1695460343397389E-004
   3.1246897986468152E-004
   2.9849383916108929E-004
   3.3572829785271638E-004
   2.9251826949199195E-004
   3.2909042776992152E-004
   3.5111297189831616E-004
   2.6911688836938220E-004
   2.5354303126853817E-004
   2.8375749678218525E-004
   2.6535125820150861E-004
   2.8185696104009563E-004
   2.7422982901211408E-004
   2.6983422120925539E-004
   3.1311506494792837E-004
   3.3901847293480998E-004
   2.7057547100618008E-004
   2.7443136854404739E-004
   2.7806052583385227E-004
   3.2135337612808422E-004
   3.2298997705088945E-004
   3.3626478290943598E-004
   2.7618120998241065E-004
   2.7552906726860664E-004
   3.1197253908045577E-004
   2.8913692390815626E-004
   2.9888525085909693E-004
   3.1841615578427336E-004
   3.1921040867977481E-004
   2.8125934349405027E-004
   2.7921918398339811E-004
   3.0591724087428249E-004
   3.2544321241586839E-004
   2.7759729271845156E-004
   2.8203896924518484E-004
   2.7643809363110656E-004
   3.3670069581623693E-004
   3.0092278393336534E-004
   3.0904486743413637E-004
   3.1753545731670553E-004
   2.8262645521896280E-004
   2.6752034915947524E-004
   3.4502477262492105E-004
   2.7117738259288396E-004
   3.0256729382738571E-004
   3.1941133804760621E-004
   3.3538661025344160E-004
   2.7886427324866792E-004
   2.7376412956482048E-004
   2.9525026549697634E-004
   3.4844682515824791E-004
   2.7366793123169181E-004
   3.4084478806034314E-004
   3.1708223510202931E-004
   3.1562508598229706E-004
   2.9495121678636149E-004
   3.2700583170436673E-004
   2.9769747588662756E-004
   2.6939886035637827E-004
   2.9568159074720317E-004
   3.5169292134483611E-004
   2.9697482811993117E-004
   2.8919747700328636E-004
   3.0792680113663601E-004
   2.7561431201898073E-004
   2.8947936849891035E-004
   2.7589284267800682E-004
   2.7059994705356226E-004
   2.7188121334879921E-004
   3.1712184460054891E-004
   2.8819204806003842E-004
   3.3872625858563150E-004
   2.8260509134332885E-004
   3.3882021654861399E-004
   3.0339909930666943E-004
   2.9839939203084304E-004
   3.1299164006719042E-004
   2.9782265044818088E-004
   3.1877157449632218E-004
   3.2453194034498268E-004
   3.2502110393611898E-004
   2.8999518683511778E-004
   2.9225806598456855E-004
   3.2328752802935468E-004
   3.3606633401088892E-004
   3.1750154413145721E-004
   3.1456644784767627E-004
   2.9929701558978670E-004
   3.2356430938918819E-004
   2.6871108736583894E-004
   2.7885221038070516E-004
