   3.1986132387992099E-004
   3.6410631795467024E-004
   3.1872728362209980E-004
   2.9362549532489150E-004
   2.7055214952476873E-004
   3.4316332143833429E-004
   2.7618432672343385E-004
   2.6461446429718640E-004
   3.0257790590903388E-004
   3.2758317379402886E-004
   2.9294753697565611E-004
   2.6577638791970559E-004
   2.8090535284990112E-004
   2.8934405381058384E-004
   2.7926354579783729E-004
   3.0921107901855059E-004
   2.9694287013560709E-004
   2.9510012542904927E-004
   2.9325861941209666E-004
   2.6187657026038505E-004
   2.6909533356162213E-004
   3.7504210682039776E-004
   3.1844859458968547E-004
   3.2446983106012846E-004
   2.6967107449121986E-004
   2.8028459466372435E-004
   2.8115572110000382E-004
   3.0131072614010638E-004
   3.2302895559953141E-004
   3.3527096475196271E-004
   2.9722826794545095E-004
   2.7114167614987288E-004
   3.5826231535772315E-004
   2.7659460105549895E-004
   2.9725454336307659E-004
   3.2091237321317631E-004
   2.7842067455487543E-004
   2.8666773554662301E-004
   3.3845018347371448E-004
   2.9295230772579561E-004
   3.4202056865984627E-004
   3.1579941946420519E-004
   2.9338952936388391E-004
   2.7295650933809967E-004
   2.7186033397256170E-004
   2.7355069990937677E-004
   2.6837461978989686E-004
   3.2339584806311174E-004
   3.1298462937556884E-004
   2.8622847354274026E-004
   2.8960704697588493E-004
   3.3318659864531726E-004
   2.5471559435107332E-004
   2.7735680016908966E-004
   2.8407217260353472E-004
   3.0730827416720099E-004
   2.6751998183625615E-004
   3.1655698527420604E-004
   2.8725019224548035E-004
   2.8697338589413505E-004
   2.8057269649802119E-004
   3.0856877683673898E-004
   3.2993834575863060E-004
   2.9754224615720435E-004
   3.2302123302453152E-004
   3.5903002022928828E-004
   3.1691865717236927E-004
   3.0018156207843198E-004
   3.0375934829835757E-004
   3.2850824017609942E-004
   3.2165351709041696E-004
   2.9915428164891062E-004
   2.9040304404852183E-004
   2.8019415949225837E-004
   3.3857824721336498E-004
   2.7707591958925896E-004
   2.9860243360534729E-004
   3.1300379020440545E-004
   2.7996721963527085E-004
   3.2273357886029386E-004
   3.2034687822984524E-004
   3.1795166799901295E-004
   3.0235214969906731E-004
   2.7328765415137796E-004
   2.7868248230962121E-004
   3.0030548245168776E-004
   3.3395710754357188E-004
   2.8835941474836463E-004
   2.7238336184938456E-004
   3.1233196024899490E-004
   2.8810121066064851E-004
   2.9221857528062713E-004
   3.2781905259977336E-004
   2.8255649719776424E-004
   2.8430914364095889E-004
   3.0001720879052916E-004
   3.3350337195206916E-004
   2.8516412355120201E-004
   2.6154651745376487E-004
   3.0582527323585979E-004
   3.1255096165932312E-004
   3.3110832778052070E-004
   3.2615053353936296E-004
   3.4011010962425609E-004
   2.7871089360068568E-004
   2.8229871812342070E-004
   2.9215719860409929E-004
   2.8088267937797162E-004
   3.2509805321078160E-004
   3.2890542384297954E-004
   2.6551922611969201E-004
   2.7635949410624540E-004
   3.0590487603488712E-004
   2.9642495918261934E-004
   3.2867780219171489E-004
   2.6770949223451566E-004
   3.0384276559431003E-004
   3.3416681118282826E-004
   3.1198983757956770E-004
   3.2497403093449028E-004
   2.5917633785513364E-004
   3.5562266215349424E-004
   3.2494507735630917E-004
   3.1474432978060023E-004
   2.7074071074180379E-004
   2.8356053878505252E-004
   3.0134664899907510E-004
   3.4634976455946980E-004
   3.1249810524423669E-004
   3.3707360707360088E-004
   3.0999410740482658E-004
   3.3488713935448652E-004
   3.2445758757240122E-004
   2.9702265821094964E-004
   3.0812131032260194E-004
   2.9823990826936597E-004
   2.6141436344880015E-004
   3.3845342037022838E-004
   3.4231421826145402E-004
   3.3384505511099453E-004
   2.7085827442867240E-004
   3.3202270213570772E-004
   2.9878299692974838E-004
   2.9233301015199728E-004
   2.8791762845234366E-004
   3.2947225493531708E-004
   2.7737786796083134E-004
   2.7566452281899443E-004
   2.9558281833315278E-004
   3.2402823289144866E-004
   2.9298914773485729E-004
   3.0736218872715287E-004
   3.2789701909933437E-004
   3.0929593696071839E-004
   2.8446955692395360E-004
   3.1653852750274992E-004
   3.5008465202177800E-004
   3.1922114224588701E-004
   2.9297252615193790E-004
   3.2287324906527312E-004
   3.0049909402855808E-004
   3.1603627752920357E-004
   3.1230934333152134E-004
   3.3912250950973824E-004
   3.7959337855311866E-004
   3.2384789946142309E-004
   2.6420762585170848E-004
   2.9950162644387066E-004
   2.5358091767422637E-004
   3.1334834495987210E-004
   2.6147111374546128E-004
   2.7344173431541910E-004
   2.6733474605573259E-004
   2.6701266826603085E-004
   2.4895142569233394E-004
   2.8289085554099043E-004
   2.8396869542906113E-004
   3.0050741388826441E-004
   3.0797833698628218E-004
   2.7488836215937122E-004
   2.9108376919980805E-004
   3.1099877238845077E-004
   3.2884830940454877E-004
   3.3213095395001754E-004
   3.0869361833817685E-004
   3.1730519850844513E-004
   2.8688253617813327E-004
   3.2576939691241017E-004
   3.2683703169555760E-004
   3.2001805858797067E-004
   3.4012911718214446E-004
   3.3607278996973966E-004
   2.4745997027128563E-004
   3.2351803012740520E-004
   3.1632510268776205E-004
   2.8268821331663878E-004
   2.8972536130612896E-004
   3.0941665649306257E-004
   3.3303422716243883E-004
   3.0431464909518307E-004
   2.9937028231563075E-004
   3.2227763431193348E-004
   2.8646977819337261E-004
   3.5464728415100371E-004
   3.2897875921973472E-004
   2.8499581477023437E-004
   3.1184287535855056E-004
   2.9815292502950681E-004
   3.0395757030449080E-004
   3.0882801713871344E-004
   2.8029850004152506E-004
   2.8167735253646468E-004
   3.4650593346875806E-004
   3.1559616176781162E-004
   3.1994397657988781E-004
   3.1689038669441722E-004
   3.7804851873049863E-004
   3.0321716904744607E-004
   2.9810319402110509E-004
   2.7954413232591873E-004
   3.0909397722671711E-004
   3.3089273336263820E-004
   2.6930091978644795E-004
   3.4874358038417821E-004
   2.8992202296372106E-004
   3.1724316815653713E-004
   2.9197533843155495E-004
   3.2156373766855934E-004
   3.1659750365429454E-004
   2.7581810555400694E-004
   2.7599164140065769E-004
   2.6994964157671207E-004
   3.5175046204902503E-004
   2.8330138331350026E-004
   3.6676393495961850E-004
   3.2355314483344962E-004
   2.7118773354313627E-004
   2.7433075323396059E-004
   3.3032685286273717E-004
   2.9412475463832995E-004
   3.1719713385126245E-004
   3.3406997559295092E-004
   3.3856026335381902E-004
   2.8828086542058098E-004
   3.2437214360154333E-004
   2.8488413175320172E-004
   2.7883347997939475E-004
   2.8131101831263474E-004
   3.2692227665058270E-004
   2.9122475560889287E-004
   2.7707628292467340E-004
   2.9877049873169165E-004
   2.9302957301597412E-004
   2.8620424837225736E-004
   3.3091928419735222E-004
   3.4717401548198771E-004
   2.7133002084193958E-004
   3.2789089696589924E-004
   2.9133266209086574E-004
   3.1532189830978645E-004
   3.0068268971094654E-004
   2.8320616842223328E-004
   2.8348911107808883E-004
   2.8567288963099696E-004
   3.3301593987556391E-004
   2.6461382918074492E-004
   3.1163376952798123E-004
   3.0136239585072222E-004
   2.5546571817234204E-004
   3.1905466931466672E-004
   2.7080308646590742E-004
   3.3407227951362176E-004
   2.9590662822978831E-004
   2.8752978553368537E-004
   3.3440948402230691E-004
   3.0489625066779731E-004
   3.3535257525329787E-004
   3.3656359080848271E-004
   2.9051937163341701E-004
   3.3783217597526392E-004
   2.8120444774039675E-004
   3.2291714898514750E-004
   2.6766065577240737E-004
   3.3232378480499658E-004
   3.1112757579691516E-004
   2.9106514125273566E-004
   3.2486752729310317E-004
   2.5823211459432888E-004
   3.2564951105801916E-004
   3.4790398853411811E-004
   3.3127574646944904E-004
   3.3963857107903109E-004
   3.1474637023949274E-004
   2.7162395783664542E-004
   3.2078486974789427E-004
   2.9278505495443726E-004
   3.0013135380088987E-004
   2.9373604770939406E-004
   3.6063848266132040E-004
   3.1077037103501118E-004
   2.7959368969254116E-004
   2.4924356211374548E-004
   3.5130282307225554E-004
   2.9718291058855481E-004
   2.9576842216999874E-004
   3.0416041438549845E-004
   3.4191869224856763E-004
   3.1563335612051698E-004
   2.9624066651049574E-004
   2.8031658330452666E-004
   2.6383723809718704E-004
   2.7029821695737576E-004
   3.5704506669623697E-004
   2.7897744308246907E-004
   2.8405144778186428E-004
   2.5691164499465216E-004
   2.6523160146503153E-004
   2.7267474503602927E-004
   2.7387504550302195E-004
   3.0317974424025969E-004
   2.7118638003056835E-004
   3.1995267894801307E-004
   3.0313919640003216E-004
   3.3821979939478128E-004
   3.4247503059540340E-004
   2.8830659373659537E-004
   2.8118043900533102E-004
   2.6607230535437390E-004
   3.5347130304318842E-004
   3.0144626859696777E-004
   3.1176234890395151E-004
   3.4251597465471799E-004
   2.9985051168222269E-004
   2.8150433824867990E-004
   2.8247250781341824E-004
   3.3144606324680178E-004
   2.5530802110604073E-004
   3.2367407602384161E-004
   3.4269818834036864E-004
   3.2547211085012307E-004
   2.8673631129517871E-004
   2.7054186464232243E-004
   2.7764155910424838E-004
   2.8640699934488994E-004
   2.6840094225202827E-004
   3.2870225196443873E-004
   2.8386458320712229E-004
   2.7810617166829240E-004
   2.9081152686495659E-004
   3.2292700372455358E-004
   2.7894571313897209E-004
   2.8272477999091402E-004
   3.5722386135523377E-004
   3.2567121468532603E-004
   3.3618188146752566E-004
   3.0473945756942712E-004
   2.8120654674208069E-004
   2.8158283715184080E-004
   2.9330814984356745E-004
   3.2290968354976434E-004
   3.1392946541393727E-004
   3.2942546260629496E-004
   3.0550191203869567E-004
   2.9670595860913513E-004
   2.7272546078392434E-004
   2.7792406823366799E-004
   3.3486705462765340E-004
   2.7261620756772591E-004
   2.7961469113697715E-004
   3.0146276303731048E-004
   3.2816548828642621E-004
   2.8192393525223081E-004
   3.2057839752065471E-004
   3.2599108791086845E-004
   3.1673960827409778E-004
   3.1484120359006197E-004
   2.7805391311041161E-004
   2.5137022159533594E-004
   2.8404041724922334E-004
   2.7647804911012225E-004
   2.7899294880776650E-004
   2.6460546290609687E-004
   3.0461661371538554E-004
   3.3354507937646453E-004
   2.8548367403075694E-004
   3.3109673574160004E-004
   3.2577882962436463E-004
   3.2345996029428220E-004
   2.8595658548094858E-004
   2.9567131454209111E-004
   2.8320398262344739E-004
   3.0578883253423375E-004
   3.4246450794964687E-004
   2.5776581444494196E-004
   3.1305793896671324E-004
   3.1105096655099695E-004
   2.8736753340683716E-004
   3.1230815628238066E-004
   3.1319094318347720E-004
   3.5781777964184318E-004
   3.3135623598887221E-004
   3.2403037146521991E-004
   2.8912689270195669E-004
   3.0905090290946297E-004
   2.8197239579399699E-004
   2.7993856544339092E-004
   3.3737950414006266E-004
   2.7336909045686561E-004
   3.3264608704532394E-004
   3.4573446896151024E-004
   3.4560367238459168E-004
   3.4061927605046299E-004
   3.3547329033336410E-004
   3.3375562607617081E-004
   3.4235228176579367E-004
   2.7018021087518317E-004
   2.6627669204893917E-004
   3.0711643348886760E-004
   3.4219642711115408E-004
   3.4337680392659478E-004
   3.2500355160456788E-004
   3.2197926711457597E-004
   2.7405584868305449E-004
   2.7281776014215052E-004
   2.6800314415757233E-004
   3.0023059216186904E-004
   2.9405511982600067E-004
   2.7030491500526380E-004
   2.8456263389418040E-004
   2.7902996512948200E-004
   2.6609094158607465E-004
   2.4624618925579375E-004
   3.1203739509413464E-004
   3.3497424945299660E-004
   2.9373152027380834E-004
   3.3957085571051788E-004
   2.8813966925250137E-004
   3.0788448082528884E-004
   3.2377785229944025E-004
   3.4287617618235694E-004
   2.7275187556776196E-004
   2.6875750030367994E-004
   2.9910944547686344E-004
   2.7736229001215054E-004
   3.0967164474563402E-004
   3.3458647531560079E-004
   2.9279147564715001E-004
   3.1157354809097467E-004
   3.4822428082163906E-004
   3.5412458856538766E-004
   3.6466974871720496E-004
   3.2856367928935966E-004
   2.8971948218074636E-004
   2.8368327715782291E-004
   2.7243362911600797E-004
   3.2275556628742048E-004
   3.2410304274281743E-004
   3.0114971773062121E-004
   3.1557588708256952E-004
   2.8777732451577614E-004
   3.1967956198998554E-004
   3.2093026902322772E-004
   2.8975598929837330E-004
   3.3898201917150031E-004
   2.8135044017236496E-004
   2.8112957598930445E-004
   2.9980316097653642E-004
   2.9545827481289381E-004
   3.2051527870578019E-004
   3.4022039914125056E-004
   2.8962459281001266E-004
   2.6832700338208813E-004
   2.9263032708808263E-004
   3.3028857376464878E-004
   3.0615271213191829E-004
   3.2594739718847345E-004
   3.1310664676303257E-004
   3.0969857898588573E-004
   2.7521101923874230E-004
   2.8661176916530066E-004
   2.7025398288374518E-004
   3.2077722866144542E-004
   3.1337625121897084E-004
   2.7449333659392412E-004
   3.0596949990231812E-004
   2.7555593604196120E-004
   3.0322747708335230E-004
   3.0013777992278848E-004
   2.9261556207399859E-004
   3.5458881467884134E-004
   3.1898828567779194E-004
   3.3071975356184984E-004
   3.5268357328806265E-004
   3.1774852770764328E-004
   2.7564689115611033E-004
   2.9205443118707046E-004
   2.8871548344228202E-004
   3.2960043205138424E-004
   3.1744527889485650E-004
   3.2109760110178652E-004
   2.9170390000431509E-004
   3.0185295633030387E-004
   2.6031595982488017E-004
   2.8935123854980922E-004
   2.7722085725710802E-004
   2.9440626695349440E-004
   3.1131027302826875E-004
   2.9371514248887812E-004
   2.9550283858637304E-004
   3.0046270138179860E-004
   2.9526768974345819E-004
   3.2556077199068608E-004
