   2.8572356311914147E-004
   3.2506792289425528E-004
   2.8263487312058498E-004
   2.7716870178686685E-004
   2.8330424538736208E-004
   2.8236707976471832E-004
   2.7347714934436017E-004
   2.8622656675063898E-004
   3.1325548083232309E-004
   3.4805865132998782E-004
   3.2493587343194552E-004
   3.1153001698580520E-004
   3.5408220654040536E-004
   2.8788869470655387E-004
   2.9397438843560450E-004
   2.7748810379868633E-004
   3.1597876921333703E-004
   2.6385670241902348E-004
   2.8298996452505389E-004
   3.2335076327703649E-004
   2.9071210057904779E-004
   2.7957664619442725E-004
   3.2850160591561004E-004
   3.2241012425446682E-004
   2.9208183160044109E-004
   2.9884077922038443E-004
   2.9213318355053526E-004
   3.4268220700976227E-004
   3.1388646514599093E-004
   3.2827389953931269E-004
   2.8595228154895723E-004
   2.7638623676862808E-004
   2.8311542660138238E-004
   3.1581880526708803E-004
   2.7944549759638247E-004
   3.1015134000118817E-004
   3.1900968598726984E-004
   3.3736123988288802E-004
   3.0418592684302751E-004
   2.7361386001263801E-004
   2.8406396044019865E-004
   2.7769335710327146E-004
   3.1788449776612118E-004
   3.1689363132943313E-004
   3.3620899504858552E-004
   3.3587716548225555E-004
   3.3519565709962367E-004
   3.3276046241078445E-004
   2.7667903841173852E-004
   3.3175499229832589E-004
   3.0244916300827890E-004
   3.1958366212191390E-004
   3.1142359353830842E-004
   3.2601513273181320E-004
   2.8416938782019005E-004
   3.2496798814918260E-004
   2.8779090262173366E-004
   3.3618553243780611E-004
   2.7910480683736245E-004
   2.7125280097239820E-004
   2.9272492419026496E-004
   3.3776287068130388E-004
   2.5958257464192314E-004
   2.8669528143477745E-004
   3.5626659571480154E-004
   3.4832165848287355E-004
   2.9485886469694670E-004
   3.1527998104401281E-004
   3.2315769657379758E-004
   2.8454999095534864E-004
   2.9151858390903923E-004
   2.8467140741270211E-004
   2.6572382140332062E-004
   3.4007315883250637E-004
   3.5831032686114940E-004
   3.0539652490844190E-004
   3.0790631341535952E-004
   2.9034647029177306E-004
   3.2527843422154655E-004
   2.7056572946139147E-004
   3.0543343515643685E-004
   3.3389682439358744E-004
   3.6259889246365262E-004
   3.4321058310557429E-004
   3.6677782253984878E-004
   2.9458844783395441E-004
   2.9910471401500919E-004
   3.3333795691393780E-004
   3.1109968671701231E-004
   3.2056536272696503E-004
   3.3634738424687615E-004
   3.3791979186170750E-004
   2.9507218087289230E-004
   3.0785686497994153E-004
   3.2109362226880506E-004
   3.3382901587012949E-004
   2.9868791159763506E-004
   3.1363012148918565E-004
   3.2154753796103834E-004
   2.9187268469003328E-004
   3.3573330128476434E-004
   2.7818055791320733E-004
   3.0995909650216336E-004
   2.8334175361396371E-004
   2.5575620321728561E-004
   3.1020860985184900E-004
   2.6170555162315676E-004
   2.8877209209488187E-004
   2.9685464704952804E-004
   2.9796679962168856E-004
   2.8430779833952852E-004
   2.9300052497227802E-004
   2.6134167774967285E-004
   2.7669417105422462E-004
   2.6703164038709989E-004
   3.0968316219167572E-004
   3.2349505468159257E-004
   2.8979393187830195E-004
   3.2479405657160829E-004
   3.4123052606597847E-004
   2.7007397284481931E-004
   3.3085603349343625E-004
   3.1185896844711345E-004
   3.2878781465774901E-004
   3.2532676291722817E-004
   2.6157350882185479E-004
   2.7910444958838542E-004
   3.5333896312396423E-004
   3.2749207654978190E-004
   3.4881017015128240E-004
   3.0040392309388820E-004
   3.1298727112712940E-004
   3.1444267726191821E-004
   2.9417201106861590E-004
   2.6910571919621463E-004
   3.2429337283474189E-004
   2.8117811581261892E-004
   3.1904398001276097E-004
   3.0236752147050881E-004
   2.5122480967371260E-004
   2.8316803844456918E-004
   2.7597591962043755E-004
   2.6871420042218268E-004
   3.1144836850881345E-004
   3.3068370626873178E-004
   3.6726372791378187E-004
   3.1840464518780899E-004
   3.3797925300834168E-004
   3.2113608791934793E-004
   3.2846304064321940E-004
   3.4558365170668108E-004
   3.0195073035852544E-004
   3.4016838426340713E-004
   3.0032266933405287E-004
   2.7468386997481719E-004
   3.5986036653532058E-004
   3.2546742795904794E-004
   3.3471657313523191E-004
   2.9118627805881786E-004
   3.1990657299481518E-004
   3.2687781827158232E-004
   2.9413925261278888E-004
   2.9483143438113871E-004
   2.7697505734150546E-004
   2.8923856994482325E-004
   3.6066170448895954E-004
   3.0240287245600795E-004
   3.1592944658680259E-004
   3.4998415736378624E-004
   2.7913064801578241E-004
   2.6651164268653868E-004
   3.3149241642577409E-004
   3.3472195791240696E-004
   3.5649385371289106E-004
   3.2984937946681746E-004
   3.3904411304716862E-004
   2.6169180159021780E-004
   2.9574474861755967E-004
   2.6733839535108921E-004
   2.8029479743512173E-004
   2.8151932898710274E-004
   3.1626362274646643E-004
   3.1347627390220119E-004
   2.7844435865208815E-004
   2.7372877636438429E-004
   3.2078343827766432E-004
   3.2353616127012565E-004
   3.3887455946290745E-004
   3.2233587562999379E-004
   2.7511408942073711E-004
   2.7020467628525210E-004
   3.5239647910521350E-004
   2.5500746618668373E-004
   3.3127035968090826E-004
   2.7173740891381218E-004
   3.0598052085634885E-004
   2.7121168255968639E-004
   2.9214342614022502E-004
   3.1506059813588894E-004
   2.9113650522239089E-004
   2.8525242999314786E-004
   2.9658488309647113E-004
   2.8168315006235156E-004
   2.9930557596571651E-004
   2.5329975827628200E-004
   2.6571784146716624E-004
   2.7736402562449964E-004
   3.1187411723082885E-004
   2.8052240493300668E-004
   3.3191863491643849E-004
   3.3907533027487585E-004
   3.3006391139271657E-004
   2.6599045486610184E-004
   2.5656700912268831E-004
   3.2673641856855975E-004
   2.8305615034272504E-004
   3.0992020767409736E-004
   3.3080492562326692E-004
   2.7087224381100493E-004
   3.0256478162089476E-004
   2.7799893282962372E-004
   3.1694885975467512E-004
   2.7830184560440172E-004
   2.6373920575549102E-004
   2.9930608528909366E-004
   3.4488151809567813E-004
   2.8580165566233321E-004
   3.1588519905599740E-004
   3.2566998378249471E-004
   3.2017129688185591E-004
   2.7862378985977706E-004
   2.9658313525961514E-004
   2.8245218321861404E-004
   3.0409520665958186E-004
   2.9032842819537875E-004
   2.9048024969247760E-004
   3.1283527362033122E-004
   2.8633245516297321E-004
   3.3135736771489478E-004
   3.1662045793258442E-004
   2.8277514247136189E-004
   3.0011658958081734E-004
   3.4926278235936791E-004
   3.4852794951804455E-004
   2.7841170758667204E-004
   3.2987592434050424E-004
   3.1792620385345696E-004
   3.3651450398498504E-004
   2.7364284108654768E-004
   3.1789519640545186E-004
   3.0272910755383076E-004
   3.5238054842237420E-004
   3.3898799362940083E-004
   2.8036656600173739E-004
   2.7441155779413083E-004
   3.3621102211910797E-004
   2.5827129406505027E-004
   2.8495918005589581E-004
   2.5729308952776608E-004
   3.0022508610706445E-004
   2.8823322993830124E-004
   3.1739181763932147E-004
   3.4782068174009861E-004
   3.2123814492293775E-004
   2.9959966984726360E-004
   3.4396275523956746E-004
   2.8233765796000860E-004
   2.7137508099363137E-004
   2.9491010737825576E-004
   3.1044631358233867E-004
   2.8908059854045720E-004
   3.3899650887201738E-004
   3.2908304500244619E-004
   2.9537470614524118E-004
   3.3008833988865208E-004
   2.8439509030208683E-004
   3.3181023324649312E-004
   3.3572654616220423E-004
   3.4158168868434602E-004
   2.8214005614514204E-004
   3.2386197910198194E-004
   3.2165624131532587E-004
   3.1718897214596349E-004
   3.1954177086837267E-004
   3.3276471404145274E-004
   2.9537597046684063E-004
   2.7783463261169954E-004
   2.7966137324838847E-004
   3.3106270457175497E-004
   2.9643626284442262E-004
   2.6294388042707957E-004
   2.9608652098060364E-004
   2.8758033714733035E-004
   2.7717195848205034E-004
   3.2373764951613748E-004
   3.5219024992532599E-004
   3.2552522836747181E-004
   3.2404638813980847E-004
   2.6465706122053332E-004
   2.7012634136743414E-004
   2.7738482720468066E-004
   3.0227117493126089E-004
   3.2464690941629232E-004
   2.8963485202924185E-004
   3.4878461265716967E-004
   2.8419710519324087E-004
   2.7319332379482415E-004
   2.9361857515179559E-004
   2.6887392591841229E-004
   3.3508380824732184E-004
   2.7025540726917748E-004
   3.2086845402412372E-004
   3.4710787564244395E-004
   3.4412972515872824E-004
   2.8605041436704717E-004
   2.7286637526877707E-004
   2.7234170002104872E-004
   3.1491981405954431E-004
   3.2786866036471456E-004
   3.1677401214132308E-004
   3.0519045351032033E-004
   2.8322145096453070E-004
   2.8105139671480124E-004
   3.1941141555053492E-004
   2.9988719023141220E-004
   2.5741983630841981E-004
   3.0055819374279598E-004
   2.9424088859428493E-004
   2.8323428633680029E-004
   3.0285431087120223E-004
   3.0000146827341531E-004
   2.6931476657089914E-004
   2.8974032725685315E-004
   2.8296562042906851E-004
   3.1918662253912881E-004
   2.9261204745981205E-004
   3.1123692748552973E-004
   2.7395147603823708E-004
   3.0232171262243272E-004
   2.5751499043827927E-004
   3.1138721117752517E-004
   2.8307556731518103E-004
   2.9768477480142185E-004
   3.0708867297967211E-004
   3.3107735752261540E-004
   3.0350838411973870E-004
   2.8003211398589152E-004
   2.9726543352564790E-004
   3.1002945429602042E-004
   2.7957882864725232E-004
   2.7885059181080037E-004
   3.0975111556243943E-004
   2.7165085502249282E-004
   2.5761099634443515E-004
   2.6336451466436899E-004
   2.7112046028889523E-004
   2.8490058343685605E-004
   3.2669413706148856E-004
   2.9216271438567843E-004
   3.4288063142132261E-004
   3.1771646124351149E-004
   2.7313318381480696E-004
   2.6938853804552574E-004
   3.2580906865758280E-004
   3.1252246914851060E-004
   3.1503999418531819E-004
   3.3403852908615178E-004
   3.3638066807739495E-004
   3.4753981062920233E-004
   3.2181819173998546E-004
   2.7126155035879317E-004
   3.2530355551050260E-004
   2.9584060395961589E-004
   3.3402499314247937E-004
   2.6936436604621262E-004
   3.2935202611839541E-004
   3.2693190525617501E-004
   2.9100084262417635E-004
   2.8642224859539285E-004
   2.9212806883080250E-004
   3.4474803202390976E-004
   3.0791924486635194E-004
   3.0204288782569592E-004
   3.1540208603899250E-004
   3.1827897694430482E-004
   2.8291743458748881E-004
   3.2995082950660926E-004
   3.1796346533374798E-004
   2.8779438046828450E-004
   3.0109664351668953E-004
   3.0721028660424531E-004
   2.7678311747538961E-004
   2.9668905214543461E-004
   3.2645031305413355E-004
   2.7624371647580080E-004
   2.9292619763876857E-004
   2.7965551848315996E-004
   3.1346868468658479E-004
   3.0586372081275141E-004
   3.3497923381148038E-004
   2.8063957532059461E-004
   2.7789760853230635E-004
   2.6173389378502098E-004
   2.8941730021198053E-004
   3.4572704477138559E-004
   3.0019551938817234E-004
   3.0481618074109897E-004
   2.9073025621860921E-004
   2.9705168302833750E-004
   3.2640965783161237E-004
   3.4938286904965502E-004
   3.3320312761525925E-004
   3.1649160498640555E-004
   3.1688438744856203E-004
   2.8162289648970157E-004
   3.0128359989203455E-004
   2.6973303630459564E-004
   2.7717470126631058E-004
   2.7758329479152542E-004
   3.1436607781013117E-004
   3.3470248665661072E-004
   3.5779686298329004E-004
   3.2940661412813330E-004
   2.8704400814453867E-004
   2.6637648088028234E-004
   2.9159855432739389E-004
   2.7753687408490287E-004
   3.2912859292956551E-004
   2.8655376852197066E-004
   3.4703598632037654E-004
   3.4293863963924385E-004
   3.1354759996625605E-004
   2.8078991180290389E-004
   2.6437642032542245E-004
   3.0240163467517027E-004
   3.1889495889414373E-004
   2.9751932769862599E-004
   3.5325655776547853E-004
   2.8280514224615302E-004
   2.7535248870578166E-004
   3.4502005684264173E-004
   2.7551372909926378E-004
   2.9154781289664639E-004
   2.8789864431047490E-004
   3.1955267036676304E-004
   3.7610563983733308E-004
   3.0631538811456537E-004
   3.0066311940564363E-004
   3.1058595166082485E-004
   3.2380817251908450E-004
   3.0635154697327988E-004
   3.1101044490228989E-004
   3.1400596131427689E-004
   2.9726507921447657E-004
   2.8468259967562889E-004
   3.2737560087651692E-004
   3.0698369415626576E-004
   3.3949858487453995E-004
   2.6106968295972968E-004
   2.8107449276314309E-004
   2.8306779390689402E-004
   2.8040389092583775E-004
   3.3187631293836889E-004
   3.1450495346944420E-004
   2.8105107486391643E-004
   3.2436576028536962E-004
   2.8680999633892392E-004
   3.2833112989725106E-004
   3.4220788182356650E-004
   2.9280365921505549E-004
   3.4166639682840924E-004
   3.0870523591579926E-004
   3.1473772807616256E-004
   3.5034459080312744E-004
   3.1177105398869694E-004
   3.3581881857243308E-004
   3.1189988027377345E-004
   3.0800724186162194E-004
   3.2425807011981882E-004
   3.3026265134689732E-004
   2.7680224178717474E-004
   2.8636328727872531E-004
   2.8160908321084419E-004
   3.2794907529477710E-004
   3.4364510513626944E-004
   3.3955271794772088E-004
   2.6680735245574496E-004
   3.3547930208446223E-004
   3.1782983959643827E-004
   2.7798125606812494E-004
   2.8617667269937040E-004
   2.9070108959406370E-004
   2.6983338254252704E-004
   3.1418595905867186E-004
   3.0916489249300795E-004
   2.8730452092625818E-004
   2.6955384800187750E-004
   2.9067460568888163E-004
   3.1594645962567042E-004
   2.8167085171219570E-004
   2.8414281444264465E-004
   3.2969491152072430E-004
   2.6467575322662199E-004
   3.0620873009455901E-004
   3.3714314652353856E-004
   2.8765577330028508E-004
   2.9920348313054263E-004
   2.8443476574399157E-004
   3.1707112057739875E-004
   3.2099613712637090E-004
   3.0982921644150558E-004
   3.3052277186229048E-004
