   3.4490060173054070E-004
   3.0013028632390481E-004
   3.4736539895115968E-004
   2.9183061472626845E-004
   3.3318900489354766E-004
   2.9551156863186922E-004
   3.3604040925234042E-004
   3.1356702267127659E-004
   3.2069659762479338E-004
   3.0702318889337486E-004
   2.8265715357332508E-004
   2.8471011823557701E-004
   3.5473123057644889E-004
   3.0609645934876118E-004
   3.4189970848286428E-004
   3.5841212976210027E-004
   3.3931419196289974E-004
   3.4272112809523623E-004
   2.7781432008149726E-004
   2.9030122588527627E-004
   2.8531704052077103E-004
   3.2798932340453448E-004
   3.3576060203659104E-004
   3.1705859874471662E-004
   3.0082891406887777E-004
   2.9746785744384210E-004
   3.0057388483282588E-004
   3.2782251175082679E-004
   3.5433230072773412E-004
   3.4122261487849471E-004
   3.8046186403112070E-004
   3.4314533225201480E-004
   3.0257558777833259E-004
   3.3806614225347293E-004
   3.4575953392169820E-004
   3.2417529898282993E-004
   3.6877347603314701E-004
   3.5339376616531123E-004
   3.2535998213767924E-004
   3.7669956277636688E-004
   3.5023983557992526E-004
   3.6355798492526339E-004
   3.0483749824229792E-004
   3.0889666807629033E-004
   3.4187967924053986E-004
   3.0573290594810947E-004
   2.8959310221063301E-004
   3.0482639161415388E-004
   3.2877448516263917E-004
   3.3087792772600397E-004
   3.7603253548164074E-004
   3.0415026098229306E-004
   3.4987696481466826E-004
   3.6256384124147453E-004
   3.1855759733622841E-004
   3.3671975030580205E-004
   2.9357535938299956E-004
   3.5149428344422528E-004
   3.6661589710268086E-004
   2.8640682205602027E-004
   3.0271486925632842E-004
   3.0234026318007323E-004
   3.8429106086472514E-004
   3.2192870477907876E-004
   3.5816015037807490E-004
   3.6021285726106292E-004
   3.8658800039898276E-004
   3.7565890113568524E-004
   3.5107845468694939E-004
   3.2859752615846009E-004
   3.6784941454317041E-004
   3.6498768092055550E-004
   2.8246637746388268E-004
   3.1545238080167662E-004
   3.0566455653725295E-004
   2.9304631849213234E-004
   3.1717118993080295E-004
   2.8397889355192879E-004
   3.3908534106858997E-004
   3.1627909186855322E-004
   3.4270469544206471E-004
   3.7167615774756548E-004
   3.5082319949904814E-004
   3.2177577650478045E-004
   2.9533111257985350E-004
   3.2911873704403257E-004
   3.2267478775841379E-004
   3.2802281818687553E-004
   3.4065626605434381E-004
   2.9126737017912992E-004
   3.4194582243805610E-004
   3.1503301853471569E-004
   3.2632166778239337E-004
   3.0452044349163531E-004
   2.9892840189895423E-004
   2.9684013733321369E-004
   3.2689198505159417E-004
   3.3104123101537774E-004
   3.2127527043864028E-004
   3.0207786211471158E-004
   3.5238173321303990E-004
   3.2204047067253968E-004
   3.5032485691366557E-004
   2.9653125410484328E-004
   3.0575877786184340E-004
   3.0118806518143342E-004
   3.4484506622462863E-004
   3.3939716714556867E-004
   3.5300053136323246E-004
   3.7113535600583460E-004
   3.5786125433304633E-004
   3.5132544834820176E-004
   3.2528811827770883E-004
   2.9159198632395275E-004
   3.5157427443299771E-004
   3.0309173339701550E-004
   3.1392017837422102E-004
   3.5497048692515772E-004
   2.8542313825010465E-004
   2.8772472846617372E-004
   3.7984982383441456E-004
   3.6692920454009319E-004
   3.4245905055273185E-004
   2.9254307112773183E-004
   3.5710916006564557E-004
   3.6491628611528323E-004
   3.2351504929385060E-004
   3.8177714673790034E-004
   3.1723733439247047E-004
   2.9773378950270697E-004
   2.8613683645078487E-004
   3.2636647002913554E-004
   3.7892926091994279E-004
   3.7529161376157421E-004
   3.5297036218728502E-004
   3.0660721687365947E-004
   2.9579259236340769E-004
   3.6084612856457561E-004
   3.2090345250129131E-004
   3.3732967156707006E-004
   3.3084533991057296E-004
   3.6146762050287226E-004
   3.7548797097481409E-004
   3.5147776022749380E-004
   3.7658345006162604E-004
   3.6063353176623127E-004
   3.0714723815014247E-004
   3.1650976570748296E-004
   3.4635726593745000E-004
   3.8306099925799390E-004
   3.0773801721401271E-004
   2.9999706896219791E-004
   3.0133277098942272E-004
   2.9308395904871710E-004
   3.2430633375000567E-004
   3.8109226694356808E-004
   3.1687018900111692E-004
   3.1021394907452653E-004
   3.1843645524202475E-004
   3.1455827225814392E-004
   3.7605121519998990E-004
   3.5213829907556346E-004
   3.5447963176963730E-004
   3.0096641938631209E-004
   2.8618228348099145E-004
   3.1011078169749731E-004
   3.5195313890260780E-004
   3.5162082063779781E-004
   3.4336784726217982E-004
   3.1780071402299413E-004
   2.8568639815291846E-004
   3.2770613049434529E-004
   3.0164086168262152E-004
   3.2277535978623647E-004
   3.0336595534283614E-004
   3.0171751584212939E-004
   3.5524814431572176E-004
   2.8463281110995513E-004
   3.6221515921258240E-004
   3.8473589860182596E-004
   2.9959498109774930E-004
   2.9422279087663622E-004
   2.9656231111767800E-004
   3.1875387667811949E-004
   3.0452231365952543E-004
   3.0124975127515105E-004
   3.9996791501272611E-004
   3.3779688269574686E-004
   2.9147343749380653E-004
   3.6618386687950163E-004
   3.8018217190214639E-004
   3.2989137278219592E-004
   3.6031256388552562E-004
   3.5026322959255977E-004
   2.9029387504492222E-004
   3.5557518795196943E-004
   3.5294653146251856E-004
   3.3173438796344331E-004
   3.3645920300383553E-004
   3.0752378226714318E-004
   3.6395132529544954E-004
   3.0583436117005301E-004
   2.8809475392870145E-004
   3.0069458602788622E-004
   3.3257196645827537E-004
   2.8793206962563330E-004
   3.2804015721441443E-004
   3.5933124130075353E-004
   2.9983078304622525E-004
   2.8697807283891065E-004
   3.0400613345287847E-004
   3.7683091706903446E-004
   3.0679723356988862E-004
   3.0609298618040600E-004
   3.4105556535972268E-004
   3.3684683225020670E-004
   2.9934773354872300E-004
   2.7103877195275847E-004
   3.0193171443438152E-004
   3.6309456312219753E-004
   3.5042648417055433E-004
   2.9969539775758143E-004
   3.5494998353161170E-004
   3.3270980633212118E-004
   3.1768323253799171E-004
   3.1405809101385778E-004
   3.6692264068319372E-004
   3.0381113413956406E-004
   3.6355417749683476E-004
   3.7135665381357136E-004
   3.0672733631213620E-004
   2.9460864622178346E-004
   3.5343141964634277E-004
   3.1908414265432029E-004
   3.0268072787981577E-004
   2.7756160263086937E-004
   3.0802416067440765E-004
   3.4318625687967269E-004
   3.0510022849200477E-004
   3.2098576664572767E-004
   3.2976213142880446E-004
   3.0619472711740343E-004
   3.5104082286223771E-004
   3.7755847487068098E-004
   3.0324434824286080E-004
   2.8727250136307810E-004
   3.5249656833802681E-004
   3.3568104034148184E-004
   3.4184104616816723E-004
   3.4984392592382553E-004
   3.4517022571937077E-004
   3.0121930741005572E-004
   2.8890277629927514E-004
   3.0685712537940012E-004
   3.4818667179727255E-004
   2.9507115918723538E-004
   2.7280670545825209E-004
   2.8570447603728589E-004
   3.1686295211610005E-004
   3.2033835276690573E-004
   3.2013846209945893E-004
   3.5277040701100240E-004
   3.5811495438921683E-004
   3.1769095967054776E-004
   3.1846865923159019E-004
   3.6739628452530439E-004
   3.5558313483469335E-004
   2.9400406004969135E-004
   2.9409516481410358E-004
   3.1347867628830331E-004
   3.2358516422149148E-004
   3.5280859243399414E-004
   3.0312452504420282E-004
   3.1792233406320217E-004
   3.4718735539898216E-004
   2.9198961140352355E-004
   3.1850741035145815E-004
   3.3071243742491930E-004
   3.1026740443295200E-004
   3.4879614777941535E-004
   3.4983410980743478E-004
   2.9675327360212823E-004
   3.4225171762375308E-004
   3.4959727865326148E-004
   3.6933127796741485E-004
   3.0559088187800195E-004
   3.4323475572061796E-004
   3.3721302521199964E-004
   3.0899766921151670E-004
   2.7501157602979664E-004
   3.2272066996781883E-004
   3.1929661381630784E-004
   3.2913306322595177E-004
   3.5615130363077810E-004
   3.2500707544322538E-004
   3.0753691686559632E-004
   3.4224859134760713E-004
   3.7013204081847849E-004
   2.8721926096855440E-004
   3.2808842488160004E-004
   3.7757047201971442E-004
   3.7439350461519169E-004
   3.7492637378959670E-004
   3.4659332147547809E-004
   3.2847439782180093E-004
   3.5213368013220248E-004
   3.1019767311671071E-004
   3.4887508002898594E-004
   3.6342519943996575E-004
   3.6624357051693050E-004
   3.3862269833603522E-004
   3.4054889683298524E-004
   3.1538232803892747E-004
   3.7071815826487318E-004
   2.9719713016243066E-004
   3.1360314564911302E-004
   3.1656198887380276E-004
   3.4980807839169484E-004
   3.7115040596727260E-004
   3.5819787438108320E-004
   3.7704811983512251E-004
   2.7914105231570212E-004
   3.6103616353374873E-004
   2.9103713334896177E-004
   3.0358147028233947E-004
   2.9825057891860756E-004
   3.1116984002823629E-004
   3.1214345686683193E-004
   3.3103653802729659E-004
   2.8596513807727146E-004
   2.9451399552642024E-004
   2.7689384590936280E-004
   2.9273324431433953E-004
   3.8323659770950490E-004
   3.4399187081251702E-004
   3.2551805999432370E-004
   3.0300268296865512E-004
   2.8888815847322229E-004
   3.3895869694395490E-004
   3.4898084139673309E-004
   3.7116403446117236E-004
   3.2730996228998236E-004
   3.9422300778065922E-004
   3.8399821695003967E-004
   2.6659040316634708E-004
   3.4268498772591451E-004
   3.6206893679012790E-004
   3.2781128973656526E-004
   3.3693698428547780E-004
   3.7493105273882980E-004
   3.4030062137117969E-004
   3.1001106378500810E-004
   3.3504513929646853E-004
   3.3089772575359418E-004
   3.5764687190452990E-004
   3.3295697800147725E-004
   3.0419379472711010E-004
   3.0287540150388946E-004
   3.2278055190467761E-004
   3.0214382700341144E-004
   3.2186434262151682E-004
   3.0708305428959597E-004
   3.3585817233897731E-004
   3.5287969418802201E-004
   3.2318892362428786E-004
   2.9334183071989334E-004
   2.9485110190318945E-004
   3.2186973423926798E-004
   3.6654250072599666E-004
   3.0040972352967694E-004
   3.2865809031796845E-004
   3.0415185849278588E-004
   3.5156445219682459E-004
   3.5408038016613306E-004
   3.6486027850258129E-004
   3.6523768798867094E-004
   3.0313567295428648E-004
   3.1117462136239448E-004
   3.2626964511991177E-004
   3.5021490704033575E-004
   3.9739999747315653E-004
   3.6286075297887696E-004
   3.6024099117381100E-004
   3.0757793871959529E-004
   3.4531126666494219E-004
   3.3197482562115788E-004
   3.2408700308587067E-004
   2.7188286800897674E-004
   3.6208139791198628E-004
   3.2109452462271068E-004
   3.2945479227559162E-004
   3.0729287111273980E-004
   2.8840586843671885E-004
   2.9667673578946761E-004
   2.8817967709449696E-004
   3.2595280476695979E-004
   3.1420797770502501E-004
   3.4669864510870722E-004
   3.0885228418630679E-004
   3.2003992447428048E-004
   3.1968860892521504E-004
   2.9596018560007752E-004
   3.4834193078949599E-004
   3.3163079238418428E-004
   3.7872221371933721E-004
   3.1340047105175725E-004
   3.2679028052088986E-004
   3.0530904861913359E-004
   3.1010044273375043E-004
   3.7882875181489343E-004
   3.5393943526046217E-004
   2.9943862841583604E-004
   3.5714749060901401E-004
   2.9196385875590022E-004
   3.5155161347148820E-004
   2.9615191927712911E-004
   3.2318949628345594E-004
   3.5745520672726683E-004
   3.6754524111994274E-004
   3.9048862598569414E-004
   3.4954609021229380E-004
   3.7330497636934082E-004
   3.5148252833637310E-004
   3.7008812999349456E-004
   3.4030636307817773E-004
   2.9449645683774720E-004
   3.6557593717218467E-004
   3.2946297227097704E-004
   3.7638042184986260E-004
   3.2185805775617219E-004
   3.7555677416241753E-004
   3.1861525078202168E-004
   3.5033655031097043E-004
   3.0773959806341820E-004
   3.5374156801965380E-004
   3.2465299256419314E-004
   3.1523260634860791E-004
   2.9611917487371822E-004
   3.5630179593318308E-004
   3.7543993390644207E-004
   3.6121902899534050E-004
   3.3592022556395230E-004
   2.9160587122886266E-004
   3.1353957691688833E-004
   3.8253506583387967E-004
   3.3949803233409372E-004
   3.4625549326200455E-004
   3.5363588636018017E-004
   3.6916007296642923E-004
   3.1049810382396259E-004
   2.7679457954665840E-004
   3.0485397007762587E-004
   2.9060510894512586E-004
   2.9196225290804926E-004
   3.6287770280916379E-004
   3.6153043641340687E-004
   3.7701281218394399E-004
   3.1235480962857055E-004
   3.4215621320413358E-004
   3.2954797476876377E-004
   3.3390587437251049E-004
   3.4101798805712249E-004
   3.8344657625661942E-004
   3.3209289592244602E-004
   3.7027912374230546E-004
   3.2952421864665952E-004
   3.1031386977951891E-004
   3.5142672423524529E-004
   2.8873552788219963E-004
   2.8376178218118814E-004
   3.3886819274138105E-004
   3.3415026769686399E-004
   3.3453773402331618E-004
   3.4406631769611689E-004
   3.6415099083574970E-004
   3.4262382319844622E-004
   3.0179395978578483E-004
   2.8353007994243488E-004
   3.6852334338251984E-004
   3.2076945410216786E-004
   3.4698485624552695E-004
   2.9730194899561097E-004
   3.9809040817066798E-004
   3.7575492525675116E-004
   3.8147912492080899E-004
   2.9625387387734777E-004
   3.3413029012468375E-004
   3.4291461908086463E-004
   2.8806678487853290E-004
   3.1809858041268585E-004
   3.4046339732918577E-004
   3.0501438323005174E-004
   3.5948876165408229E-004
   3.4163252964376800E-004
   3.9716208740871899E-004
   2.9211644223154043E-004
   2.8255604455008063E-004
   3.7072697648917363E-004
   2.9889405860055427E-004
   3.6281347958865571E-004
   3.4631655222987879E-004
   3.3592219011153925E-004
   2.9619514239778960E-004
   3.0991939043158666E-004
   3.5849883717938371E-004
   3.6933575795667278E-004
   2.9153461931831265E-004
   2.9471100846019578E-004
   3.4863135383036460E-004
   3.4047089781055989E-004
   3.6361510190628953E-004
   3.2774173837716463E-004
