   2.9880655589243515E-004
   2.7282892371893053E-004
   3.1539782103108402E-004
   3.4170716654237897E-004
   3.2784734553442045E-004
   3.1868526633775169E-004
   2.8465046301946560E-004
   3.2514674233492585E-004
   3.0087369965220055E-004
   2.8147965919617985E-004
   3.2438958705335137E-004
   3.1821074407937318E-004
   3.5524104954497111E-004
   2.9571467208625962E-004
   2.7832449407032121E-004
   3.2500331964635060E-004
   3.0428944914421727E-004
   3.4359084298934885E-004
   3.4028636809739195E-004
   2.7806772631488557E-004
   3.3319712118170776E-004
   3.3084652541864472E-004
   2.8031155562537340E-004
   3.1908117479933118E-004
   2.9186985142390208E-004
   3.2546810535578771E-004
   3.0656474747906210E-004
   2.8923300848311662E-004
   3.2831354749658886E-004
   3.3252235278737128E-004
   2.8470941846495888E-004
   2.5497124557510658E-004
   3.0177912886346597E-004
   2.7474378710507939E-004
   2.7760271911158192E-004
   2.9006933800642629E-004
   2.8601104338420180E-004
   3.2581480098420394E-004
   2.8006987999091762E-004
   2.7203365500787880E-004
   2.8453395614410070E-004
   2.9899215544715779E-004
   3.2632769072327638E-004
   3.5543491137049877E-004
   3.3866357678875652E-004
   2.8884348495728949E-004
   3.1353153442839377E-004
   2.7926893647740501E-004
   3.3349395910627571E-004
   3.4779677319380281E-004
   3.3174736482802583E-004
   2.6070325884029630E-004
   2.7804931845730658E-004
   2.7542892675494154E-004
   3.4327781240717247E-004
   3.1918282157891432E-004
   3.0940978214133799E-004
   2.8900587005796773E-004
   3.5181884316200403E-004
   3.4078420402530935E-004
   3.0392470144008051E-004
   3.4658048636383433E-004
   2.9609808329690904E-004
   2.8558181058875354E-004
   3.0945672358095508E-004
   3.1107823262125511E-004
   2.8703543167251007E-004
   2.7498663928901887E-004
   2.8294775661990543E-004
   2.5769886318532893E-004
   2.6951380308412793E-004
   2.8613007740537567E-004
   3.2935175175211057E-004
   3.4018308161875730E-004
   2.8871076538545631E-004
   2.7046202940226579E-004
   2.9331798841265155E-004
   2.8508186396787317E-004
   2.9487929338179971E-004
   2.7436265603173143E-004
   2.8945126072366903E-004
   2.8047285645010157E-004
   2.9924696102014316E-004
   3.0955659298106047E-004
   2.7685374177625471E-004
   3.2559111029681944E-004
   3.1103282954057191E-004
   2.7750779800763634E-004
   3.2469230750525229E-004
   3.1703178613411533E-004
   2.7453805813638455E-004
   2.8054863393571391E-004
   2.8927715179108177E-004
   3.0624650607291619E-004
   2.6359073524602050E-004
   2.6059261884054080E-004
   3.2372519255186770E-004
   3.2010526463014234E-004
   3.0949850884682585E-004
   2.5772964942635687E-004
   2.7942874355290427E-004
   2.8122126789314469E-004
   2.9119049040783482E-004
   2.9947672586705891E-004
   3.0303269646455211E-004
   2.9976729843540567E-004
   2.9157037849695676E-004
   3.3139654324526753E-004
   2.9494756076482265E-004
   3.2112150992752111E-004
   2.6690712568658460E-004
   3.3711941133093815E-004
   3.1296753806860040E-004
   2.7836921099727113E-004
   2.9912485193914483E-004
   3.1495024801984423E-004
   2.6605011842447605E-004
   2.9361514823461653E-004
   2.6101819945481807E-004
   2.7555471870325502E-004
   3.3052158283796438E-004
   3.1105135225279672E-004
   3.3986269890151974E-004
   3.4539688631093820E-004
   3.0220602394822167E-004
   2.9124005141778481E-004
   2.7822686258802766E-004
   3.3635852825038813E-004
   3.1321523313531253E-004
   2.8460236670312317E-004
   2.8902000948121466E-004
   2.9112449938706688E-004
   3.2928102886578927E-004
   3.3321239385376437E-004
   2.9865732040215324E-004
   2.8460388801596802E-004
   3.3666290080547004E-004
   3.4235793582404413E-004
   3.0451411501654574E-004
   2.9732857930272490E-004
   3.2050339768018254E-004
   3.3013543775882833E-004
   3.4152206034280272E-004
   3.1910209589108883E-004
   3.0445867103500552E-004
   3.1688626553230751E-004
   3.1013239071168557E-004
   3.1382734058282770E-004
   2.7685821476055591E-004
   3.2331165641414359E-004
   3.2402830780640810E-004
   3.4123187651088303E-004
   3.3474962858812742E-004
   3.1700922527479680E-004
   2.9519897530668420E-004
   2.8291970951624173E-004
   3.1713486146859590E-004
   2.8694875497771514E-004
   2.7249603645017356E-004
   3.0499503093392460E-004
   3.5113257538231171E-004
   2.8354438233481213E-004
   2.8152688821441487E-004
   2.6080832067816053E-004
   2.9126056809622826E-004
   3.1097836259805618E-004
   3.2382808256088599E-004
   3.4212614503516481E-004
   3.0701190323751196E-004
   2.6950181412435496E-004
   2.8176646226950281E-004
   2.6889503285785349E-004
   2.7008145939689702E-004
   3.4204669623770072E-004
   2.7619599749311249E-004
   3.2238822815803349E-004
   2.9018335457388984E-004
   3.0595185453176094E-004
   3.2732945242162405E-004
   2.7552154959512032E-004
   3.0446930228106685E-004
   3.2394639234640860E-004
   3.0059394619437636E-004
   2.8772849583258957E-004
   2.8144858793977489E-004
   2.7679621814490784E-004
   2.8528927461869702E-004
   3.0784217720489476E-004
   3.2318853745035069E-004
   3.3205808937723205E-004
   3.3093619336285106E-004
   2.9174955989883671E-004
   3.3366405890760049E-004
   2.6654488218506308E-004
   2.5537533735098380E-004
   3.1774981989298357E-004
   3.1245514374667228E-004
   2.8780916731197974E-004
   2.7322004613980521E-004
   3.0744126229540890E-004
   2.8822295274113363E-004
   2.7294108174793222E-004
   2.9406634492842713E-004
   3.3315104897770412E-004
   3.3732937705824409E-004
   3.1347432466034695E-004
   2.9348852609750807E-004
   2.7970079357027446E-004
   3.3030559016011249E-004
   2.9277673450264243E-004
   3.2650207668342735E-004
   2.8074157834854510E-004
   2.6995827028064438E-004
   3.2712393465419428E-004
   2.9596222655231823E-004
   3.4234918028897839E-004
   3.5728631508584929E-004
   3.3639650058462289E-004
   2.9034326102984654E-004
   2.6921436389155761E-004
   2.7855825208021861E-004
   3.3116413136166883E-004
   3.3550857288348012E-004
   3.5271903792256844E-004
   3.0291471962056349E-004
   3.1046452794223901E-004
   2.7561995363186798E-004
   2.7046277071636878E-004
   2.8206244897409783E-004
   3.6955167189774613E-004
   3.2932275220053613E-004
   3.3819261628939692E-004
   2.7177119610785627E-004
   3.1672659136068219E-004
   2.8218365493244972E-004
   2.9657788713013321E-004
   3.3007334478922008E-004
   3.3196513395602302E-004
   3.3378482797620745E-004
   3.0733973159079625E-004
   2.7123336404597339E-004
   3.2890490214075135E-004
   3.2858133204951586E-004
   3.2769259387000746E-004
   2.9217907554221793E-004
   2.9204950482266670E-004
   3.2756455929142721E-004
   2.6390082712710142E-004
   2.7326482179657551E-004
   2.8842215785178111E-004
   2.8241352515388492E-004
   2.6370510295052748E-004
   3.2947485463360348E-004
   3.6381313936304242E-004
   3.0249582237913642E-004
   3.2056339533370062E-004
   3.1232087677431574E-004
   3.0801532920612088E-004
   3.0406119142056213E-004
   3.1366585857092424E-004
   3.2268946577801352E-004
   3.0582763705904218E-004
   3.0532730606885471E-004
   2.8457587461604958E-004
   3.2276208309097273E-004
   3.2237899290829037E-004
   3.3290486071294029E-004
   3.2815382911522860E-004
   3.2010077960297552E-004
   3.2541355483890993E-004
   3.1680862531271683E-004
   3.0714087916690542E-004
   2.6764661709120010E-004
   2.8520329837907594E-004
   2.9640585969068118E-004
   3.1803889996411802E-004
   2.6058784257931362E-004
   2.7250781174850729E-004
   2.8904196440437832E-004
   3.2804761578667093E-004
   3.2987579328159865E-004
   2.9015992867370072E-004
   3.1158370683547973E-004
   2.7771700118885156E-004
   2.7293252747925692E-004
   2.8316961644520624E-004
   2.8198122028242961E-004
   2.9388527730481379E-004
   3.1231350541210544E-004
   3.0257552477813574E-004
   2.9935872137207465E-004
   2.8893297170800653E-004
   2.7876530505955546E-004
   3.2872043417584503E-004
   3.3724617786261762E-004
   3.0782359555361547E-004
   3.1413403952229043E-004
   2.9133815304549054E-004
   3.1964708646615639E-004
   2.8460924631540363E-004
   3.3558813975437035E-004
   3.5108825872902301E-004
   2.7691478516676864E-004
   2.8869800951768644E-004
   2.8163101267377540E-004
   2.8538654451551525E-004
   3.3494854981163394E-004
   3.4830053298414299E-004
   3.2940565891448684E-004
   3.6329943291244616E-004
   3.5811126252778617E-004
   3.0227261753229773E-004
   2.7723665038416567E-004
   3.4153433503790242E-004
   2.8888283796731621E-004
   3.1741384815590310E-004
   2.8951702355696610E-004
   3.2329336631741482E-004
   3.0881584337639584E-004
   2.6752856843684415E-004
   3.2503711074861197E-004
   3.3115147093649739E-004
   3.4580794291095890E-004
   3.2144771120324933E-004
   2.9353322195419950E-004
   2.8856513844864075E-004
   3.2489987520912232E-004
   2.6262505886351725E-004
   2.5545650331525887E-004
   2.7533799253622894E-004
   3.4421386963596475E-004
   3.2358304368634573E-004
   2.7890532591800285E-004
   3.3239878276650539E-004
   3.2666214347498474E-004
   3.3272343467623776E-004
   3.0034047394567493E-004
   3.1278446562591145E-004
   3.1245404433544817E-004
   3.2977363493913767E-004
   2.7225344631199330E-004
   2.7219186500337722E-004
   2.7798350936531093E-004
   3.2049794495699930E-004
   3.2443470600023269E-004
   2.9083588976001494E-004
   2.8376676881395799E-004
   3.2538446748763450E-004
   2.7864618497721428E-004
   2.9862529463587360E-004
   3.2400367735803631E-004
   2.8383419879329206E-004
   3.0066247508315157E-004
   3.2696101561715147E-004
   2.7794148298202647E-004
   2.9384697619404737E-004
   2.7608938119126370E-004
   2.9183331773670459E-004
   2.8844246141418179E-004
   2.8119924843991528E-004
   3.3889128018653881E-004
   3.1356960095511031E-004
   3.1382379450531182E-004
   2.9898550569717715E-004
   3.3135445561412684E-004
   3.1763993548417530E-004
   2.9807549234240737E-004
   2.8029346398557059E-004
   2.8258739019078148E-004
   3.1361712710572983E-004
   3.2345460012255753E-004
   2.9477964243874283E-004
   3.3045313803164344E-004
   3.4610977695576453E-004
   3.1095306678141074E-004
   2.7685218659655094E-004
   3.2494066914464834E-004
   3.1857955463457567E-004
   3.2852846661135380E-004
   3.1910108111292656E-004
   3.1695619462356013E-004
   2.8323346744673483E-004
   2.9059943141678175E-004
   3.2145141089537723E-004
   3.2405054069324272E-004
   2.9674336787663928E-004
   3.4058521573097141E-004
   2.7400506676848074E-004
   2.8380746910616262E-004
   3.1165310749370410E-004
   3.2067417655468956E-004
   3.3141627418872079E-004
   3.0686601396785350E-004
   3.3387926690458576E-004
   3.3727048763733836E-004
   2.8328485390457776E-004
   2.7228967840283759E-004
   3.4898725764096367E-004
   2.8029624552227843E-004
   3.5669931776436076E-004
   3.1481490223370361E-004
   2.9231454189456617E-004
   2.8267428645975409E-004
   3.0912744457974961E-004
   2.7940958015557538E-004
   2.8439355774637044E-004
   3.2485507170535073E-004
   3.4464287410594050E-004
   3.0348413180810108E-004
   2.9403564131760671E-004
   3.2658140350338603E-004
   2.8461070366688737E-004
   3.1440434943240251E-004
   2.7964730084291612E-004
   2.6143266238846556E-004
   3.1106451057169018E-004
   3.3518935163955369E-004
   2.8650512236392205E-004
   3.3583221134068957E-004
   3.1374382375413815E-004
   3.4499931570666342E-004
   2.7157878021872613E-004
   2.5739979919645972E-004
   2.8891295666705222E-004
   2.9346421048851313E-004
   2.7235025733013271E-004
   3.0435500293388449E-004
   3.0766746264103574E-004
   3.1871475143028231E-004
   2.9805156738312526E-004
   2.9866003013025253E-004
   2.8571233438187628E-004
   3.4115860454615325E-004
   2.7560759514681549E-004
   2.8516002874977666E-004
   3.0353427954449351E-004
   2.9409522640327717E-004
   2.7473006482376175E-004
   2.7644858361801843E-004
   2.6354178460360420E-004
   3.5065125290803729E-004
   2.7157096085121647E-004
   2.9562968802087226E-004
   2.7264172639463141E-004
   3.1760763024369596E-004
   2.7819749144859362E-004
   2.9119099498570357E-004
   2.8078890669085724E-004
   2.9982906970406104E-004
   2.7660182050136728E-004
   3.0215777506002761E-004
   2.9696199895074687E-004
   2.8047285235411679E-004
   2.6732803211465691E-004
   2.9005911405597637E-004
   3.2566900041815163E-004
   2.5770913649002724E-004
   3.2365366777687370E-004
   3.3726671105667314E-004
   3.0556156373422134E-004
   2.8684544167320548E-004
   2.7222465799869877E-004
   2.7115977993495856E-004
   3.3101459286404375E-004
   2.7131560338053141E-004
   3.4766131851847514E-004
   3.0511536382684057E-004
   2.8748843534174141E-004
   3.3536044191188321E-004
   3.0952738683537740E-004
   3.1668750190067977E-004
   3.1669808760217136E-004
   3.1893384033718789E-004
   2.9188237919784753E-004
   3.2897272496586611E-004
   2.9738223421278632E-004
   3.4143704134981321E-004
   3.4022083349819534E-004
   2.7558261881929601E-004
   2.6528604954719024E-004
   2.7466179026903391E-004
   3.1092332738711195E-004
   3.2359349212158090E-004
   2.7932583687932249E-004
   2.7483531698383379E-004
   2.9866478335318633E-004
   2.6278803294515102E-004
   2.9956404509242225E-004
   2.8657772137968146E-004
   2.8307595969692998E-004
   2.7196392810495428E-004
   3.3232400062880598E-004
   3.4523096444462635E-004
   2.8437605611235362E-004
   2.7688676276005136E-004
   2.9385378200683419E-004
   3.0925592558870212E-004
   3.1549630946822748E-004
   3.3318368363669909E-004
   2.7548358297840446E-004
   2.8720790852464542E-004
   2.6581354502962104E-004
   2.6719180979656131E-004
   2.8505720104474657E-004
   2.7779270541033958E-004
   2.7229621322320368E-004
   3.2645098333468526E-004
   2.8079130511057853E-004
   3.2035695169592963E-004
   2.9076110901125050E-004
   2.8012841919338984E-004
   3.1348273227052950E-004
