   3.6692586850750532E-004
   2.8919148005437310E-004
   3.0128264954930393E-004
   3.1821834827707932E-004
   3.1754028886984504E-004
   3.2607057783604743E-004
   3.6390395462299443E-004
   3.1594500192852758E-004
   3.6197815388092563E-004
   3.3037817229882249E-004
   3.5824192904740571E-004
   3.0345586124945245E-004
   3.9609545768175139E-004
   3.4119786792240306E-004
   2.9740548946564232E-004
   3.2396694426046731E-004
   3.3549817739696077E-004
   3.6524196472749660E-004
   3.1496967499738000E-004
   3.6654569208265103E-004
   3.7095455984971032E-004
   3.6382602081367959E-004
   3.0618304648166310E-004
   3.0775212257890151E-004
   3.0844747857923651E-004
   4.0095778403457177E-004
   3.7541350057352589E-004
   3.0026127283142636E-004
   3.0111515051280677E-004
   3.5479299863645710E-004
   2.8267172350588727E-004
   3.1008958005030303E-004
   3.6874623401798840E-004
   3.7027440945458067E-004
   3.0393578553600996E-004
   3.1044031133637751E-004
   3.5090562665639056E-004
   3.6285222374210420E-004
   2.7963903536903863E-004
   2.8384358876619133E-004
   3.2475174477681316E-004
   3.6609602449330262E-004
   3.5540132885099958E-004
   3.7270239905829215E-004
   3.5008357693457602E-004
   3.6344671163815521E-004
   3.1525155833375646E-004
   3.1559575556375615E-004
   3.5740286269844040E-004
   3.3673699195368941E-004
   3.4418277912032002E-004
   3.2578259580112886E-004
   3.4981226866658005E-004
   3.4524606937968847E-004
   3.3495698733373530E-004
   3.3257150037525288E-004
   3.5169785169548480E-004
   3.0131608427754581E-004
   3.2912300334913993E-004
   3.1139671610481035E-004
   3.2076675161923067E-004
   3.7907784729997082E-004
   2.8952757119532664E-004
   2.7397197217357826E-004
   2.9195609013039355E-004
   3.5759025028644665E-004
   3.4783388945629505E-004
   2.9433075908346257E-004
   3.4074362659326199E-004
   3.5317402915902219E-004
   3.5304627679942532E-004
   3.5700385166202074E-004
   2.8391065596253143E-004
   3.0130102044069153E-004
   3.0100971333050223E-004
   3.6819125861053248E-004
   3.4546254812560409E-004
   2.9359461851373507E-004
   3.1307802307465151E-004
   3.7739109363663575E-004
   2.9598598357982264E-004
   3.3955271281669875E-004
   3.7040241621748640E-004
   3.6851459462327186E-004
   3.8096590347964823E-004
   3.0744501307024741E-004
   3.6294082540928895E-004
   3.3635115436408833E-004
   2.8573093870074186E-004
   3.0979344267461652E-004
   3.5620282065875109E-004
   3.3921317995614839E-004
   3.7870172252063252E-004
   3.4804512923311906E-004
   3.7281788037963779E-004
   3.3727465621294361E-004
   3.5499632255159573E-004
   3.5092256416348154E-004
   2.7699758311614382E-004
   3.2070957509351298E-004
   3.2988329262010371E-004
   2.7339857242569110E-004
   2.9542697289289141E-004
   3.5671106721758399E-004
   3.0925643915287991E-004
   3.7961733001016655E-004
   3.6742762585952716E-004
   3.6110563844073612E-004
   3.3954668080470729E-004
   3.7784872292111573E-004
   3.1680676210316713E-004
   3.5583306811451545E-004
   3.2193171112013301E-004
   2.9926332043186401E-004
   3.4385744177613080E-004
   3.3944603311585151E-004
   3.4879610631893235E-004
   3.4760708761020836E-004
   3.6576812582404415E-004
   3.6912827489050861E-004
   3.2872920329577875E-004
   2.8486832312503484E-004
   3.0014818077675438E-004
   3.2610867379808403E-004
   3.1805637893406440E-004
   3.7597109281708584E-004
   3.6837844321268833E-004
   3.3111485492784794E-004
   2.8838403702762503E-004
   3.3308412000101155E-004
   3.7197861067728215E-004
   3.4510528499867463E-004
   3.3306265441371041E-004
   3.8076094465125003E-004
   3.0968057784039619E-004
   3.2640428815732621E-004
   3.1767779382425133E-004
   3.2976169554326315E-004
   2.9704662848111473E-004
   3.1722849535483253E-004
   2.8646130976276834E-004
   3.2819247568424025E-004
   3.0898858536476301E-004
   3.5468923954093124E-004
   2.8712259210777466E-004
   3.1526341676800979E-004
   3.2527874942678107E-004
   3.7965552707379656E-004
   2.9812950191510849E-004
   3.5706976993675108E-004
   2.8619916134084103E-004
   3.4289035867835459E-004
   3.2176958787057423E-004
   3.1306853260754981E-004
   3.0672254772642145E-004
   3.1096520918663965E-004
   3.5521703220901514E-004
   3.4251609489841558E-004
   3.2286434492364788E-004
   3.5442287180292972E-004
   3.5445239825048196E-004
   3.1276493312054192E-004
   3.6851235103923228E-004
   2.9332623928659759E-004
   3.2859194901915041E-004
   3.1249523823402103E-004
   3.5544158180422054E-004
   3.1799418836882492E-004
   2.7763226308399262E-004
   2.9717217390892552E-004
   3.2734315181456083E-004
   2.9999500021185224E-004
   3.1509457767459135E-004
   2.7732876040099572E-004
   3.2543263266553846E-004
   3.5755622341165618E-004
   3.0986617212974666E-004
   2.9458632151476615E-004
   2.9338931448270395E-004
   2.8148391296755048E-004
   3.4847813520907125E-004
   3.2249633983855050E-004
   3.3843129753407375E-004
   3.0781484699299170E-004
   3.0816225973059235E-004
   2.9920615720014499E-004
   3.5176101498897650E-004
   3.4343552949791655E-004
   3.6278408888652238E-004
   3.7168522157427137E-004
   3.5059717120227303E-004
   2.9310136454871433E-004
   3.0564838947600559E-004
   2.8814324314946067E-004
   3.5952406453058547E-004
   3.0554894519620364E-004
   3.5022886525214951E-004
   2.9112916161244830E-004
   3.4839498650348228E-004
   3.4133744898375977E-004
   3.5151189850542771E-004
   3.2642304309871503E-004
   3.7905197940102338E-004
   2.8735290552782991E-004
   3.5391343126024103E-004
   3.3223543749355560E-004
   3.1719135255566877E-004
   3.5567739783254473E-004
   3.8900556674172245E-004
   3.6352522859252865E-004
   2.9797502369466393E-004
   3.5293024372892961E-004
   2.8881519545340313E-004
   3.5776931556512966E-004
   2.9659867959101402E-004
   3.6267769164043269E-004
   3.4228956065944212E-004
   3.7740849503608187E-004
   2.9923220126483479E-004
   2.9167393470474188E-004
   3.5409823366442029E-004
   3.1116453521433098E-004
   3.3118900377938166E-004
   3.2365113971044975E-004
   3.0494327934083314E-004
   3.4661652520371808E-004
   3.0056561110335122E-004
   2.9417377094073096E-004
   3.5359075374578842E-004
   3.1231781542458853E-004
   3.2964763094373700E-004
   3.1981369047848467E-004
   3.7057387558789203E-004
   3.3926761156057012E-004
   3.2339632723482918E-004
   3.8901089513129365E-004
   3.7416722434189240E-004
   3.6451871680732729E-004
   3.7181675705998606E-004
   3.5250944674669669E-004
   3.2736925656745569E-004
   3.2203620474737074E-004
   2.8685129854157495E-004
   3.2946838920990147E-004
   3.7634569409402134E-004
   2.9662103004120076E-004
   3.1704098743947376E-004
   3.0649938021128748E-004
   3.3203526879541063E-004
   3.8702359684500090E-004
   3.4488659596811934E-004
   3.2002238815855217E-004
   3.4826743769130283E-004
   3.6100339869376543E-004
   3.2782041963448356E-004
   2.9568024836748011E-004
   3.2292309744497491E-004
   2.6958227060257532E-004
   3.0949329508334240E-004
   2.9844106478665671E-004
   3.0787466371272982E-004
   2.8293297258657021E-004
   3.3304056817283451E-004
   2.8400284531728291E-004
   3.5294134409824491E-004
   2.9777973619275272E-004
   3.0589456594190193E-004
   3.0269358562381744E-004
   2.9657337934747542E-004
   3.2932957996338255E-004
   3.6731540053502079E-004
   2.9448483498605070E-004
   2.8573224754390288E-004
   3.3424282144917182E-004
   3.1153236541145494E-004
   3.4749650502068319E-004
   2.9159572904007545E-004
   3.7287651441698298E-004
   2.9807463584531065E-004
   2.7667423410885256E-004
   3.2286324295968932E-004
   3.7088582740462273E-004
   3.8200131683133702E-004
   3.3404263426593334E-004
   3.0546800894772649E-004
   3.4059484428325111E-004
   3.6678408471207898E-004
   3.3735385178200504E-004
   3.2019850755881307E-004
   3.2165465390924711E-004
   3.7806889725895861E-004
   3.3808436089651460E-004
   3.2738859547232842E-004
   3.4273437536687195E-004
   3.0940545118561085E-004
   3.4683178079382188E-004
   3.3363258839197213E-004
   3.2356277568471639E-004
   3.3328795766705561E-004
   3.5616675813419577E-004
   3.3335971728855709E-004
   3.0928197472490995E-004
   2.9041741447116719E-004
   3.2021968858425277E-004
   3.2744666963195244E-004
   3.1666130685473279E-004
   2.6861507665678079E-004
   3.5627355528088870E-004
   3.1161527634479856E-004
   3.2650136695810408E-004
   3.0090873819298830E-004
   3.6896900146051104E-004
   3.2607491784448085E-004
   2.7222027937047222E-004
   2.7502654390247183E-004
   3.0777265868661311E-004
   3.4951174274839501E-004
   3.5332664940594129E-004
   3.3686942043268628E-004
   3.0921136396711799E-004
   3.9647481309360309E-004
   3.2200271756117421E-004
   3.2914517106133185E-004
   3.1361452290098714E-004
   3.0927452274858797E-004
   3.9576274807701447E-004
   3.1519660895170694E-004
   2.9814254712693267E-004
   3.2251658601452501E-004
   3.3126711639036387E-004
   2.9047087683775185E-004
   3.8421209279479793E-004
   3.1755633027704289E-004
   3.7447969686885694E-004
   3.3976429766066846E-004
   3.4229149666213502E-004
   3.2957733221467879E-004
   3.7582370028864604E-004
   3.2036754475073508E-004
   3.6663736176315720E-004
   3.6801651831022962E-004
   3.1559366893517269E-004
   3.5982617028362763E-004
   3.3596942623966437E-004
   3.2299913142867375E-004
   3.3280804947683840E-004
   3.3536438173942132E-004
   2.9750399572683731E-004
   2.9924556954749490E-004
   3.4971817602070572E-004
   3.4843532928066900E-004
   3.3036760555856394E-004
   3.7673401129316561E-004
   3.1761905395933960E-004
   3.4745097165558321E-004
   2.9920637922888847E-004
   2.9055304153797795E-004
   3.3089015617708214E-004
   2.9913646301978671E-004
   3.4418119606987555E-004
   2.9310610284279364E-004
   3.3783838693377585E-004
   3.6240471319133139E-004
   3.5976864463331971E-004
   3.8691494573104965E-004
   3.5269471425858801E-004
   3.1841632674783964E-004
   3.5480914353186932E-004
   3.1618768844651534E-004
   3.7517632517896325E-004
   3.1774220408713097E-004
   3.2981613131707167E-004
   3.8040870951209084E-004
   3.4819227624777654E-004
   2.9758885062970968E-004
   3.2966397621114746E-004
   3.8242023989919872E-004
   3.5946240263903497E-004
   3.2820110155029587E-004
   3.3371967161672080E-004
   2.9211582378014091E-004
   3.7084916094851659E-004
   3.4037198809332635E-004
   2.8168129530868900E-004
   3.4915785237038457E-004
   3.2350236800409864E-004
   3.6212906661169445E-004
   3.6526842479768610E-004
   3.1986589304912636E-004
   3.7755978997182143E-004
   3.7579506521465096E-004
   3.6255133916855009E-004
   3.9862529799909789E-004
   3.7307425163408974E-004
   2.9713172393850719E-004
   3.3277078598861878E-004
   3.0540754827359867E-004
   3.7452998502540891E-004
   3.6304955394915028E-004
   3.6332059581606352E-004
   3.7539265754764101E-004
   2.9854349279491053E-004
   3.5158748259977611E-004
   3.7385635022812986E-004
   3.6643183676747699E-004
   3.4111140511218388E-004
   3.1373161579350981E-004
   3.0157844241133271E-004
   3.6448147787100031E-004
   3.1257515196643796E-004
   3.5244045399142180E-004
   2.8275818413896827E-004
   3.3113525973426690E-004
   3.3652739138131618E-004
   2.9793325353582152E-004
   3.6717251500302582E-004
   3.5559263053805022E-004
   3.5613814117285806E-004
   3.1063046042352325E-004
   2.7202748630477026E-004
   3.5135680214141805E-004
   3.5321892572582025E-004
   2.9483292865232753E-004
   3.1613093085233512E-004
   2.9867454424031576E-004
   3.6353333908872631E-004
   3.4163729116482949E-004
   3.3898324715160143E-004
   3.1917563086941903E-004
   3.1529183923576746E-004
   3.9225759489041142E-004
   3.6161933965731088E-004
   3.5528051789961509E-004
   3.0507655641229676E-004
   3.9792062136223934E-004
   3.2082026554088185E-004
   3.1434725881935010E-004
   2.9742782673882883E-004
   3.4498267433068610E-004
   3.5492228965720575E-004
   3.9383843651977690E-004
   3.4091217889192316E-004
   3.4935895400269978E-004
   3.6744981856518373E-004
   2.9612588464688092E-004
   3.3315822569680284E-004
   3.0098324047701824E-004
   3.3911241935194372E-004
   3.3944496313908292E-004
   2.8882662173275626E-004
   3.7395714605098875E-004
   3.3694025429391208E-004
   3.0340369583116102E-004
   3.8072065104041047E-004
   3.5344349552029916E-004
   3.5043334868534675E-004
   2.9367013692473246E-004
   3.0751977280477430E-004
   3.8905601599570718E-004
   3.1033638387423701E-004
   2.7285825330840855E-004
   3.4978646565158857E-004
   3.1056480727512830E-004
   3.3310635593131855E-004
   3.4245732478795836E-004
   3.4758173669467251E-004
   3.5957606199931954E-004
   3.9725713606213631E-004
   3.2138520956967817E-004
   3.6027481703727361E-004
   3.3130899844344478E-004
   3.5149639961850845E-004
   3.1513663475780078E-004
   2.9120364611312147E-004
   3.0212316367481216E-004
   3.5287294399785857E-004
   2.9300131450402301E-004
   3.2312620936982315E-004
   3.2035360811530274E-004
   3.0552378849318885E-004
   3.0352448229771614E-004
   3.2774757648588863E-004
   3.6443747559634053E-004
   3.1556268402609556E-004
   2.9501608093171971E-004
   3.4811861642524480E-004
   3.4194908850357017E-004
   3.0127581097134660E-004
   3.8686896161225977E-004
   3.2783223926772468E-004
   3.4244170172094662E-004
   3.5445425402766612E-004
   3.0897111138740251E-004
   3.8004280122000200E-004
   3.5938682090283231E-004
   3.3551283928830568E-004
   2.9193962066082987E-004
   2.9152905446560873E-004
   3.4726642291850191E-004
   3.9658925151266891E-004
   3.2597942343416962E-004
   3.1055771979381308E-004
   3.6449937684466030E-004
   3.4260386760155676E-004
   4.1482017638401697E-004
   3.8031603343928678E-004
   3.6259588008019032E-004
   3.7563194450198077E-004
   3.6943359028715218E-004
   3.0469939004004444E-004
   3.0688283008955874E-004
   3.5064800578893721E-004
