   8.8765149075862389E-004
   8.7523834982839496E-004
   8.9139407539328384E-004
   7.5866878655201828E-004
   7.4185755593288063E-004
   7.9228968433516271E-004
   8.6414613296405360E-004
   8.8654076009477326E-004
   7.6503131441688966E-004
   7.5860590426222345E-004
   9.2272490871678453E-004
   7.3837936218492848E-004
   8.6705519837176849E-004
   8.8919122466406904E-004
   8.4808977602615447E-004
   8.3817391772215153E-004
   8.3918843586296599E-004
   8.8608291244386770E-004
   8.0406420631673470E-004
   7.7981617244639453E-004
   8.4956699114944339E-004
   7.7241048729418771E-004
   8.7411660074302561E-004
   8.6319559350158650E-004
   8.3788539122653480E-004
   7.7014003318153315E-004
   8.7299096291803809E-004
   8.7077769433482844E-004
   7.8949542908825947E-004
   7.5650230476654548E-004
   7.4227541175009922E-004
   8.0052656028919099E-004
   8.5963323038482423E-004
   7.3685282890378662E-004
   7.5369272228459718E-004
   7.2742895766004286E-004
   7.8945456195727453E-004
   7.6928688510749174E-004
   8.9175607925176472E-004
   8.8220304084619830E-004
   8.2246504850973430E-004
   7.8515031609671562E-004
   8.7320309835811790E-004
   9.0634249452953872E-004
   8.9411042722697791E-004
   7.5072360988133935E-004
   8.5213897429949829E-004
   7.8239410741561010E-004
   7.9859237741243766E-004
   8.7199296050251263E-004
   8.2447542549780818E-004
   7.6032366259035414E-004
   7.4795047036187265E-004
   8.7667003029900698E-004
   8.3225690749128966E-004
   7.7160029261122312E-004
   7.8658892199443757E-004
   9.0273368471672827E-004
   8.6638259162523010E-004
   7.3809963928603024E-004
   9.0677550548076821E-004
   8.9183813642427633E-004
   7.8846946051647757E-004
   8.8086695430883639E-004
   7.9908283190463080E-004
   8.6577181649045000E-004
   8.6598643163268458E-004
   7.4758864200581059E-004
   8.6423593522632117E-004
   8.5387847115086504E-004
   8.7970450910012429E-004
   7.6848901879499607E-004
   8.9535728619554366E-004
   8.7364687602883753E-004
   8.5082754413328895E-004
   8.7123248807931383E-004
   7.9116337257375982E-004
   8.9702452664465351E-004
   9.0343303331108895E-004
   7.9257055469043707E-004
   7.7165055298687019E-004
   7.7193295448966040E-004
   7.2165922010117094E-004
   7.8747970990659911E-004
   8.7428254818098280E-004
   8.9105891618999997E-004
   7.6681166212696150E-004
   7.4253177827832400E-004
   9.0158534384990731E-004
   8.9815041272157915E-004
   8.7456505928681450E-004
   8.7242704630110938E-004
   7.7339901753947869E-004
   7.3934866938489617E-004
   8.9952045975475099E-004
   7.8591379838793417E-004
   7.7286699828738243E-004
   9.2687244793432974E-004
   8.7749574005534920E-004
   8.8796418522940472E-004
   8.8003853124336265E-004
   8.7290533431130270E-004
   8.4953008590488350E-004
   7.9728136947486959E-004
   7.7487545795089428E-004
   7.9870156446485644E-004
   9.0981038778764091E-004
   9.1456108694830678E-004
   8.7051786657081523E-004
   8.3697694766746481E-004
   7.8318873370111580E-004
   8.7957034297722440E-004
   7.7564845773042223E-004
   8.8508837169786229E-004
   7.2896906280852161E-004
   7.4478646031689842E-004
   7.6067434168079122E-004
   8.2045994207137604E-004
   7.6776575608286267E-004
   8.6515364592660746E-004
   8.6458386857266685E-004
   7.6934290657931987E-004
   7.2690999595047268E-004
   7.8425035748567117E-004
   9.1367655135011778E-004
   7.7014165602319010E-004
   8.1514779840275407E-004
   8.3366959331552864E-004
   7.8503621698932334E-004
   8.3725354135931170E-004
   9.1859889362403519E-004
   8.0509432623567423E-004
   8.1508013051430871E-004
   8.0427045683728311E-004
   7.4172291417207343E-004
   7.5743608982680594E-004
   7.4859244867653556E-004
   7.6588300714992017E-004
   8.3362649284806809E-004
   8.8415048779285602E-004
   7.4011167840316589E-004
   7.6318379203549943E-004
   7.7184685909920483E-004
   8.7000444642462813E-004
   7.2857401627219188E-004
   7.8775723429958466E-004
   7.9448006894251193E-004
   8.8371489382307476E-004
   8.9220271787594243E-004
   7.8164616484659730E-004
   7.9116109268593919E-004
   8.1871609381880118E-004
   7.6738189520020252E-004
   8.2048566082166673E-004
   7.7111680675784333E-004
   8.4361012735817192E-004
   9.0445629027014667E-004
   8.3929771281372246E-004
   7.6378296610251847E-004
   8.6571881603152829E-004
   8.8668853889629462E-004
   7.6522961287366781E-004
   8.8403042852884897E-004
   9.4456957835251077E-004
   8.2626576425016453E-004
   7.8630511175970918E-004
   8.8473429402960695E-004
   7.6012929051659885E-004
   7.9284122078916014E-004
   8.5585306331959713E-004
   7.4366632620091657E-004
   7.6433457680033425E-004
   8.7440086042473700E-004
   7.6735461665644936E-004
   9.0398795084134303E-004
   7.6662241720828366E-004
   7.6720158002205005E-004
   8.8834520739661086E-004
   7.8190665376173937E-004
   9.1717666672075338E-004
   8.0704944898311436E-004
   7.9340725243690047E-004
   9.1197910385008667E-004
   8.2028790092584613E-004
   8.1907884387600162E-004
   7.3199668520586042E-004
   8.6023776654146802E-004
   8.3265867715602983E-004
   7.4184613488715797E-004
   8.0229243539140546E-004
   7.5998533983458064E-004
   7.5663843750371253E-004
   8.8192934624748776E-004
   9.4302051098453749E-004
   7.7273134509128045E-004
   7.4155925832972646E-004
   7.3535170174582950E-004
   8.9703439788521632E-004
   8.9615876747806361E-004
   8.8852094243652938E-004
   9.4900850067480564E-004
   8.6306374613927803E-004
   9.0053996246111504E-004
   9.0629148618641344E-004
   7.5455121108149799E-004
   8.5102735539528663E-004
   8.8857453037196471E-004
   8.5981485522072841E-004
   8.5901115393921177E-004
   7.7425055160028160E-004
   7.5873299515867750E-004
   7.3049458146234002E-004
   7.4673603015025904E-004
   7.2283865792514737E-004
   7.2499242380005314E-004
   8.3828368858114859E-004
