   8.7902988917612230E-004
   7.0524694179605540E-004
   7.1998000274669550E-004
   8.3870672074859822E-004
   7.4104643396614653E-004
   8.8042077295456237E-004
   8.3822924882884556E-004
   8.4805205655879721E-004
   7.5440066473330986E-004
   8.8451960843207269E-004
   8.9698217538698049E-004
   8.7494281848548693E-004
   7.5020965522601673E-004
   7.1006279823086966E-004
   7.5687679355662544E-004
   8.8236456413438109E-004
   7.8818561513171602E-004
   9.0795431957238775E-004
   7.6010325254047381E-004
   8.7411160168498125E-004
   8.9180873698006759E-004
   7.6938509575729308E-004
   8.5411710471432732E-004
   7.5823201377199837E-004
   8.7578515074973021E-004
   7.7527083611740003E-004
   7.7717394026839985E-004
   7.4488402427942582E-004
   7.9808489995855214E-004
   8.7466277311995728E-004
   7.8053656033569307E-004
   7.6883557374460634E-004
   8.0786489576159840E-004
   7.5875194654445414E-004
   8.0824995467024296E-004
   7.3999606847121951E-004
   9.1075825354979814E-004
   7.4235552920645523E-004
   7.7560128526016098E-004
   7.4530693742292200E-004
   7.7553329859193255E-004
   8.9931386326662832E-004
   7.9248402758272168E-004
   8.5942872783336061E-004
   8.8992695413588280E-004
   8.4849698811700729E-004
   9.0650195621540307E-004
   8.8157613357119427E-004
   7.5845831610982608E-004
   7.6658204757818914E-004
   7.6289704030222663E-004
   7.7702265977857925E-004
   7.3694577036210584E-004
   8.6310335543150925E-004
   7.4778956101740051E-004
   8.3438245931332093E-004
   8.2339746704025620E-004
   7.4887242418854381E-004
   8.5336549141334418E-004
   7.5119599792264661E-004
   7.9219493559297427E-004
   7.5066694499500292E-004
   8.4832959589077215E-004
   8.6528406044047317E-004
   9.0143394214139223E-004
   8.6115891476303105E-004
   7.9165355020969976E-004
   7.4517229606826919E-004
   8.4633189135016260E-004
   8.4045643907544891E-004
   7.8404395002247768E-004
   7.4969926586599268E-004
   7.9089166165159620E-004
   8.6057472958573256E-004
   7.7553102194491885E-004
   7.7071114224926531E-004
   9.0333926896230920E-004
   7.1791001865858411E-004
   7.2716471181207107E-004
   7.6382686083981046E-004
   8.6283185972143542E-004
   8.6297215038730758E-004
   7.6903734043471609E-004
   7.6778266558618475E-004
   8.5287254605862731E-004
   8.3916509145962471E-004
   7.9217216575887337E-004
   8.5584051952104247E-004
   8.6219040198012614E-004
   7.9935531227291723E-004
   7.5074774536223218E-004
   8.1117983549663648E-004
   7.8334525534354900E-004
   8.5386787149957716E-004
   7.6279568224508251E-004
   8.5149810925555904E-004
   8.8821868629203186E-004
   8.8578047033613437E-004
   8.6909135595510621E-004
   8.9731499093888376E-004
   7.5367751993652126E-004
   8.7863116601536188E-004
   7.7623218345255931E-004
   8.5096070065086935E-004
   8.5298715875155285E-004
   7.9831582880025202E-004
   7.6257625922083192E-004
   7.3687176228991896E-004
   9.2523829717606977E-004
   8.1632890155289826E-004
   8.6913642419494421E-004
   8.8284653139268155E-004
   8.6212268494434397E-004
   7.8138695697317791E-004
   7.5172210261260637E-004
   8.7041274987332315E-004
   7.7141220758889396E-004
   7.7056910217761264E-004
   9.1971462413078186E-004
   8.6254699566110527E-004
   7.8461741934353758E-004
   7.7864104115590079E-004
   8.5340086628196915E-004
   8.6548162430166243E-004
   8.5041957445638236E-004
   7.4929472102279839E-004
   8.4425947887705908E-004
   8.5504088936647212E-004
   8.8624357538210914E-004
   7.5906018423600231E-004
   7.3414730606249489E-004
   9.1355725214848889E-004
   7.5821806764158077E-004
   9.0160404303703495E-004
   9.0769122269648416E-004
   9.2077960443404463E-004
   7.9895595552586900E-004
   9.0791223788444237E-004
   8.7719900732397698E-004
   8.2027693751609535E-004
   8.5461697150759170E-004
   9.0736699015129640E-004
   8.9868731039626057E-004
   7.9263481564413531E-004
   8.8810329407172075E-004
   8.4219702007558501E-004
   7.6189548703445666E-004
   8.2296838076853735E-004
   7.8206009981095757E-004
   7.7850645872035087E-004
   7.7106345071745273E-004
   8.6873962867233716E-004
   7.5528455025701080E-004
   8.6505641117054922E-004
   9.0555490183823542E-004
   8.3281383625427835E-004
   7.3800900252842915E-004
   7.5345799447688075E-004
   7.7199280544143446E-004
   9.0230944469952754E-004
   8.8951431768772855E-004
   7.8246106192520219E-004
   7.7052303813813638E-004
   8.5346205615496645E-004
   7.4804771375720802E-004
   8.8749537118749456E-004
   7.6656413967316785E-004
   8.2039265438400778E-004
   8.5962788322498844E-004
   8.0954871180277394E-004
   7.4971536029110714E-004
   7.6697991390323064E-004
   8.6019850372146293E-004
   7.8359580440512605E-004
   9.2869358648311063E-004
   8.8694608913782299E-004
   7.4220057979527466E-004
   8.8325850730074291E-004
   8.6247163872434237E-004
   8.4837722794164439E-004
   8.6411566934583195E-004
   8.8819480090912800E-004
   7.2641205504860409E-004
   8.5028818148878455E-004
   7.4596526669099797E-004
   8.8636011008247546E-004
   7.7942681266252002E-004
   9.2983053193916685E-004
   7.8901000683617608E-004
   7.9884459383865441E-004
   9.0484801381064889E-004
   8.1575624530044971E-004
   7.7465372191819703E-004
   7.4204757557325834E-004
   8.3416053236718888E-004
   8.5453659075603733E-004
   8.5319091835117167E-004
   7.2815029774168775E-004
   8.4315677073169848E-004
   8.9739821544957364E-004
   8.7497835982927434E-004
   8.5723786130828777E-004
   7.9224034844741582E-004
   7.3978463937339944E-004
   8.7417497637900631E-004
   8.7071720838415338E-004
   7.7739330219334460E-004
   7.6426438250133948E-004
   7.5251088270228601E-004
   7.7641556318689678E-004
   7.8401794942274108E-004
   7.6311066722078947E-004
   8.7271135044658047E-004
   7.7995463676712039E-004
   7.6803560428936348E-004
   7.2193453833323186E-004
