   6.9192937841413605E-004
   6.7638023774554664E-004
   8.3588077871156463E-004
   7.9489114431798469E-004
   6.9692178987335951E-004
   7.1848190637966651E-004
   7.8619982100472505E-004
   6.7410011673171453E-004
   8.0117845847275124E-004
   7.9139508710134238E-004
   7.1665226792722351E-004
   6.7583033486301632E-004
   8.2801770390660240E-004
   7.7182185978627756E-004
   7.9699947028585361E-004
   6.6621977469750895E-004
   6.8520572388129121E-004
   7.0068483262755569E-004
   8.2276595618434669E-004
   7.9750565027639003E-004
   8.4434129834420467E-004
   7.0562091376486684E-004
   7.8460241100283487E-004
   7.9616288954115731E-004
   7.8839149572304252E-004
   8.1236065539155020E-004
   7.3908918483685032E-004
   6.6640534824357212E-004
   7.0940943399232248E-004
   7.9767735742313568E-004
   7.0320079424913485E-004
   8.0481434052278049E-004
   8.4269438838355845E-004
   7.8925360218745850E-004
   6.8370274050051161E-004
   6.9745129284397387E-004
   7.5690656273567957E-004
   6.9377596494009147E-004
   6.9366441716551630E-004
   6.9690768197972364E-004
   6.9762365230778588E-004
   7.2733866635065663E-004
   6.7716932392765871E-004
   6.8796307076106052E-004
   7.8523230824987167E-004
   8.2293570907509661E-004
   6.9258329141389245E-004
   8.0138255390240355E-004
   6.9440434453325493E-004
   6.8984773146231557E-004
   7.8493508420757554E-004
   8.0558513995336676E-004
   6.7327058022891614E-004
   8.1333295272363365E-004
   7.8626844204160602E-004
   7.0589239985532871E-004
   8.0152866759025448E-004
   6.9125730108767240E-004
   6.8149986005231681E-004
   7.2053306570420085E-004
   7.9346662327830228E-004
   8.0089085802117338E-004
   7.0381253567155134E-004
   6.6537515691959771E-004
   7.0455143230582393E-004
   7.1665737186875703E-004
   6.9316005543229163E-004
   8.0962686453270652E-004
   7.8106977793847797E-004
   7.3270708495599848E-004
   7.5298131099893115E-004
   7.8247482186007090E-004
   6.6410172437206239E-004
   7.2580363295162386E-004
   7.9655045373860965E-004
   6.9842895927655030E-004
   7.3449535289840228E-004
   7.9251539964372418E-004
   6.3982177956947164E-004
   7.9880821824060172E-004
   7.9619751261646578E-004
   7.6490127525015699E-004
   6.9777037072230323E-004
   7.3795780852028785E-004
   7.1058865183911194E-004
   7.9571237311707875E-004
   7.0610887155199984E-004
   7.1961395586399475E-004
   7.8955543058574767E-004
   8.1354814795830260E-004
   7.7300189555522801E-004
   6.9005827233288108E-004
   7.2595619540035566E-004
   7.9406960703698156E-004
   8.2924462094552246E-004
   7.8951677476479603E-004
   7.0168569076608687E-004
   7.2376829166905172E-004
   7.9521271542938707E-004
   7.2017113339174462E-004
   7.1300367456537158E-004
   7.5537388608046133E-004
   7.0188986224747158E-004
   8.0257930207591722E-004
   7.1588786167954143E-004
   6.9351114087027872E-004
   6.7658045273708803E-004
   7.8544347063781749E-004
   7.0146718692819612E-004
   8.0732731253517996E-004
   8.1403649388948332E-004
   6.8711923616902252E-004
   7.1717654521173322E-004
   7.9982795243813229E-004
   6.9885873670194902E-004
   7.0609674436907606E-004
   7.6631403185794449E-004
   7.2210062638898532E-004
   7.6901182064621147E-004
   8.0860732859813951E-004
   6.7427033762724054E-004
   7.0086263924739754E-004
   8.1981667029195054E-004
   7.9759970116407316E-004
   6.9171647920823873E-004
   7.3381139365704718E-004
   7.4663830076065411E-004
   7.7812817135378750E-004
   8.1976652268060202E-004
   8.0475640835368518E-004
   6.8149840413369916E-004
   7.5368180771203785E-004
   7.9716452162827849E-004
   7.1988818698261029E-004
   7.9604786572814068E-004
   6.9303725102356053E-004
   7.4886953237320595E-004
   7.0862344200647116E-004
   7.7928878688662720E-004
   6.7254649154643983E-004
   7.1223234866335723E-004
   7.0204990149788605E-004
   8.2666344880471859E-004
   7.9418164864048554E-004
   7.8614636437842657E-004
   8.0889243645576809E-004
   8.1448113645327125E-004
   7.1090943566445570E-004
   7.5509473721093899E-004
   6.9570635610137629E-004
   8.2986205909261145E-004
   7.8661388637154249E-004
   8.1800533171034985E-004
   7.7636379176585348E-004
   7.7107669909170693E-004
   7.8656086952853354E-004
   7.1745591761391561E-004
   7.9195530738778233E-004
   8.7832336397875824E-004
   7.5407316997000201E-004
   6.8534192520653021E-004
   8.1902806171188958E-004
   7.9938098042872218E-004
   7.4267838354659616E-004
   7.9627311845013806E-004
   7.4587233160028929E-004
   6.9891820753494158E-004
   7.8679899623432172E-004
   6.9575157546060353E-004
   6.7483404918949527E-004
   7.1041992977029830E-004
   7.7984436006873191E-004
   6.9172460305614539E-004
   6.9592422316775327E-004
   7.0868075466162220E-004
   7.6637315278344886E-004
   8.3120391553302946E-004
   7.6109513175486553E-004
   7.1450209567860815E-004
   6.6705578615126296E-004
   7.8323891250099676E-004
   6.5545891027840402E-004
   7.3321620138202756E-004
   8.4634962342762868E-004
   7.7692702949001640E-004
   8.0096484211141959E-004
   7.2889213347659607E-004
   6.8844254724013173E-004
   7.0611613301355851E-004
   8.7178001954063620E-004
   6.6871144833796615E-004
   7.0209789886979137E-004
   7.7081985610811859E-004
   7.0772511507565341E-004
   8.1463400081963793E-004
   7.4691636260734988E-004
   6.8816040691893653E-004
   6.9937246455827886E-004
   7.1519662249645659E-004
   8.0469739215735840E-004
   8.2339438537479986E-004
   7.8875443648946807E-004
   6.9558988452859244E-004
   7.6595195559376998E-004
   7.8852931801978233E-004
   7.8508128899594390E-004
   8.0986020700480775E-004
   6.6548005712202627E-004
   8.0629016591216127E-004
   8.2032824967117257E-004
   7.9511704701890930E-004
   8.2252918174031161E-004
   7.1444533576476990E-004
   7.0951203779574443E-004
   6.8867891963452356E-004
   7.0767815924157749E-004
