   8.3882680590642654E-004
   7.6939514534341924E-004
   9.2815418653109845E-004
   7.7793662201354594E-004
   7.6525581062354480E-004
   7.9850293157521755E-004
   8.0626703718561987E-004
   8.0515754232293171E-004
   8.6882374754050163E-004
   8.8150634503439396E-004
   8.8622806673993386E-004
   8.1017976352769014E-004
   7.6328756036955455E-004
   8.3999373538654878E-004
   7.3665671410701682E-004
   8.4149720277486924E-004
   8.6849692796879346E-004
   9.0136263980100304E-004
   7.9278539592486175E-004
   7.3720345278606122E-004
   7.7538057318057125E-004
   9.3674545574713708E-004
   8.4601626923659038E-004
   8.5640353773287802E-004
   7.3033144664295295E-004
   7.7802743126293360E-004
   7.2967798766082246E-004
   8.2596185591975592E-004
   8.0951947804705254E-004
   7.5106466685336264E-004
   7.3489732681623974E-004
   8.6646817408933487E-004
   8.5451686422142569E-004
   8.1709969505136591E-004
   7.3317007807169939E-004
   7.2845423603818652E-004
   9.1921621519482641E-004
   7.6504368499321891E-004
   7.5292591887950731E-004
   7.0725897243207887E-004
   7.7905590493735331E-004
   8.4933498599396333E-004
   7.9965338022686529E-004
   8.5836485302446326E-004
   7.6679192550000211E-004
   8.8506513794744935E-004
   9.3957321744292713E-004
   8.7222302366806424E-004
   8.3395310359931903E-004
   9.6728521134099789E-004
   7.6387491382762305E-004
   9.0656153721304852E-004
   8.7250481521603635E-004
   7.6513374313121496E-004
   8.3007536311726585E-004
   7.5689679596876785E-004
   7.5466117661985221E-004
   8.7265594593451525E-004
   8.1833424361715725E-004
   7.7754863373485418E-004
   7.5518716619399730E-004
   8.6147362960393666E-004
   7.9140870707303788E-004
   7.8843957307813176E-004
   7.7956427521795081E-004
   8.7743249848757775E-004
   8.8676158799767325E-004
   7.9240782785517088E-004
   8.2500354204496289E-004
   8.7866989700931676E-004
   8.8355790716566950E-004
   9.0437031318971195E-004
   8.2808672730275688E-004
   7.6477516189335450E-004
   9.4268131709264349E-004
   7.8716791858861378E-004
   9.2080072059692820E-004
   8.5239905820017948E-004
   7.7754485048326543E-004
   8.1394656631271305E-004
   7.7941478145167797E-004
   7.5340944154220202E-004
   8.4539235425993989E-004
   7.8042118351151935E-004
   8.9083482309555760E-004
   7.7040648659277297E-004
   7.9791695142283599E-004
   7.6698263339068163E-004
   7.7062999571576472E-004
   7.4857573324215050E-004
   8.9897104306039784E-004
   8.1518320648502225E-004
   8.8559048137246469E-004
   8.8838617602047729E-004
   7.7370535524378076E-004
   7.7874414492467301E-004
   7.7794159339164017E-004
   8.7003377717970642E-004
   8.5374718271672551E-004
   8.8852466492661173E-004
   7.7842659412648925E-004
   7.4220667532727211E-004
   7.7251271965288616E-004
   7.8298798203449904E-004
   7.9424156002663596E-004
   8.7765728707093951E-004
   9.2338530718814567E-004
   8.7521711648650541E-004
   9.0587774080463652E-004
   8.4424910901574612E-004
   8.0359710643852214E-004
   7.6609568172611117E-004
   8.2107547768560136E-004
   8.6123846365102367E-004
   9.0480332712954711E-004
   7.6260069885988955E-004
   8.6342163312323793E-004
   7.8908981970202011E-004
   9.1739972242104578E-004
   8.6094055100536322E-004
   8.7348076488230869E-004
   8.7503636054303471E-004
   8.7821666254842869E-004
   8.6892773390263530E-004
   8.6861152633497065E-004
   7.6127327458511704E-004
   9.1622238996621173E-004
   8.1458291609647440E-004
   7.7428191454942863E-004
   7.8503350120098260E-004
   8.0471030434179172E-004
   8.3550631111166808E-004
   8.7967580189852524E-004
   9.3095535824223570E-004
   8.3118902935509027E-004
   8.3844475280944622E-004
   7.4434000415950804E-004
   8.7344513552017021E-004
   9.1653779132552424E-004
   8.6780370666063029E-004
   7.6738628659065442E-004
   8.9327126893116158E-004
   7.5971100875222035E-004
   7.5121694836746851E-004
   8.2378282209409702E-004
   7.4477029877552034E-004
   8.9450980546263142E-004
   8.9138046932605067E-004
   7.6448966736270766E-004
   7.4316099760093999E-004
   8.0503847640066056E-004
   8.6535351985135632E-004
   9.4382682521261193E-004
   9.1350729514462774E-004
   8.6189200831193573E-004
   7.6604614475328449E-004
   7.5566489469097947E-004
   8.0686740387875071E-004
   8.7015674056458044E-004
   8.6816058997523510E-004
   8.0256973134609094E-004
   7.4938104166555124E-004
   7.6623108645415994E-004
   8.4243823765284775E-004
   7.7352848511884754E-004
   8.8957827230396521E-004
   8.7495668180496977E-004
   7.5835922206974444E-004
   7.6868726158181642E-004
   7.5161793058499946E-004
   7.6105282744684294E-004
   8.2570340213083406E-004
   7.9467996646087212E-004
   8.8779155213171044E-004
   7.6627704559701336E-004
   8.6106984392022234E-004
   8.9059278459485583E-004
   7.9443806747830849E-004
   7.1390903978107577E-004
   7.3536473572914434E-004
   8.7838412189747135E-004
   7.2938542496111310E-004
   8.8596227818249387E-004
   7.5536544570202588E-004
   8.5131920522320801E-004
   8.5595392790351141E-004
   7.8810188108220799E-004
   9.1993679394556738E-004
   7.4636390855931252E-004
   7.4013226231244326E-004
   8.0686274647782247E-004
   8.0584632474284843E-004
   8.4658620684723311E-004
   7.9500353959616893E-004
   9.1581706151285512E-004
   7.4725594183958749E-004
   7.7345476544057998E-004
   7.5629964735608810E-004
   9.1525043517336549E-004
   7.8062972165012130E-004
   8.8114311941525343E-004
   8.6710532658067717E-004
   7.3718147079957798E-004
   8.6647232525308366E-004
   7.2453101087501285E-004
   8.6862115701531078E-004
   7.3941533140506419E-004
   8.8246946022723391E-004
   7.5647338229011332E-004
   8.4124072079085066E-004
   8.8651202153261163E-004
   8.5695169280261031E-004
   7.7989912509914537E-004
   7.4421022468009357E-004
   7.2687944185363131E-004
   7.7570467244159427E-004
