   8.3546991941594239E-004
   7.9454932206449126E-004
   7.5823705019592038E-004
   9.0644029597410775E-004
   7.9432297541362008E-004
   7.9052934680221064E-004
   8.0232193163488354E-004
   8.6352984327594683E-004
   7.4754307636497959E-004
   9.2725942249699588E-004
   7.7143836861274769E-004
   7.7836763643850549E-004
   7.6525291326138081E-004
   7.8536580407454946E-004
   7.6899779426584363E-004
   8.8153028640783337E-004
   7.3977649167425474E-004
   9.3136040551036086E-004
   9.3506839844814931E-004
   7.8467876713185026E-004
   8.9059828822699743E-004
   7.4786440580693395E-004
   7.5202956876194854E-004
   8.9863508979186107E-004
   8.5156739764956986E-004
   7.3340391484979280E-004
   8.7721866912021044E-004
   8.7760997893684945E-004
   8.5309544843098690E-004
   7.8719128140841135E-004
   7.9252852235499576E-004
   8.6386443046608682E-004
   7.9711007213797112E-004
   8.8799652141844439E-004
   8.6798622679864568E-004
   8.8754510472824268E-004
   8.0271472230633275E-004
   8.5418858701873817E-004
   7.7687518616541859E-004
   8.1236501621217516E-004
   7.3956833437172358E-004
   9.7168197985223002E-004
   8.7575738932890951E-004
   7.7185129220877957E-004
   8.5537959476751201E-004
   9.5669529916404003E-004
   7.4090653623083290E-004
   7.4716593542963018E-004
   8.4210822690781073E-004
   8.5944295827798905E-004
   7.9386648886029497E-004
   8.7861897293887450E-004
   7.7842804569692200E-004
   7.9989508631832023E-004
   9.1605503397008882E-004
   8.8442229595171262E-004
   8.9874311215976381E-004
   8.8467856707714345E-004
   8.8202390350872802E-004
   9.6147715600700026E-004
   8.4169532066914082E-004
   8.9741086256496516E-004
   8.4096851172275064E-004
   9.2753051966000977E-004
   8.8798473766529341E-004
   7.7111510333667164E-004
   8.2663124176124002E-004
   7.8594355891392837E-004
   7.8023447486586059E-004
   9.0752752130441932E-004
   7.5978267925845859E-004
   9.3276215475501605E-004
   7.7315372992878837E-004
   7.5909430071453984E-004
   9.0302732983482594E-004
   7.9632056860007457E-004
   7.3526220347952900E-004
   8.5988190084561626E-004
   9.1084406430041998E-004
   7.4804731721964622E-004
   8.8755014868396734E-004
   9.2001868114594204E-004
   7.6276263457872122E-004
   7.9616593878591364E-004
   8.8251918431381476E-004
   7.4264075070939409E-004
   8.5783990727944786E-004
   9.3577328825625804E-004
   8.7913126477478782E-004
   9.0120971895937666E-004
   7.7936893190991676E-004
   7.5231511185478350E-004
   7.4835675035972589E-004
   7.6356733750942930E-004
   8.7280252967915134E-004
   8.4415889482370723E-004
   7.4633366903324218E-004
   7.4230465766022538E-004
   7.4131096812929051E-004
   7.0886839454454556E-004
   7.7741223453490300E-004
   8.9250969147754578E-004
   7.9621723888718054E-004
   8.5681525439191782E-004
   8.0810373681922132E-004
   7.3197027232581617E-004
   7.9310862521072580E-004
   8.6814794014209362E-004
   7.3791622473600815E-004
   7.6499367364642060E-004
   7.8315321890866374E-004
   8.4580932343200741E-004
   8.5698313506825255E-004
   8.1531074633480242E-004
   7.5470936770055490E-004
   7.3082514080043397E-004
   9.0706408646163555E-004
   8.6387777245671283E-004
   7.6117219550045606E-004
   8.9165417447148107E-004
   7.7030234236510604E-004
   7.9723849400180271E-004
   9.0779512428527096E-004
   8.6025211078662677E-004
   7.8579114303898624E-004
   7.8695231854493072E-004
   7.6924572826264648E-004
   7.8975497101592147E-004
   8.4286663541490716E-004
   7.9370067624926312E-004
   8.9729551880918148E-004
   8.8640820262708990E-004
   7.3950160000695704E-004
   7.5559124937435538E-004
   7.4440213727290790E-004
   8.6405743611877434E-004
   8.6934722425944968E-004
   7.9196149694839594E-004
   8.5578155566338196E-004
   8.5399577659806144E-004
   8.7230758779210330E-004
   8.6729850205404229E-004
   8.9295637129425281E-004
   7.5431958647834856E-004
   7.1955684380969344E-004
   7.2950764912683552E-004
   8.7227599274183334E-004
   8.6571107343842073E-004
   7.6092489406220161E-004
   8.2378462032795191E-004
   7.9075118806214790E-004
   7.3543456490099239E-004
   7.6277545020477552E-004
   7.6254695264088221E-004
   7.8702107361255903E-004
   8.9563301200283943E-004
   8.8583209125123197E-004
   8.5035117522639834E-004
   8.6862626679715430E-004
   7.9298654891285254E-004
   8.8237113205581080E-004
   9.0065384937639882E-004
   7.8952989899373370E-004
   7.5905829643495163E-004
   7.4957434788624404E-004
   7.3239507487006051E-004
   7.5947605336951804E-004
   9.2490277062825046E-004
   8.7577208792845144E-004
   8.9432453907195173E-004
   7.6665350587131799E-004
   7.5867362389923291E-004
   7.7995427787059840E-004
   8.2570567194095766E-004
   7.2977404356882681E-004
   7.4196354133311440E-004
   8.4319778802235631E-004
   9.1659667678613906E-004
   8.8753023892119639E-004
   7.8882595022642461E-004
   7.8433472989684417E-004
   8.6272035622888404E-004
   8.8824941029673390E-004
   8.9346552831866678E-004
   8.7468711943764225E-004
   7.7291309167301181E-004
   8.5198886057552255E-004
   7.7829537070715413E-004
   7.2010027012518794E-004
   8.8464843237735834E-004
   8.8257840468583754E-004
   7.7193929667886748E-004
   7.6010272561922261E-004
   8.8187848767587527E-004
   7.5273415046473509E-004
   9.2868980793639000E-004
   8.8459166777825132E-004
   8.6819719431727920E-004
   8.8970450209128094E-004
   7.4825518841000588E-004
   8.3929603405637568E-004
   7.6586924567501405E-004
   8.8606197105120478E-004
   8.4429664416987285E-004
   8.2047991332748530E-004
   7.1747458372393828E-004
   9.2881771076256260E-004
   9.0287402318317686E-004
   8.8895779051939051E-004
   7.9479195177228055E-004
   7.4641021217767601E-004
   7.6197611021200850E-004
   7.5811730476830184E-004
   9.2402394761143740E-004
   9.0095363751970068E-004
   9.3051816444438267E-004
