           3          16          16          16
   5.0000000000000000        7.9138000000000002       -5.2000000000000002     
   61300000.000000000        624447.00000000000     
       20259          30       16677
   21571479.600008458     
   12615820.800000446        19573856.799996816        22493868.999997545        23474159.999997403        23502535.200002860        24528056.000007175        25880169.400001671        25937357.800002586        25300527.799996559        25051258.600007482        25416203.999996554        25404184.599999722        25061513.200000107        24874083.800005894        25244969.800006855        25873743.799994886        25702842.400004480        25293705.400003452        25287685.400000781        26274199.999996118        26250807.399990730        26037991.400006466        24774465.799997620        24356296.400003303        24630523.400002073        24781364.399999719        23890264.800005727        25620076.200002551        25860786.600005414        25991814.400000464     
   16337685.846395522     
   15043948.211671386        17807069.897962473        18225691.841526624        18192567.197722297        19804896.770863641        19490221.707555950        19761852.087584790        19821584.346313626        19578822.218945991        19926353.431197681        19299772.981959380        20480134.847044695        20437930.376648575        18436850.237567194        19463703.833106223        18817969.941133615        19623769.154848032        18818956.234819211        19114732.726242714        20118754.670607466        19782370.739703286        19304367.943377674        18651979.034666970        19365414.459983606        17844410.331770595        18077071.138477836        18116567.856206741        19172402.542636219        18590712.409871876        20308793.120016932     
   2294.7653639321916     
   1869.3055689018156        2503.2202576998170        2548.4309497014174        2756.7095731357290        2721.0447583584078        2770.0703851757908        2893.2186353334073        2872.9327047558368        2850.8564870443506        2922.3246577172686        2843.6778966561660        2791.5394434489399        2788.3956500145068        2787.5119093526291        2805.5522831031949        2890.4546890728789        2853.4391949688065        2811.5949412597711        2792.5187993535824        2927.6098993846367        3004.8411432619678        2926.1354365840216        2832.2304824290400        2671.0128887258679        2731.6911132535993        2828.1025000035006        2711.2411633558741        2880.8360952859684        2827.5404114965013        2942.9050358654918     
   3484892.0000000000     
   3838.2860407227790        8744.2195317631995        2874.4013887487208        3559.7840337242969        4915.5233142277775        9433.2523425231466        3045.0281930270544        2065.0867178433891        2206.5447478602905        2178.7561789727347        8744.1348965280085        3032.6996604343012        1216.3993015005776        4526.9499286626642        1514.8274810508390        2745.6994077689965        9816.7541243795349        1784.8182215770842        4494.8753446596911        1678.9417124879735        1135.0453092743626        840.47562839509476        5755.6235094001040        6260.5855342918376        1143.5131730618862        4325.6092145471130        7533.3453920265983        3389.6172979039225        2262.5819540933603        9048.0318143521199     
 ------
   0.0000000000000000        0.0000000000000000        0.0000000000000000        0.0000000000000000        0.0000000000000000        0.0000000000000000        0.0000000000000000        0.0000000000000000        0.0000000000000000     
   0.0000000000000000        0.0000000000000000        0.0000000000000000        0.0000000000000000        0.0000000000000000        0.0000000000000000        0.0000000000000000        0.0000000000000000        0.0000000000000000     
