           3          16          16          16
   4.5000000000000000        7.9138000000000002       -5.2000000000000002     
   98800000.000000000        1101887.0000000000     
       18233          60        7907
   10722413.777778072     
   5132562.4444444943        7332815.5555540472        9060303.9999998491        11213218.666664580        12583061.333332323        13024173.555554980        13030726.666665824        14025675.999999573        14579199.333336858        15897073.555558465        17758790.888889432        17852015.111111540        18082628.666665059        18730318.000001509        19545679.555557489        19860575.555549558        20233359.555558395        20100059.555558953        19749036.444445867        20892054.444446802        21367656.000008423        21355687.999999765        23646860.222221863        24432976.666666411        24800042.222222146        24784922.444444466        26407681.111111131        26913449.333335347        27030429.333331257        27103789.111111302        27085124.222220670        26624790.222227778        27325877.777779847        26613012.000000790        25648660.444452636        27162302.000001341        27673405.999997210        27270015.333325930        27226842.222220834        26503814.000000510        27345245.111108422        27814218.888892315        27611572.666669913        27764632.666660730        27459103.777779583        27275658.888893161        26785795.999989502        26973409.333332170        26251616.666668154        26308765.555555083        25103863.777783073        25021443.333336540        25499184.666670434        25325095.999995999        25262985.333335966        25225415.111109838        24695349.777784519        23799016.222219680        24316834.444440905        24805195.777784064     
   7910738.7119258270     
   9753710.9275717437        11697327.371396856        12512658.600757256        14445609.120767429        13704578.904929206        13809782.615467731        13959202.848054523        14659805.610812578        13832066.930324072        14410620.164506122        15148051.641160896        15858442.507754240        15674656.368319694        15877740.254168367        17232332.470744852        16833254.373755891        15718844.139648678        16418046.729834212        15653782.889302053        16269016.034894479        16931689.446100567        16863657.187097829        17132580.274984751        17142913.539041921        18158691.263776872        16960953.761147778        17560596.538167380        18274743.400830593        18066373.987753559        18153814.538320579        18460910.927632403        19182217.727457102        19739603.536687329        19121000.453962658        18067116.613455553        18330964.147709981        18586967.872335918        15777633.866151476        18677774.713955462        17246806.124402750        17483440.497179009        18830598.218620915        18649946.777236085        17938404.537912350        18328726.940775409        19047564.687386371        17027393.883261252        17872252.970059950        18138080.747222431        18968654.026471104        17411769.038389046        17098014.751990467        17169815.369577933        18054108.243129682        18164171.898871083        17904892.672357254        17475065.490541242        17117853.059081856        17597619.652278770        17871076.331262890     
   1150.0508971191084     
   1123.0435360831530        1345.9353592566717        1555.5807220201107        1701.2117007795514        1889.5327581105978        1944.1045518869898        1920.0886948572024        1898.7009921662927        1994.6196045536028        2189.6579212808297        2263.0851932394148        2213.7743532556988        2170.5849851164589        2269.7718735924250        2404.7785483235543        2375.9949740635479        2363.7028046482028        2399.7809799789811        2381.5388902083200        2421.0179649666957        2506.3466958421377        2498.5820899147484        2649.8657213720985        2677.5027462069502        2860.3190333948760        2697.9180731057986        2804.3724139457263        2840.6682203095688        2858.5410301740444        2903.3607957915315        2952.4442739133292        2900.6890246290432        2890.1755385166448        2811.1497400884396        2716.5779387288844        3001.2494838298439        2913.9467730873225        2934.5578682203454        2889.9038662757589        2837.6911187564669        2838.4456928889863        2862.7366629424259        2887.4123676540871        2870.7445993090460        2794.4683310436881        2900.3445660871389        2832.4140461184202        2854.0064748762070        2761.0989697260534        2754.5795124125816        2645.3949734565986        2762.8826141193422        2744.8728774428259        2766.0733955704968        2746.4583842237666        2707.8626775601319        2812.4276753787813        2638.7895604755449        2714.5538706459879        2717.5374467533670     
   567359.00000000000     
   506.88066468207865        87.258686355404791        402.76968035668591        318.83371064209433        368.07405644909443        40.567042645167739        27.461843122076520        682.52650719542851        101.71178036486363        2590.1516606640948        38.339038163229141        2327.3242921237193        1668.1050266192196        2923.7760417523054        55.131054626671137        1279.0988198371069        519.98345294490798        1937.5995297835784        1279.0626509331794        4350.0557767117607        4850.7612038632715        6126.5373070595651        8852.5056132319660        342.08549334700115        6784.3194614480090        13242.096413196827        7303.4011030549900        5756.8404724542534        2469.6754529416057        3518.3132507329924        6489.6948038347718        4448.7703605711595        3667.0566625050124        2319.9048442980425        8390.7396280488811        12997.259457470027        2311.0579303973577        8392.9194073255840        3700.8504750746761        10271.520221022502        8729.8544487532981        2176.5192528278276        6256.3933172006055        7693.2970648737210        2028.0386684243481        3030.6479190775030        7431.3811527123198        960.88480308230498        6068.2282114077916        4721.7949487588494        9963.3949172032317        4132.5383997515892        6440.3845314801783        3862.1927217148009        872.63267749902286        2950.6881175346830        5201.1076748673313        3040.8162036016752        3016.1731237256877        1889.5382902446172     
 ------
   0.0000000000000000        0.0000000000000000        0.0000000000000000        0.0000000000000000        0.0000000000000000        0.0000000000000000        0.0000000000000000        0.0000000000000000        0.0000000000000000     
   0.0000000000000000        0.0000000000000000        0.0000000000000000        0.0000000000000000        0.0000000000000000        0.0000000000000000        0.0000000000000000        0.0000000000000000        0.0000000000000000     
