           3          16          16          16
   4.5000000000000000        7.9138000000000002       -5.2000000000000002     
   58000000.000000000        759176.00000000000     
       18233          41       11623
   16094813.555555124     
   6402868.6666677073        9487930.4444452319        11778226.888890153        13348655.111116020        14775724.000000546        16259468.222223239        16940720.222222105        17586393.555556331        17851614.000001792        18377628.888883609        20854583.555552233        21304969.555553548        21397445.777775671        21416906.888885386        21743513.333329454        22232105.777781546        22098266.888889443        22412849.777782660        23063764.444443192        23980893.111108359        23563149.555558015        24509728.000006098        24880916.444443963        24778461.777776927        25056393.555555269        25682930.444448773        26017892.000000924        26412638.888883885        26648169.111109819        26503026.888894212        26215020.888887171        27112744.444447115        26663749.333328094        25667291.333338123        25668063.777777065        26013114.888891738        26407908.444443509        26041180.222220231        25327823.333337042        25309971.555564057        25088669.111109201     
   10898411.753270494     
   11184853.927168347        13115092.205047520        13805730.978020726        14350129.804357225        14381364.446465306        15583522.464738416        14779139.886975290        16476729.501150265        15840294.282252258        15386370.297721177        16249338.635774050        16947267.690848313        16586871.046318710        16064835.628455345        16241467.336228747        15430848.606039658        17499108.151602335        17801926.676302910        16307767.301007919        17193586.411091723        17710512.999140199        18352670.663687572        16810995.317951303        18734667.845519885        18415019.002227556        16902340.915173348        18949325.548832130        18228390.242337402        19040119.845547117        19083509.989242882        17956062.024328500        18784696.818119001        19133848.205497973        17369916.343854990        18226876.662580650        18308059.637382746        18808296.803186737        18376827.908787426        17471174.511455581        16998105.216215726        16564311.811987681     
   1804.0533742139557     
   1328.6633267542252        1579.8163353256173        1800.8278759820498        1906.4420129494813        1967.0923373365290        2126.7526987346100        2166.0154946696407        2280.6478230581070        2207.4488113197176        2267.2112171243043        2566.1122055230080        2517.7120193973506        2471.2467751794038        2512.5861269823235        2477.2902696318124        2486.9863336595827        2553.8183367534684        2453.1469903649936        2515.8734015593386        2710.3312652631716        2579.4308321750959        2776.4376624709789        2756.1210320062623        2724.7982818393889        2739.3062447850934        2759.9940924947350        2747.6502354090080        2777.1152517273581        2891.1056189040601        2773.9997979693262        2859.9996353518741        2850.9799896783306        2858.4826590293251        2721.2640364339713        2717.2117764962736        2718.2243963477440        2793.1583147443966        2780.1689710471605        2762.3680483273738        2650.1485197870870        2729.7106509887763     
   7369656.0000000000     
   619.72764493611157        424.77725276648420        587.80255906937236        252.57468990703939        1139.6291150321172        586.00617017430284        340.65561601173101        429.24531803167054        1510.2759861805930        4603.7372350789838        2223.1023898262820        4393.2655606039034        5731.4595469381438        149.36310565931231        1073.3001677494688        287.77667846961685        36.166492667312824        717.42949948553814        3525.0647794661395        6722.5960212654718        3165.9726674923927        9009.0856208549594        1493.6527579354797        12792.242053707225        8426.6963410734134        2038.0984462367373        5070.3763772512430        2037.3340767337347        2944.5683389901374        1552.1788670108192        4104.3821136741026        2288.6018635788578        10882.856680247416        2970.0047234922695        1385.6741121500984        1263.1748570679267        3012.6044585381669        3845.7985631945626        1072.0029097285999        3258.8278889155245        2284.2760626691197     
 ------
   0.0000000000000000        0.0000000000000000        0.0000000000000000        0.0000000000000000        0.0000000000000000        0.0000000000000000        0.0000000000000000        0.0000000000000000        0.0000000000000000     
   0.0000000000000000        0.0000000000000000        0.0000000000000000        0.0000000000000000        0.0000000000000000        0.0000000000000000        0.0000000000000000        0.0000000000000000        0.0000000000000000     
