           3          16          16          16
   5.0000000000000000        7.9138000000000002       -5.2000000000000002     
   59600000.000000000        493400.00000000000     
       20259          24        7184
   10774874.600001447     
   11553103.200001067        22687444.000006106        24507604.199997615        24794592.599997070        24865255.799997807        26097866.800000500        26485310.599999059        26560014.800000083        26970935.000000939        29350476.200003043        29128844.799995944        28838479.200003687        28613760.199992474        29688485.799995847        29482880.200010050        29818075.400001120        29467254.999997824        29424706.400001250        29475884.999996688        29899335.400001090        29391344.600004461        29575043.199993953        29759652.400002744        30255336.199998312     
   7575854.0032135099     
   14013141.671307331        18703551.172342822        18822501.005285796        17686206.775775582        19505659.736799728        19045538.434132654        19605495.686648753        20863999.570677329        19826489.548282299        20789423.846075229        20192826.220319327        21029377.042439245        21517153.913428411        20796540.478756145        20337441.731289737        19060388.194338720        21338789.409267556        20149254.256720733        19023355.764829118        19712926.098649997        20906615.523805786        19745808.251053609        21879172.965085957        20584277.517342515     
   1134.7672076276829     
   1826.4549451725693        2576.6073836666505        2790.1442235359991        2823.6517151858916        2770.6218178346753        2922.1095853772645        2990.6439700849469        3027.1777959974147        2982.6164930119235        3122.8796540676294        3177.5861510364261        3293.6212984621739        3071.4557107434503        3200.9545559930284        3121.8505348469762        3240.6499702241781        3166.3854654596371        3158.5779053939123        3125.8901432505027        3175.2191140472601        3176.4198130974946        3180.4933446345599        3220.4846331420163        3191.5768945439950     
   1810231.0000000000     
   2860.2434329953112        7211.5144848790387        1760.4541245133914        804.12805008211785        1474.8232265507843        4523.5862205973999        3537.8157648567667        2816.1528157295193        9308.2157182674418        9664.0374379480581        5871.0529493945660        20920.751582382589        4061.9726270628644        3766.6130173218185        4787.4398215052142        4288.2221419352582        3928.9889712361937        8594.9251470213494        2153.6976389536326        9597.1473904024788        4690.1852557343591        2195.0321857401436        3143.4958638356406        2380.3160766460874     
 ------
   0.0000000000000000        0.0000000000000000        0.0000000000000000        0.0000000000000000        0.0000000000000000        0.0000000000000000        0.0000000000000000        0.0000000000000000        0.0000000000000000     
   0.0000000000000000        0.0000000000000000        0.0000000000000000        0.0000000000000000        0.0000000000000000        0.0000000000000000        0.0000000000000000        0.0000000000000000        0.0000000000000000     
