           3          16          16          16
   5.0000000000000000        7.9138000000000002       -5.2000000000000002     
   38200000.000000000        269213.00000000000     
       20259          13        5846
   8808850.2000000160     
   17878197.000000510        21906870.999994606        24390544.000001829        25384000.400005031        26006624.600003365        26384795.200001352        27936124.399999198        28920408.799995936        28832762.600004461        29067026.200005084        31146166.200001288        30785967.800000321        30149710.600007083     
   6569504.9155393932     
   17033345.229362749        17974633.449151721        19041967.755907908        19470296.181979395        19889994.903991371        20859102.457232710        20295460.324162707        21281842.929741386        20056134.936115250        21040129.452563472        21424481.380145792        20664915.161823530        20313499.285721328     
   953.82590789558014     
   2270.9497709423968        2603.8457439832764        2754.4198007099485        2877.9265513359401        2990.5158684142916        3023.0607096187623        2949.8342136072351        3158.0173802841405        3183.1291725639230        3202.9118478302062        3246.9800863749601        3131.3450418120296        3167.5366196673522     
   810913.00000000000     
   4542.9568387848522        5860.6015829156540        4445.8281407996647        7746.1248836982841        2336.0952513261559        602.35764938790692        12312.347731623588        2144.6611999963675        3181.7097575912803        7921.7516772555655        8612.6746749347676        10136.506042929337        10711.493959337169     
 ------
   0.0000000000000000        0.0000000000000000        0.0000000000000000        0.0000000000000000        0.0000000000000000        0.0000000000000000        0.0000000000000000        0.0000000000000000        0.0000000000000000     
   0.0000000000000000        0.0000000000000000        0.0000000000000000        0.0000000000000000        0.0000000000000000        0.0000000000000000        0.0000000000000000        0.0000000000000000        0.0000000000000000     
