           3          16          16          16
   5.0000000000000000        7.9138000000000002       -5.2000000000000002     
   62100000.000000000        345519.00000000000     
       20259          17        1116
   1793124.5999999682     
   15427222.999999879        19310472.400001720        21466309.200003993        23576075.599994887        25059844.399997808        25929441.400000937        27065676.600002985        28346017.799993176        28267399.799998514        28776988.799994413        29717519.599994585        29651838.799998477        30930218.200000551        30126670.999997456        29573482.599997636        30307227.400000013        31074481.999998592     
   1354913.2751287671     
   16169552.645370947        17778441.417910401        18940081.254087530        19245950.973144371        20278489.975362357        19969504.455748685        19544631.544526096        20936337.551794510        21581350.765789758        20208443.897156399        20966791.258279253        20615970.686256878        20366289.941596508        20016275.847289633        19994188.384312008        22606449.077132422        21532514.978862423     
   179.71246883779571     
   2131.8222149946341        2324.4736043683838        2608.0256502349343        2700.0629908055644        2878.7307466976881        2851.6345312593639        3089.2713630987359        3161.4585553711377        3156.2619350870268        2953.8872212198021        3201.4752914868695        3137.4701084255280        3241.1282382581649        3122.4412234400766        3085.7609847972199        3071.3073717802708        3249.7183378581872     
   400702.00000000000     
   4252.8923565788027        969.08646373692181        8325.8762447533791        5045.0868384990572        1682.8696554545081        10358.621452082809        7737.1340175599671        3422.1953530495675        10359.116242688538        14390.769924345073        13623.425649557299        722.85001255415068        13775.193987327795        18247.267731573465        3509.5627872427808        3111.8791781563905        13612.108399518362     
 ------
   0.0000000000000000        0.0000000000000000        0.0000000000000000        0.0000000000000000        0.0000000000000000        0.0000000000000000        0.0000000000000000        0.0000000000000000        0.0000000000000000     
   0.0000000000000000        0.0000000000000000        0.0000000000000000        0.0000000000000000        0.0000000000000000        0.0000000000000000        0.0000000000000000        0.0000000000000000        0.0000000000000000     
