           3          16          16          16
   5.0000000000000000        7.9138000000000002       -5.2000000000000002     
   88300000.000000000        698508.00000000000     
       20259          34        9702
   13095391.599999642     
   11623953.399999596        14909180.799996639        17460850.400002085        18890010.800001800        22175732.799998969        22428213.399995375        23074665.600003228        24820950.399998832        26481657.000008427        26185237.800005797        26552764.200004391        27994780.000002187        27983672.600000713        28891626.200004313        29335775.000001997        28847558.199999344        28869704.200007521        28394679.600001793        27559665.000000555        28024606.000002526        26796954.600007642        27679738.600006934        28072737.800000895        28380447.400000490        28148860.800003041        27404028.400010295        27309703.799999729        27353297.199994907        26562369.800007951        26379271.400001358        26513224.600002814        26370554.999999978        27798389.400001701        28016640.399997659     
   8909591.4456137326     
   14874991.348370433        15105772.148150623        16095929.568207754        16320314.190126520        18912130.134108201        18841257.101027932        17755264.150471799        19388276.078220490        19522464.018730689        19996409.510776617        19840442.055253945        19888915.013786539        19779239.579032641        18672332.811650269        20684177.504756842        19222718.661275137        20818692.728827212        19861335.813775439        19264409.640018918        18867582.149317779        19888035.112528678        18931857.343327995        20714122.152289573        20001645.176717438        20016280.292282797        20777835.764908310        19816271.624367356        20210043.315135859        19587998.832692016        21139014.851966333        19035423.041630488        19730984.558582939        19571282.479067326        19168421.140827920     
   1392.8022649252505     
   1782.4911497310252        2150.9545878315839        2250.7996242071890        2369.3674665266049        2565.4027109302747        2722.7603007672487        2795.6264181774850        2808.5776923530279        2982.9241531690332        2922.9294815800440        2828.5021216264231        3058.5542987546528        3025.3754647261180        3153.2766714565410        3097.1506761344795        3106.3913277054048        3081.0677999194272        3087.2325990678223        2896.8308074860120        3048.7000605495627        2997.5259452781033        3067.2944636941675        3011.5898569615815        3071.4159672167157        3008.0681851165496        2997.5786122176255        3002.9019762776038        3003.7955561405925        2974.8823279557382        3026.3384759300452        2894.4554571978420        2951.4695797934151        2985.3933706377766        3008.8873441180658     
   910710.00000000000     
   1221.0911317180626        1660.1114577251994        1585.2266356554703        5112.6952004766363        11077.031369990809        2466.8458390243386        3280.2143206818732        7852.0686669487004        7796.7172231340974        4199.1099198165784        4043.3138129047074        17053.331489546148        1360.6633150841806        10795.148293853179        1236.5316368047443        8189.0644721350127        8602.6204430209800        2052.2655647791421        2887.7064817475184        5262.7013892477808        5738.8679029666155        4910.1565722630039        4692.8306493676218        3872.1184334566324        7147.6062017732502        6494.9535213398149        1998.0968441229709        14530.767454021379        2421.5920298082356        5.9917406246420182        6673.8832592037625        8730.0138330566042        8408.4216406749674        4770.8751868844638     
 ------
   0.0000000000000000        0.0000000000000000        0.0000000000000000        0.0000000000000000        0.0000000000000000        0.0000000000000000        0.0000000000000000        0.0000000000000000        0.0000000000000000     
   0.0000000000000000        0.0000000000000000        0.0000000000000000        0.0000000000000000        0.0000000000000000        0.0000000000000000        0.0000000000000000        0.0000000000000000        0.0000000000000000     
