           3          16          16          16
   5.0000000000000000        7.9138000000000002       -5.2000000000000002     
   68700000.000000000        569050.00000000000     
       20259          28        1798
   2450741.5999999894     
   6191642.7999999365        14870258.799998734        18712437.000003606        19407313.000003275        20108343.800000176        21599695.399995014        22043902.000001572        23765948.999995828        25238951.999994569        26249542.600001965        26285942.600001998        25929357.000008389        25349581.600013927        25841929.199996237        26923359.999997120        26834303.800007973        26331037.200003486        26961112.200000398        27238767.599999458        26483986.599999789        26337875.400000263        26375488.599997424        26360722.799993269        27758303.800003786        28115087.399996784        26726926.400000650        26719205.000007283        26275647.000002533     
   1539803.9253276035     
   11322936.833989000        15333695.710583260        17036540.196735598        18107936.203285903        17617943.827653222        17601148.850343116        17688045.232941791        18958409.897788335        19278395.861369949        19571100.307924524        19043216.469503772        19586561.815302659        18426851.452004749        20102564.745778963        19016198.649512507        20328607.587581258        19867221.612996995        19575576.062540136        19512024.842737664        20184004.763232328        18885372.475042988        19404230.621224668        18424915.896284640        19376668.775443431        19604453.724713787        18656041.634074178        19204010.339091908        19125512.455604505     
   269.15876408253860     
   1330.8009030398512        2012.4486917515612        2520.5743114031698        2567.8090823162456        2435.6124537714459        2593.7398837962778        2670.4329063777873        2757.0002481688707        2771.3820655601326        2878.9226930100576        2897.3648526425177        2910.3587497714802        2832.3404285955485        2854.9628361980704        2937.7463894956386        2992.1183194775363        2950.2720047563275        2876.4835717549513        2967.3700567722981        2830.8607116978101        2899.0994292699979        2904.3271164406256        2855.2135462933929        3045.5837477643217        3077.4092639793766        2806.6115635145802        3020.7773587714901        3022.2114794298163     
   306065.00000000000     
   1834.8680274539834        935.44721295004172        2666.9040038066178        2456.0298899938366        1145.7375606534322        3186.7835314342406        15624.031168856687        4472.1323378700326        3089.0124737152996        7075.7096545460172        5505.5415803517526        428.69916758236417        3523.3865423238999        11663.902941473087        6846.5282883212540        4991.7102168388992        6986.5301582660322        5446.3012559868566        5907.8475753600878        5918.5419968733931        1818.3229240413536        1799.6337280038972        14745.079060463439        1219.9062384253953        2621.5069657309618        5680.8211524313301        4636.9496927995187        14961.239621274273     
 ------
   0.0000000000000000        0.0000000000000000        0.0000000000000000        0.0000000000000000        0.0000000000000000        0.0000000000000000        0.0000000000000000        0.0000000000000000        0.0000000000000000     
   0.0000000000000000        0.0000000000000000        0.0000000000000000        0.0000000000000000        0.0000000000000000        0.0000000000000000        0.0000000000000000        0.0000000000000000        0.0000000000000000     
