           3          16          16          16
   5.0000000000000000        7.9138000000000002       -5.2000000000000002     
   66100000.000000000        604511.00000000000     
       20259          29       17000
   21593279.599997543     
   13534566.999998210        17603285.200000897        18430597.399999294        19414109.799997944        20698719.800000004        21237338.800003745        22786222.200000130        22389803.800008267        22988299.600002196        24230131.800002053        24287956.799995136        25704609.600005001        25901945.200002562        25532346.399997499        26617388.400000121        26662719.000002075        26779294.799997400        26664563.599996883        26925646.400000863        26855700.599998999        27555648.600001946        28047283.000003338        27898926.200002126        27234721.999994241        27120931.799999978        26522092.199996836        25953206.399999734        26055616.600003120        25840960.999999639     
   17419448.226034179     
   15709251.011831434        16893003.357386209        17205563.519324847        18020885.228196818        17498150.222150173        18169077.278306842        18451025.190841623        18144953.666033827        18429651.151896507        19494444.297689512        19159720.019054689        18766574.580934256        19738915.402061973        19476854.268160570        19555854.220882945        18160458.673077576        20554042.458838470        19519827.046012338        18191586.937859651        18933310.601207864        20700703.504972324        20097066.226525463        18465544.766836695        19181460.513177548        20014350.474063147        19223175.669232406        19929768.604426190        20417023.622704577        19402914.316875607     
   2388.8053743051937     
   1969.1358250691233        2295.6420618296129        2328.7384804554945        2387.3651579853849        2521.4936418743014        2471.8214023697055        2666.5148923220981        2548.7945176217740        2597.1401327818025        2748.6714856967578        2833.6314424219804        2871.2499033034369        2831.4640376119996        2886.6772928744817        2936.9044736861501        2919.6110309437026        2912.7392800676612        3035.9033934534978        2943.3042672664287        2968.5965061290426        3043.8563393726163        3026.0420304602053        2967.3298262461112        2851.8029892908917        2865.2538197526574        2871.4323155099760        2925.8603179252200        2914.4240973750534        2876.1745311061595     
   1569473.0000000000     
   2698.1951693505198        2334.8647852145400        741.58478141055571        2138.2245818534161        4871.5216724656475        4654.3411485640536        1693.1495813288034        3653.9157763300459        8496.3967124541650        4938.0493075938712        6314.2724851476942        3929.8613651989267        8412.0197232376831        2738.7224262013674        8158.1270384715226        6787.1816273788108        7753.1387575479193        1308.0093481244958        6835.8946305665477        10217.619150255394        2767.5092568373238        10110.158443174256        2771.7518692680283        578.92453991130992        6934.7507554033155        2534.1720835512829        8655.4914234042299        95.666027510356429        5604.5214028399541     
 ------
   0.0000000000000000        0.0000000000000000        0.0000000000000000        0.0000000000000000        0.0000000000000000        0.0000000000000000        0.0000000000000000        0.0000000000000000        0.0000000000000000     
   0.0000000000000000        0.0000000000000000        0.0000000000000000        0.0000000000000000        0.0000000000000000        0.0000000000000000        0.0000000000000000        0.0000000000000000        0.0000000000000000     
