           3          16          16          16
   5.0000000000000000        7.9138000000000002       -5.2000000000000002     
   69100000.000000000        373111.00000000000     
       20259          18        8449
   13405490.200001456     
   11495472.800001360        18458630.599997435        20853448.600002229        22845501.399997596        24454714.799999908        26214267.400002010        27237337.000001591        28522717.000004534        28549917.800006561        29582250.599999603        28919721.200002111        28844968.199999318        28670333.600005507        28330994.399999693        29899018.799996052        29498315.200000029        31071805.599999547        31714527.999995045     
   8172591.3595299385     
   14907250.366889361        17210315.532688349        18094534.044402584        18113566.388967466        17870252.127946787        19165066.460706424        19787538.320009228        20068699.819961853        19435538.086087938        21062110.941573285        21243209.907113496        20468524.680201076        20479718.239535771        21064099.318429794        20238119.638440918        20038650.896871045        21207576.533807684        19033159.233632077     
   1365.1320424410983     
   1859.3702120610671        2325.3918105025678        2512.7363358998014        2666.3515054429672        2713.9592969879272        3018.6662822516582        2970.6159786877174        3079.7167587031354        3021.0679280531904        3100.5849547100765        3076.3670962545916        3071.0954257482522        3078.0351507932564        3075.9585550644729        3161.9249601766924        3076.7662844978568        3217.0011478450906        3224.1177291737908     
   1560606.0000000000     
   1474.9122020544462        3308.2416043353505        2959.4836715917904        4958.1990039719230        2751.1551252374315        8636.2488431366819        9476.7939158273184        12867.676401990626        17844.219550656537        9166.2542171078694        14505.465858967884        3661.0121152806360        3993.8955160903834        2230.5138804930943        13186.438739328971        17216.200063932014        11022.995027523013        6500.1444824315004     
 ------
   0.0000000000000000        0.0000000000000000        0.0000000000000000        0.0000000000000000        0.0000000000000000        0.0000000000000000        0.0000000000000000        0.0000000000000000        0.0000000000000000     
   0.0000000000000000        0.0000000000000000        0.0000000000000000        0.0000000000000000        0.0000000000000000        0.0000000000000000        0.0000000000000000        0.0000000000000000        0.0000000000000000     
