           3          16          16          16
   5.0000000000000000        7.9138000000000002       -5.2000000000000002     
   79800000.000000000        662693.00000000000     
       20259          32       14405
   18645167.799997747     
   8557765.4000002593        16884309.800001487        18641883.200003095        22272844.800000664        23600068.799994122        24166160.799996119        25259815.000002321        26270205.999997947        26383973.600000616        25548175.399996944        25826729.999999363        25726101.599997792        25533474.599999100        25437185.999996506        26528469.799996857        26294115.799998857        25843817.599999133        25759892.399990648        25476796.200001426        25205185.199992530        24822876.600003555        23129276.799994204        23467687.800004836        24080700.000006214        23886336.600001451        25797839.800001241        25709389.399995077        25842802.800001215        25416581.000001919        25221278.200005680        25090411.200003073        25363406.200000398     
   13275011.820838198     
   11993593.594299939        15978649.615010468        18087258.195911288        18822880.614685044        19603254.719981749        18554773.476689633        19665102.548756424        18918513.571192440        19140084.364119340        18379044.585435305        20213811.193692423        19401866.771006238        19943783.051907748        19896976.098832577        19518299.672972683        19948804.536096897        18786341.459375557        18526783.752110537        18599298.816633858        19359048.250278361        18675940.374960262        17916457.053903967        18465062.204042822        18824158.619371507        19077857.303669762        18612040.830438882        19242669.311247215        19054875.522357419        18964280.492796533        19914092.092806380        18951592.445914410        18783201.781001188     
   2033.9264954509069     
   1538.7918088947977        2266.6675397389931        2328.2351256919219        2709.7702620152158        2747.7325823547267        2836.5409763377124        2802.9026606531256        2934.5995422854289        2955.3093416923716        2845.5803665641865        2901.1595161483674        2889.8734061324139        2904.6823413783754        2856.8454352438744        2961.9899502633893        2937.8165136653720        2915.8455426086666        2886.9058235025477        2847.6498212307511        2788.1183634808795        2782.3014246124626        2792.8944727221869        2669.7069493543554        2845.0337947710559        2776.3776657898875        2861.5776269156313        2820.5145227229882        2916.0779831171458        2877.6294761856725        2763.0081586067995        2884.9185996651358        2792.0627316156933     
   818944.00000000000     
   1770.5973319308403        4328.9859434177915        4497.5098876217762        10652.835230947428        2385.6112041810843        3201.4471284645579        5858.0299738464028        5976.2393557967380        5763.1951077483027        3586.9237324753917        5741.8626882118187        2467.4426259391435        3462.2234790262141        13550.723982528638        3112.2307399025667        4891.5867336085084        452.27767605275011        8544.1743877863337        5437.8702844813397        3027.4197238389538        14115.269212994501        3824.7595940319447        5235.6354750606988        2105.0432293902591        4804.1411745828109        6754.1630349833285        3722.7893265670118        4144.6156790250579        3503.0046415826332        11591.170892565127        3048.3007554544215        8403.2805926707024     
 ------
   0.0000000000000000        0.0000000000000000        0.0000000000000000        0.0000000000000000        0.0000000000000000        0.0000000000000000        0.0000000000000000        0.0000000000000000        0.0000000000000000     
   0.0000000000000000        0.0000000000000000        0.0000000000000000        0.0000000000000000        0.0000000000000000        0.0000000000000000        0.0000000000000000        0.0000000000000000        0.0000000000000000     
