           3          16          16          16
   4.5000000000000000        7.9138000000000002       -5.2000000000000002     
   77900000.000000000        1225668.0000000000     
       18233          67        4057
   6138186.0000001304     
   5031471.5555564491        8147757.1111117657        9652148.4444450699        9918126.2222203482        12538479.777781781        13331800.666668830        14962435.111110440        17672645.333335694        18147512.222222764        19199630.666663542        19439369.333334919        20162516.666666869        20821627.333336093        21415148.888886899        21903968.444442011        22399564.000001010        22251034.444444906        22472984.888895065        23290273.333331298        23657190.444442559        23410992.666663717        22934286.888885424        23079267.999998033        23640447.111113790        24514560.444441389        25023701.555559494        26057940.666661970        26125915.777778257        25747532.222222243        25494018.222225107        25742640.222218856        25950375.777777892        26143498.444442309        25623004.666661169        25891206.888884284        25437558.666660517        25477997.333326526        25268438.222220309        25397458.222227711        25873299.555554934        26419035.999998588        26310861.333335005        26086043.777781069        26497224.444445290        26281849.111110203        25545051.777774505        26818211.333330933        26641760.666666914        26361090.222221799        26811434.222222649        26652740.666675568        26650130.666669853        26944965.111106966        26914380.888883043        27103707.555562932        27117277.333343104        26987675.777779490        26268425.777783982        26101644.666663282        25624004.666669346        25927887.999998048        27925521.111107051        27721048.666665502        27627566.444442820        27566397.777773395        27788084.222226564        27143131.111108765     
   4377926.3470308641     
   9758162.2034859937        12121836.088239454        12897800.015805971        13375916.408252509        14868757.864325140        15415273.161241565        15337201.043087466        15088668.212541020        15543536.012487613        16130735.178044835        16211768.537390880        16188538.107180767        16889224.476535734        17472314.151876904        17094276.808061004        17435268.087849848        17697443.867425587        18068595.487331130        17927342.616740238        16551546.136833904        17263600.039670147        17027466.509804592        16572143.563140618        16609144.387388246        16485710.271564355        17567793.948991191        17866695.972470947        17365813.513984755        18422852.824459024        17991095.367963489        17616528.481738042        17266667.544585239        18166989.509922780        18212187.676522996        18287583.566403821        17651728.252820462        18558859.300691653        17321349.249862615        17395120.770603746        18486266.565649189        17686453.241236359        17447725.270281624        17909040.680036705        18194363.560628869        17981471.771444727        17971792.606773760        18610255.135943227        17765384.132488880        17552267.614606705        18645033.774074890        18330873.248378456        17834187.253729049        18144312.249594502        17275020.350628015        17735195.289256923        18659848.482190460        18722671.867499303        18864775.036935471        19038764.806649316        18611934.837575164        18388660.331961565        17874190.120116554        16764401.799128890        17720054.544060815        18480562.272180490        18693819.547453102        17629109.107083395     
   698.11581011539795     
   1103.9272944058266        1432.1293030876707        1566.8749708952585        1620.4333407695344        1873.1062892386205        2063.5620965746475        2081.1653242246662        2273.6184274807283        2314.8758779546561        2335.0012779522026        2289.7325859063517        2362.3019758528508        2475.5555316063833        2543.0858629238769        2627.4464052160611        2558.7847535628357        2564.9516691299268        2579.1436627128469        2592.4399308351444        2727.0212975458207        2608.9252822399349        2584.4682964122744        2569.2493114009940        2619.9542570116805        2739.5559174712753        2719.8507882457648        2653.8432817799344        2769.6002944243860        2803.8981953657471        2756.2353544204216        2773.3842102018084        2826.8336977930444        2765.0710123467084        2714.4390169251624        2825.6857800790767        2698.7335428832048        2859.1062271626806        2787.6731567622214        2709.8925806064035        2920.0186712307204        2778.8586873309732        2761.9791702765833        2805.9965105497090        2810.1925064762308        2854.2613834180888        2836.9521103675197        2911.0843953171820        2874.3673594701995        2980.2535331006256        2863.0006225443449        2795.0489180167156        2848.4954917352043        2809.0333529583509        2840.1004114433085        2915.3921022079562        2861.1681504067997        2893.4121248306437        2846.9935364797070        2815.8240665180911        2919.4927930689237        2763.2920789153891        2880.8743963055226        2784.0240592170712        2875.6794464403124        2793.4539433921391        2815.9750978225379        2845.3092828499903     
   711313.00000000000     
   627.51601558184939        118.73045529291842        75.959520768430465        115.18349144775426        525.70778480651222        334.55512754928009        1952.7808243921124        1956.1517662381625        1527.7166316544697        1807.5964327665661        2677.7672135382518        1331.2592018211933        973.38236501941299        9787.8479363606166        3093.7747127324301        4211.6952516272167        1430.2100891862519        1455.1835117181113        11654.146500201636        1024.3202380507473        2645.4756161117134        862.54637582375312        26.080190992043168        854.22029413962548        8203.8139100306526        288.65437720492599        1367.3364778588179        643.53642876150309        1307.0670276141693        457.43777301308410        1882.9266146066566        427.92635866844500        3427.1869029175987        3445.1387355669849        1954.8014604915329        921.65359862219566        557.84747283655497        208.68975314158212        411.35858940935395        4100.7121755555854        6232.0130646931584        1255.0682000676263        2181.4261674606682        5804.9812835818557        6959.8905548932426        318.67215620455113        6389.6058016261250        3221.3906620902226        2704.4164619520889        2403.9059180397039        795.38554375077069        2248.1095700018068        895.41908697339488        2026.0951926533064        3466.5459041715858        2901.4212478648024        11648.851372666639        5430.5897252467448        810.18103671741062        552.54511152077259        2779.4717601223301        11208.046472939715        4244.9851108021567        3074.8173845538572        597.68390362238574        1068.4028981576753        11270.792287473272     
 ------
   0.0000000000000000        0.0000000000000000        0.0000000000000000        0.0000000000000000        0.0000000000000000        0.0000000000000000        0.0000000000000000        0.0000000000000000        0.0000000000000000     
   0.0000000000000000        0.0000000000000000        0.0000000000000000        0.0000000000000000        0.0000000000000000        0.0000000000000000        0.0000000000000000        0.0000000000000000        0.0000000000000000     
