           3          16          16          16
   4.5000000000000000        7.9138000000000002       -5.2000000000000002     
   49800000.000000000        912024.00000000000     
       18233          50         374
   539482.88888889039     
   7076245.9999993220        11222929.555555098        15274915.777777433        17075666.888888385        17204986.444442600        17535706.888885852        17784300.666666944        18465707.111110710        19440527.555557389        19547533.111110020        20792914.444448028        20819341.555559386        21386801.777780242        22127804.888895251        22342141.999994956        22250254.888881817        22158413.111117300        21603231.777774338        21784724.222224474        21736303.111111581        21935223.777779136        21757960.444447082        21776747.111107871        22379318.666665331        24652221.111108977        25127583.111105971        24392766.000000980        25067012.222218171        25527546.222220059        25864261.111111771        26083488.222224616        27184797.777788229        26667702.000000492        26706873.333338462        25970738.222222980        25649935.555559997        25628657.777779348        26256401.555552788        25424065.555560831        25064900.666663487        24776954.666665796        25075519.555549387        25628321.999997899        26323450.000002038        27247225.111104250        26379274.444442958        25908436.222224921        25743529.333331071        25660956.222221866        26257838.666666731     
   288700.44507765374     
   11232391.285110055        12877344.540061049        14997810.112255525        15752928.934136866        16321302.984714366        15588848.936982464        15529658.679913245        16006108.675745122        17487656.040475309        16223489.212905599        17405268.145980664        16400384.952285953        17217319.264423329        16592863.667647902        16965044.781182669        17420634.894651502        16931381.015621811        17308416.830501907        17043458.157812424        18161265.195345342        16993768.579689600        17359360.091982465        17046108.174759351        17500966.779375792        17323934.496690787        18592300.898651581        17846126.961943578        18690136.169408213        17498999.814317759        18865940.578182068        17636659.788425151        19197853.525158688        18576212.746080335        18072754.511299059        18026578.124238636        17016439.932901684        18553421.267409366        18258106.089966096        17569452.934102308        17631439.254798017        16876620.891733203        16814431.218074266        17913401.666619875        18063224.379591040        17986189.236486994        17366587.264300477        17369851.093370434        16937031.558934875        18685924.183341932        18143741.956354208     
   56.556738702614972     
   1333.2159479900117        1774.7844996979500        2050.4788853769423        2178.6745300389125        2221.9142607939684        2142.7511681405831        2287.9253323127259        2238.3133187149642        2425.7430330826273        2279.0455816586114        2462.4536713547204        2429.1646014689800        2509.4996966343938        2541.7215359013294        2571.6513281124635        2539.8654765726137        2538.8213535354585        2606.1720591062135        2467.0605156763613        2471.9276494272981        2538.7885458958112        2582.3713956815386        2543.9251263382521        2516.7667594677127        2707.1442999559340        2713.6240139204242        2663.9228880123651        2674.0735831811548        2679.0512049298754        2758.4947399737830        2772.0966866258650        2959.3282352950264        2815.9632075377867        2780.0293868985996        2834.3002035808386        2719.9509004575298        2780.8195617096185        2834.1914330480499        2708.2790795707406        2717.7308299019592        2783.0062713723623        2749.3153012504758        2809.8459705658743        2764.0900596125957        2725.5586045718555        2910.2469852977938        2713.8593205385396        2781.3504549193581        2741.3193167021477        2852.5219336909704     
   790291.00000000000     
   1071.1155659522433        605.28901848822375        2318.9523964946166        497.43093571593431        253.06658700045438        2093.7599781210129        990.29494449594688        1879.3675944601832        974.48913347959672        655.10806675806509        3718.1464449328423        2054.4926047569761        1600.2015263855910        1285.4717807091456        43.475022520944741        72.499362292692481        861.94114949803179        1975.8493513171195        28.669884513257514        1761.5100153820504        1596.1626654470119        534.24123487315796        2556.4494759843810        745.29643433160345        8916.5679758684855        2652.6322365688493        4240.4495302496389        1242.1559013654821        7222.5346676537183        1395.2829842935241        1130.7822011314324        6488.3035066636912        2791.6992609101121        9776.9996764426069        8259.1523330398413        1411.9592602643977        2445.2228626263031        2129.0632396145879        2979.2229714732775        1818.6641173684038        2203.0648170504055        2906.4583705517825        5197.1507967776543        1277.8232631585943        1948.0185853749817        1183.8540394944935        2539.5995892746546        350.30306831934610        2805.5254272514931        490.26467021775085     
 ------
   0.0000000000000000        0.0000000000000000        0.0000000000000000        0.0000000000000000        0.0000000000000000        0.0000000000000000        0.0000000000000000        0.0000000000000000        0.0000000000000000     
   0.0000000000000000        0.0000000000000000        0.0000000000000000        0.0000000000000000        0.0000000000000000        0.0000000000000000        0.0000000000000000        0.0000000000000000        0.0000000000000000     
