           3          16          16          16
   5.0000000000000000        7.9138000000000002       -5.2000000000000002     
   65900000.000000000        444962.00000000000     
       20259          21       19523
   28165013.599990509     
   4641467.6000001496        12474090.200000508        15826397.200000880        18332556.399997130        20096036.600000694        23476582.399994917        25922887.800003670        25948971.200001683        26591519.600002084        27865559.999995001        27954203.799998820        27751409.199997254        28314226.000004478        27212247.400000960        26970569.599997889        26904725.599998120        27106926.800003570        27257091.199992675        27945539.000005383        28695453.000001360        28952966.600000411     
   19017871.955759797     
   10161240.090031333        15157995.920976922        16419827.211528702        16829259.813472480        17080647.182211172        18835987.918873645        19943719.266974468        18582884.343034878        19521755.222855303        19801561.970748775        19080624.137432411        20464151.895126410        19312170.421073854        20104038.227196936        19563723.512634125        19986826.327591114        19661037.134900801        19430355.892833028        19693945.838608861        20947896.075875770        19680215.607786506     
   2894.0436899502238     
   1105.6665732681824        1909.4241958255641        2151.1849510028119        2336.7437696665484        2483.0586821852289        2735.6479113000337        2870.1029489899574        2894.3381891625086        2851.8936714429533        3031.7177747436072        3018.5048902167127        3024.8636948504645        3090.5660702622422        2975.9969896452599        2998.0002976430510        3012.9257766791079        2842.3269243887721        2977.5690320181293        3050.1142820511409        3026.6529445370243        3013.8566832408637     
   6310959.0000000000     
   471.39438853463042        1306.7116078515744        2993.1750056003261        2693.0259096011910        4334.7324588738047        14599.795083789077        7253.6910437489832        6501.0168763942329        4757.8457009335943        3641.3485289713708        6833.3273617657678        2136.8508868822469        3947.8474377440311        8877.9388630957565        2217.7361301135606        6332.3345123910467        1228.0572626145135        3226.0260688175808        23883.523007341395        2583.4666827141746        18530.745856374302     
 ------
   0.0000000000000000        0.0000000000000000        0.0000000000000000        0.0000000000000000        0.0000000000000000        0.0000000000000000        0.0000000000000000        0.0000000000000000        0.0000000000000000     
   0.0000000000000000        0.0000000000000000        0.0000000000000000        0.0000000000000000        0.0000000000000000        0.0000000000000000        0.0000000000000000        0.0000000000000000        0.0000000000000000     
