           3          16          16          16
   5.0000000000000000        7.9138000000000002       -5.2000000000000002     
   57900000.000000000        404827.00000000000     
       20259          19       19906
   28729761.800001614     
   5362842.4000000218        11339485.399998708        19446019.799999800        23469250.400000352        24969407.399995662        24890119.800001614        26235980.999998845        26924636.399995714        27256473.200002789        27161730.000001945        26373562.999992061        27800412.199999176        27773602.200002741        30121296.999991894        29515458.000002462        30246033.800000872        29555122.000000115        29877767.799998842        29079669.199999735     
   19247571.030734509     
   10819333.998767588        14444711.591080448        17442413.859688435        18133385.576130532        18892760.817028977        19378916.604654353        19514637.592510864        20881692.201894816        19324276.192006871        19730493.568543471        19067001.448938042        19009148.785517484        19265329.532794032        19854645.214456037        20192775.430177718        20165030.027892280        21139857.959379304        21307775.924627252        21551954.608399611     
   3081.1033333178998     
   1192.6062792955404        1849.1624746657124        2354.4133600057439        2790.8676673913255        2781.1186005959084        2811.1842176791274        2952.9713077919291        2854.2805130436768        3073.4251664475960        2961.4553950448844        2898.9004199477467        2996.1519228529769        3004.4619417104418        3206.7143918396296        3117.2172160113710        3163.4293899953718        3083.1990714008880        3299.7363280652448        3228.4040576128145     
   1561638.0000000000     
   584.94232214677970        2190.8459967995659        7711.7347664658673        8973.3574953032494        1099.4051947222090        4831.4284424619309        3831.8732940564200        6018.1511582899329        1850.0003734792022        5648.2192258090927        6501.5290280738482        4243.0638186255237        18441.197437274255        8865.0569462729127        14727.359914429318        13291.340858146272        7771.8409743907896        2234.6523264804873        2567.2796514504275     
 ------
   0.0000000000000000        0.0000000000000000        0.0000000000000000        0.0000000000000000        0.0000000000000000        0.0000000000000000        0.0000000000000000        0.0000000000000000        0.0000000000000000     
   0.0000000000000000        0.0000000000000000        0.0000000000000000        0.0000000000000000        0.0000000000000000        0.0000000000000000        0.0000000000000000        0.0000000000000000        0.0000000000000000     
