           3          16          16          16
   5.0000000000000000        7.9138000000000002       -5.2000000000000002     
   64600000.000000000        486075.00000000000     
       20259          23       20118
   30554216.400005210     
   4734748.5999996578        15381981.599998001        16399772.800001981        18588974.400003295        19074377.600001279        20297678.200000238        23223845.000004210        24929627.600000247        25817603.400002919        27164784.600003861        28939621.000006005        28544233.400002792        27875912.799992815        29683040.200000953        30942861.200005606        30770517.400006119        30271629.800005306        30376038.400007352        30308747.800004229        31245709.599992871        30115566.200000342        30150902.000000533        30103655.799991097     
   20388110.210150290     
   9566700.7405566312        15595455.646365201        16899721.849467359        16885485.844683439        16435092.969038062        16454455.866425257        19147709.650253665        19624261.034847945        19759900.120875809        20309928.555862915        20850718.931739796        21800023.545189064        20285265.194667187        20977838.096455820        20214270.269110478        21385464.718805782        19798001.679304726        20397651.560753312        20534585.922285497        21087882.817508567        20182695.588589802        21553522.475366306        21473148.281144258     
   3251.8808842908388     
   1133.5886836916125        2202.3761932681418        2190.0728694316349        2355.5506021923629        2408.8501853728208        2571.5270989317364        2668.8984386739276        2915.7025540758245        2874.2284754994362        2976.8148722703227        3151.6715320899325        3149.5074255723362        3058.0144794113412        3180.3288689939568        3176.5950236881831        3277.6014967298283        3238.3088238104465        3122.2513821514772        3181.9673687319173        3208.3763264073882        3284.2174552310603        3202.4938326233519        3191.5275591456525     
   3388665.0000000000     
   1908.7502475068402        141.05655518330553        959.54438350274904        1488.0957675360471        208.77559400690356        5087.0962970328565        6755.4217128400078        7240.5291796097390        5572.9177379661178        18229.457439901449        2604.6363421829838        1932.2376103393287        10244.652512428942        14778.138885409398        43.665270955603788        3912.6001174885309        1240.6961244029651        6427.1194654017272        10355.151407439997        17065.152210727756        9497.2864934146037        4929.2689444764128        1159.7153952652827     
 ------
   0.0000000000000000        0.0000000000000000        0.0000000000000000        0.0000000000000000        0.0000000000000000        0.0000000000000000        0.0000000000000000        0.0000000000000000        0.0000000000000000     
   0.0000000000000000        0.0000000000000000        0.0000000000000000        0.0000000000000000        0.0000000000000000        0.0000000000000000        0.0000000000000000        0.0000000000000000        0.0000000000000000     
