           3          16          16          16
   5.0000000000000000        7.9138000000000002       -5.2000000000000002     
   120800000.00000000        766059.00000000000     
       20259          37       16476
   25539767.600003369     
   9536055.4000006933        17216473.000001863        20388323.399998914        21325061.200000100        22716235.599998463        23971543.999997266        24503622.800002772        25870646.799997669        27247048.999996550        28416694.199999571        29026185.399999883        29015842.999997284        28601741.600006636        28858850.200002417        29367513.400002282        29120610.200006645        29929352.000005942        29757340.399997149        30501547.199996158        31343242.799994089        31472634.599995665        31520368.199998572        30201326.799999405        30741597.199996009        31454889.599998761        31650450.399997704        32533248.600002334        32313323.800004736        31813958.200001441        31846514.200004458        31176786.599992968        30775706.999991894        30507222.399998724        30680912.800000455        30968002.000003032        31596944.399995293        31110096.400000636     
   15647994.435492411     
   13452034.157877836        17208509.781108048        17697002.251357850        17793816.608329635        19523732.855915610        19292724.162595283        19257473.018543359        18596292.214673940        19753629.605907470        19940832.593063049        21155854.669622891        20769894.032284766        19921086.736302994        20320156.705876157        19437363.289355356        19842878.619417768        21526065.678016827        20121117.112969466        19522612.893107858        21919642.414466698        21445303.509789843        21000761.799066912        20692910.227439463        19609607.140126195        21067869.862374295        21453377.238694511        21861224.473007742        21366712.239943996        20760129.280709390        20308440.015452251        20395972.575997882        20036004.038142420        19964617.483135041        19345104.100816194        20290076.441936374        19864197.027476132        19142541.307782464     
   2652.9725069541478     
   1673.3207127199792        2376.8684100843120        2542.8988606845164        2607.2900611914447        2782.3576348883125        2861.9781386476566        2880.3120124155862        3002.4666569374008        2870.4055345739416        3077.8243019658048        3207.7606422411545        3128.3461029155951        3034.3804492659779        3034.8113119973264        3180.0170653801561        3086.8111769991342        3194.8546696365624        3160.8971119258167        3205.7221549493083        3205.5372181966673        3213.1659168964420        3227.4020619216494        3187.7537365174048        3300.7225500483469        3305.5386470955905        3364.5870751902603        3389.6774919017935        3408.9347371511808        3282.4834769947738        3278.0229290882439        3382.0210533839072        3178.6229222236989        3242.7950321207391        3156.2454586664931        3291.5741715089171        3324.0399526201700        3204.1808999284181     
   1206597.0000000000     
   1502.6682189284670        4540.9386139456938        2992.6585136522403        2472.3232578351303        3897.2941607244597        6305.0841367939329        10234.363906017705        15069.281924330568        1477.3058601163732        7571.4724804128118        1809.6402169645000        1866.0767278969306        12400.264209778423        2272.9269839947256        9672.2774376408379        10663.204132325385        11279.381196525941        21830.332965377864        3643.0802960914230        2933.8370251948259        14046.823179201960        2863.1514128710883        4937.9321203451454        6903.6483915379158        6760.7190105092404        8144.4812343977273        4714.8466611883368        1924.5792066217039        10633.929021486407        7269.0013407815259        7955.9117602590022        4899.8940074625943        4063.1227982077612        5911.1678807406388        12140.846363248285        7164.4008706229797        13102.419822261372     
 ------
   0.0000000000000000        0.0000000000000000        0.0000000000000000        0.0000000000000000        0.0000000000000000        0.0000000000000000        0.0000000000000000        0.0000000000000000        0.0000000000000000     
   0.0000000000000000        0.0000000000000000        0.0000000000000000        0.0000000000000000        0.0000000000000000        0.0000000000000000        0.0000000000000000        0.0000000000000000        0.0000000000000000     
