           3          16          16          16
   5.0000000000000000        7.9138000000000002       -5.2000000000000002     
   142200000.00000000        1089322.0000000000     
       20259          53       15595
   22851962.199999250     
   12615820.800000446        19573856.799996816        22493868.999997545        23474159.999997403        23502535.200002860        24528056.000007175        25880169.400001671        25937357.800002586        25300527.799996559        25051258.600007482        25416203.999996554        25404184.599999722        25061513.200000107        24874083.800005894        25244969.800006855        25873743.799994886        25702842.400004480        25293705.400003452        25287685.400000781        26274199.999996118        26250807.399990730        26037991.400006466        24774465.799997620        24356296.400003303        24630523.400002073        24781364.399999719        23890264.800005727        25620076.200002551        25860786.600005414        25991814.400000464        26498881.800006028        27254292.799997564        26443770.399997778        25557112.400002159        25749717.399997246        26791148.199997820        27032408.399996623        26686352.200001441        25841826.600002557        27653479.400001656        27750589.799995437        27685505.600001276        27846239.200002924        28503268.800005142        27857896.000005003        27944888.600002091        28147650.199998308        28056539.600007772        27696413.599997863        28107480.999999166        28369372.400004055        28112119.200007383        28935932.600003917     
   14745876.941336084     
   15043948.211671386        17807069.897962473        18225691.841526624        18192567.197722297        19804896.770863641        19490221.707555950        19761852.087584790        19821584.346313626        19578822.218945991        19926353.431197681        19299772.981959380        20480134.847044695        20437930.376648575        18436850.237567194        19463703.833106223        18817969.941133615        19623769.154848032        18818956.234819211        19114732.726242714        20118754.670607466        19782370.739703286        19304367.943377674        18651979.034666970        19365414.459983606        17844410.331770595        18077071.138477836        18116567.856206741        19172402.542636219        18590712.409871876        20308793.120016932        19508322.342798106        19600711.190228712        19686358.275774892        18497846.373991624        19090728.876653500        19866317.457089249        19749208.937201913        19344704.989259385        19790371.732810769        20026870.418069638        18862155.385243472        20484099.948962286        19148172.737343606        21002208.060382240        19463821.812987931        19814504.103824146        19783633.273072958        20036700.723921686        18921139.819576647        19749456.660042100        19725402.465141211        19872070.944770820        19795589.394811131     
   2418.8628816989112     
   1869.3055689018156        2503.2202576998170        2548.4309497014174        2756.7095731357290        2721.0447583584078        2770.0703851757908        2893.2186353334073        2872.9327047558368        2850.8564870443506        2922.3246577172686        2843.6778966561660        2791.5394434489399        2788.3956500145068        2787.5119093526291        2805.5522831031949        2890.4546890728789        2853.4391949688065        2811.5949412597711        2792.5187993535824        2927.6098993846367        3004.8411432619678        2926.1354365840216        2832.2304824290400        2671.0128887258679        2731.6911132535993        2828.1025000035006        2711.2411633558741        2880.8360952859684        2827.5404114965013        2942.9050358654918        2859.7584472686517        2913.1800117781513        2905.8600411659604        2880.2044809150270        2832.5404208569817        3028.4669023705528        2910.3784601876600        2883.2291843326511        2952.9815777890935        3025.7184344319726        3161.1989792662325        2948.1616602595532        2981.8721819223442        3185.9441145418882        2980.5387138946235        3031.2056564884324        3005.4916870783309        3089.1514402397561        3109.0025161296808        2963.0509102270721        3163.2081264651215        3070.2775335914116        3169.4062752876030     
   2995891.0000000000     
   3838.2860407227790        8744.2195317631995        2874.4013887487208        3559.7840337242969        4915.5233142277775        9433.2523425231466        3045.0281930270544        2065.0867178433891        2206.5447478602905        2178.7561789727347        8744.1348965280085        3032.6996604343012        1216.3993015005776        4526.9499286626642        1514.8274810508390        2745.6994077689965        9816.7541243795349        1784.8182215770842        4494.8753446596911        1678.9417124879735        1135.0453092743626        840.47562839509476        5755.6235094001040        6260.5855342918376        1143.5131730618862        4325.6092145471130        7533.3453920265983        3389.6172979039225        2262.5819540933603        9048.0318143521199        9823.1408294350658        10237.799228512746        9626.0709394952828        9707.6050528630567        15584.905818722073        9219.1599196388888        4293.6431372559227        14046.740714101004        6755.3262269336392        11793.086692253126        5876.1028517609338        8845.9011713747896        407.61631348298090        3700.3892009865863        383.86419427374261        5250.5464673938804        8195.2471845723921        7780.7363546227371        10012.248496864233        8421.0735232688330        5637.3794053019983        2516.7567563101557        7500.8758435927357     
 ------
   0.0000000000000000        0.0000000000000000        0.0000000000000000        0.0000000000000000        0.0000000000000000        0.0000000000000000        0.0000000000000000        0.0000000000000000        0.0000000000000000     
   0.0000000000000000        0.0000000000000000        0.0000000000000000        0.0000000000000000        0.0000000000000000        0.0000000000000000        0.0000000000000000        0.0000000000000000        0.0000000000000000     
