           3          16          16          16
   5.0000000000000000        7.9138000000000002       -5.2000000000000002     
   141100000.00000000        1133973.0000000000     
       20259          55       19728
   26561518.000002153     
   6191642.7999999365        14870258.799998734        18712437.000003606        19407313.000003275        20108343.800000176        21599695.399995014        22043902.000001572        23765948.999995828        25238951.999994569        26249542.600001965        26285942.600001998        25929357.000008389        25349581.600013927        25841929.199996237        26923359.999997120        26834303.800007973        26331037.200003486        26961112.200000398        27238767.599999458        26483986.599999789        26337875.400000263        26375488.599997424        26360722.799993269        27758303.800003786        28115087.399996784        26726926.400000650        26719205.000007283        26275647.000002533        25018050.200002141        24518648.999996547        25103100.599989835        25937204.800005671        26502507.399999104        26558116.400006086        27475484.399998046        27940472.400005419        27653574.800008807        27216432.999994684        26920773.800002884        27079703.600005075        26755724.399998929        27871688.399995048        28065426.599997599        27691253.999997362        27550442.200004399        27129765.399995375        26988867.199995756        26774173.400005259        26780614.799998697        26730271.800006367        26566737.399994552        27382428.399994425        26953560.800004888        26486686.999992952        26622956.799993813     
   19106906.581306186     
   11322936.833989000        15333695.710583260        17036540.196735598        18107936.203285903        17617943.827653222        17601148.850343116        17688045.232941791        18958409.897788335        19278395.861369949        19571100.307924524        19043216.469503772        19586561.815302659        18426851.452004749        20102564.745778963        19016198.649512507        20328607.587581258        19867221.612996995        19575576.062540136        19512024.842737664        20184004.763232328        18885372.475042988        19404230.621224668        18424915.896284640        19376668.775443431        19604453.724713787        18656041.634074178        19204010.339091908        19125512.455604505        18958759.959662523        19497283.437192887        19355221.206035946        20729486.458643440        18940639.870437205        19611540.193571825        20854843.042915374        19382193.922087964        19035154.373652149        19491919.127994522        19821376.803885128        19603100.546806540        18203830.319747191        20208875.881996501        19184097.688413806        21065624.548132744        18581995.626059130        19769112.186955307        20047064.908260960        20734429.940311447        19906695.197545573        19675296.593257118        19528188.511917863        20255342.994763266        19957504.353179026        18246471.778027631        20138104.428310275     
   2846.2934868114248     
   1330.8009030398512        2012.4486917515612        2520.5743114031698        2567.8090823162456        2435.6124537714459        2593.7398837962778        2670.4329063777873        2757.0002481688707        2771.3820655601326        2878.9226930100576        2897.3648526425177        2910.3587497714802        2832.3404285955485        2854.9628361980704        2937.7463894956386        2992.1183194775363        2950.2720047563275        2876.4835717549513        2967.3700567722981        2830.8607116978101        2899.0994292699979        2904.3271164406256        2855.2135462933929        3045.5837477643217        3077.4092639793766        2806.6115635145802        3020.7773587714901        3022.2114794298163        2804.2151656117580        2869.6007058595160        2830.7155213247011        2898.6503673719662        2974.8932371034562        2918.9548067965534        3017.3321644461398        3091.1783823588098        2969.7824388100062        2945.8924130672190        2951.6275214301090        3060.4697384870196        3011.6287638230983        2960.8088649113706        3102.4369411680223        3004.0036130370936        3029.8776180363752        2896.4758971526853        2990.3182292338806        3071.6806182087648        2925.4791566912654        2918.6446693130579        2983.9467544149729        3068.2367790589542        2993.5025460493544        2924.3825361854256        2958.8776936891118     
   5222833.0000000000     
   1834.8680274539834        935.44721295004172        2666.9040038066178        2456.0298899938366        1145.7375606534322        3186.7835314342406        15624.031168856687        4472.1323378700326        3089.0124737152996        7075.7096545460172        5505.5415803517526        428.69916758236417        3523.3865423238999        11663.902941473087        6846.5282883212540        4991.7102168388992        6986.5301582660322        5446.3012559868566        5907.8475753600878        5918.5419968733931        1818.3229240413536        1799.6337280038972        14745.079060463439        1219.9062384253953        2621.5069657309618        5680.8211524313301        4636.9496927995187        14961.239621274273        12271.015354971312        1691.1161655499950        6217.5105398483320        4259.0294961972340        2268.0593729041525        12761.695726458205        3944.3773931012197        3243.3242088099823        11993.913084554828        2582.4293585495316        7095.7573546149933        1241.6357925270036        8125.6705108430742        3196.6402811325834        3247.1371346620276        9206.9898068453385        3203.5239469280796        2382.8941961180449        9406.9221038419510        1924.8374525957468        5302.0155410608977        4464.5216771055921        2493.7685243518677        2878.9608407778310        7598.1412600347694        2093.2984629068969        10126.527765713798     
 ------
   0.0000000000000000        0.0000000000000000        0.0000000000000000        0.0000000000000000        0.0000000000000000        0.0000000000000000        0.0000000000000000        0.0000000000000000        0.0000000000000000     
   0.0000000000000000        0.0000000000000000        0.0000000000000000        0.0000000000000000        0.0000000000000000        0.0000000000000000        0.0000000000000000        0.0000000000000000        0.0000000000000000     
