           3          16          16          16
   5.0000000000000000        7.9138000000000002       -5.2000000000000002     
   123100000.00000000        738044.00000000000     
       20259          36        8720
   13124164.999998966     
   15427222.999999879        19310472.400001720        21466309.200003993        23576075.599994887        25059844.399997808        25929441.400000937        27065676.600002985        28346017.799993176        28267399.799998514        28776988.799994413        29717519.599994585        29651838.799998477        30930218.200000551        30126670.999997456        29573482.599997636        30307227.400000013        31074481.999998592        32314142.600004181        31817194.400001235        31402671.000005998        31736891.399999462        31263420.000002652        31801598.000002503        31770969.999996413        30646239.599994846        30378384.199992813        30614873.599997275        30587127.199998610        30390541.800003354        31027502.800003577        31252993.599996056        29797109.800005075        31276365.199999880        30531962.799993679        30346306.000006724        30000063.199994858     
   8240472.2954335390     
   16169552.645370947        17778441.417910401        18940081.254087530        19245950.973144371        20278489.975362357        19969504.455748685        19544631.544526096        20936337.551794510        21581350.765789758        20208443.897156399        20966791.258279253        20615970.686256878        20366289.941596508        20016275.847289633        19994188.384312008        22606449.077132422        21532514.978862423        21617841.208175600        21023787.583188619        20959394.931605268        20540656.404995523        19814320.904734217        20195938.711969920        20275951.045611516        19748557.009008277        19305495.106228136        22608419.531792995        20352345.066559114        21557382.700858526        22080771.231901236        20665242.766416784        20633312.582270913        21666373.400190052        20348938.480500054        21077966.337448586        20953131.710225828     
   1353.4848010419955     
   2131.8222149946341        2324.4736043683838        2608.0256502349343        2700.0629908055644        2878.7307466976881        2851.6345312593639        3089.2713630987359        3161.4585553711377        3156.2619350870268        2953.8872212198021        3201.4752914868695        3137.4701084255280        3241.1282382581649        3122.4412234400766        3085.7609847972199        3071.3073717802708        3249.7183378581872        3375.2876017322255        3218.2198110198860        3297.9996706895668        3217.0885753422272        3251.9197492397579        3312.1213423594118        3244.5890808926370        3150.2859353566068        3275.7077511297293        3240.7577240027908        3345.2067406297151        3242.8551149385580        3263.1768667558645        3197.6804792312973        3139.1901352081654        3198.1632694169061        3140.2662928614386        3150.1287388711016        3160.6794324574712     
   1439847.0000000000     
   4252.8923565788027        969.08646373692181        8325.8762447533791        5045.0868384990572        1682.8696554545081        10358.621452082809        7737.1340175599671        3422.1953530495675        10359.116242688538        14390.769924345073        13623.425649557299        722.85001255415068        13775.193987327795        18247.267731573465        3509.5627872427808        3111.8791781563905        13612.108399518362        3699.9703650791052        5378.6299601164437        3272.5971495147260        15730.947172244676        8174.5506143669554        2509.6951395073361        6355.7697920018791        9775.7711393392001        2753.1581591369409        15748.245312237077        1699.0740477921399        3491.8848737591397        2099.1730162828139        8035.8855471113411        4914.2863377134545        6261.0195611389690        17746.164205352725        8755.5649935472011        2868.8849075216872     
 ------
   0.0000000000000000        0.0000000000000000        0.0000000000000000        0.0000000000000000        0.0000000000000000        0.0000000000000000        0.0000000000000000        0.0000000000000000        0.0000000000000000     
   0.0000000000000000        0.0000000000000000        0.0000000000000000        0.0000000000000000        0.0000000000000000        0.0000000000000000        0.0000000000000000        0.0000000000000000        0.0000000000000000     
