           3          16          16          16
   5.0000000000000000        7.9138000000000002       -5.2000000000000002     
   69200000.000000000        466992.00000000000     
       20259          23        1035
   1529315.6000000183     
   6313216.7999999719        14613324.000004100        18869365.799999442        20482655.400003266        22558849.000001807        24612849.199998118        25999744.200009998        26938313.200004078        27469136.800003491        27238382.400000796        27242259.999994576        27422585.399999060        28403483.200000767        30015765.599999234        30357284.799997680        29670787.000004634        29708792.000005420        31075695.199997731        33135246.000003170        31231149.599997744        30292665.599995617        29796808.200004864        30043455.599997506     
   1079166.8103948690     
   11286093.114810593        16237896.226198781        18485388.415197965        17968085.630306922        18268544.917687219        18897534.075806003        20067671.034439906        20214828.836135335        21621884.753217515        20367924.106699653        19134017.697267987        20658881.129214939        19217611.850725494        21596283.252718478        21889822.272443693        19281423.858864103        20603233.999702170        21318555.332035746        20816703.700651977        20971741.395119041        21307912.100981221        22169221.064537127        21140205.152690627     
   190.76616465773179     
   1338.5211275285876        2139.4730636173476        2444.4013425348489        2552.5964073196933        2673.3184367796048        2753.8442246285090        2949.0294463913010        3047.2110290054129        3049.0988490975956        2860.8082606680005        2977.4137505544345        2977.6649228508359        3061.4164697852752        3195.1192238950321        3293.2218484311129        3134.1062611533716        3218.6340887717479        3266.4578142827277        3453.6400677171591        3241.7235450048288        3257.6432249934842        3127.8471139576100        3126.7373861052210     
   1195060.0000000000     
   759.16937912206402        2687.1513562252744        1307.5991927539571        3254.8975346887278        4290.4031268420904        7091.2130935255327        4997.4393712210267        7738.7963403844788        4083.9083439168598        7897.5698714676673        8185.3036295046240        6933.3423382843757        9928.8806200673298        4709.3236695585956        11164.081964585619        11176.534194829803        3300.5484784699556        17524.113900226323        7023.3117634261398        11656.648182723293        2085.2950078458034        3531.2163866461415        5239.6654143363085     
 ------
   0.0000000000000000        0.0000000000000000        0.0000000000000000        0.0000000000000000        0.0000000000000000        0.0000000000000000        0.0000000000000000        0.0000000000000000        0.0000000000000000     
   0.0000000000000000        0.0000000000000000        0.0000000000000000        0.0000000000000000        0.0000000000000000        0.0000000000000000        0.0000000000000000        0.0000000000000000        0.0000000000000000     
