           3          16          16          16
   5.0000000000000000        7.9138000000000002       -5.2000000000000002     
   152300000.00000000        1144770.0000000000     
       20259          56       10266
   14935809.000000378     
   6980336.5999993635        18323432.800000783        22070389.199998204        22087550.799993310        21790468.799999993        24018770.200004421        25067793.399998765        24064158.600005295        23986923.999998555        23798348.000002518        23822130.200000517        24190575.600001037        24792431.800003532        25142460.999997307        24778022.799991444        25471674.199999690        25357085.600002140        24811198.599997580        23616531.800002396        23384570.000000376        24696939.400000345        24484050.799994219        25735988.600001171        25186779.199998710        26190969.200005461        25751740.599998903        25698576.600002117        27859387.400003437        28168933.200001616        28368892.800000329        27883579.800003588        28232024.400006495        27771908.200002149        27500381.599994391        27692221.999996156        26403443.200003628        25655440.399996411        26068665.800007731        26504057.600006044        26363757.200000204        27510867.999995757        28339804.800002951        28034106.799999919        28091688.399996120        29470598.999998298        29138207.799991190        29225055.399994299        28489858.800004635        28803933.800002284        27823841.599998660        28097303.399997454        27919138.400001146        27794506.400005735        28688199.600004304        28764665.999996979        28900081.000002395     
   10377731.053565279     
   11311277.782489749        17089213.383381493        18006333.938422650        18329621.128445838        18602734.110912893        18163647.228340790        18958282.045657899        18135287.995620493        18543559.830407307        19417287.212865252        19602956.135161385        18333365.826260906        18525405.974206090        19285701.409397379        17817801.339862444        19971772.873197846        18967144.320631780        19615249.418791931        17673354.815015957        18339612.267549913        18419155.417234778        18874643.563571800        18071229.372813195        20299935.697855279        19321005.602245394        18503515.044609703        18801680.836402215        20013708.480149396        20394579.676022090        19303213.626887105        19497043.391720440        19440651.768961977        20757950.627078615        19736690.463670161        19870159.867668089        18466774.455004588        19388292.446896147        19337540.254729558        18121118.793776643        18801661.947046570        18981702.724401601        20031622.444537681        20050855.360474218        19486124.152123354        20703995.341417301        19403138.616669752        20223898.502303403        19426116.553068947        19706727.470324494        18887208.348000340        19795596.852832958        19720454.343016613        18629773.122801375        19568694.103712853        20257813.891985632        19090650.097993158     
   1615.1151462395580     
   1418.1884536212729        2301.4128907639356        2695.6851740581733        2626.5106485790766        2613.4840911246624        2711.4638542527327        2825.9496642276622        2818.4262276182185        2773.1672055892282        2674.7069630063042        2746.7907647695206        2838.2318243299023        2743.4302252693233        2838.1405299001813        2767.4124082618177        2750.9057232483920        2903.7455782832963        2822.7039773959891        2739.4414158453769        2609.4451278299175        2834.7302154485856        2807.3089338087293        2871.2876911204348        2818.9143702441884        2855.7861678127115        2802.5030079661146        2819.1316093886826        3100.1538598094749        3107.6586255293751        3091.2276922643459        3041.7630380378018        2994.5342556257528        3051.3132686615454        2956.3134456206076        3013.8363345544467        2828.0220140534198        2903.5380783204946        2944.3106775007745        2824.5099774000732        2897.6269644083882        3019.9075504762864        3067.6773182286092        3005.4162576666563        3082.7718878665742        3114.3685119009106        3183.3177500754409        3095.7885474971922        2996.4024276379059        3045.5861397686772        2993.3357277513646        3047.9028979450704        2945.5646238828754        3020.5749520898635        3051.3705760400953        3141.2590145541603        3115.5278990992260     
   1783979.0000000000     
   1285.1448138176402        6696.9344250548838        9903.1732099117671        4943.9412220436725        293.02454530348177        19779.705851946641        5030.4362622741537        5553.6751576985698        4883.9890936494821        5168.5978583870956        6820.8968328639394        4058.4895616146391        13378.120185961623        1667.4638725155969        1831.9448566385568        10854.206326942280        822.66099645460713        1346.1147351683528        5085.8376191761763        2969.1364286719818        11734.959646751122        1782.6155353278948        6147.3501000096230        11091.260940173997        2040.8115962833579        680.00505233962429        7328.3197899789056        12612.379640373998        17039.130131108024        4230.4770400587277        3770.4606653216338        1524.9728586025237        3868.2121918324542        2955.7879329884709        3990.7661825225696        6611.9237566415914        4926.1396109085990        10159.971704419469        1401.1623601899644        8398.4390231909565        17292.638702114473        6575.1204501391267        4206.2518315861171        9352.5841127153981        4323.7928121918703        4054.9609233474648        12.102838632245033        4714.6708803152487        3857.6024055543394        2893.4855492170664        5775.2393527561844        9914.6836018976792        2707.6005311278464        5203.0335484384614        5994.6008615646106        2608.6576009216515     
 ------
   0.0000000000000000        0.0000000000000000        0.0000000000000000        0.0000000000000000        0.0000000000000000        0.0000000000000000        0.0000000000000000        0.0000000000000000        0.0000000000000000     
   0.0000000000000000        0.0000000000000000        0.0000000000000000        0.0000000000000000        0.0000000000000000        0.0000000000000000        0.0000000000000000        0.0000000000000000        0.0000000000000000     
