           3          16          16          16
   5.0000000000000000        7.9138000000000002       -5.2000000000000002     
   135200000.00000000        857275.00000000000     
       20259          42        6397
   9412629.4000000842     
   9703369.0000019781        16178056.200003853        19041143.800000846        21235917.999999564        22507156.999997515        23229075.400006652        24088419.199998762        24809484.599993419        25497864.599997438        25416805.400003798        25662189.400001988        25428847.200001847        26384785.599996928        27852819.000002433        27936897.599999141        27794891.000005443        27698286.800002545        27107911.200001784        26707504.600001037        28080331.600003731        27710759.599996909        26972657.000000156        27821771.999996841        27218928.200001534        27901887.799995761        27525878.799989730        27881246.800000694        28255079.000001762        27984425.399999451        27151398.600001808        27106071.800008018        26976430.600001611        27318379.400003154        27744020.200001825        28674373.799991798        29223009.399991121        29097593.000009529        28614409.200002469        28642173.799997635        28616929.199997690        28963457.800004352        29367985.000003468     
   6418663.0066817449     
   12888847.032811761        15650881.015519578        17347804.958641797        17367060.290584560        18383270.068937689        18043861.313364096        19872522.437649049        19879230.772867788        19012867.954502262        19377988.246530741        19272619.995956752        19536478.745200902        20550640.145352177        19565633.666921347        19055033.202339645        20209737.816574968        20862045.671396155        21641690.856502384        19445047.041009083        19948016.202907965        18400517.081035811        19084081.344424456        18544454.401753642        20743351.783973098        19577763.320505947        18970139.728082322        20190721.313418720        19078164.839299243        20753273.748129435        19995085.258889601        19859394.314583208        20143797.251551677        19550246.026717257        19354679.020885043        19511691.101567827        19664371.183877118        20460332.413049497        19974075.710885365        20647846.616225116        19439198.300898135        19980720.725866396        19699344.412346676     
   997.29464878800002     
   1618.3609614259922        2153.0585408947459        2399.0182538345744        2570.0109669794433        2593.4458127353628        2715.8073422276661        2868.0388397342813        2868.2272688747353        2792.3456877629651        2983.7578090458542        2840.5517865340062        2884.1989475646765        2981.4729654275129        3089.1330664294323        3126.6673419212843        3117.7900647262759        3002.9836386565908        2954.6659338266568        2923.8553906801108        3099.4691424123948        3000.9928273235255        2891.3863903158458        3083.3787579642740        2965.9037410266155        3078.3948349798666        2931.3780876907331        3101.0264926955106        2929.1028992081519        3001.7473348999188        3009.0993752414884        3092.1250970895453        3015.6181678315984        2943.8022363707378        3000.4339509423348        3074.3485849754811        3134.6401036340644        3193.9673864022056        3174.4411119286124        3208.2937665083091        3091.1125517693226        3044.8056909363963        3090.9885652544590     
   2810442.0000000000     
   2364.6867698809037        1476.0016094407447        3296.5901536241217        1433.3541314416630        7512.6618426265750        7750.5562978074904        6060.6033242078065        2760.1937343289328        7842.5851803388896        15235.127922887754        15540.650271254370        6065.9852571122292        17697.090959881869        8343.0289857519911        4234.2574138972377        2914.6986113705889        8844.4254800945455        1910.5123965061916        12832.524567641496        15851.684760579548        6817.7783499673042        3573.2714179988898        1183.7908644756335        3024.3034110765543        7533.4430480672027        8729.4734696319265        2002.8776498441175        588.01089195599513        21044.967895897214        10851.068312837522        7892.3658895705685        2370.2444836584150        50.234267286929892        9044.2275690370170        3779.0999697137745        2609.3021307896411        7742.0168195901897        915.45810650542830        21367.968505397792        6732.0602177931878        4155.0865767120913        3468.4409136113645     
 ------
   0.0000000000000000        0.0000000000000000        0.0000000000000000        0.0000000000000000        0.0000000000000000        0.0000000000000000        0.0000000000000000        0.0000000000000000        0.0000000000000000     
   0.0000000000000000        0.0000000000000000        0.0000000000000000        0.0000000000000000        0.0000000000000000        0.0000000000000000        0.0000000000000000        0.0000000000000000        0.0000000000000000     
