           3          16          16          16
   5.0000000000000000        7.9138000000000002       -5.2000000000000002     
   124200000.00000000        760429.00000000000     
       20259          37       10846
   16908695.399999581     
   5362842.4000000218        11339485.399998708        19446019.799999800        23469250.400000352        24969407.399995662        24890119.800001614        26235980.999998845        26924636.399995714        27256473.200002789        27161730.000001945        26373562.999992061        27800412.199999176        27773602.200002741        30121296.999991894        29515458.000002462        30246033.800000872        29555122.000000115        29877767.799998842        29079669.199999735        29257002.600002140        29999005.000002507        29846169.599996615        29990420.999995694        30712980.200008117        30043463.200000357        29534214.199999288        29062978.999992330        29433197.200001366        28615503.399994146        29000382.999995641        29308614.200003028        30269886.200001046        30823106.000005662        31721409.399999566        31228445.399998739        30766274.999998178        31161666.199993037     
   10561165.814491406     
   10819333.998767588        14444711.591080448        17442413.859688435        18133385.576130532        18892760.817028977        19378916.604654353        19514637.592510864        20881692.201894816        19324276.192006871        19730493.568543471        19067001.448938042        19009148.785517484        19265329.532794032        19854645.214456037        20192775.430177718        20165030.027892280        21139857.959379304        21307775.924627252        21551954.608399611        19708730.842854064        20495687.214780703        18950791.049614046        19608811.821284510        20262081.679826189        20848400.279717278        20395702.240571577        20073721.616279535        20033285.336140078        20992441.223283548        20531270.887697220        20107701.516080432        20714538.319771878        19653733.946625583        22006395.781298324        21492291.289210815        20780849.938050602        20472500.497956537     
   1722.2302965491047     
   1192.6062792955404        1849.1624746657124        2354.4133600057439        2790.8676673913255        2781.1186005959084        2811.1842176791274        2952.9713077919291        2854.2805130436768        3073.4251664475960        2961.4553950448844        2898.9004199477467        2996.1519228529769        3004.4619417104418        3206.7143918396296        3117.2172160113710        3163.4293899953718        3083.1990714008880        3299.7363280652448        3228.4040576128145        3132.1621587168993        3248.1303123275861        3207.5442911413757        3156.1826052042243        3212.4630672656417        3271.1433295901647        3172.3695597552528        3157.0834992343557        3000.3154064974487        3013.9531640756209        3139.5131497595048        3114.6903628834480        3065.8486813566028        3188.0457960359140        3337.8997228518597        3304.3051479496817        3317.0400352972911        3098.4924721475713     
   1111706.0000000000     
   584.94232214677970        2190.8459967995659        7711.7347664658673        8973.3574953032494        1099.4051947222090        4831.4284424619309        3831.8732940564200        6018.1511582899329        1850.0003734792022        5648.2192258090927        6501.5290280738482        4243.0638186255237        18441.197437274255        8865.0569462729127        14727.359914429318        13291.340858146272        7771.8409743907896        2234.6523264804873        2567.2796514504275        4935.2411538929337        1953.0274963168986        7923.5962913558715        10585.621833400739        2741.5718124527816        16060.178237135817        5140.3926237262949        13166.176195970664        9188.2572081231701        2084.9738279789267        2184.0252648969040        12300.079962789432        6508.1804895061287        8173.4937589941919        12485.255346983595        4773.6442781691585        13329.396332102709        10551.496472545072     
 ------
   0.0000000000000000        0.0000000000000000        0.0000000000000000        0.0000000000000000        0.0000000000000000        0.0000000000000000        0.0000000000000000        0.0000000000000000        0.0000000000000000     
   0.0000000000000000        0.0000000000000000        0.0000000000000000        0.0000000000000000        0.0000000000000000        0.0000000000000000        0.0000000000000000        0.0000000000000000        0.0000000000000000     
