           3          16          16          16
   5.0000000000000000        7.9138000000000002       -5.2000000000000002     
   100200000.00000000        836845.00000000000     
       20259          41        6226
   8328162.9999999125     
   8557765.4000002593        16884309.800001487        18641883.200003095        22272844.800000664        23600068.799994122        24166160.799996119        25259815.000002321        26270205.999997947        26383973.600000616        25548175.399996944        25826729.999999363        25726101.599997792        25533474.599999100        25437185.999996506        26528469.799996857        26294115.799998857        25843817.599999133        25759892.399990648        25476796.200001426        25205185.199992530        24822876.600003555        23129276.799994204        23467687.800004836        24520986.799992554        24836386.399994519        24957013.800001264        25015773.200002871        25327577.600000370        26524752.599997982        26533692.000002109        26517784.200006846        26357987.800001685        26682787.200002410        27993726.599997643        28364999.400000330        28882277.599999517        28494397.200000823        26996521.600002103        26945381.799999475        27569514.999996774        27179030.799995333     
   6356041.5858613942     
   11993593.594299939        15978649.615010468        18087258.195911288        18822880.614685044        19603254.719981749        18554773.476689633        19665102.548756424        18918513.571192440        19140084.364119340        18379044.585435305        20213811.193692423        19401866.771006238        19943783.051907748        19896976.098832577        19518299.672972683        19948804.536096897        18786341.459375557        18526783.752110537        18599298.816633858        19359048.250278361        18675940.374960262        17916457.053903967        18465062.204042822        19037708.377953801        19520263.458732076        18624991.361780982        19706787.864887986        18862280.363844860        19701748.575211413        19233144.745248977        20668556.198913675        21251167.713898987        18795345.126547467        20660901.174444214        20509021.505351909        20631642.408292715        19604561.614869215        20082834.656152882        19270271.919630118        19941789.136173107        19187280.813568886     
   906.02994855776274     
   1538.7918088947977        2266.6675397389931        2328.2351256919219        2709.7702620152158        2747.7325823547267        2836.5409763377124        2802.9026606531256        2934.5995422854289        2955.3093416923716        2845.5803665641865        2901.1595161483674        2889.8734061324139        2904.6823413783754        2856.8454352438744        2961.9899502633893        2937.8165136653720        2915.8455426086666        2886.9058235025477        2847.6498212307511        2788.1183634808795        2782.3014246124626        2792.8944727221869        2669.7069493543554        2847.0825979154342        2770.1841714125403        2838.1238866882913        2836.8744590368970        2882.5918447887775        2877.2150621057776        2910.4062819076789        3020.2652867158740        2952.9960490172484        2884.1888531095769        2977.4877472475132        3146.1508095596050        3048.4925970983368        3125.5641796069558        3055.5335313091946        2874.9322564746612        3066.4282574142921        2981.1920102598524     
   572597.00000000000     
   1770.5973319308403        4328.9859434177915        4497.5098876217762        10652.835230947428        2385.6112041810843        3201.4471284645579        5858.0299738464028        5976.2393557967380        5763.1951077483027        3586.9237324753917        5741.8626882118187        2467.4426259391435        3462.2234790262141        13550.723982528638        3112.2307399025667        4891.5867336085084        452.27767605275011        8544.1743877863337        5437.8702844813397        3027.4197238389538        14115.269212994501        3824.7595940319447        5235.6354750606988        3016.8750415879090        1602.8155736354499        2227.8337647120611        3702.8240915989909        6356.6248248907268        2472.5511219298742        3024.9935137634920        7152.3110527961489        5061.2304670780904        8053.3421069029464        6495.1336424813744        2291.8440441269254        5900.1479390919858        5689.7425742741052        5004.3469084931157        4235.4857098746188        7814.3842859465603        12401.433912131441     
 ------
   0.0000000000000000        0.0000000000000000        0.0000000000000000        0.0000000000000000        0.0000000000000000        0.0000000000000000        0.0000000000000000        0.0000000000000000        0.0000000000000000     
   0.0000000000000000        0.0000000000000000        0.0000000000000000        0.0000000000000000        0.0000000000000000        0.0000000000000000        0.0000000000000000        0.0000000000000000        0.0000000000000000     
