           3          16          16          16
   5.0000000000000000        7.9138000000000002       -5.2000000000000002     
   65400000.000000000        383804.00000000000     
       20259          18       19142
   30365982.800003160     
   11186923.799998373        18568192.799997780        22511164.399999794        24837998.199997969        25866690.399996191        26212261.799998742        27564141.800003082        27607393.800003629        28036301.000007447        28118161.399995033        30259416.800001979        31316397.599996842        32670247.399994716        32008521.600002803        32149879.800003458        31788157.400006171        32052786.199996687        32505149.199999273     
   19963340.800608248     
   13947233.178893285        16761277.784926040        18801312.472910799        18503693.565861836        19696489.994809110        19635852.161485236        20745798.054890543        20479068.319542266        19764875.458716180        20906024.708835833        19500975.406629652        20695224.483510606        20628782.713367179        21379939.758072060        21537116.520226665        21043202.372506671        21191657.000777479        20148691.604193684     
   3222.8233298599289     
   1722.7856181804380        2385.7785051672818        2611.8418405031493        2864.7767508411089        2864.3003276782069        2870.3419560677116        3060.6201705411968        3072.9577940668846        3064.8212734076305        3052.1349856754855        3285.3266392005448        3306.1628239550555        3413.9955455629961        3357.4790936148624        3365.0505434837100        3340.2477417213995        3323.9859936962989        3366.2692576176437     
   5976007.0000000000     
   3010.9787868696358        1679.2845936972069        12343.022579044564        2335.5570580357135        2527.5358130586515        8024.7093557977205        2961.3651779741031        3168.3959840555403        11593.705609352372        14174.333756486310        11587.308053625662        9225.3925451636896        6396.2623267049557        2750.0071242267704        15144.307805125614        2350.9433097665037        9143.4786583046753        9708.5468911213302     
 ------
   0.0000000000000000        0.0000000000000000        0.0000000000000000        0.0000000000000000        0.0000000000000000        0.0000000000000000        0.0000000000000000        0.0000000000000000        0.0000000000000000     
   0.0000000000000000        0.0000000000000000        0.0000000000000000        0.0000000000000000        0.0000000000000000        0.0000000000000000        0.0000000000000000        0.0000000000000000        0.0000000000000000     
