           3          16          16          16
   5.0000000000000000        7.9138000000000002       -5.2000000000000002     
   122600000.00000000        725298.00000000000     
       20259          35       16233
   24776122.599998787     
   9954577.6000006348        18226625.399999026        21481297.000003308        25082174.800002150        27230241.000002958        26844170.200003747        26159781.999992382        27207208.799996607        27607969.600000538        28230001.399997320        28372925.599992316        29057606.800005075        29251769.399996925        29278317.599996489        29996607.800001197        29841170.399997186        29975460.400000695        30092287.400004197        30580608.999997221        30925025.000001658        30770454.999998182        30646626.800005443        31250973.200006526        32318889.599992588        32154307.400000080        31724488.400009565        32310989.000009041        31328489.799999595        31442155.000009388        32339717.800004948        32124690.000002474        31857218.200009007        31951656.799999107        31954524.799993075        31122267.599998191     
   16414289.833420476     
   13624559.102925489        17186194.984199669        18329556.626031864        18899874.638829444        19925022.202297665        20000013.650321726        19143068.469425928        20388090.573429648        19409319.675257970        20989731.295903176        21207500.190167308        21323557.916715752        20674172.039619036        21057624.746115994        21442725.468689412        19828061.453229517        19865514.899510548        21109684.852548808        20953860.493853383        21856363.533807110        20902510.376803879        20205669.506646153        20012408.750790920        21918439.005833272        21263952.320720989        20781288.066272430        22209000.944357421        21588195.854486518        21169139.150829274        22269299.177495662        20897702.460623700        22082766.544990782        20975849.672171533        21671205.667234484        20868404.095668770     
   2600.0254925912532     
   1597.8758778641636        2406.8935481918284        2593.6432624066406        2813.3837507398448        2913.3934007537659        2972.4797525361337        2981.2549499293564        3147.9425054481558        3065.1348226906543        3107.6839623237342        3099.9086174446361        3161.2624222308095        3232.4420235304133        3176.2164043395364        3232.0820368217769        3201.6448023528596        3093.0222771312656        3247.5558940028550        3323.1972394629679        3266.3576762087509        3227.4156520682695        3185.0641042528978        3256.0896957824498        3364.1376634264702        3455.0710431004618        3446.5237435867562        3442.6533859832853        3306.2762804624972        3226.6437169613337        3494.9915309442031        3444.9775145145618        3406.2893609026046        3317.6831372078805        3319.4045387464239        3174.7890462538689     
   2470061.0000000000     
   2137.9815268190227        6112.2611995533252        6360.0362759091759        11568.950888126261        9231.7445280714492        6181.8921266385350        5463.0872442996442        7427.0565574327129        6440.7999916232930        6978.7871193132169        6361.5510296056627        7673.2756475415990        2669.2368981099467        2058.5264020490054        7268.8494313850297        14111.297867343254        623.18225751324735        882.68256914433869        6349.6218017122701        3374.6498820806132        4039.0408185947035        1948.6199536842844        27047.114314199196        11124.806875188744        3707.7893587301683        12696.240137642393        5497.8744960971853        12443.182954556960        2435.7456452931742        19539.519735012873        1845.9422224585282        11253.309203818788        12013.986826234632        2597.2557156475232        11658.199828701787     
 ------
   0.0000000000000000        0.0000000000000000        0.0000000000000000        0.0000000000000000        0.0000000000000000        0.0000000000000000        0.0000000000000000        0.0000000000000000        0.0000000000000000     
   0.0000000000000000        0.0000000000000000        0.0000000000000000        0.0000000000000000        0.0000000000000000        0.0000000000000000        0.0000000000000000        0.0000000000000000        0.0000000000000000     
