           3          16          16          16
   5.0000000000000000        7.9138000000000002       -5.2000000000000002     
   15600000.000000000        168812.00000000000     
       20259           8        6740
   9143313.7999990918     
   10694952.799998507        18114977.000000827        20928037.599998556        23653367.600003272        25413841.999996271        26126482.999998167        26803120.399997581        26970987.600005277     
   7150921.0134960469     
   13436340.864855209        17095924.417375430        17769023.743918005        17967822.654151682        17669376.763953730        19573576.941242527        20067387.853268869        21110665.958283026     
   963.38045165055337     
   1705.7479667319678        2330.5011865479505        2554.8906941262803        2739.9314048339525        2836.5578837439916        2828.8227493864997        2954.1514345747187        2982.3802895945228     
   226960.00000000000     
   1955.4688973320099        3594.5582647164242        10461.691977605218        5283.0246963646850        1354.4480506332661        4618.7574575020271        2774.8334598826577        2952.4329054601490     
 ------
   0.0000000000000000        0.0000000000000000        0.0000000000000000        0.0000000000000000        0.0000000000000000        0.0000000000000000        0.0000000000000000        0.0000000000000000        0.0000000000000000     
   0.0000000000000000        0.0000000000000000        0.0000000000000000        0.0000000000000000        0.0000000000000000        0.0000000000000000        0.0000000000000000        0.0000000000000000        0.0000000000000000     
