   3.7226498441737880E-004
   3.0214944098640010E-004
   3.0721878768593986E-004
   3.4061921654580739E-004
   2.8269218279314008E-004
   3.2740637904031620E-004
   3.3426517662149449E-004
   3.1055340946640504E-004
   3.0487079314011413E-004
   3.5440756467927908E-004
   2.9713094479824007E-004
   3.6239288562685094E-004
   3.3071900573392569E-004
   3.4490855741148329E-004
   3.0905301254364933E-004
   3.1646334698856782E-004
   3.2227098345223479E-004
   3.2881358367931203E-004
   2.7906518347907297E-004
   3.2413297502397929E-004
   3.3526891431497736E-004
   3.0594306279337725E-004
   3.1437331851033086E-004
   3.6772852091200033E-004
   3.5340747581902353E-004
   3.5570224548693162E-004
   3.0638617911531412E-004
   3.4537230776373825E-004
   3.1985012990872565E-004
   3.5478158953834086E-004
   3.0042609883575632E-004
   3.6301409396197318E-004
   3.2910195347194972E-004
   3.0611284172360383E-004
   3.6775991660119978E-004
   3.0310724933395680E-004
   2.9914820811813189E-004
   3.0536568800854346E-004
   3.1202149879411316E-004
   3.0433435306157722E-004
   2.6815362148548155E-004
   3.4842048856351858E-004
   3.1786478321551686E-004
   3.4302066671138356E-004
   2.8278057203898655E-004
   3.1165001032590442E-004
   3.7243741651572619E-004
   3.5830456051862066E-004
   3.2030457410597618E-004
   3.1696787978811836E-004
   3.3210510742719081E-004
   3.3989769825094310E-004
   2.7421944475796936E-004
   2.7349762264740042E-004
   3.1390970249000396E-004
   3.5483780573039927E-004
   3.8172791863468763E-004
   3.7174171003716099E-004
   3.6078199998603057E-004
   3.6343856638576939E-004
   3.2370546037076547E-004
   3.6496221175395392E-004
   3.1384099425514476E-004
   3.1569705143359272E-004
   3.5062396242476932E-004
   3.8592133975376636E-004
   3.4477866930107849E-004
   3.3180396945769672E-004
   2.8538273010221451E-004
   3.7562111271869595E-004
   2.9850234518761961E-004
   2.7916842759196628E-004
   3.6335572021946051E-004
   4.1393405816693315E-004
   3.6421211090079662E-004
   3.4694550223262374E-004
   3.2463889553742371E-004
   3.1506643133557823E-004
   3.3899294300420850E-004
   3.2422456905154429E-004
   2.8691278206783899E-004
   2.9605235650463326E-004
   3.6078947282800372E-004
   3.3321490407686841E-004
   3.2410253468892448E-004
   3.4732120999660278E-004
   2.6201479123024043E-004
   3.4514500637613675E-004
   3.1828697103121077E-004
   3.1941037268973986E-004
   3.0329455508238263E-004
   3.3979380924830771E-004
   2.9352472631795237E-004
   3.6463773537929821E-004
   3.0221737013807803E-004
   3.3842647934987546E-004
   3.3478232750701499E-004
   3.6906797020948658E-004
   3.7173580886494425E-004
   3.4687069778139461E-004
   3.0616317830508324E-004
   3.7312035672097357E-004
   3.7110009812609494E-004
   2.8824295279174250E-004
   2.9707278227260071E-004
   3.5508437785576028E-004
   3.6622859130612328E-004
   3.3715230491727731E-004
   3.1641266934497774E-004
   3.6142424769614935E-004
   3.3616512325043685E-004
   3.2707402187708126E-004
   3.6778852075891003E-004
   3.3796182799316672E-004
   3.8355317601089761E-004
   2.9505106973260820E-004
   3.7178482837567540E-004
   3.4708657932823868E-004
   3.0970244917234008E-004
   3.1567635538523115E-004
   3.2933250438477575E-004
   3.4165589978578685E-004
   3.5661968201901968E-004
   3.9235743772805576E-004
   3.6038717302820075E-004
   3.1843611456340565E-004
   3.2784166274884652E-004
   2.8253157035277497E-004
   3.3377968598662496E-004
   3.0662340001656209E-004
   3.2764180386820989E-004
   2.9262710373207268E-004
   3.3316209468289447E-004
   3.6506443011885586E-004
   4.0234491848694769E-004
   3.4705250510463361E-004
   3.2498475754558605E-004
   2.9423300489753266E-004
   3.0953011576216930E-004
   2.9318676451772980E-004
   3.0886973148910646E-004
   3.0274076560288102E-004
   3.0829160153118059E-004
   3.6237882353715606E-004
   3.6125959688333573E-004
   3.6424254456824925E-004
   3.1131102832158855E-004
   3.6489669577675855E-004
   3.6488903674022807E-004
   3.6444100117125186E-004
   3.3003734780080854E-004
   3.5446468090742379E-004
   3.7071234900561617E-004
   3.4727306972105325E-004
   3.0460665877073736E-004
   3.2862631080864672E-004
   3.0302401746127347E-004
   2.8795800400306220E-004
   3.8363795559231246E-004
   3.1503297450137166E-004
   2.9214683919430548E-004
   2.7255175367251421E-004
   2.8494538481491446E-004
   3.0578041325197427E-004
   3.6386189741735689E-004
   3.1582537024292811E-004
   3.2684312301723551E-004
   2.8562560038167847E-004
   3.4860194703009012E-004
   2.8460672982078558E-004
   3.8647844900158011E-004
   3.5273247521306955E-004
   3.4645907113535430E-004
   3.2190492391009933E-004
   2.9498318617572384E-004
   3.7593455516090105E-004
   3.6309251317348431E-004
   3.0680172348042606E-004
   2.8466687138825711E-004
   3.0099866638983092E-004
   2.9438598184686329E-004
   3.0189647555631011E-004
   2.9021839070027358E-004
   3.1819783369017168E-004
   3.6481313923174047E-004
   3.4992019354568483E-004
   3.8339261408629481E-004
   3.6516274543796606E-004
   2.8389689535561778E-004
   2.7969800547893972E-004
   3.9697600935051629E-004
   2.9892410661662368E-004
   3.1600473480585851E-004
   2.8999196640034692E-004
   3.5206946538089820E-004
   3.1448192074042702E-004
   3.9004796420479622E-004
   3.4018379574450998E-004
   3.3962546446375628E-004
   3.1448778226119458E-004
   3.1208536573149140E-004
   2.9748313426313996E-004
   3.2895753094231925E-004
   2.7955169884899859E-004
   3.1991880940933110E-004
   3.7337789299588979E-004
   3.8450005315378386E-004
   3.2531883013636390E-004
   3.4047635630176477E-004
   3.4728994825965420E-004
   3.4399218493658004E-004
   3.5022394056434048E-004
   3.5363978717339731E-004
   3.2106328276392763E-004
   3.1707074669067888E-004
   3.0932902096980424E-004
   3.4430318865992125E-004
   3.1276025278011437E-004
   3.6397801848474107E-004
   3.0210376936053201E-004
   3.3423219859536710E-004
   3.4929741275705346E-004
   3.0102789230082203E-004
   3.2059057802851323E-004
   2.9801579708335651E-004
   3.3522643582386240E-004
   3.2188654382494207E-004
   2.8910830791106410E-004
   3.3059513564625930E-004
   3.7457904767261650E-004
   3.6041400310009986E-004
   3.5542165601816299E-004
   3.1364768081270050E-004
   3.0525204622257709E-004
   3.6078783545373983E-004
   3.1883341918900770E-004
   2.8481892635734191E-004
   3.5547569793750830E-004
   3.3036180086023906E-004
   3.0971032775096958E-004
   2.9175515234704805E-004
   2.8948635654791433E-004
   2.7173560933950789E-004
   2.9725914707689918E-004
   2.9953252214376017E-004
   3.1733497543796511E-004
   3.6518722702079496E-004
   2.7800908068796137E-004
   4.3919096632670605E-004
   3.1403494574607979E-004
   3.4547760412885589E-004
   3.2000630002498702E-004
   2.8365516041169403E-004
   3.1192659639515778E-004
   2.8963463568394736E-004
   2.9852360662111979E-004
   2.8961111960701971E-004
   3.0288125220222901E-004
   3.4464172917624187E-004
   3.3190089131369856E-004
   4.0781781543650688E-004
   3.3979528937909355E-004
   3.4478158341677654E-004
   3.6908385885433794E-004
   3.0680521021858944E-004
   2.8901393888575063E-004
   3.4703139461148404E-004
   3.0233051228992539E-004
   3.5347562342940328E-004
   4.0145130576238952E-004
   3.5657497449195649E-004
   3.5715181553684666E-004
   3.0575108884071717E-004
   3.4951334344059272E-004
   3.2459272431635035E-004
   3.7181532998961501E-004
   3.7074707650094349E-004
   3.5011982810450400E-004
   2.8438473148848268E-004
   3.4954095917326487E-004
   3.1500805980590830E-004
   3.4774924722645085E-004
   3.4401841875920475E-004
   3.0186065089645499E-004
   3.2551072706870027E-004
   3.2856616665037441E-004
   2.9162198188977570E-004
   3.5837333975829175E-004
   2.9923430543669232E-004
   2.9939085770495818E-004
   3.0180659089953184E-004
   3.3243361465849200E-004
   3.0698672591731804E-004
   3.7381256460205571E-004
   2.9797065161401117E-004
   3.5626519637496613E-004
   3.5691349857786540E-004
   3.4019986230674208E-004
   3.0216570188552677E-004
   3.3581806704134892E-004
   2.9552611507312638E-004
   3.3947468675441065E-004
   3.3745860000531828E-004
   2.9878522767877040E-004
   3.0174435935843581E-004
   3.4284695888172034E-004
   3.2856603929333239E-004
   3.2788452305757812E-004
   3.3908644311926242E-004
   2.8652814415850770E-004
   3.0814967883408245E-004
   2.9254331506095598E-004
   3.6638752578372811E-004
   3.6423581767167594E-004
   3.6133538509864276E-004
   3.6630166597160135E-004
   3.3395570441528173E-004
   3.2353484963822923E-004
   3.2746544062246856E-004
   2.9637072547923486E-004
   3.0806904560433835E-004
   3.7278136151454240E-004
   3.6481111134364089E-004
   2.9695607940965568E-004
   3.0496152695654011E-004
   2.9534331768091298E-004
   2.8078254287092024E-004
   2.8809447792352852E-004
   2.9543762186064128E-004
   2.7992154676563123E-004
   3.1506620482604406E-004
   3.2256862004996723E-004
   2.8312192708012193E-004
   2.8515519453456970E-004
   3.3667162592085603E-004
   3.7221228876955684E-004
   3.0882057169137291E-004
   3.6282953791485497E-004
   2.8775715115325130E-004
   3.3666101138612244E-004
   2.7863825266668477E-004
   2.8173303353499482E-004
   3.2335876223232022E-004
   3.6976130392355090E-004
   3.2948365475685116E-004
   2.9669199380976985E-004
   3.0564935653095413E-004
   2.9587579920180122E-004
   2.8961046531274833E-004
   3.5229576100316416E-004
   2.8750464836105891E-004
   3.0900043826814809E-004
   3.4434370155077368E-004
   3.6155388096928588E-004
   2.9290997950893045E-004
   3.6113714965951664E-004
   3.4141501691028006E-004
   3.5752773258947482E-004
   3.2941172824678747E-004
   3.5179198620049058E-004
   2.9140613606954801E-004
   3.4012189110376183E-004
   3.5656287097650559E-004
   3.0444495686877574E-004
   3.5682848572385676E-004
   2.8771526125869547E-004
   3.1650344296935628E-004
   3.1622333182126076E-004
   2.8741583212802839E-004
   2.7493433726133752E-004
   3.0181731008455939E-004
   3.5105878248218713E-004
   3.5606608013027138E-004
   3.2436888804535314E-004
   3.1100881623113128E-004
   3.2294659900612406E-004
   3.9072723660889627E-004
   3.7530857909883451E-004
   4.0647572199750524E-004
   3.3506199839916531E-004
   3.0394717997233954E-004
   3.5453680653653880E-004
   3.4899792084026627E-004
   2.9390004656641347E-004
   2.9599556105228288E-004
   3.2660862691343023E-004
   3.0691650017388838E-004
   2.8931217592267043E-004
   3.9828768496426976E-004
   3.3186942281080291E-004
   3.7016414341853765E-004
   3.6020722398021239E-004
   3.0623144277852789E-004
   3.5525970336102185E-004
   3.5190100779202257E-004
   2.8300618059830653E-004
   3.3173328698479131E-004
   3.2034191079262402E-004
   3.0228799997555889E-004
   3.4052344013804181E-004
   2.9917343479954697E-004
   3.4212928154047457E-004
   3.3384681480657589E-004
   3.5806763443084629E-004
   3.5032739730984631E-004
   2.8946957604800898E-004
   2.8146139191785954E-004
   3.0529928571223673E-004
   2.9862155102482261E-004
   3.6340232991470458E-004
   3.6281828013096345E-004
   3.0317769873446136E-004
   2.8452046249054046E-004
   2.9862380495659349E-004
   2.9194399190507269E-004
   2.8475350013290265E-004
   2.7895462410295680E-004
   2.8481250823675711E-004
   3.1715070220488087E-004
   3.4445710755523333E-004
   3.6929292526528411E-004
   3.0249652151509426E-004
   3.1542771663136440E-004
   3.4290869186181665E-004
   3.0340003846986743E-004
   2.8265098475186432E-004
   3.4928899026158362E-004
   3.0181946331224154E-004
   3.3392826380844372E-004
   3.7774783093948118E-004
   3.5752368759381522E-004
   3.1933903209575132E-004
   3.0466604983668771E-004
   2.7993783414546983E-004
   2.9375924529203770E-004
   2.8595654253519756E-004
   3.1424831889749347E-004
   3.5240595859163844E-004
   3.1540564002746510E-004
   3.9932455400331154E-004
   3.7079477876216681E-004
   2.9256874265840916E-004
   3.3278154866868800E-004
   3.5916958558761215E-004
   3.4071577328377659E-004
   2.9497425988318646E-004
   3.4471293734004689E-004
   3.3791085162467282E-004
   3.3779692621872722E-004
   3.2395265586411634E-004
   3.5168529106356932E-004
   3.0523084444751683E-004
   3.0510960421278849E-004
   3.2990392111989270E-004
   3.1171392443292168E-004
   3.7632109382843053E-004
   3.4363337046397133E-004
   3.7319617581100427E-004
   3.1229262647250428E-004
   3.3669848756630761E-004
   3.3372313415107660E-004
   3.1635925685902867E-004
   3.4620735427482596E-004
   3.8021434857571942E-004
   2.8033661056383989E-004
   2.9270031847583491E-004
   3.0074724322719888E-004
   2.9601821848031202E-004
   3.5587380041953012E-004
   3.2087051236079860E-004
   3.1739429689733991E-004
   3.2339984680179111E-004
   3.1088183419333056E-004
   3.2351336091347298E-004
   2.8259325247586106E-004
   3.5966524536561428E-004
   3.1975682893416868E-004
   3.3738772610829499E-004
   3.3869896764552557E-004
   2.9809556727200157E-004
   3.4161342731337224E-004
   3.7114343593863582E-004
   3.2987010177062406E-004
   3.7569478291857853E-004
   3.2650480857048181E-004
   2.7091964928482062E-004
   3.0921607916812688E-004
   2.9130786209429654E-004
   3.3930734359710228E-004
   3.4519430623047213E-004
   3.0436389850166341E-004
   3.0405909722355508E-004
   3.3320925216674403E-004
   3.1411556376898138E-004
   3.7842889410489975E-004
   3.0310613283778996E-004
   3.2619968250559983E-004
   3.4202342638807822E-004
   3.4647778690980688E-004
   3.6817944027475410E-004
   3.3487003616019796E-004
   3.2324009687132436E-004
   3.5807509550511935E-004
   3.3712748978084191E-004
   3.1068582223569863E-004
   3.4243724481429271E-004
   3.1757149115336998E-004
   3.0621128042320221E-004
   3.8415415643963929E-004
   3.4998973868654806E-004
   3.6645979528658932E-004
   3.0031197658220192E-004
