   2.7581084464369226E-004
   2.7075179174761171E-004
   3.0514399166721510E-004
   3.3977368325291678E-004
   3.3654426378667982E-004
   3.0448481176200196E-004
   2.6981510947175210E-004
   3.3692210020986257E-004
   2.9005655722274626E-004
   3.4621061925587841E-004
   3.0562258702731556E-004
   2.6772207516985132E-004
   2.8513440523661909E-004
   3.0518472273389260E-004
   3.3172202486935962E-004
   2.7437382515129144E-004
   2.5855714459133692E-004
   3.1012037772941664E-004
   3.1557191483132512E-004
   3.4399880561559402E-004
   2.7650987479236960E-004
   2.6864222315047356E-004
   3.3521424356808163E-004
   2.8273397172317010E-004
   3.1849006917266233E-004
   2.7746176929647717E-004
   2.8328622055614756E-004
   3.0905930804781494E-004
   3.1488933372147618E-004
   2.7378113917502850E-004
   2.7607396695271462E-004
   3.3411755563182575E-004
   3.0064985336603767E-004
   3.1174594856282089E-004
   3.2638179926364387E-004
   2.9615226202801142E-004
   3.1628463918010252E-004
   2.9445618495640036E-004
   2.8021127016407952E-004
   3.2663241811737252E-004
   2.6840293054318520E-004
   2.9758249506039487E-004
   3.6114424304533617E-004
   3.3638543171797406E-004
   3.3621879562966632E-004
   3.1328656575314607E-004
   3.3885090022478759E-004
   2.8384351171285323E-004
   2.6095925130241958E-004
   2.8085195618863986E-004
   3.3261813812018133E-004
   3.5089109066069243E-004
   3.5608879960100228E-004
   2.8713578460966445E-004
   3.1055999398143418E-004
   2.8928738966767475E-004
   3.2578297664233113E-004
   2.8740576883349992E-004
   2.8215832480044952E-004
   3.3529852024643392E-004
   3.6001209798673726E-004
   2.8349059337116255E-004
   3.2120598439891164E-004
   3.1079418200890717E-004
   3.0759270151865651E-004
   2.7697997567346699E-004
   3.3131196960334855E-004
   3.4095025819766032E-004
   3.5839225109370504E-004
   3.3985421953057092E-004
   3.2229602407527044E-004
   3.2849801346318395E-004
   2.9793905955542049E-004
   3.5217145738063123E-004
   3.1206339516087002E-004
   3.0034586449359865E-004
   3.3628610823038861E-004
   2.7879084885786226E-004
   2.7358241493265385E-004
   3.1217571781361425E-004
   3.5966645566824068E-004
   3.6214270556224044E-004
   3.3925366415931758E-004
   3.6853823629317672E-004
   3.3751659313126692E-004
   2.9288565585512168E-004
   2.7576627837056449E-004
   2.9938667915391861E-004
   3.1826020403749453E-004
   3.2267711703792671E-004
   2.6206494693419675E-004
   2.9085662682229631E-004
   3.1459216080839366E-004
   3.3516615688802440E-004
   3.5097902266921364E-004
   2.9193108539690720E-004
   3.4241713522411822E-004
   3.4501977686017277E-004
   3.1751028238523381E-004
   3.4065391246019898E-004
   3.3937267698358942E-004
   3.4294019572539679E-004
   3.3392399068508130E-004
   3.3495866958506377E-004
   3.0753141539583735E-004
   3.4451713922565940E-004
   3.2715394787326399E-004
   2.7926977900541764E-004
   3.1798004564706619E-004
   3.2770259585983665E-004
   2.9589340821864528E-004
   3.0049100967887202E-004
   2.9503848685162907E-004
   3.2722968715226907E-004
   3.6750904437529269E-004
   3.1826470454868997E-004
   3.0520462010493756E-004
   3.3060606705654163E-004
   2.5797120790542385E-004
   3.2461597149735619E-004
   3.3161326734725401E-004
   3.0361991041286969E-004
   3.3979942678638358E-004
   2.9964760348969989E-004
   3.3330971653398379E-004
   3.3791907722020164E-004
   3.0409504982982402E-004
   3.5439011650448141E-004
   3.0636557440451404E-004
   3.3306063201096129E-004
   2.8536994167871287E-004
   3.1397700751098267E-004
   3.2062349777414745E-004
   3.2948018449028763E-004
   3.3039853466625542E-004
   3.4484966204764532E-004
   2.7476720008152593E-004
   2.7195206201581815E-004
   2.6720659818417106E-004
   2.9490626263527968E-004
   2.6211405367864083E-004
   2.8362150183371473E-004
   3.0315552868103373E-004
   3.5165616364910083E-004
   2.8605109053859805E-004
   3.1597940848128886E-004
   3.2993747502045177E-004
   2.9448861485638540E-004
   3.1261819365953781E-004
   3.2216996370669216E-004
   2.9230588260841460E-004
   2.7587012992022042E-004
   3.5166911340616769E-004
   3.6563260921385028E-004
   3.6408992971560111E-004
   2.9334643096996137E-004
   2.8058368511531376E-004
   2.7807707924437658E-004
   2.8116228052181368E-004
   2.8892942723225771E-004
   3.2660265730765254E-004
   3.2196748648529626E-004
   3.3575391627083942E-004
   2.7709733821975561E-004
   2.9917295087902071E-004
   3.1097947298877674E-004
   3.0699662098573286E-004
   3.1741820946886611E-004
   3.0621035850635054E-004
   3.0546367968985498E-004
   3.4767954326612256E-004
   2.6300987392975867E-004
   3.1036752325966252E-004
   3.2594904938752312E-004
   3.0595398771381382E-004
   2.7834476893231407E-004
   3.3403377277076759E-004
   3.3012886874387838E-004
   2.8290134259482280E-004
   3.5500276078960779E-004
   2.7310951983228838E-004
   2.7820668390383994E-004
   2.5886014114633071E-004
   2.8539641237113441E-004
   3.0956485947050412E-004
   3.4755173030629231E-004
   3.4915402752818417E-004
   3.2975305562982547E-004
   3.0321921258317982E-004
   3.2263871491477081E-004
   2.7806114591662868E-004
   2.6842603810742140E-004
   3.0419072934890627E-004
   3.1315721649103620E-004
   3.0082064181135779E-004
   2.7196382215093794E-004
   3.2191307611009631E-004
   2.6944126617257144E-004
   2.9697593061214409E-004
   3.6571886308042506E-004
   2.7782882362339375E-004
   3.0525608130538143E-004
   3.4107853574055216E-004
   3.4040326127283380E-004
   2.7340747033667020E-004
   2.7187160836218905E-004
   3.2807692414503758E-004
   3.4611011789152993E-004
   2.6531468463834331E-004
   3.1735129988187671E-004
   3.1848017200371585E-004
   3.3395604787739020E-004
   3.1228592402163453E-004
   2.7250674725393429E-004
   3.0033819279794963E-004
   2.8016710027522682E-004
   3.1226251711083023E-004
   3.4787994954881072E-004
   2.9494142041333908E-004
   3.0201183461379917E-004
   3.1825223519069612E-004
   3.2312683630972018E-004
   2.7234327216679759E-004
   3.2080622216454797E-004
   3.1740089169782183E-004
   3.3134580406654157E-004
   3.5104347875233822E-004
   2.8029480487926404E-004
   3.3795308804040873E-004
   2.8355860816526115E-004
   3.1827538166049235E-004
   2.9548936090566908E-004
   2.7248021179737762E-004
   3.2167454272735886E-004
   3.3052274949613213E-004
   2.7130093013420065E-004
   3.2226378125220940E-004
   3.0661789558451786E-004
   2.8341714345190129E-004
   3.4686594783147256E-004
   2.7937237523502936E-004
   2.7998413036678442E-004
   2.8236954174243794E-004
   3.1617156159485126E-004
   3.2754181981393694E-004
   3.0774966103811922E-004
   3.2874870431212622E-004
   3.3174936598643088E-004
   2.9361442772477832E-004
   3.1535664596043828E-004
   3.0092671604139759E-004
   3.0706790853863810E-004
   3.3145087733420323E-004
   3.3600383255189068E-004
   2.8287888348737953E-004
   2.8437028690475813E-004
   2.8202782376720095E-004
   2.7518708645905680E-004
   3.4105392323340321E-004
   2.6418505169485874E-004
   2.7247499547521369E-004
   2.9824970540345629E-004
   2.5389450857216708E-004
   2.6970253913540437E-004
   2.7155294344487614E-004
   3.3497579964813297E-004
   2.9875138643471651E-004
   3.1501676530539148E-004
   3.3703419210360695E-004
   3.3073879580548880E-004
   3.0840611925720963E-004
   2.6046035530898678E-004
   3.2829020291968655E-004
   3.2832527397012607E-004
   3.4268013934815166E-004
   2.9091324280040631E-004
   2.7999753931610228E-004
   2.6789871914065060E-004
   2.4994473446007879E-004
   2.6448660248977565E-004
   3.4516152261859317E-004
   3.4083179893147067E-004
   3.2410099990355971E-004
   3.2214294245463439E-004
   2.8402463836525412E-004
   2.5668774209063879E-004
   2.5999516274536060E-004
   2.8525622667678862E-004
   3.4510283314165681E-004
   3.1699167095528306E-004
   2.7102049537369488E-004
   2.7103115267796996E-004
   3.1716293118443182E-004
   2.8551676169391116E-004
   3.3191532439711953E-004
   3.2302549178815822E-004
   2.8142022573379662E-004
   3.1103310495783382E-004
   3.0650314710849944E-004
   3.1728942477858997E-004
   3.1423506200423687E-004
   3.2307121280374736E-004
   2.9342276939798304E-004
   3.4020419979923460E-004
   3.1152646681191872E-004
   3.5362527094174093E-004
   2.9768193839915113E-004
   3.2875192487258201E-004
   3.0927417443545009E-004
   2.8864345717717469E-004
   2.9893993793774707E-004
   3.4056389527565873E-004
   2.7766131585635031E-004
   2.8990413650490336E-004
   2.8005228933207190E-004
   3.5174496258775486E-004
   3.5209885672046054E-004
   3.2417600165484317E-004
   3.1581343930181370E-004
   3.2517657529525468E-004
   2.6414424447280166E-004
   2.7062182933105942E-004
   3.5297612036770372E-004
   2.4985741946693995E-004
   3.1833260910305640E-004
   2.7192945538027631E-004
   2.5921031927227572E-004
   2.9999713948442090E-004
   2.6333867340222792E-004
   2.9329692834619643E-004
   3.2555418989710838E-004
   2.8825077111428114E-004
   3.4313378565119218E-004
   2.9506862302117496E-004
   3.3182729243401497E-004
   3.3420232037249125E-004
   2.7165430295902730E-004
   3.1543218426220308E-004
   2.7742980575245547E-004
   2.8430060350675387E-004
   2.6537760714085052E-004
   3.1498833731426489E-004
   2.9213895689466919E-004
   2.8019473757727621E-004
   3.3789621920874259E-004
   3.2895112983196914E-004
   2.6558359295966965E-004
   3.2139822899726167E-004
   2.7757513452337249E-004
   2.7219597325638562E-004
   2.8538374594094281E-004
   3.3598545026124692E-004
   3.5526994711465793E-004
   2.9047516499181090E-004
   2.8208403036353508E-004
   2.7097725729129216E-004
   2.6435330889944990E-004
   2.7775761329940687E-004
   3.1494898844358415E-004
   2.9694916642297568E-004
   2.6222282304477252E-004
   2.5172293072734699E-004
   2.9560361841220607E-004
   3.2447873477048253E-004
   2.9110509496139313E-004
   3.6894134348984287E-004
   2.9780073297224564E-004
   2.8404971609458351E-004
   2.8949095105292873E-004
   2.6984124108440330E-004
   2.6593756216870845E-004
   2.9988423276861866E-004
   3.0197856637015401E-004
   2.6950118400685902E-004
   3.0687727869684197E-004
   3.1538468544755314E-004
   2.5838961381745410E-004
   3.1896801049265626E-004
   3.3269569384592254E-004
   3.0731317213317054E-004
   3.0650566209533049E-004
   2.9613984932073067E-004
   2.8015469158886383E-004
   2.8068387844621534E-004
   2.5674349895242086E-004
   2.6264105956732095E-004
   3.2360333256343648E-004
   3.1989453974875869E-004
   3.2587322571805364E-004
   2.6618719341642955E-004
   2.8115031270739403E-004
   2.7119318953148895E-004
   2.8793642936540443E-004
   3.1855199194195293E-004
   3.1805229318944460E-004
   3.2727175670558108E-004
   3.2703408835993257E-004
   2.6212806830542271E-004
   3.1506205331291421E-004
   2.7629246736181286E-004
   2.6644357582961505E-004
   3.2623760903442061E-004
   3.1101309931168459E-004
   3.2059352864984643E-004
   2.9763834067158971E-004
   2.7955217295201525E-004
   3.0951388114166422E-004
   3.2120185346511690E-004
   2.6071064580303864E-004
   3.4702357575646194E-004
   2.6419945502671597E-004
   3.3833341549479017E-004
   3.2038438872063332E-004
   2.7351631947396515E-004
   2.6870511705248559E-004
   3.2685330544450025E-004
   2.8819457451966613E-004
   2.9457988893464594E-004
   3.3426130731815181E-004
   2.8214510582681295E-004
   3.0292699947048014E-004
   3.0981610456337936E-004
   3.1359432736998284E-004
   2.8826892105469887E-004
   3.1196646818754738E-004
   2.6006804924767095E-004
   3.2948999173620426E-004
   3.3349188705860018E-004
   2.7754831993807350E-004
   3.0665349656746769E-004
   2.8607480651450680E-004
   2.6767478512872009E-004
   2.6698040686470138E-004
   2.7727210797816087E-004
   2.9861217814324838E-004
   2.9393290894771988E-004
   3.2099000386188737E-004
   3.0450842407227880E-004
   2.8229514891427523E-004
   2.4927447540402291E-004
   3.2792994629687205E-004
   3.3438582683626821E-004
   3.2473275899154241E-004
   3.0316869271891357E-004
   2.9160939100931474E-004
   3.2026630632031871E-004
   2.7655897479747065E-004
   3.3555981525222134E-004
   3.1257066728574399E-004
   3.1636317478839953E-004
   2.9969719480030281E-004
   2.8235424611000760E-004
   2.7660298264083017E-004
   3.2822427218976645E-004
   2.6129456908457875E-004
   2.8824217268853092E-004
   2.9585985140159727E-004
   3.5978175231938733E-004
   3.2710845995110498E-004
   3.2632575852729916E-004
   3.3682690513689971E-004
   2.8992924360622050E-004
   2.6527491878418883E-004
   3.4960358129971293E-004
   2.6652523757659879E-004
   3.0622127044347514E-004
   3.3012939389576878E-004
   3.6486644205064022E-004
   3.0054929844687588E-004
   2.6470666706136938E-004
   2.7580832530810185E-004
   3.2238900434055750E-004
   2.8755012410376174E-004
   3.3923504300712137E-004
   3.0909179714411390E-004
   3.3267279175849574E-004
   3.2466753272346061E-004
   3.2181702360631087E-004
   2.8035796141498762E-004
   2.8364071570893769E-004
   3.0885155340072223E-004
   3.3399701574568253E-004
   2.8283259013163432E-004
   2.7944633741945580E-004
   3.1854417394647607E-004
   2.8889154657602939E-004
   2.7501242169476341E-004
   2.8512523026122399E-004
   2.6501899085596315E-004
   2.9285480198900092E-004
   3.0284340031112828E-004
   2.6438075258912219E-004
   2.9885834482584685E-004
   2.9323146293220057E-004
   3.2572206278178088E-004
   3.2817115812467876E-004
   2.8950375000918609E-004
   3.2604333060208513E-004
   2.9455344848659489E-004
   3.0826787421431361E-004
   3.6595331163604550E-004
   3.1395146081289661E-004
   2.9248196178551791E-004
   2.8342211599529358E-004
   3.2934484337407725E-004
   3.6924146365576084E-004
   3.3415749161970937E-004
   3.0476656235946546E-004
   3.1310244662878116E-004
   2.7159957393263571E-004
   2.7941580679002485E-004
   2.7539734853675288E-004
