   3.1521757564516902E-004
   3.0041031428768472E-004
   3.7706025440154559E-004
   3.3358923221874783E-004
   3.1012830029939251E-004
   3.2303552596242270E-004
   2.9496938556011120E-004
   2.8817934085463635E-004
   3.1900791077540790E-004
   3.2050390603038210E-004
   3.0625042022466479E-004
   2.8097167433868621E-004
   3.3229325621811069E-004
   2.9680608268687947E-004
   3.5901949203519446E-004
   3.5444384308368747E-004
   3.3629866841569834E-004
   3.1920019332408223E-004
   2.8960370256808480E-004
   3.3375336571179223E-004
   3.2176686388233803E-004
   3.2641590899407563E-004
   3.3456112889833361E-004
   3.1475453156486926E-004
   2.8677318677500945E-004
   3.1448289539304041E-004
   3.2069153548431505E-004
   3.6798992566956155E-004
   3.3281648642234706E-004
   3.6100154386178819E-004
   3.4866302611551208E-004
   3.3040365185857824E-004
   3.0252867348996935E-004
   3.6463962086640797E-004
   3.4221803353116280E-004
   3.2337849442526671E-004
   3.3736327127143845E-004
   3.3511992063130474E-004
   3.1792925943171753E-004
   3.6312081607023025E-004
   3.4893834255101140E-004
   3.5911637856724156E-004
   3.3387098006702450E-004
   2.9955657494848794E-004
   3.4758153407978736E-004
   3.0569218111981130E-004
   2.9980906324149847E-004
   2.7630516152885796E-004
   3.0153031986397672E-004
   3.3108382108105322E-004
   3.4876300146690817E-004
   3.3395504569561091E-004
   3.6484136269946169E-004
   3.5707127463261763E-004
   3.4814894011299071E-004
   3.3022001947481260E-004
   3.2107877970196779E-004
   3.2377017405618784E-004
   3.5151927666685051E-004
   2.9418513118964148E-004
   2.9284923222478517E-004
   3.0484803656132518E-004
   3.3693230332985669E-004
   3.5856780063190551E-004
   3.4885173601311218E-004
   3.4148754757755678E-004
   3.2977795518273321E-004
   3.4219674086110430E-004
   3.4048752111587224E-004
   2.9221896428544865E-004
   3.2138590447154154E-004
   3.1774067754634108E-004
   2.8995245524239533E-004
   2.7447096692562834E-004
   2.9680450997717004E-004
   3.1012987140974089E-004
   2.9429606430207087E-004
   2.7047022037821863E-004
   3.6101421349495083E-004
   3.2412330427094026E-004
   3.6959258496163601E-004
   3.7112600385255093E-004
   3.6358447095510794E-004
   3.4726813548943263E-004
   3.2607129929867893E-004
   3.2095122760643303E-004
   3.3953581621733262E-004
   3.2450545713171106E-004
   3.2576057410792128E-004
   3.2889443935549620E-004
   3.4377843854653615E-004
   3.1018034716638880E-004
   3.6467577485819769E-004
   3.0941598123528335E-004
   3.1541906073803607E-004
   2.8768499505384224E-004
   2.8534165032266366E-004
   2.9877840745439111E-004
   2.9421143000412834E-004
   3.2729641018096898E-004
   3.9124889086768764E-004
   2.9057316665314010E-004
   3.1935497402269816E-004
   3.3172701973343920E-004
   3.0413842524972505E-004
   2.8840347887551667E-004
   3.4589285685155140E-004
   3.2803784771900989E-004
   3.5211872545263048E-004
   3.5427111795012056E-004
   3.3911766298595162E-004
   3.5736429595410437E-004
   3.3488175085003664E-004
   3.1261829417156251E-004
   3.3120849319116785E-004
   3.1096930008230647E-004
   3.2372602740772386E-004
   3.5425495241206022E-004
   2.9493029473551144E-004
   2.7413256698551888E-004
   3.5701934503320538E-004
   3.5985571639843245E-004
   3.3426389088447948E-004
   2.9103402312086267E-004
   3.3154109526533596E-004
   3.5397131337590960E-004
   3.2035748773154190E-004
   3.4021664516871024E-004
   2.9547461778229559E-004
   2.9718441133425282E-004
   2.7520583718552006E-004
   2.9540397024911664E-004
   3.6365249579258825E-004
   3.8420260302126844E-004
   3.8021313383197118E-004
   3.2219206925395588E-004
   2.9040475166135368E-004
   3.6910255986937108E-004
   2.9202056473722458E-004
   3.0667386553823411E-004
   3.6513566784614790E-004
   3.6313435586675418E-004
   3.4188479234808784E-004
   3.8684984021121623E-004
   3.2655873141774404E-004
   3.2481165795344199E-004
   2.8236240964657657E-004
   2.9124964837043594E-004
   3.2650900465268817E-004
   3.1978179359422933E-004
   3.1112395340615107E-004
   2.7697041831581821E-004
   3.1191030063290706E-004
   2.9125564725630376E-004
   2.7399559188967277E-004
   3.1869336082201592E-004
   3.2489320137587169E-004
   2.8068699635050464E-004
   3.1174756023428515E-004
   2.9148011069700760E-004
   3.7338975535894175E-004
   3.3201087157670386E-004
   3.1925007259469402E-004
   2.9122725443055645E-004
   3.0782604555176107E-004
   3.0250856924665009E-004
   3.4330255102736412E-004
   3.3343676373333487E-004
   3.8117745112517298E-004
   3.2044028482877928E-004
   3.2156554550000525E-004
   3.4557181843644413E-004
   2.9215738147872207E-004
   3.2182961484106493E-004
   3.1403203389544467E-004
   3.0819933318819816E-004
   3.7347345096486379E-004
   2.8999621792819729E-004
   3.4533498338356721E-004
   3.6606072796721600E-004
   2.8110709398093854E-004
   2.8688667864726678E-004
   2.9396930783861819E-004
   3.2893176891071469E-004
   3.2109741261561985E-004
   2.6155947567752755E-004
   3.5639236305473246E-004
   4.0174338365899810E-004
   2.9826216279685031E-004
   3.2324218557842975E-004
   3.6870807874013652E-004
   3.7399370412450977E-004
   3.5104994608703796E-004
   3.4092077444523291E-004
   3.0962150217237621E-004
   3.8855744144021347E-004
   3.6822333527113181E-004
   2.9142594248039082E-004
   3.7475691390293755E-004
   3.2810518003356025E-004
   3.4079202163665284E-004
   3.0678980616310965E-004
   3.1919975342820333E-004
   3.0810045727185288E-004
   3.6189111898005897E-004
   3.1369991229041521E-004
   3.8280427973337854E-004
   3.4738497323119470E-004
   3.0109107175737621E-004
   3.0391093210777091E-004
   3.0844358247981448E-004
   3.5015315089784285E-004
   2.9298555343308891E-004
   2.9106794465463901E-004
   3.7135237794173279E-004
   3.7084933833550103E-004
   3.1741637427313131E-004
   2.9264862206036238E-004
   2.9706982134033966E-004
   3.7094721916411963E-004
   3.0358862170365089E-004
   2.8590175055412831E-004
   3.3559402608845533E-004
   3.4712288460240576E-004
   2.7329008492295629E-004
   3.1397210478812353E-004
   3.6758350228737494E-004
   2.9381407110545051E-004
   3.3146871274036674E-004
   3.6613051580680872E-004
   3.1143226361987430E-004
   2.9722686948702696E-004
   3.0258277622970668E-004
   2.8898851336981650E-004
   2.9371198504744172E-004
   2.9531894006682753E-004
   3.2737338860819006E-004
   3.2694810795683496E-004
   3.1084288799515156E-004
   3.6022715020002962E-004
   3.3332296827364122E-004
   2.8938122203215369E-004
   3.3910594968998250E-004
   3.5792663191916711E-004
   3.1356759858822846E-004
   3.0572027547408370E-004
   3.2990443259127037E-004
   3.6015410775127959E-004
   3.7114466725897709E-004
   3.4666985911006236E-004
   3.7134501135570438E-004
   3.1122010905423951E-004
   2.9155470970338240E-004
   3.1514346890946246E-004
   3.5156923663072503E-004
   2.8494658868387449E-004
   2.9873391296447466E-004
   3.1381772962627875E-004
   3.1623362524092508E-004
   3.3346210643378868E-004
   3.2456552663709496E-004
   3.6288594491998077E-004
   3.8039625875670586E-004
   3.1038260126323055E-004
   2.7279311673032535E-004
   3.1213936970574601E-004
   3.2041915763986488E-004
   3.1365075781670989E-004
   2.7679884548142709E-004
   2.9159483815610978E-004
   3.2920659532942992E-004
   3.3575472286974416E-004
   2.8951572181409668E-004
   2.9082492196062641E-004
   3.4971233472325282E-004
   3.4346844306276040E-004
   2.8916750402815445E-004
   3.3948561969274150E-004
   2.9097963006678246E-004
   3.3427794507820435E-004
   3.3314948209395030E-004
   2.9574722363499595E-004
   2.8225127460110874E-004
   3.4961913197995465E-004
   3.2954690802153910E-004
   2.8888601294131992E-004
   3.3245271065452596E-004
   3.6135937676091745E-004
   2.7971176861387288E-004
   2.7944251914511652E-004
   3.2634151879115230E-004
   2.9647019024462356E-004
   3.3639911745163596E-004
   3.3511769503529403E-004
   3.1101440742654999E-004
   2.8309475516345722E-004
   3.2746913139708786E-004
   3.7015804831995946E-004
   3.1837143635144713E-004
   4.0964221981121214E-004
   3.4187830490076961E-004
   3.7706990990248138E-004
   3.8191671192631499E-004
   3.5414919412066963E-004
   3.6305189262161245E-004
   3.5146883084690074E-004
   3.1209672607279107E-004
   3.8291846973731284E-004
   3.4534789951138131E-004
   3.6519357460356784E-004
   3.3725933836236587E-004
   3.7890813232297648E-004
   2.7919730782779479E-004
   3.4090038122974367E-004
   2.9859206216053467E-004
   3.7072465375755326E-004
   2.8578232392005256E-004
   3.4450224738718523E-004
   3.6245530787672766E-004
   3.6047567925206754E-004
   3.6093191252947851E-004
   3.1196895703048186E-004
   3.5040030166747134E-004
   3.0932465110390867E-004
   2.9720805582638700E-004
   2.9850534442814542E-004
   3.0299157973962947E-004
   2.8197451534236887E-004
   3.0329641727094148E-004
   3.0945837097300397E-004
   2.9457500043645761E-004
   2.9453960708288697E-004
   2.8130190340787029E-004
   3.6564093571480954E-004
   3.8203747020016212E-004
   3.6134065498047468E-004
   3.1006955061195252E-004
   3.1637009631504156E-004
   3.5036528621980458E-004
   3.2668059175889458E-004
   3.4597662877926526E-004
   2.8671193340918018E-004
   3.6650784393364450E-004
   3.4086731527659613E-004
   3.0419311500979267E-004
   3.7087076430067714E-004
   3.8400208514457790E-004
   3.1629149083943080E-004
   3.5713730232642631E-004
   3.4259989301866104E-004
   3.8537360280613075E-004
   2.9818594510570932E-004
   3.3107845611421487E-004
   2.8176996832522487E-004
   3.7780665981862504E-004
   3.4928524033953366E-004
   3.3595149618695586E-004
   3.1881195977972012E-004
   3.5896178091339843E-004
   3.1178703263766541E-004
   3.1948690066304036E-004
   3.1772668090225580E-004
   3.6890947194055153E-004
   3.6751872970776193E-004
   3.1840473651178927E-004
   3.2067404055008874E-004
   3.2990705375446469E-004
   3.5160955305145122E-004
   3.5618828889237493E-004
   3.1837965818864875E-004
   3.5785669782686876E-004
   3.1283173073222583E-004
   3.5237377387669104E-004
   3.7293527418065010E-004
   3.5712907793917570E-004
   3.5221901528837476E-004
   3.0837375607714905E-004
   3.1560884620604641E-004
   2.8319778438170071E-004
   3.3659414380363324E-004
   3.4218460571758084E-004
   3.9381287291026030E-004
   3.5903045268569496E-004
   3.0142075995146872E-004
   4.0039122673344018E-004
   3.0922460905266017E-004
   2.8025129160385171E-004
   3.2395765341551488E-004
   3.5190418684484786E-004
   3.1409261232097130E-004
   3.6207782982374215E-004
   3.0807531694624230E-004
   3.2197558024762253E-004
   2.9196728330506546E-004
   2.9171273634008685E-004
   2.8255615913821692E-004
   2.9247574224876597E-004
   3.3917155096867979E-004
   3.0345172091113774E-004
   3.6518737759783066E-004
   3.8015688596775422E-004
   3.1103593049362186E-004
   3.3246307246450642E-004
   2.8177606938966233E-004
   3.3654748886118523E-004
   2.8100078117286988E-004
   3.0604061413036081E-004
   2.9494008487119736E-004
   3.4626096270592928E-004
   3.3657349958159474E-004
   3.6330155166219185E-004
   3.0095235349204841E-004
   3.4159236454684957E-004
   2.9583053044300920E-004
   3.4405453247052860E-004
   2.8090454517780541E-004
   3.4639993614616596E-004
   3.3721621752673365E-004
   3.4731257801929000E-004
   3.6208679472938762E-004
   3.6503312307553497E-004
   3.5731579824362395E-004
   3.7813114674402234E-004
   3.4884398811849999E-004
   3.2607764116211399E-004
   3.1824130518499683E-004
   3.5591283929827964E-004
   3.1629447380171873E-004
   3.4440924923095066E-004
   2.6043292769309569E-004
   3.7919641039602049E-004
   3.0328971854417527E-004
   3.0045373211685846E-004
   3.0986349911270913E-004
   3.4137896306077450E-004
   3.6937997532348737E-004
   2.8629550446851031E-004
   3.0564720049601116E-004
   3.6088564647650755E-004
   2.9519388359223656E-004
   3.3156894408773049E-004
   3.2598030176223105E-004
   2.8133223622154430E-004
   2.8254874610593136E-004
   3.6725865456274800E-004
   3.5467048076572499E-004
   3.8513784022064601E-004
   3.2589610603658327E-004
   3.4973609451067518E-004
   2.9245424538980189E-004
   3.0599489707456711E-004
   2.9657300152970161E-004
   3.0235747547698516E-004
   3.1962986978976152E-004
   3.4460784317067464E-004
   3.3612132715214271E-004
   3.3805888035746680E-004
   3.0683902177930866E-004
   3.6152997659925028E-004
   3.1166215703385043E-004
   2.9976459017740982E-004
   3.4420368723736181E-004
   3.6149514438893693E-004
   3.5343375707772549E-004
   3.5132291020805568E-004
   3.0282239170142039E-004
   3.0069471015449880E-004
   3.5444993079784229E-004
   3.1236635207639431E-004
   3.0704312934743219E-004
   3.4155834395685692E-004
   3.7083105748441953E-004
   3.5266433993635531E-004
   3.6595031596701430E-004
   3.1540632081626343E-004
   3.1795237445462679E-004
   2.9914030042385884E-004
   3.0507347502273409E-004
   3.1096202031060841E-004
   3.2108681933169954E-004
   3.2403994262719422E-004
   3.4889144547201804E-004
   3.5748014905912282E-004
   3.4022844656081912E-004
   3.4801216515353129E-004
   3.0925711715412360E-004
   3.1150972353101577E-004
   3.6805322500157821E-004
   3.0635737819173676E-004
   3.1538333079369867E-004
   3.4607158567297441E-004
   2.8513723779464138E-004
   3.5562477221008773E-004
   2.9776081851265191E-004
   3.4748380925598112E-004
   2.7574190445750442E-004
   2.9596257744754294E-004
   3.4825902772860447E-004
   3.0111147106593773E-004
   3.4071378587937848E-004
   3.0551729511432842E-004
   2.9816434250330183E-004
   2.9571979912554802E-004
   2.8320655080806071E-004
   3.5461250004527919E-004
   3.5563471931179949E-004
   2.9632110537849277E-004
   2.4794114913621673E-004
   3.2956108265929892E-004
   3.3495799045986667E-004
   3.7517988666097094E-004
   3.5498836310241552E-004
