   3.1962871255977054E-004
   3.1560331776958042E-004
   2.9486145632886873E-004
   3.2805049706790277E-004
   3.2641158456948719E-004
   3.2802428961805795E-004
   3.2761160913483698E-004
   2.8179543712355805E-004
   3.6434790525851219E-004
   3.0982553605827742E-004
   3.2116310497501188E-004
   2.9297144947391186E-004
   3.7082071506605986E-004
   3.6920665451372145E-004
   3.1321158852081859E-004
   3.3972464402046479E-004
   3.7924788694117451E-004
   3.5552650069359807E-004
   3.2945462769679723E-004
   3.8125862250901936E-004
   3.3758113415795400E-004
   3.6560355604905981E-004
   3.0164849926521279E-004
   2.8294046858324412E-004
   2.9008174012962271E-004
   3.3746786264651242E-004
   3.7161793059766325E-004
   2.9842281312064976E-004
   3.0594721406151026E-004
   3.6222881646621080E-004
   2.9960294712035355E-004
   3.0955254924956493E-004
   3.5252828843876816E-004
   3.8032491598754788E-004
   3.0483224577704628E-004
   3.0286599639088103E-004
   4.0171301366259628E-004
   3.5523898439032356E-004
   2.9844603211751146E-004
   3.1089882833426483E-004
   3.8250516516859137E-004
   3.6413166503436602E-004
   3.3732967424319695E-004
   3.4722598775731019E-004
   3.9248753795751589E-004
   3.7327833842247982E-004
   3.2615544440246503E-004
   3.0642504140832467E-004
   3.6913636455137108E-004
   3.5256528117681550E-004
   3.1610253505953939E-004
   3.3351944692506022E-004
   3.2203007095855333E-004
   3.7775598916434599E-004
   3.2499463051433985E-004
   3.7897056645475139E-004
   3.4540820505956781E-004
   3.0305158534865538E-004
   3.2240318557676985E-004
   3.1732484791916198E-004
   3.1317826800871201E-004
   3.6187359839994084E-004
   3.1636876069920120E-004
   2.8480298266566007E-004
   3.3720966483670754E-004
   3.4233146358004162E-004
   3.1626778657655938E-004
   2.9811907242506888E-004
   3.3015961069872581E-004
   3.5657012901051203E-004
   3.6663945808356081E-004
   3.4171769505212155E-004
   2.9287066000350175E-004
   3.0497981250701196E-004
   3.1567234229693160E-004
   3.6393191921195087E-004
   3.6246640226550084E-004
   2.9604443901074938E-004
   3.0414173605299981E-004
   3.6322053078656757E-004
   2.9993487128384576E-004
   3.3990685584057057E-004
   3.7029160399335123E-004
   3.6511810036607981E-004
   3.0930627752663749E-004
   3.0538791074739602E-004
   3.5102246115654930E-004
   2.9835307557966900E-004
   3.0827311304854125E-004
   3.0256264742501923E-004
   3.6081121431703899E-004
   3.2549707152761093E-004
   3.2377061317283832E-004
   3.1280806320295966E-004
   3.5831956474978899E-004
   3.1235584675594206E-004
   3.7090475695848789E-004
   3.7353783956979299E-004
   3.2291633493700291E-004
   3.4586387436391007E-004
   3.2656471278815689E-004
   2.9168367428504001E-004
   2.9391504056375581E-004
   3.6936716035019748E-004
   3.0814005620945662E-004
   3.6110830381566377E-004
   3.7363180934240470E-004
   3.3450432066310789E-004
   3.0874474120172165E-004
   3.7622030955415897E-004
   2.9642957446435349E-004
   3.3466673384919453E-004
   3.0956262539825623E-004
   3.0458115398729872E-004
   3.9225112445330035E-004
   3.6280171658669113E-004
   3.5073767542680590E-004
   3.8669121814748075E-004
   3.6594426092442079E-004
   3.3857034000589806E-004
   3.0045830155737188E-004
   2.9943346633223134E-004
   3.2233957234142219E-004
   3.3351181512870383E-004
   3.2992854227575387E-004
   3.2435801652598171E-004
   3.9320442034989641E-004
   3.0961284220649060E-004
   3.1896161569350598E-004
   3.2017810697319225E-004
   3.6624018760272436E-004
   3.6311208407893854E-004
   3.0553444817739482E-004
   3.8899783219392101E-004
   3.2696307015033893E-004
   2.8735277759303889E-004
   3.1338098193950647E-004
   2.8701709022059671E-004
   2.9628353902253385E-004
   3.4230984419775245E-004
   3.1587838590631131E-004
   3.3075024163002848E-004
   2.6834737685299943E-004
   3.6848107064245671E-004
   2.9735761379361255E-004
   3.0102443949627243E-004
   2.9180853692023875E-004
   3.6731780727553405E-004
   2.9300421702544821E-004
   3.7663958892811489E-004
   3.0997818479234010E-004
   3.8670492494842718E-004
   3.2007654617068846E-004
   2.8907087064830724E-004
   2.8026335778740240E-004
   3.2130950939576774E-004
   3.6361525563947153E-004
   3.2927313361938367E-004
   3.1348223191641507E-004
   3.3608184126242724E-004
   3.2958305481108318E-004
   2.8727966201539800E-004
   3.2982819932893416E-004
   2.9321277729077802E-004
   2.9518258170949400E-004
   3.1059572423320947E-004
   3.4803707445338767E-004
   3.1579302400426698E-004
   2.8816811689409759E-004
   2.9579995965660713E-004
   2.9027203632587363E-004
   2.9527820867301105E-004
   3.1184126487071356E-004
   2.9372298299546276E-004
   3.0120613988233341E-004
   3.3305155804953980E-004
   3.1576216335964501E-004
   3.0564801591439507E-004
   2.6981790323560729E-004
   3.0101202645976832E-004
   3.7179159524926888E-004
   3.0429350897932496E-004
   3.2116585777532526E-004
   2.9671513224432635E-004
   3.0049087691025306E-004
   3.2273796626179570E-004
   3.5163299016257004E-004
   3.7903293434497385E-004
   3.8192733124561780E-004
   4.0002178627422940E-004
   3.6181295308293303E-004
   2.7544496049003035E-004
   3.0117697389343384E-004
   2.8501826647420484E-004
   3.4097229422764695E-004
   3.1546837400771587E-004
   3.2643092144768438E-004
   3.0285958242602434E-004
   3.3410616781851405E-004
   3.5739341060808433E-004
   3.8464498607540309E-004
   3.1916795578595134E-004
   3.2302056345158019E-004
   2.9882646270254856E-004
   3.2281537015701876E-004
   3.6694041856352993E-004
   2.9894877921465070E-004
   3.7644232306716682E-004
   3.6213356812013297E-004
   3.7219818170393620E-004
   3.1304959676751993E-004
   3.3024619629422656E-004
   3.1067333052354346E-004
   3.4820936272325333E-004
   3.1500232957827254E-004
   3.5453195403426451E-004
   3.4724975642693243E-004
   3.7708204674098651E-004
   2.7027414848358457E-004
   3.1873268566560026E-004
   3.4636445116395168E-004
   2.8278900177800491E-004
   3.4795774223351719E-004
   3.0711709695398399E-004
   3.3489133576566270E-004
   3.2452523910029885E-004
   3.2557837359841504E-004
   2.8746578079534866E-004
   3.2051780765808687E-004
   3.1417908393839491E-004
   3.5039691429576941E-004
   2.9862054675108851E-004
   3.2541664857197887E-004
   3.1551214421837872E-004
   3.4440967996672350E-004
   3.4946907301293016E-004
   3.4832883076641987E-004
   3.8361071482830174E-004
   3.6434844492713129E-004
   3.4738609066921420E-004
   3.3355661285106118E-004
   3.4539477603993328E-004
   3.0221159709924986E-004
   3.0601208368442504E-004
   3.5930218433764810E-004
   3.0789498220285634E-004
   3.2990319546401210E-004
   3.0112238186539246E-004
   2.6922467750018734E-004
   3.5818437752935077E-004
   3.4428986645819909E-004
   2.9312963052496453E-004
   3.4367839912053912E-004
   3.7761685174588920E-004
   3.1787261321757629E-004
   2.7990193511030510E-004
   2.9494645879635245E-004
   3.0549882819388166E-004
   3.0874068698686735E-004
   2.9278613516983356E-004
   3.1980580710046463E-004
   3.0005353575779858E-004
   3.5406102594167770E-004
   3.0705204605583350E-004
   3.6113804113757896E-004
   2.9598031438806728E-004
   2.8480071772687672E-004
   2.6764377288218813E-004
   3.3333850639285947E-004
   3.1160572377843086E-004
   3.9736495655205803E-004
   2.8430881809665904E-004
   3.2918603003680223E-004
   3.3964595572767313E-004
   3.3097848713410167E-004
   4.0259066917750115E-004
   3.0736574128315843E-004
   3.3413687659097148E-004
   3.1915929886296959E-004
   3.0788108645283201E-004
   3.7626840532179877E-004
   3.5246102802912192E-004
   3.4782256277554618E-004
   3.7700785868741491E-004
   2.9304908102689291E-004
   3.0670871677845765E-004
   3.6482184529895771E-004
   3.6339932347653460E-004
   3.1524982940991854E-004
   2.9170723822820983E-004
   3.5605643191826504E-004
   3.7876649734713971E-004
   3.5224734174521771E-004
   3.5822961773619613E-004
   2.8788498310027764E-004
   3.7875434634843282E-004
   3.5350240232305422E-004
   3.1159920482087534E-004
   3.1547787202371684E-004
   3.5555228352484219E-004
   3.5809725618619041E-004
   2.8730882419781363E-004
   3.1777318597488733E-004
   3.1849334612127334E-004
   3.2525772801511317E-004
   3.4345390344707043E-004
   2.8880587598139554E-004
   3.4471782295452047E-004
   3.3040225797378636E-004
   2.9913766881467779E-004
   3.2158159110306703E-004
   3.6605677539494207E-004
   2.8977024496870468E-004
   3.1013885588050048E-004
   3.2758246228354639E-004
   3.0996758120286060E-004
   3.6328640813494532E-004
   3.6328803265782991E-004
   3.5804591564931405E-004
   3.0996135210931906E-004
   3.7453634308920962E-004
   3.0971797231754325E-004
   3.4432230236225106E-004
   3.0348039005454635E-004
   3.0385389131660579E-004
   3.3898619421340078E-004
   2.8879513327300163E-004
   3.1076812577870272E-004
   3.4413215601123987E-004
   3.7799907337829602E-004
   3.1523479865502873E-004
   3.0692528169428839E-004
   3.0353775832657779E-004
   3.6506119001921593E-004
   3.8712279340737208E-004
   3.7445275561512277E-004
   3.3584009472018093E-004
   3.3444293485675267E-004
   3.1030196666771177E-004
   3.4493002039096021E-004
   3.3557417677826840E-004
   3.4090828780960477E-004
   3.7934321538234952E-004
   2.8728693205766243E-004
   2.9022499858966544E-004
   3.8223631239560070E-004
   3.1444630903444562E-004
   2.9174380198335892E-004
   3.1564867300118817E-004
   3.3834739506005565E-004
   3.4424878778087272E-004
   3.3498299019521884E-004
   3.4451139474222619E-004
   3.2410655422419432E-004
   3.6311706265024788E-004
   3.1256559770675567E-004
   3.3744113023907876E-004
   3.6951242861319350E-004
   3.3615409198293605E-004
   3.6108714755103748E-004
   2.9029459269535582E-004
   3.8503424473461926E-004
   3.4521064282395627E-004
   3.5504557282340146E-004
   3.6094823157418543E-004
   3.4330415252896510E-004
   2.9850667755681109E-004
   3.0719947251222257E-004
   3.0585725357116920E-004
   3.6320447456880900E-004
   3.2835064899800452E-004
   3.9054798999750470E-004
   3.7550538077570051E-004
   3.5713121380214131E-004
   3.4744263281142674E-004
   3.3479022154256317E-004
   3.9990081947938151E-004
   3.7099155787186360E-004
   2.9588124025759085E-004
   3.9233890009869382E-004
   3.2275449487965518E-004
   3.6218533271228389E-004
   3.4066382796571769E-004
   3.0901160305017456E-004
   3.3758191999935512E-004
   3.7591668578588322E-004
   3.9445460608197516E-004
   3.8794842257325248E-004
   3.5578224885510402E-004
   3.9783628462663578E-004
   3.3845549244998014E-004
   3.4053189716508922E-004
   3.4474487894664958E-004
   3.9320294750634470E-004
   3.2939897418560578E-004
   3.5649742396196059E-004
   3.0468077356083094E-004
   3.5945589294307723E-004
   3.4346175855518469E-004
   3.5943643572668816E-004
   3.7960790145824292E-004
   3.0823309656460775E-004
   3.3410942485103632E-004
   3.8014643381511744E-004
   3.6130821083120614E-004
   3.7396041066225974E-004
   3.1197816109986790E-004
   2.9768092726061333E-004
   3.2041220066359919E-004
   3.1382186479735302E-004
   3.2522577290470243E-004
   3.0963843197225993E-004
   3.5086701932205013E-004
   3.1100533752212136E-004
   2.7030096410890551E-004
   3.6475305307585382E-004
   3.2369257075346819E-004
   3.4000111382861774E-004
   2.8887793804934528E-004
   2.8693361220881290E-004
   3.6085404058973044E-004
   3.4217154795947955E-004
   2.8257211692270522E-004
   2.9767680188884550E-004
   3.1401662235764803E-004
   3.4428269921832496E-004
   3.5563802003409290E-004
   3.6665263199465049E-004
   3.1504105597913171E-004
   3.0418567733135995E-004
   3.9095193361094729E-004
   3.9637067472037815E-004
   3.2411075719513365E-004
   2.9331032200795922E-004
   3.7279916677244209E-004
   3.4882949418635573E-004
   3.7011132600304065E-004
   2.8716282277529536E-004
   3.3521570048784946E-004
   3.4373441169886830E-004
   3.7464150967567346E-004
   3.8906708659143226E-004
   3.4367243005968052E-004
   3.5874943072510495E-004
   2.9377894110808498E-004
   3.2293966317780434E-004
   3.0655857058919093E-004
   3.1609481889175833E-004
   3.1431699413748455E-004
   3.0292116526872752E-004
   3.6784280818888350E-004
   3.6889192356870875E-004
   3.0651113302063691E-004
   3.4281558224566293E-004
   3.4853492311028776E-004
   4.1182099048144689E-004
   2.9597519849766597E-004
   2.8717434362217467E-004
   3.4549218459571592E-004
   2.7578038479818051E-004
   2.9986060487766796E-004
   3.6514638025539228E-004
   3.0883444793863602E-004
   3.1596533806634773E-004
   3.8791834623258932E-004
   3.5281574819761891E-004
   3.6868650005246299E-004
   3.6219371822800373E-004
   2.8218548305537848E-004
   3.6286843727368208E-004
   3.1270911455249243E-004
   3.4501731274348571E-004
   2.8045859728720329E-004
   3.4041775231250985E-004
   3.2979456723513837E-004
   3.7698468144975266E-004
   2.4812949585318597E-004
   3.1523541262839388E-004
   3.0538277466364496E-004
   3.1964437899965301E-004
   2.9742217027316605E-004
   3.6792357167222094E-004
   3.6338726661815936E-004
   2.8863209554051217E-004
   2.8343722853797857E-004
   3.5351193327803150E-004
   3.6485965462514140E-004
   2.8138813378302896E-004
   3.4797950193561817E-004
   3.2921432693366572E-004
   3.1189114394783744E-004
   3.5505453343962417E-004
   3.3025712725132854E-004
   3.5865753238140000E-004
   3.8843333960484315E-004
   3.7569297015071921E-004
   2.9499185686054409E-004
   3.2435128422981553E-004
   3.6725297028911944E-004
   3.4984440908001664E-004
   3.1911362800075729E-004
   3.0563683497819002E-004
   3.2818623522276201E-004
   2.8146890944964693E-004
   3.9618819499428223E-004
   3.4433413932876962E-004
   3.7269926764305121E-004
   3.3922235376411720E-004
   3.5781936469335461E-004
   3.1145067342979029E-004
   3.0597068449142770E-004
   3.2898803478047397E-004
