   3.4836562153971033E-004
   2.9125345549967460E-004
   3.6737789634953090E-004
   3.4814860347742217E-004
   3.7766242988513597E-004
   3.1821168022320469E-004
   2.9130229456300226E-004
   3.0070230458621933E-004
   3.1354652952481001E-004
   3.0191157301680960E-004
   3.6402796993437718E-004
   3.5716613685538912E-004
   3.8183453812689694E-004
   3.6414690633114569E-004
   3.2462849832228484E-004
   3.7792257987315388E-004
   3.6935827345177064E-004
   3.4731878496426741E-004
   3.9073439673350152E-004
   3.8672776838644156E-004
   3.3082874843643357E-004
   3.2372379335104631E-004
   3.2948339903455371E-004
   3.0578948104285371E-004
   2.9423274734421848E-004
   3.1938770997276040E-004
   3.0709518763557891E-004
   2.8956613726350812E-004
   3.5045007176955642E-004
   3.4686209076144743E-004
   2.9849419773722780E-004
   2.8972799456384473E-004
   3.4288100016430462E-004
   3.2107721459344318E-004
   3.3345766482734948E-004
   3.0514709957416643E-004
   3.7013940979086461E-004
   2.9891772438136836E-004
   3.5447021687645507E-004
   2.9445862073813835E-004
   3.4330324030592863E-004
   3.0623227303225515E-004
   3.4005983943313745E-004
   3.9847969928824616E-004
   3.0023425699020871E-004
   2.8553930066032153E-004
   3.6171423437624125E-004
   2.9204429775373604E-004
   3.1223516083786772E-004
   3.7258817195946807E-004
   3.5853694074675384E-004
   3.3476351205359047E-004
   3.1001200218439727E-004
   3.4548913980335041E-004
   3.2371552673144836E-004
   3.4122440467661773E-004
   3.0094165793783674E-004
   3.2848878458653131E-004
   3.3896526199054936E-004
   3.2507808264262199E-004
   3.5276222353605014E-004
   3.9672185900707511E-004
   2.9625258209471373E-004
   3.1780024433324079E-004
   3.2126933191234771E-004
   2.9333080199445035E-004
   3.9659409272891201E-004
   3.5082788824998209E-004
   3.5554439410700052E-004
   2.8704843350056604E-004
   4.0608506690147583E-004
   3.1625477538544500E-004
   3.3380785950921314E-004
   3.0283327638649504E-004
   3.0211474368961643E-004
   2.9417031992475212E-004
   3.7509084596422799E-004
   2.5662600909515131E-004
   3.0665823240758495E-004
   3.1574496120464866E-004
   3.1586354185536694E-004
   3.1523631793063032E-004
   3.1518241327277874E-004
   3.7526713530571849E-004
   3.5720151333775471E-004
   3.5268904454969509E-004
   4.1683805287861923E-004
   3.0361653121260070E-004
   3.1564552414872277E-004
   3.0366356716382206E-004
   2.7458226834108979E-004
   3.4808340773241685E-004
   3.4499634336646192E-004
   2.9934818538061755E-004
   3.3965435583095465E-004
   2.9825329592952666E-004
   3.0098848392285911E-004
   3.0145188015309488E-004
   3.2617512769045592E-004
   3.0297909424505765E-004
   3.4397158548402134E-004
   2.7716529142179290E-004
   3.2225575428487720E-004
   2.8071337402495454E-004
   3.0324489375184417E-004
   2.9923266017731670E-004
   3.2718803052166084E-004
   2.9966084291055607E-004
   2.7200228179712061E-004
   3.0818588192956745E-004
   3.0995274224681805E-004
   3.0873142994808497E-004
   3.0728217349867959E-004
   3.6609691927951140E-004
   3.8578709940401688E-004
   3.4803998805824684E-004
   3.1014541732067607E-004
   3.6048210677191181E-004
   3.3333735801747597E-004
   3.8061822078089768E-004
   3.2116753841832476E-004
   2.8330574282803143E-004
   3.0949238458378119E-004
   3.6600679933450233E-004
   3.2922618364813821E-004
   3.2880525898288738E-004
   2.7953263439366892E-004
   3.3478149612828763E-004
   3.8044668923655828E-004
   3.5762885019353528E-004
   2.9986351201548116E-004
   2.8423532154169012E-004
   2.9725064536534140E-004
   3.0303845422884854E-004
   3.7521257084883553E-004
   3.5383934885719264E-004
   2.9977361763544651E-004
   3.5455020370507811E-004
   2.9902952073953035E-004
   2.8312425872005362E-004
   3.5426591179511254E-004
   2.7480408162477342E-004
   2.9558774855348091E-004
   3.2508496526459379E-004
   3.2003397459724053E-004
   3.2830688639689268E-004
   3.1028188180155276E-004
   3.6121910074560801E-004
   3.4302347995893585E-004
   2.9003191319526171E-004
   2.8305715347881865E-004
   3.3704378804482409E-004
   2.9815290431715191E-004
   3.5321756959354547E-004
   3.5400956021980194E-004
   3.0574890355649281E-004
   3.2614192835829536E-004
   3.6644131404752828E-004
   3.1065589305694313E-004
   3.4425132038110127E-004
   3.6716432032973660E-004
   3.1194554682130140E-004
   3.0581125452863354E-004
   3.4872693385067143E-004
   3.3077526921660051E-004
   2.9900854130930767E-004
   3.1992115072296241E-004
   3.5368350555711552E-004
   3.5757590562142155E-004
   3.4003296024918126E-004
   3.0592833146516235E-004
   2.9832517188531517E-004
   2.9494603235137048E-004
   3.5811009243099740E-004
   3.4878465060943692E-004
   4.3054772048965615E-004
   2.9930331137406494E-004
   3.0237903979822984E-004
   3.3998665512184655E-004
   3.0145333299629219E-004
   3.3108223382415910E-004
   3.2825000878876917E-004
   3.7322114799337940E-004
   3.2665429604396772E-004
   3.0389571996562660E-004
   3.0228704236110457E-004
   3.3521382336685376E-004
   2.8642977698881415E-004
   3.9399000932333398E-004
   2.9152903230328386E-004
   2.8978424631440341E-004
   3.6194881718097524E-004
   3.2099676016829684E-004
   3.6638868349094195E-004
   3.0886216033704710E-004
   3.1665965379404858E-004
   2.9540513003630577E-004
   3.3327159454332018E-004
   3.4794015127395878E-004
   3.4473272528392492E-004
   3.0193370760032398E-004
   3.0992505103403340E-004
   3.5088432213007829E-004
   3.2863998714500119E-004
   3.0904658881846902E-004
   3.7932491174552478E-004
   3.5546084666510363E-004
   3.5263582557821377E-004
   2.9117899978606113E-004
   3.1756572999153815E-004
   3.0641135692981533E-004
   3.5188960616669239E-004
   3.2633033719291189E-004
   2.9091166813747751E-004
   3.1694601664174541E-004
   3.0843440797239443E-004
   3.0500434350059721E-004
   3.2151277399066857E-004
   3.0819627984454554E-004
   3.5100333755858998E-004
   3.1818756106566332E-004
   3.6798472695923973E-004
   3.1941723914149541E-004
   2.9095683146952445E-004
   3.3060649110646821E-004
   3.0958255341211657E-004
   3.1818096844172920E-004
   3.4568126643929042E-004
   3.1817865235083504E-004
   3.1718933519089159E-004
   3.0645810689613746E-004
   3.8761473848019609E-004
   2.9636267906484016E-004
   3.0711542481948146E-004
   3.6738667824060418E-004
   3.4661964505440767E-004
   3.6697211207420329E-004
   3.2329427583631338E-004
   3.6798991702225830E-004
   3.5838016597394557E-004
   2.8127677713714935E-004
   3.0330023882862441E-004
   3.5570623335313229E-004
   2.9646997948075984E-004
   3.4179342343784925E-004
   3.4418913138952855E-004
   3.9551929960351652E-004
   3.4778068664619315E-004
   2.9314443362572220E-004
   3.7956753941330973E-004
   3.6539620741133863E-004
   3.3624905730184258E-004
   3.7430302970449135E-004
   3.1066781019645803E-004
   3.3851085007061767E-004
   2.7632523485911871E-004
   3.1435850202059197E-004
   2.9009224407136163E-004
   3.0571323563715995E-004
   3.2745597562791525E-004
   3.4576551946863444E-004
   3.3780894076035865E-004
   3.3468406858390583E-004
   3.6439075985516878E-004
   3.7070830267462227E-004
   3.0278465379164399E-004
   2.9452464134140647E-004
   3.7024347279312922E-004
   3.4077550924913459E-004
   3.6410697237487967E-004
   3.0247891991403141E-004
   3.1842223588265733E-004
   3.5143849188610122E-004
   3.0677906576419885E-004
   3.2080232142213595E-004
   3.6681571196761723E-004
   2.8642989228695346E-004
   3.6890210021254936E-004
   3.3687486718241493E-004
   3.0097549618494045E-004
   2.9970814994355858E-004
   3.1517869141917560E-004
   3.5186214077158925E-004
   3.9796571384500282E-004
   3.3228309976931700E-004
   3.2372674557803365E-004
   3.2940718339484037E-004
   2.9877229537083846E-004
   3.2014686297475160E-004
   3.2807495088961290E-004
   3.8642257642056729E-004
   3.1961625793858287E-004
   3.4875461957073998E-004
   3.6824826716293999E-004
   3.6516184971887227E-004
   3.6547836592832261E-004
   3.3239443385536750E-004
   2.8737136916382882E-004
   2.9944535205985855E-004
   2.7346821527532309E-004
   2.8661950869095156E-004
   3.0112634987738767E-004
   3.0203542784368385E-004
   3.2733441391474534E-004
   3.2369438589368519E-004
   3.2495030919182770E-004
   3.6680001231904680E-004
   3.3951282268555253E-004
   3.2772511056447485E-004
   3.8007626215144814E-004
   3.7584392675493050E-004
   3.5349583286243511E-004
   3.2196628924850864E-004
   2.9518498772407049E-004
   3.1337456929651954E-004
   3.0998635033223555E-004
   3.2850322921452595E-004
   3.5205185371902552E-004
   3.7505008132691139E-004
   2.9705162673042233E-004
   3.1839768246052900E-004
   3.7453781851863344E-004
   3.7066320580497048E-004
   3.4852356230410405E-004
   3.3463944674427582E-004
   3.0871972740603937E-004
   3.6352072478260518E-004
   2.8909224936081690E-004
   2.8954172677226497E-004
   3.5834121930601901E-004
   3.4427009489298397E-004
   3.4868932769182236E-004
   2.9820425936031290E-004
   3.7198957721707506E-004
   3.6334569707984990E-004
   3.0040158267251386E-004
   3.1927986259473420E-004
   2.9000223998489386E-004
   3.6494191326634273E-004
   3.5166338140277676E-004
   3.0469297401901872E-004
   3.8555193858623768E-004
   3.3690289881985294E-004
   3.2285290868305745E-004
   3.4497359007980240E-004
   3.7314996401036299E-004
   3.0756590866048923E-004
   3.5857044317735842E-004
   3.2917272891549808E-004
   2.8926810063225602E-004
   3.1391597645388130E-004
   3.7839379820739399E-004
   3.7387409331018738E-004
   2.9939051923221708E-004
   3.5497505889719853E-004
   3.5114077040559257E-004
   3.6062799076365626E-004
   3.0611548390394332E-004
   3.1713812646655583E-004
   3.1905237945597847E-004
   3.5513871717647436E-004
   2.9863871746331179E-004
   3.2583815004027361E-004
   3.2221080719631979E-004
   3.7397011653911749E-004
   3.4426011329950486E-004
   3.4190775948035211E-004
   3.0486987997530523E-004
   3.3434832605607140E-004
   2.7911685601961342E-004
   3.3843242091678830E-004
   3.0679146110936553E-004
   3.0654492126192223E-004
   3.6155469403206190E-004
   3.8192441862201180E-004
   3.5491475322209349E-004
   3.2378239125094315E-004
   3.2681481842544659E-004
   3.0756646437197469E-004
   3.0618176981786602E-004
   3.0716150471312375E-004
   3.7736555958874969E-004
   3.8103614450165507E-004
   3.8731108747321508E-004
   3.0770333315861890E-004
   3.6178688013845833E-004
   3.1052147123106417E-004
   3.6822198176581563E-004
   3.1552332435972702E-004
   2.5828165146395723E-004
   3.2064665823770328E-004
   3.4450846844359862E-004
   3.7388705151413800E-004
   3.6457946143815724E-004
   3.0527962441831554E-004
   3.4504266752528585E-004
   3.4886348713126267E-004
   2.8932347174891480E-004
   3.2533799512106295E-004
   3.5718139528124999E-004
   3.4170313618863958E-004
   2.7870997967811308E-004
   3.4634284237135564E-004
   2.9686640599330778E-004
   2.9997126410253938E-004
   3.5927734364080637E-004
   3.5789092910948057E-004
   3.5670351547224192E-004
   3.3116726063868560E-004
   3.5918614153204433E-004
   2.8585041929920862E-004
   3.0124840071740663E-004
   3.0218725576441685E-004
   3.4291219669545367E-004
   3.2616117152484906E-004
   3.5058555844721842E-004
   3.5091672320903937E-004
   3.5203280279458261E-004
   2.8579009718687320E-004
   3.8724887993635466E-004
   3.2936945496596219E-004
   3.5758755625443350E-004
   3.2801480376542521E-004
   3.6465855798801622E-004
   3.8434602610301524E-004
   3.2397260101346204E-004
   3.2276503982985630E-004
   3.3682085337868926E-004
   3.9961214954987133E-004
   3.1043805192519213E-004
   3.5842296071228902E-004
   2.9497738317750565E-004
   2.9703907055531384E-004
   3.0978265900751537E-004
   3.7475122687514301E-004
   3.0831429186797577E-004
   3.1996324948121080E-004
   3.9152999352647230E-004
   3.6956316719194285E-004
   3.5524584649082152E-004
   3.2515689998709207E-004
   3.3964498804364766E-004
   2.8552711131545619E-004
   2.9758171327468286E-004
   3.0613518815785998E-004
   2.9140508282604860E-004
   3.6393671915491306E-004
   3.6528289194233410E-004
   3.4488948006371867E-004
   3.3815222557713687E-004
   3.6726552847489408E-004
   3.0518968454093027E-004
   3.8351129940703167E-004
   3.7538716976745322E-004
   3.1821690606538008E-004
   2.8973041580660928E-004
   3.1859293688672578E-004
   3.2444752575334663E-004
   3.5514354083763248E-004
   3.4649872670633680E-004
   3.6278331233054124E-004
   3.2880001505554424E-004
   3.2562335255013870E-004
   2.9852692620347451E-004
   3.5916887910154816E-004
   3.1899470109654932E-004
   3.5429959241211668E-004
   3.4666479727315526E-004
   3.5386695422581858E-004
   3.1834875367531913E-004
   2.8302850446647386E-004
   3.6020737961037122E-004
   3.2963066831003684E-004
   3.2991948234835068E-004
   3.1913371163933338E-004
   3.0734612971170314E-004
   3.0654504045218774E-004
   3.0913437267213124E-004
   3.0453233850587409E-004
   3.5347486048221244E-004
   3.1963171661237774E-004
   3.7531539587626204E-004
   3.3624004351966803E-004
   3.0243021035084022E-004
   3.0868288323138057E-004
   3.1361997168853075E-004
   3.0312842435121682E-004
   3.5655901369838216E-004
   3.1099021671550554E-004
   3.0704412824668153E-004
   3.5616051519826416E-004
   3.1894038161574847E-004
   2.8982515868045041E-004
   3.3671708337631502E-004
   3.4585111858204045E-004
   3.0001915876909499E-004
   3.2118250418712227E-004
   3.0409176855221632E-004
   2.7467996821756494E-004
   2.7171838918548804E-004
   3.3521980801419032E-004
   3.0112671858824140E-004
   3.6416121806573794E-004
   3.4781651340393799E-004
   3.1619661922991114E-004
   3.5654664196594824E-004
   2.8916206524942368E-004
   3.7338953759393206E-004
   3.3510565670074677E-004
   3.6490379230733722E-004
   3.7008175077600736E-004
   2.9747547540333834E-004
