   3.8590736885006459E-004
   3.6471649143557204E-004
   3.5742805791413640E-004
   3.1253329252768067E-004
   3.0238147627102550E-004
   3.5576209554921196E-004
   3.0453613666624050E-004
   3.8552029698011946E-004
   2.8755446151579111E-004
   3.1859699561252730E-004
   3.1946661209765058E-004
   3.3029492987008568E-004
   3.7113543918628747E-004
   4.0683124120082230E-004
   2.7745222655944641E-004
   2.9783418785978840E-004
   3.1784418864020991E-004
   3.1337838217487763E-004
   3.5372581144290895E-004
   2.9606163342839412E-004
   3.6598122849600036E-004
   3.6992720197943311E-004
   2.9305559051312903E-004
   3.0769647335483617E-004
   3.7192248806414781E-004
   3.6046830219123164E-004
   3.2973127064109872E-004
   3.0165508788015293E-004
   3.7717614293690131E-004
   3.0256612440195639E-004
   2.9333351107169018E-004
   3.4779907065203401E-004
   3.1325247138274320E-004
   3.1357969315771913E-004
   2.9552645832498051E-004
   2.8048839262079662E-004
   2.7931334107916583E-004
   2.8659603243882888E-004
   3.4347543621968514E-004
   3.0738185011315383E-004
   3.5635779826649687E-004
   3.6468098939787850E-004
   3.3871821616772148E-004
   3.0269687750617854E-004
   3.2504661025650603E-004
   3.4099772384149971E-004
   3.0316147192054917E-004
   3.8050518053064138E-004
   3.3636484991314070E-004
   3.6641713261245141E-004
   3.9132553403250630E-004
   3.4770738030276990E-004
   3.2816152208507883E-004
   2.9220189086358154E-004
   3.5227310844472136E-004
   3.2170027560895332E-004
   3.1921140153155504E-004
   3.0019224525999668E-004
   3.7044598946004559E-004
   3.6441772354553243E-004
   3.2023408928476656E-004
   2.9975851863157867E-004
   2.8596548718947166E-004
   3.0048723639147714E-004
   3.8218825285384989E-004
   3.4416130733158222E-004
   3.8421310510277712E-004
   3.4014884807171542E-004
   3.2943320543532106E-004
   3.1879662637068469E-004
   2.6622238013449678E-004
   3.2582836088327531E-004
   2.9238688549215963E-004
   2.8827611101687789E-004
   3.0557782586629063E-004
   3.8994669190345099E-004
   3.2519715892475036E-004
   3.1778055351695209E-004
   2.6729260403024089E-004
   3.1772714968818629E-004
   2.8422257990677548E-004
   2.9820912008674823E-004
   3.1559222236288522E-004
   3.0187559771603168E-004
   3.5488616883255834E-004
   3.5317963367359853E-004
   2.9502247157278319E-004
   4.0181234994024549E-004
   2.7916082152275605E-004
   2.9320652448186149E-004
   3.5720880902165547E-004
   2.6296600325121169E-004
   2.9616225943574837E-004
   3.2411916227823733E-004
   2.8897591302140183E-004
   3.3834987112579227E-004
   3.5517445305409704E-004
   3.9219493254897094E-004
   3.5448560589768476E-004
   3.3080703111037119E-004
   3.7110346120385155E-004
   3.1006938203284980E-004
   3.7419387231803333E-004
   3.1468451886683429E-004
   2.9318135089661162E-004
   2.9903189396975413E-004
   3.0384899943508971E-004
   3.1581514228668233E-004
   3.5201692051608970E-004
   3.0489397202860364E-004
   2.9365946146259349E-004
   3.3221581822906709E-004
   3.5123919655998876E-004
   3.7730764079929509E-004
   3.8749989607344718E-004
   3.4014023723077003E-004
   3.6135984618484876E-004
   2.8403455663008676E-004
   3.5044712633556531E-004
   2.9691089254247922E-004
   3.3218455400161375E-004
   3.3335290794423659E-004
   3.6430538826592206E-004
   3.3947386359841605E-004
   3.4236785826836826E-004
   3.6822774446822936E-004
   2.9836459517518590E-004
   3.0835072146529472E-004
   3.3173960413002455E-004
   3.3949929978847188E-004
   3.6505554293286022E-004
   3.3601599670977369E-004
   4.2149784970991263E-004
   3.6123584276387074E-004
   3.4740786047706622E-004
   3.6862339593730394E-004
   2.7704864420786376E-004
   3.4908048383433223E-004
   3.0919458760406636E-004
   3.0348402101124577E-004
   3.4321366524643556E-004
   3.6294585831356404E-004
   2.7451684942368068E-004
   3.2809070525102962E-004
   3.5603712709816377E-004
   3.6479964384945673E-004
   3.0111266985369879E-004
   3.4957379852208477E-004
   3.4603557891969112E-004
   4.0944612792563818E-004
   3.3348784467929053E-004
   4.0701771905783061E-004
   2.9292371410788849E-004
   3.0307260237093085E-004
   3.3976218232254732E-004
   3.4891175058991171E-004
   2.6653365227297939E-004
   3.5877057183516956E-004
   2.8491569036765259E-004
   3.5790378386893387E-004
   3.4759309399786498E-004
   3.4914690356483921E-004
   3.5261422368493631E-004
   2.9804443741814600E-004
   3.0960104215199533E-004
   3.7163085474085640E-004
   3.6876508573068699E-004
   3.6422392013530990E-004
   3.7775400389687507E-004
   3.7425319407338059E-004
   3.1773745138284794E-004
   3.3815240118032809E-004
   3.0918397851303664E-004
   3.8063213962508628E-004
   3.7408686632304708E-004
   4.3020822378451941E-004
   3.1113829527598322E-004
   3.0032077010540802E-004
   2.9281431416767421E-004
   3.0901759501872009E-004
   3.4555971920134258E-004
   3.0338944978448173E-004
   2.9953994888586504E-004
   3.4271848892152636E-004
   3.0430650538725040E-004
   3.3764924620023211E-004
   3.3384181285673383E-004
   3.6827473461431218E-004
   3.6687349956740050E-004
   3.8301568102113467E-004
   3.4450650421041882E-004
   3.6268575011193542E-004
   3.1135061562430859E-004
   3.7511509226228177E-004
   3.7641829389024905E-004
   3.0821504064289571E-004
   2.7146811519353106E-004
   3.5653255287990311E-004
   3.0762152942940147E-004
   3.2724804606499322E-004
   3.6688099454840645E-004
   2.8948966086712180E-004
   2.9703077417019241E-004
   3.5085479519560473E-004
   3.1209522309608308E-004
   3.4333314868094589E-004
   3.2111195737413592E-004
   3.1065424831847456E-004
   3.4525570526098312E-004
   3.5808561017027006E-004
   2.8768382472451747E-004
   2.9474247125927300E-004
   3.1261091309103860E-004
   2.9123923368719806E-004
   3.5826862687181506E-004
   3.4178994771647149E-004
   3.1840351930949480E-004
   3.2969978605217900E-004
   3.3701304885356355E-004
   3.8220694479904093E-004
   3.6375677001122434E-004
   3.3327979216774879E-004
   2.9922635507096133E-004
   3.5122122858405704E-004
   3.6031262170580061E-004
   3.5002097980979844E-004
   3.2110236253274501E-004
   3.1228326153662363E-004
   2.9658301286062685E-004
   3.1092781317321178E-004
   3.8954815469038065E-004
   3.3400001125573250E-004
   3.0342409467974614E-004
   3.8669540162723960E-004
   3.1108506827450639E-004
   2.9392842419789312E-004
   3.6855015869198500E-004
   3.1145477389109543E-004
   4.0334341261988440E-004
   3.4805366404465804E-004
   3.9905657299340675E-004
   3.0064921402172542E-004
   3.8213887264176762E-004
   3.2188710055329792E-004
   3.5093107150341286E-004
   3.3002885782424898E-004
   3.4371448259106505E-004
   3.5437817895241319E-004
   3.1842319867281840E-004
   2.6246733746380625E-004
   3.0733677606318741E-004
   3.6446650491265609E-004
   3.2356988211090982E-004
   3.5609307845648169E-004
   3.1699070578572859E-004
   3.0970794153522055E-004
   3.8136111989968250E-004
   2.9585691498625998E-004
   3.7662434125846023E-004
   3.8622796648400649E-004
   3.4486700646762310E-004
   3.2480055543298783E-004
   3.2237158189314771E-004
   3.5278220128635466E-004
   3.5712965219900187E-004
   3.4607411884639001E-004
   3.1146639474424748E-004
   3.6363509327725822E-004
   3.4247094365309088E-004
   2.9445207580608217E-004
   3.3674561465645448E-004
   3.7212621474632675E-004
   3.7470811298971520E-004
   3.7424152534260480E-004
   2.9290716780514588E-004
   3.2635814228279916E-004
   3.1626731185856931E-004
   2.9831842227491420E-004
   2.8964304461104686E-004
   3.0847568152446366E-004
   3.2272056248283448E-004
   3.4333660026149662E-004
   3.0640555677040869E-004
   3.6935805029619470E-004
   3.0570052655412631E-004
   2.8917112230679996E-004
   2.8371762871680448E-004
   3.6673626322550242E-004
   3.5857756687072533E-004
   3.0746830596508533E-004
   3.6338449808965678E-004
   3.8950398081739478E-004
   3.8228305304954964E-004
   3.0564134867473654E-004
   3.8420878353049377E-004
   3.1255571301579035E-004
   3.3706089980501113E-004
   3.2451590956597174E-004
   3.1402539468982867E-004
   3.3926202278909614E-004
   3.5280772086893877E-004
   3.4612254991781672E-004
   3.5669768191894238E-004
   3.9294457189235058E-004
   3.1619097913326572E-004
   3.1901474722600563E-004
   2.9925707773806868E-004
   3.5617126681299538E-004
   3.6557737364857824E-004
   3.5239925243630183E-004
   3.2744120517021934E-004
   3.2759416661167515E-004
   3.4527403419014671E-004
   2.9988658184398859E-004
   3.2184171720550810E-004
   4.0389007937679269E-004
   3.6211923897215038E-004
   3.3084277176948217E-004
   3.1334471403433672E-004
   3.3789544078018910E-004
   3.9610674179962028E-004
   3.1635531488503497E-004
   3.3025038207759529E-004
   2.8891096052173975E-004
   3.1596682707108549E-004
   3.9799685961498213E-004
   3.8954337406353010E-004
   3.6316563244779448E-004
   2.9252847187670179E-004
   3.6260614478373520E-004
   3.2562830624872468E-004
   3.2196885268458576E-004
   3.6480555759500381E-004
   3.1433733743549831E-004
   3.4569168782792149E-004
   2.9374205168897574E-004
   3.1047263878346461E-004
   4.0099063809883830E-004
   3.7568282188163519E-004
   3.0751370726700417E-004
   3.6203711861437744E-004
   3.3098061915812021E-004
   3.0476576712517981E-004
   3.5463327757279377E-004
   3.3347931259638072E-004
   2.9230393325829589E-004
   3.1377467962798915E-004
   2.9885188946303051E-004
   3.0414474164335221E-004
   3.1909370300124213E-004
   3.1199725149332221E-004
   3.6544967558848344E-004
   3.5879194683291184E-004
   3.0676722339778481E-004
   3.0938077604268004E-004
   3.6300467797507115E-004
   3.6449522285349992E-004
   3.3526461545405306E-004
   2.8769734324070491E-004
   3.4573784029371529E-004
   2.9879587183593529E-004
   3.5909181511134498E-004
   3.1224610732232710E-004
   3.2383490894917607E-004
   3.7991530282902703E-004
   3.3367685909138395E-004
   2.9837966872024615E-004
   3.6285549861499384E-004
   3.5149193198981405E-004
   3.3709850276609333E-004
   3.6894451079259850E-004
   3.2098548240325897E-004
   3.8343988423029441E-004
   2.6599280843151644E-004
   3.4811486406382397E-004
   3.3119808559736052E-004
   3.4164614251956790E-004
   2.9703990402305105E-004
   3.6892486457010406E-004
   3.8896710138787140E-004
   3.4975469282972764E-004
   3.2871959625993389E-004
   3.6715695201366581E-004
   3.7629138375680249E-004
   2.9906271314406881E-004
   3.0653167913684878E-004
   3.0549527337051310E-004
   3.7025413115708246E-004
   3.6044944057713466E-004
   3.5467215817274974E-004
   3.4851760044386787E-004
   2.9633521452941003E-004
   3.3825761643160933E-004
   3.5486599086937461E-004
   3.7328957977945254E-004
   3.6825636738092621E-004
   3.3014832805572109E-004
   2.9265707214878010E-004
   3.2998854624223127E-004
   3.0443257810480132E-004
   2.9828949656480981E-004
   3.7266821109790304E-004
   3.8660158713442434E-004
   3.5878247852962677E-004
   3.1839186162835277E-004
   3.1790585629275561E-004
   2.9885969219417357E-004
   3.3674372526985196E-004
   3.3631827547981664E-004
   3.0511708105139697E-004
   3.4859648590463419E-004
   3.6780666417215118E-004
   3.7018134914417107E-004
   3.3263779017778328E-004
   2.9314288816488618E-004
   3.2874143193437441E-004
   3.9498894489742688E-004
   3.4953707295039017E-004
   2.9330597746316293E-004
   3.5101182466320353E-004
   3.6540820192304676E-004
   3.6582209473663235E-004
   3.2896925330084929E-004
   3.0912055237143729E-004
   3.7242663148521847E-004
   3.9057513707721183E-004
   2.8990076976130363E-004
   3.5706959442001202E-004
   3.0376439381988235E-004
   3.2065883252163847E-004
   2.9906564390475715E-004
   3.6239528793416751E-004
   3.4944779789811646E-004
   3.1248037981731753E-004
   3.3866408694615988E-004
   3.8019090767540085E-004
   2.7381495299772462E-004
   2.7574887266098907E-004
   3.6882482824610637E-004
   3.5199913287797764E-004
   2.9979929410608362E-004
   2.9154872108572811E-004
   3.1791570685206234E-004
   3.6901373952573266E-004
   3.0107751687420806E-004
   3.0409588935728437E-004
   3.2744177101641546E-004
   3.6876404539114288E-004
   2.9333733295532701E-004
   3.0973546398223978E-004
   3.5702662007953208E-004
   3.9255311026207927E-004
   2.9851218589463700E-004
   2.9303535369769280E-004
   3.2297282247963440E-004
   3.1427795308193592E-004
   3.0268563636878023E-004
   3.1538037614363851E-004
   3.1122745046261797E-004
   2.9504630986274764E-004
   2.8594143965492104E-004
   3.4374858973378145E-004
   2.8650861640359547E-004
   3.0367354651199735E-004
   2.7438325052387460E-004
   3.0555600663850589E-004
   3.0293881773773830E-004
   2.9116655728194220E-004
   3.0512983149579579E-004
   3.2912514650620261E-004
   3.1717776407407650E-004
   3.6194929429424135E-004
   3.1224096966687309E-004
   3.1468276732925769E-004
   3.1053563854709033E-004
   3.3403802719749571E-004
   3.6078965547639937E-004
   3.1856494035588476E-004
   3.2207650125151493E-004
   3.3839837248526915E-004
   3.1247505897018127E-004
   3.5316787975040993E-004
   3.6353413776519405E-004
   3.4105261279389061E-004
   2.7307037235802271E-004
   2.7791790975570223E-004
   3.3486993653412814E-004
   3.5134156842936382E-004
   3.6491160152273450E-004
   3.3331870562634792E-004
   3.1692850779119430E-004
   3.1600916617270907E-004
   2.9454107415944995E-004
   3.6051609942656942E-004
   3.5537889187365956E-004
   3.4704699031303454E-004
   3.0778104639190917E-004
   3.3792600108796989E-004
   3.5716552586234190E-004
   3.6120437036967813E-004
   2.8409915454802998E-004
   2.9920447350699150E-004
   3.3188498662456748E-004
   3.1193545479231958E-004
   3.7193748583547978E-004
   2.8010209290607466E-004
   2.8726445424692178E-004
   3.5906509746796522E-004
   2.7875648385971755E-004
   3.7853405623393936E-004
   2.9853612180000245E-004
   3.0248186386685712E-004
