   2.8206912212169039E-004
   2.6572501561369618E-004
   3.3505262609435840E-004
   3.2743864028740078E-004
   3.2698425655092167E-004
   3.1677029609248204E-004
   2.7209625881263776E-004
   2.7290640634373856E-004
   3.3922241905943930E-004
   2.6058541318810713E-004
   2.9772712242359065E-004
   3.0770550488348769E-004
   3.0064829866640951E-004
   3.5120900040803353E-004
   3.5638821425576766E-004
   3.1569184738951251E-004
   2.8256415609308639E-004
   2.7806528184301727E-004
   2.9853919464940072E-004
   3.3903843138125190E-004
   2.8053209359671361E-004
   3.1252589527699064E-004
   3.3734941014378148E-004
   2.8570466139526073E-004
   2.9998859981701599E-004
   3.0963948637765105E-004
   3.0147344143382154E-004
   3.2848515200559143E-004
   2.8341065136125470E-004
   3.0436905504967508E-004
   2.9460819323116763E-004
   3.3800784345186378E-004
   2.8726155049303123E-004
   2.8110367713432403E-004
   3.2397038744636154E-004
   3.5058018304817928E-004
   3.3424983480448883E-004
   3.0010544104435235E-004
   2.7395749480591382E-004
   3.4042942365512233E-004
   3.3585161357084996E-004
   2.9403867384753863E-004
   2.8916035126151499E-004
   3.5627137691726944E-004
   2.7691394337823138E-004
   3.2816621644460791E-004
   3.1683520810665567E-004
   3.3914479283876322E-004
   2.8066080714250996E-004
   2.7904260957343580E-004
   3.4720375301585229E-004
   3.1645197175392053E-004
   2.9085204793445477E-004
   2.8312606351213080E-004
   3.3668043608456782E-004
   3.3245052620743372E-004
   3.0393566155742367E-004
   2.8673250160515286E-004
   3.0434118523489385E-004
   2.6980238874734977E-004
   2.9351252952249340E-004
   3.1500698530372050E-004
   2.8963293339858472E-004
   3.1940477954226469E-004
   3.1068160942785116E-004
   3.2715693555307928E-004
   3.3491794803239820E-004
   2.9856874359089251E-004
   3.4629451789655147E-004
   2.8758403594871478E-004
   3.3164691762262020E-004
   2.6925345154254267E-004
   3.4848573226514055E-004
   2.9723689105457419E-004
   3.0725850794093804E-004
   3.2469298091155024E-004
   3.3968985327589412E-004
   3.0385964114317703E-004
   3.0433436699734703E-004
   2.8395506454621810E-004
   3.5538776554298001E-004
   3.1886999133996411E-004
   3.2104871271467248E-004
   2.7643357461386211E-004
   2.8671978744557831E-004
   3.4990025374145221E-004
   3.0245975971542993E-004
   2.5764990946217412E-004
   3.0702488375090647E-004
   2.6698905617873888E-004
   3.1871224395268739E-004
   3.0402761242881687E-004
   3.1541117423996960E-004
   3.5483554345898258E-004
   3.0756799407203646E-004
   2.7213712265158045E-004
   2.9863930913374981E-004
   2.7944229059491686E-004
   3.2621461845267917E-004
   2.9523616766663989E-004
   2.6557183983111940E-004
   2.7521582000082715E-004
   2.7894063406661517E-004
   2.7887605598289194E-004
   2.8119896168628310E-004
   2.8897631424041519E-004
   2.9336737067362428E-004
   3.2940019327996585E-004
   2.9912144666493742E-004
   3.3588340835070669E-004
   2.7957374019895755E-004
   2.8956488705770444E-004
   2.7421350615465658E-004
   2.6723041180081933E-004
   2.7567651277345400E-004
   3.2426596586411711E-004
   3.3068913303465106E-004
   3.2701612381688200E-004
   2.7363720482617894E-004
   2.6784531897841612E-004
   3.4628867720362823E-004
   3.0114169514633968E-004
   2.5785899717418537E-004
   2.8962941676323532E-004
   3.0467506149267881E-004
   2.6950086750628365E-004
   2.7961463048114155E-004
   2.6935392706527368E-004
   2.5082999665831436E-004
   3.3976926340012752E-004
   2.8272256143886633E-004
   2.5623708718614516E-004
   2.6937366322095347E-004
   3.2185854335109915E-004
   3.3709848964798923E-004
   2.8740651312410395E-004
   2.8561080183194334E-004
   3.1961393623406402E-004
   2.7801172231770851E-004
   2.6645785285207802E-004
   2.6334786319260142E-004
   2.9427107307068354E-004
   3.3262372583403761E-004
   4.0284108856793589E-004
   3.3366865909638106E-004
   3.2249215765885154E-004
   3.3682153990592862E-004
   2.9347624936664960E-004
   2.6170138952969152E-004
   2.8312208905723643E-004
   3.4298063823860373E-004
   3.8494943112844972E-004
   3.2001006051924583E-004
   3.1800746305539273E-004
   3.4590317588705004E-004
   3.4163091007823461E-004
   3.0932932183760535E-004
   3.2715693692200319E-004
   2.7585253188473622E-004
   3.0005849868318044E-004
   3.2671582632739658E-004
   3.1757925061554586E-004
   3.4581878232558980E-004
   3.0113557535809061E-004
   2.8332713982671118E-004
   3.2936715222799953E-004
   2.5932855351913127E-004
   2.7836006759008469E-004
   2.7627664737592993E-004
   2.8344098323342001E-004
   3.3940284802708029E-004
   2.6594907702100646E-004
   3.2818593835104312E-004
   2.9348473305513710E-004
   2.8091432991182513E-004
   3.0176444463838632E-004
   2.7269505448910273E-004
   2.5722833061550922E-004
   3.4613205913871202E-004
   2.7922605190169170E-004
   2.8337706686782212E-004
   2.8707661778521756E-004
   2.7871854754537645E-004
   3.0236950099486569E-004
   3.3320478175097047E-004
   3.2081609503392872E-004
   3.1876315458792038E-004
   2.7632986781567595E-004
   2.8985810721902081E-004
   2.8271398115504043E-004
   2.9239546418822766E-004
   3.1737618751186608E-004
   3.3131947872142888E-004
   3.3095496545234524E-004
   2.9174589669088609E-004
   3.1797988232049377E-004
   3.2732906993361100E-004
   3.3691733902981095E-004
   3.3524664034308296E-004
   2.7721046159569798E-004
   2.9114787409031132E-004
   3.1070083418318901E-004
   2.8097553340302155E-004
   2.7265071248601982E-004
   2.8211283589146130E-004
   2.9987615644375273E-004
   2.5889961512360411E-004
   3.0015301916012802E-004
   2.9713836199989996E-004
   2.8474053025948125E-004
   3.5590713019740649E-004
   3.4110254489467303E-004
   3.1512147352939974E-004
   3.0528321105480227E-004
   3.3561294188221474E-004
   3.5197590463986712E-004
   2.7221085559114340E-004
   2.7328516617737276E-004
   3.4126402316343697E-004
   3.6820379005299969E-004
   3.4136206189594990E-004
   3.1737931209799530E-004
   3.0362248299244777E-004
   2.8643237688992024E-004
   2.6903942012097295E-004
   3.1700235584991950E-004
   3.4043086057356691E-004
   3.4138083502297103E-004
   3.3160174445400744E-004
   3.6940781219112028E-004
   2.6747159292561467E-004
   3.2394903980758157E-004
   2.9299910175460404E-004
   3.4572001458071044E-004
   3.4920305940283315E-004
   3.1667818417547091E-004
   2.8563521670593430E-004
   2.6138823195824085E-004
   2.5258104849164916E-004
   2.8857423794508328E-004
   2.7865921567384093E-004
   3.1608575484165741E-004
   3.3768936836254171E-004
   2.9431629125655016E-004
   2.7007390867665271E-004
   2.5087898573339498E-004
   2.5280703675790973E-004
   2.6244130352549378E-004
   2.8370760699967330E-004
   3.2218129809266698E-004
   2.9228763149386080E-004
   2.6536839887573375E-004
   2.8226133773683157E-004
   2.9681490579066953E-004
   2.7182828208473963E-004
   3.3304826030531416E-004
   2.9686977191752345E-004
   2.8666500833888402E-004
   3.5535250216195890E-004
   3.1907421190522674E-004
   2.6492630425803892E-004
   3.3737042825658046E-004
   3.2993699885471012E-004
   3.1257679606893924E-004
   3.0940407184601410E-004
   3.2247638335977430E-004
   3.2165706643783563E-004
   2.7905625947101284E-004
   2.8471857060881117E-004
   3.4633101799991922E-004
   3.0640117237927230E-004
   3.0511984899686198E-004
   2.6926298493361360E-004
   3.0568977436161188E-004
   3.2881320764056979E-004
   2.9896288136770392E-004
   3.0236208026525427E-004
   3.1551589348159328E-004
   3.0963310804151163E-004
   2.5695129852050964E-004
   3.2744596158312697E-004
   3.3257862761252389E-004
   2.6682274069635603E-004
   3.4466228151426646E-004
   3.4734279079998208E-004
   2.6045475334062032E-004
   2.8102036062313459E-004
   2.9903508649346935E-004
   2.9861294900000599E-004
   2.6247383892657696E-004
   2.8313182947333127E-004
   2.9195963497206831E-004
   3.4489127191809823E-004
   2.9838523379064740E-004
   2.8711882767345587E-004
   3.2752034303677979E-004
   3.5091134858026489E-004
   2.7386357109443672E-004
   3.3758614299313607E-004
   3.4154280656324367E-004
   3.3089989479151779E-004
   2.8762617345331988E-004
   2.6839900027187752E-004
   3.5280190211897308E-004
   3.4984321156134024E-004
   3.4208092602983162E-004
   3.4390034895488637E-004
   3.3578981294034202E-004
   2.6773131359359353E-004
   2.6861196182760458E-004
   2.8761438045813445E-004
   3.2120905534560547E-004
   2.9742041453376323E-004
   2.7378072575399954E-004
   3.3584859686263882E-004
   3.0573435783243181E-004
   3.4284185906250790E-004
   2.6954826051434159E-004
   3.3864994688689496E-004
   3.3760577106011603E-004
   3.3369372332809347E-004
   3.5841001275042369E-004
   3.1902991715759957E-004
   3.3346870608977287E-004
   2.9575810604427972E-004
   3.3243122873775080E-004
   3.3025740990673451E-004
   3.1943831027697215E-004
   3.2704169842908256E-004
   3.2016624942379080E-004
   2.9326311206022507E-004
   2.4902766319896539E-004
   3.2926807138735655E-004
   2.9628512046302793E-004
   3.5706683086814931E-004
   2.7962157622151015E-004
   3.3495983624475748E-004
   2.8693134973011144E-004
   2.6986577925881085E-004
   2.6405015806314552E-004
   3.1333275476826930E-004
   3.4032177412249433E-004
   2.8514464511448069E-004
   2.6718644571148957E-004
   3.0271053576331130E-004
   3.4246469594510082E-004
   2.7559977481924090E-004
   3.2268828664417217E-004
   3.0800165482627282E-004
   3.4121543544542306E-004
   2.9394506784156412E-004
   3.0808226529501225E-004
   2.5724714922197906E-004
   2.6976089337456895E-004
   3.3016459522123312E-004
   3.0486391607015766E-004
   2.6832332951347542E-004
   3.3406607721423392E-004
   2.8067756025274346E-004
   2.4315833923153175E-004
   2.8434803046677978E-004
   2.8977814295539191E-004
   2.9253144138499941E-004
   2.6714427699523640E-004
   2.7315784016985123E-004
   3.4875636694035639E-004
   3.2281364471729190E-004
   2.7517077616821470E-004
   3.4228989089930974E-004
   2.9591176456641218E-004
   3.0884633382400375E-004
   3.0600113918861287E-004
   2.8788327592525184E-004
   3.1169098805777589E-004
   3.1853207568145747E-004
   3.4999934764591648E-004
   2.6340958661390728E-004
   2.8032533470550512E-004
   3.1260680001095467E-004
   2.7752595007549298E-004
   2.6910793259196007E-004
   2.8719986090747825E-004
   3.2923252472420972E-004
   3.2608728207619120E-004
   3.2316683697007951E-004
   3.2073823938319403E-004
   3.0257982782350368E-004
   2.8775453445879388E-004
   3.2149598101101720E-004
   3.4987027341272151E-004
   2.8253461650621514E-004
   3.0664269377524318E-004
   3.4261100332711174E-004
   2.7852560937860493E-004
   2.6910116516723080E-004
   2.8674728980975796E-004
   3.1125443720723359E-004
   3.1569523821959960E-004
   2.8374291475084096E-004
   2.6989249652904275E-004
   3.2586505425073059E-004
   2.8599036918088011E-004
   2.7338839930777939E-004
   2.8199961342263897E-004
   2.9762464309774516E-004
   2.8519114915897815E-004
   2.5295465366713361E-004
   3.1566018816139504E-004
   2.8198558706243112E-004
   2.8539624439519044E-004
   3.0320960227949622E-004
   3.3449650096900461E-004
   3.4254432728463697E-004
   2.9098078785416774E-004
   2.9981570004940537E-004
   3.1486899248082533E-004
   3.1161856568699621E-004
   3.2244768187756712E-004
   2.9286791478104219E-004
   3.1757921410595304E-004
   3.1863152785202754E-004
   3.2064375286919278E-004
   2.9793029433041384E-004
   2.9797873208657340E-004
   3.3580389259317979E-004
   3.2823962919324452E-004
   3.1744408571777880E-004
   2.6485235378919682E-004
   3.3755753339392814E-004
   3.4433362366377942E-004
   3.4128575937492615E-004
   2.8771863301715954E-004
   3.4559198027247877E-004
   3.0365225425262564E-004
   2.8400005120475345E-004
   2.7809649371861458E-004
   3.2466909945051518E-004
   3.6039963212148381E-004
   3.2676842667438252E-004
   2.7658135276902197E-004
   3.2449476880534142E-004
   3.1060653736368166E-004
   2.9258071174244067E-004
   3.1138225089059370E-004
   3.3220349600065092E-004
   3.0260537726117565E-004
   3.5622354180558772E-004
   2.9826065563497188E-004
   3.3341014195724947E-004
   3.1182078122344139E-004
   3.2728183321975791E-004
   2.8999160513798028E-004
   3.1977503148651560E-004
   3.2867273344527019E-004
   2.7692014882426514E-004
   3.3946478586745221E-004
   2.7474690475285323E-004
   2.8638833224927301E-004
   3.2895460571522717E-004
   3.3655875787803982E-004
   2.7919571080990083E-004
   2.8082185964198742E-004
   3.4945983913979139E-004
   2.9795345010620675E-004
   2.8158421484436537E-004
   2.9238630811722623E-004
   3.3919168107490559E-004
   3.0658773633224624E-004
   3.0256431626783084E-004
   3.3064700858485526E-004
   2.8759094963940423E-004
   2.9568649449543139E-004
   3.1861321128403268E-004
   3.2904700327723244E-004
   2.8778066804149090E-004
   3.1618656021318594E-004
   2.7118501183543439E-004
   2.7400280183305858E-004
   2.8304064439852719E-004
   3.3718585496682845E-004
   2.9319084469182536E-004
   3.2933960235751006E-004
   3.1463761729310188E-004
   3.1607792601959179E-004
   2.9649855588204354E-004
   3.1738681384427372E-004
   2.9198407209316040E-004
   3.1772962667936389E-004
   3.1999185682999622E-004
   3.3948075474818937E-004
   3.0410549575083686E-004
   2.9611714847206785E-004
   2.8745288841987862E-004
   2.8002102146922807E-004
   2.7733631993365811E-004
   3.5350468350628622E-004
   2.8281507092432469E-004
   3.3371528381621949E-004
   3.5057913900851282E-004
   2.9705648781279506E-004
   3.4700698840715269E-004
   2.9789969003207712E-004
   3.0825217964200159E-004
   3.2821971357013504E-004
   2.8468620540886259E-004
   3.1783454253372342E-004
   3.3954955871203993E-004
   3.3542585282046874E-004
   2.8265712244358366E-004
   3.2270223042533811E-004
   3.0894608192745873E-004
   2.7627817577181645E-004
