   3.4219050088378316E-004
   3.5588449096090208E-004
   3.5499482227150487E-004
   3.2530965218347549E-004
   3.6402606271566430E-004
   3.3861226343752604E-004
   3.6538882542627721E-004
   3.7663215879543482E-004
   3.1917572111439334E-004
   3.6283393435782648E-004
   3.1436113403097396E-004
   3.3534865875420533E-004
   2.8788908829656612E-004
   3.5589719529465711E-004
   3.0744389942915270E-004
   3.5097250373627140E-004
   3.6584884269601832E-004
   3.1510981895858811E-004
   3.5835299768628009E-004
   3.6650291256349010E-004
   3.3376541854395023E-004
   3.0891878845715442E-004
   2.7511241516094424E-004
   3.4788268520473284E-004
   3.2911404941466911E-004
   3.2349348214614538E-004
   3.6750317070740604E-004
   2.8513743339287018E-004
   3.3360223865142394E-004
   3.7262510693745218E-004
   3.0178750954198670E-004
   3.3466671246836329E-004
   3.5761693776351918E-004
   3.5126348471125994E-004
   3.3266278209481275E-004
   2.9399360649602174E-004
   3.0497336916035885E-004
   3.4656579967857180E-004
   3.2005340068302419E-004
   3.3092986459955486E-004
   3.5953247770604527E-004
   3.2603765820233811E-004
   3.6998642180054598E-004
   2.8135983967620217E-004
   3.1520968238963622E-004
   3.2756553316808578E-004
   3.0340709333819129E-004
   3.3691801622644468E-004
   3.6180180809133059E-004
   3.0106035044933873E-004
   3.2902262020267469E-004
   2.9590890978213315E-004
   3.5965203872907921E-004
   3.1804681936163984E-004
   2.9156273581507498E-004
   2.8818020744750451E-004
   3.5501718471357425E-004
   3.4792899622278765E-004
   3.1477194933982635E-004
   2.9674782997710829E-004
   2.8978478297769507E-004
   2.9359041820935298E-004
   3.0422352934680478E-004
   3.4116511410397366E-004
   2.8407374779568950E-004
   3.0892586771519770E-004
   3.4964713624036358E-004
   3.1963485990544108E-004
   3.0902636438009582E-004
   3.1501564291822179E-004
   3.0510028018573864E-004
   3.0513694250632403E-004
   3.6890489051285939E-004
   3.1971883480770677E-004
   3.5672492604518920E-004
   3.2708658369104984E-004
   2.9644495835110261E-004
   3.5587718544703359E-004
   2.9418856680235605E-004
   3.8104028271250670E-004
   3.1067819180169843E-004
   3.2422233167693547E-004
   2.8597920751932557E-004
   3.3969565781147423E-004
   3.1841149856129468E-004
   3.2923751411481850E-004
   2.6962253045511209E-004
   3.0403522156270994E-004
   3.0107961718594595E-004
   3.4990458399372767E-004
   2.7911147123428983E-004
   3.4911100427054148E-004
   3.5555621251895413E-004
   3.5465935160569899E-004
   3.5270179976894147E-004
   3.6111708935432444E-004
   3.0228579377975662E-004
   3.3915391223657141E-004
   3.6116885975276956E-004
   2.7459888881079919E-004
   2.7903172048128380E-004
   3.0284380515851393E-004
   3.0265301464602859E-004
   3.1958090946329263E-004
   3.4596986548394385E-004
   3.5751865668343997E-004
   3.3827032721914430E-004
   3.0489303412597200E-004
   3.5041478264002506E-004
   3.4491547472672532E-004
   2.8529165489679290E-004
   3.6807462279561404E-004
   3.0327480402338034E-004
   2.8759436302674805E-004
   2.8953514532328514E-004
   3.2683934961551519E-004
   3.3577987722048817E-004
   3.8043810651514260E-004
   3.1323181780334124E-004
   3.1852842411091701E-004
   3.5438925271209407E-004
   3.3940476478475209E-004
   3.0840223624990326E-004
   3.8294317505047732E-004
   3.0158310684281093E-004
   3.0854802871205391E-004
   2.8348877602756912E-004
   2.8930736569251591E-004
   3.3804455348985022E-004
   3.8816929826677809E-004
   3.7901976714113151E-004
   3.5187925839120512E-004
   2.9113533844807451E-004
   3.5442020903425522E-004
   2.9722368873327614E-004
   2.8703819293847242E-004
   3.0498293454150633E-004
   3.3751559946012513E-004
   3.1753711642158381E-004
   2.9501893919266767E-004
   3.3119959865777934E-004
   3.0071455344255252E-004
   2.9332711559686814E-004
   3.3042533701484682E-004
   3.7550104899065700E-004
   3.2477593101975339E-004
   3.0172618114112108E-004
   3.5871344531136751E-004
   3.3696180090498663E-004
   3.8167691113745976E-004
   3.5382349055237153E-004
   3.0825904933861584E-004
   3.0343911760312414E-004
   2.6643335366994170E-004
   3.0273972124391496E-004
   3.3551959745325961E-004
   2.8323780505005108E-004
   2.9748914869096336E-004
   3.8513998677292926E-004
   3.0237804940788507E-004
   3.3411367959828274E-004
   2.9565605077994751E-004
   2.9282906980476872E-004
   2.9129832258445134E-004
   3.1283242862923966E-004
   3.0065025173500493E-004
   3.0478917487082255E-004
   2.9313436477675195E-004
   3.3969891379906770E-004
   3.4423109727391057E-004
   2.8422433066045390E-004
   3.2655391618540189E-004
   3.4857541693739152E-004
   2.8395426869429847E-004
   2.8286845700250260E-004
   3.0972461310148640E-004
   3.1824412776688683E-004
   3.6316424228285840E-004
   2.7396012708803905E-004
   2.8286797790139665E-004
   2.9039940084732256E-004
   3.2803157915082875E-004
   3.5758002975684600E-004
   3.0208579485815912E-004
   3.0698172256180483E-004
   4.0100737808964324E-004
   3.8333902129122964E-004
   3.5536969440259897E-004
   3.2902633816284143E-004
   2.8787287497447801E-004
   3.1472651408016779E-004
   2.9586248986196954E-004
   3.2330609861666191E-004
   2.8562625573771722E-004
   3.9914959386396263E-004
   2.8023858794716560E-004
   3.8136877685189253E-004
   2.8163733874911676E-004
   3.3722189778640459E-004
   3.2124083198326969E-004
   3.9588292791887234E-004
   3.6360709877350083E-004
   3.1493850594695389E-004
   3.1822013449480941E-004
   3.9385707917187864E-004
   3.5414189990140804E-004
   3.7154919307578018E-004
   2.9911161599561863E-004
   3.4029636355753040E-004
   3.6912210318938092E-004
   2.8448028480534873E-004
   3.1753759662440782E-004
   3.5543262666799482E-004
   2.8716177693121400E-004
   3.4848496239954269E-004
   3.2802263918561494E-004
   3.2235829032485109E-004
   3.8170589223152773E-004
   2.9693287415272093E-004
   3.3182967934032072E-004
   2.8991491393918329E-004
   3.3918524466181049E-004
   3.1233900323597124E-004
   2.8737287093956644E-004
   3.0887097211530198E-004
   3.4618299823547334E-004
   3.1092623739583096E-004
   2.6137766912433914E-004
   3.7506165994925279E-004
   3.1969687451117827E-004
   3.8004923176203435E-004
   3.0209499948483044E-004
   3.1596560812278377E-004
   3.1833807810141828E-004
   3.3795732715388916E-004
   3.0208986830141706E-004
   3.1496423277274833E-004
   3.3199423135772427E-004
   3.5713487355497293E-004
   2.9280575213565279E-004
   3.1395637021333238E-004
   3.0774359789752194E-004
   2.9538209329245548E-004
   3.3899916720414976E-004
   3.0869995043176205E-004
   3.4726357502931480E-004
   3.1635032235640325E-004
   3.2093495850843233E-004
   2.9042989304958408E-004
   3.4657799468945606E-004
   3.1916715897022297E-004
   3.0733887128680393E-004
   3.5652318932465310E-004
   3.1123871257454270E-004
   3.5122908681233276E-004
   3.0410035673852540E-004
   3.2657662749009859E-004
   2.9193385053819692E-004
   3.0005609156158919E-004
   3.2378221829821484E-004
   3.4546295645795157E-004
   3.0814675174170374E-004
   3.5673471382214261E-004
   3.1247439250264793E-004
   3.7025017940616682E-004
   3.3793108867018196E-004
   3.2637422358788767E-004
   3.3382451870398350E-004
   3.0636338656220513E-004
   3.6855693121571362E-004
   3.3523988096194264E-004
   2.9563040430846357E-004
   3.3337807456781639E-004
   2.8975124800123612E-004
   3.0921440638637945E-004
   3.0267624580113307E-004
   2.5033225616388879E-004
   2.7641328928330677E-004
   3.5985854672357652E-004
   3.8896568252443656E-004
   3.2332081259225177E-004
   3.5477076045204098E-004
   3.7719361384384295E-004
   2.9795874217123123E-004
   2.7058942013507653E-004
   3.0856667742887897E-004
   3.2972804143305853E-004
   3.1979674778200056E-004
   3.1898735727918569E-004
   3.0632438716169389E-004
   3.9054620969557554E-004
   3.2570505982848659E-004
   3.1411802654027687E-004
   2.7497504587492392E-004
   3.6482706290434452E-004
   3.5917017251741834E-004
   3.7035442158981052E-004
   3.6109883296689058E-004
   3.3809687573027462E-004
   2.9808972631175062E-004
   2.9866832131369162E-004
   3.4786417516961436E-004
   3.0080473321142419E-004
   3.0661164825601618E-004
   3.4851053159880432E-004
   3.6250774110981255E-004
   3.2585092234474131E-004
   2.7665730093715408E-004
   3.2677113906005536E-004
   3.5334129531710163E-004
   3.6552103062367612E-004
   3.6694601345148910E-004
   2.9420471790412683E-004
   3.1884415188974084E-004
   3.1373081112194339E-004
   3.2831843363855467E-004
   3.7098437798196732E-004
   3.6348601853204373E-004
   3.7533483045189422E-004
   3.3515593507955248E-004
   3.1138600392951316E-004
   3.3758520705561186E-004
   3.5102034480210019E-004
   3.3259426441219610E-004
   3.3806269962246389E-004
   3.0844032665496989E-004
   3.3195289974755586E-004
   2.9182936243502889E-004
   3.8020352890082333E-004
   3.7825519125493661E-004
   3.9294372730599655E-004
   3.2969321941472726E-004
   2.9081016541578981E-004
   3.2265697807299265E-004
   2.9947313629195426E-004
   2.7380473833140415E-004
   2.8009387716991876E-004
   3.0350694097946388E-004
   3.4201616804781823E-004
   3.1564123059215493E-004
   3.0037768304257557E-004
   3.2055905130348803E-004
   3.2264139984598881E-004
   3.6884888475667056E-004
   3.2075538742903518E-004
   2.8136721742068284E-004
   3.2380418636447238E-004
   2.8401470563958997E-004
   3.4892633067612629E-004
   3.3467870327877418E-004
   2.8522129385096635E-004
   3.1918371494691185E-004
   3.3696061594842364E-004
   2.9398182241040515E-004
   3.3727304499976571E-004
   3.1501747271269056E-004
   3.0172562973050779E-004
   3.0278520441691419E-004
   3.3116174676778488E-004
   3.9354423634477335E-004
   3.7189566227289301E-004
   3.3511151729912571E-004
   3.2293740403970401E-004
   2.8880110736792129E-004
   3.2205671795178129E-004
   3.7924299870005523E-004
   3.3024786405437057E-004
   2.9464412151794913E-004
   3.6239803146532524E-004
   3.0210406058744563E-004
   2.9008022300490617E-004
   2.9189919904487794E-004
   2.8816418996105046E-004
   2.8712047936756894E-004
   3.2466690711132186E-004
   2.7290960975375709E-004
   3.6268590028115341E-004
   3.5482414451361993E-004
   3.5724296324903692E-004
   4.3044278028259549E-004
   2.8178680357215588E-004
   3.0557310005668398E-004
   3.6354552025643711E-004
   2.7571152585402655E-004
   2.8712841272498103E-004
   3.5460432093040189E-004
   3.3278350662378455E-004
   3.0314813530554600E-004
   3.4202387199139370E-004
   3.9218678023072604E-004
   3.1938927931732372E-004
   3.3321179182600340E-004
   3.1737999307800645E-004
   3.7681227322299704E-004
   3.4256159123822154E-004
   3.6792356332798954E-004
   2.9290845615770816E-004
   3.7935267995690058E-004
   3.3772164091682393E-004
   3.0693931704377502E-004
   3.1392556728999124E-004
   3.5658424976244587E-004
   3.5380317878945565E-004
   3.3006813520129996E-004
   3.4860289229888110E-004
   3.6028042498301833E-004
   2.9914505881317277E-004
   3.4398757914423064E-004
   3.0817938303424539E-004
   3.0776466725367904E-004
   3.4788548441196506E-004
   3.5583053493854649E-004
   3.0959896400913468E-004
   3.6223264167623226E-004
   2.9747092079969440E-004
   2.8579548160311458E-004
   3.4464382063467697E-004
   3.3027496299947338E-004
   3.5917008427461254E-004
   3.7433882851792294E-004
   2.9450181567893874E-004
   3.5298791993481769E-004
   3.6798921963930841E-004
   3.6293446855607586E-004
   3.4322375682317062E-004
   2.9440295710027466E-004
   2.9713146124001581E-004
   3.4296525057798130E-004
   3.0131069882945492E-004
   3.4315786813943802E-004
   3.5618880103890975E-004
   2.7812412163666009E-004
   3.6868526165994252E-004
   2.8599807058764303E-004
   3.3903603884276605E-004
   2.9672486208082600E-004
   2.9805298046698406E-004
   3.0544030837470113E-004
   3.5539416614760910E-004
   3.7944041972470414E-004
   4.0012120019667703E-004
   3.3508833538380812E-004
   3.0921448396797424E-004
   3.5422774531417500E-004
   3.0646970782174850E-004
   3.5543873740264954E-004
   3.3227154138567065E-004
   3.6396695359382670E-004
   3.0235078790023724E-004
   3.9940148284095664E-004
   3.4767467605388217E-004
   3.5881323073619576E-004
   3.6534087800419785E-004
   2.9133929344460726E-004
   2.9305439460857921E-004
   3.6035456219214897E-004
   2.9325293681677197E-004
   3.7450571956212946E-004
   3.4912358201932668E-004
   3.5769064075167690E-004
   3.3639108344261513E-004
   2.7195289183953967E-004
   3.0467996654310925E-004
   3.4000753207860017E-004
   2.9301081329044862E-004
   2.8573685682956301E-004
   3.6392176313952012E-004
   2.9260287898166056E-004
   3.7158853279512205E-004
   3.0032516051710920E-004
   2.9443276581128409E-004
   3.0481009067754759E-004
   3.8655961709591280E-004
   3.4709339715244638E-004
   3.2487315710950888E-004
   2.9453550937063965E-004
   3.0850860048863043E-004
   3.3949399116976373E-004
   3.0511591630412395E-004
   3.2481166733179230E-004
   3.1830918643247527E-004
   3.5698086143739739E-004
   3.5180521159281609E-004
   2.9700651642274175E-004
   3.3037352898545837E-004
   2.8731915715372880E-004
   2.8023764943253278E-004
   3.3293271821865981E-004
   3.5979189747170702E-004
   3.2905050892292350E-004
   3.9893754414193445E-004
   3.6074696167387243E-004
   3.5901652578803034E-004
   2.7471130131292580E-004
   2.9124725945176694E-004
   2.8219015210003952E-004
   3.7431210258592089E-004
   3.3282087620342232E-004
   3.2488554984839752E-004
   2.9502161652493047E-004
   3.9109139961028235E-004
   2.8746472196633120E-004
   3.7705993398844020E-004
   3.0684166513659969E-004
   2.9591788428394596E-004
   3.0664933519949819E-004
   3.3751005914410374E-004
   3.2701497166777259E-004
   3.0771552558810528E-004
   3.4377624919358917E-004
   3.2276857879226452E-004
   3.5933162244269022E-004
