   4.0116502929390068E-004
   3.4450561097233229E-004
   3.7977484105891976E-004
   3.3898889933402265E-004
   3.1037807661730342E-004
   2.9242702709325402E-004
   3.2565135871077635E-004
   3.7549166128014640E-004
   3.0236267837941745E-004
   3.1079332207949623E-004
   3.6871152937563450E-004
   3.3159339839094104E-004
   3.6268984533801359E-004
   3.1856401048560026E-004
   3.5781568431841724E-004
   2.8293774020628584E-004
   2.7627899199956363E-004
   2.9347170403004244E-004
   3.6407195285302602E-004
   3.0424397413138932E-004
   3.3149933598370626E-004
   3.7130731700601392E-004
   3.5179590590720566E-004
   2.7343475728942325E-004
   3.3262843930816820E-004
   3.1947211300656722E-004
   2.9929744219200200E-004
   2.9460908444221292E-004
   3.5190868573933202E-004
   2.9985431010550118E-004
   3.0324379651989900E-004
   3.1606226956766678E-004
   2.9849965323380936E-004
   3.0904084831861995E-004
   3.1308324547090806E-004
   3.5327372136327709E-004
   3.1884159317429635E-004
   3.3819053252342324E-004
   2.9536594676455891E-004
   3.4533724652840449E-004
   3.4102757909707605E-004
   3.0029378285420277E-004
   3.6517688259027505E-004
   3.4812807907580695E-004
   3.0966949834014421E-004
   3.5027039853734523E-004
   3.0716023097009245E-004
   2.9566640589329162E-004
   3.2434418461538831E-004
   3.3456686790404302E-004
   3.1300171311179209E-004
   2.9992702494474941E-004
   3.3302546386667660E-004
   3.2832056140458547E-004
   3.2594394645358530E-004
   2.9792716990742078E-004
   3.0094009716378464E-004
   3.2261973029143963E-004
   2.9256988613361718E-004
   3.0352961783899305E-004
   2.8280280401084311E-004
   2.6728886102201927E-004
   2.9535204740801548E-004
   3.3941405681613395E-004
   3.2502473893607393E-004
   3.6841638840454170E-004
   3.8011152940055462E-004
   2.9986709023991135E-004
   3.7340722077757225E-004
   3.6819981058900183E-004
   3.9977194626468715E-004
   3.8347004013368784E-004
   3.1030555600357692E-004
   2.8524150354115527E-004
   3.6371550408827473E-004
   3.1257182505420273E-004
   2.9898191331414233E-004
   3.3989154703334559E-004
   2.9095159505539641E-004
   2.8094583502386201E-004
   3.3409723378298028E-004
   3.0342332037925051E-004
   3.5406340102730062E-004
   3.4990509547610772E-004
   3.0106801759688818E-004
   3.3492941002373461E-004
   3.3297158501775727E-004
   3.2028056412193161E-004
   3.1998315068648697E-004
   2.7068470203262142E-004
   3.0234993997789233E-004
   3.3271060850477863E-004
   3.4832564861712634E-004
   3.4569190035200250E-004
   3.1883892520457647E-004
   3.5970114600620992E-004
   3.2635968139863182E-004
   2.9144314982404196E-004
   3.2487000688210204E-004
   2.9068707961155300E-004
   3.4174918581408495E-004
   3.2133799945977611E-004
   2.9184882275297213E-004
   3.4797775229059675E-004
   3.3661770304044877E-004
   2.9421036733266287E-004
   3.2831387758797630E-004
   2.9991205282010462E-004
   3.3571606860515070E-004
   3.3285930683416378E-004
   2.9661050638661390E-004
   2.9067974824546831E-004
   4.2634444770989801E-004
   2.9811687222233539E-004
   3.6868104145619632E-004
   2.9399736044075873E-004
   2.8920738876802318E-004
   2.9926266932772758E-004
   3.1242151320680085E-004
   3.5403675732274234E-004
   3.1465975186993259E-004
   2.9725751843189609E-004
   3.6364123663297287E-004
   3.2675041612363213E-004
   3.6464646469723153E-004
   3.0534065992252361E-004
   3.2572087514372571E-004
   3.6627020500620833E-004
   3.6435871396904942E-004
   3.3072516903733608E-004
   3.7014240101130333E-004
   3.5221355506923383E-004
   3.2196327417806386E-004
   3.4801689801682061E-004
   3.7986409540653683E-004
   3.6484331525373496E-004
   3.6202970790753173E-004
   3.3497929926530671E-004
   3.4353615088544593E-004
   3.4942289564770894E-004
   2.9372250799164257E-004
   3.4059745049875439E-004
   3.7889676637322669E-004
   3.5510669739894870E-004
   3.6144107442872739E-004
   3.3320230610625606E-004
   3.6149419756022612E-004
   3.0443066309438920E-004
   3.6168082541600385E-004
   3.0433849857806287E-004
   3.3733948464332908E-004
   2.9218639363727929E-004
   3.0344914718434470E-004
   2.9553506282982997E-004
   3.5043086010310960E-004
   3.4482487725593736E-004
   3.4397761517496363E-004
   3.5200327430014389E-004
   3.5344906239221795E-004
   2.9802406445025137E-004
   2.9610647108552614E-004
   3.1162005587062727E-004
   3.8203852831048284E-004
   3.5799151706077055E-004
   3.4534003503137312E-004
   3.1868109473731849E-004
   3.0633355995003208E-004
   3.3713727537997132E-004
   3.2171396795472500E-004
   3.2004613929729401E-004
   3.6569137809302680E-004
   3.4309031767325738E-004
   2.7645494347532801E-004
   3.5215266493337285E-004
   3.6349721668479750E-004
   2.9112610515506944E-004
   2.9652772839408120E-004
   2.8463760864258102E-004
   2.9462253193438323E-004
   3.1649521206616793E-004
   3.0953192090011868E-004
   3.6682088275964469E-004
   2.7559818705535818E-004
   3.1844438392290039E-004
   3.2764059683265321E-004
   2.8593271093396743E-004
   3.0905570808533562E-004
   3.0767810366848567E-004
   2.8101562767870759E-004
   2.8573980029176062E-004
   3.3619237612474433E-004
   3.9310482228557071E-004
   3.3775757550520637E-004
   3.6893400121682765E-004
   3.8263718377095469E-004
   3.5277777609794858E-004
   3.6057475095399837E-004
   2.8560502707599984E-004
   2.7870474070945840E-004
   3.4269045215697184E-004
   3.2181947883335121E-004
   3.6228476567385184E-004
   4.1376784648340399E-004
   3.1580302259153999E-004
   3.8405553323233389E-004
   3.5600490155199293E-004
   3.2340482887656922E-004
   2.9281263650839595E-004
   3.1600351812248527E-004
   3.3476988390775532E-004
   3.7627653124629212E-004
   3.5915193318663782E-004
   3.6670241002940588E-004
   3.0779624199052125E-004
   3.9230030395157934E-004
   3.1541193608936800E-004
   3.6015230839270783E-004
   3.2609698543260894E-004
   3.5637512162837044E-004
   3.4775001946389368E-004
   3.4041585399323512E-004
   3.0017530010492520E-004
   3.4853286772920091E-004
   3.2422899790485844E-004
   3.1237146798747937E-004
   3.2436729937255186E-004
   2.8650545961812112E-004
   3.5316464252540809E-004
   3.6803140391569245E-004
   2.9049748482108548E-004
   3.1036658670127200E-004
   3.1332675723063123E-004
   3.6010618401412367E-004
   3.2963589360885873E-004
   3.8253796406943991E-004
   3.4454624488588332E-004
   2.9342463587578890E-004
   3.5708178416953874E-004
   3.7933453651343101E-004
   3.5164271225865358E-004
   3.3496952373567843E-004
   2.9979525870605354E-004
   3.8752048940838765E-004
   3.6608502886583674E-004
   3.5796159477940044E-004
   3.7503265846270344E-004
   2.7370837412025442E-004
   3.0320367932608924E-004
   2.9622574477212933E-004
   3.3497855637891548E-004
   3.0725283786210765E-004
   2.8655247586297319E-004
   3.6268157116393787E-004
   3.3133336002014830E-004
   3.1071349147490711E-004
   3.4790561415744042E-004
   2.9289079333231360E-004
   3.3656185389373846E-004
   3.4615312708020522E-004
   3.1110556297272540E-004
   3.3139641945996228E-004
   3.4354837831203594E-004
   3.4809131632603332E-004
   2.8649778781233835E-004
   3.1769284524149014E-004
   2.9735547444044176E-004
   3.6001761464140902E-004
   3.4809533552967255E-004
   3.0185767315375089E-004
   3.0788826009351934E-004
   3.1257270033207608E-004
   3.3940657707971637E-004
   3.0435518456756237E-004
   2.9915853328091015E-004
   3.1932555747589777E-004
   3.2991694729045379E-004
   3.3669251698744556E-004
   2.7969233309846429E-004
   3.6407584142603242E-004
   3.6602345919153369E-004
   3.5285152158209815E-004
   3.3316284549776172E-004
   3.0084099392988265E-004
   3.3051300877291387E-004
   3.6807309375781424E-004
   3.1769954334236173E-004
   3.3652197936574074E-004
   3.4707046853589031E-004
   3.5704281913377997E-004
   3.9136956638763880E-004
   3.5865513995674811E-004
   3.3833971997113561E-004
   3.0134283269009506E-004
   3.3246810057541333E-004
   2.9846582762707081E-004
   3.5494148958568569E-004
   3.7259001397958974E-004
   3.3091973295569944E-004
   2.9771170579489696E-004
   3.9121670233053976E-004
   2.8279809282340620E-004
   2.9005924814684851E-004
   3.3604323935923166E-004
   3.4284647130394943E-004
   3.3176727148201315E-004
   3.7232875672054447E-004
   3.4578111855988720E-004
   3.2210821901629592E-004
   3.0837588830325344E-004
   3.1722799220657537E-004
   2.9365245419984520E-004
   3.2341791925995293E-004
   3.0222201987132642E-004
   3.5682663871990561E-004
   3.5414002737313969E-004
   3.6461808347887918E-004
   3.0729335850935657E-004
   3.3491784450627557E-004
   3.5097641471314910E-004
   2.9659446908902756E-004
   3.2120194020051170E-004
   3.4303869566999274E-004
   3.3109720310248923E-004
   3.6942359083562317E-004
   3.1096617877480836E-004
   3.1826234595627186E-004
   2.8810333727520543E-004
   3.5340250339089061E-004
   2.7749307513388834E-004
   2.7776117244139147E-004
   3.4479362431932722E-004
   2.9716628112933641E-004
   3.4153344230626701E-004
   2.9664620903250096E-004
   3.2985050642135491E-004
   3.2301948711889022E-004
   3.3743981212406855E-004
   2.9253274778873628E-004
   3.4685651651795090E-004
   3.0672988981390122E-004
   3.0863523588504021E-004
   3.6502388921617060E-004
   4.1331311041618244E-004
   3.0829179283270371E-004
   3.7330581662206608E-004
   2.8720071016081437E-004
   3.1385929231000703E-004
   3.4047560683266622E-004
   3.8042916163781343E-004
   2.8948039337467588E-004
   3.1456357476649727E-004
   2.9597593459655273E-004
   3.1546793184831064E-004
   3.1726130170253757E-004
   2.9645587238015438E-004
   3.3415123839909027E-004
   2.9784310422283756E-004
   3.7391132286332168E-004
   3.2069054461322848E-004
   2.9761683951613289E-004
   3.6803564799361933E-004
   3.1193732784401857E-004
   3.4656354321578717E-004
   3.1450853121112388E-004
   2.9603578608095515E-004
   2.6625537774020811E-004
   3.5579246759024258E-004
   3.1234599432059136E-004
   3.3488694238477200E-004
   3.2446751749613291E-004
   2.8595624314076411E-004
   3.7044142056639828E-004
   2.8657620777932448E-004
   3.5947272492545148E-004
   2.9532030953973918E-004
   3.1256925368923483E-004
   2.8667134963169399E-004
   3.0584203023439373E-004
   2.8365329799717818E-004
   3.3772306946421455E-004
   3.0938370475794307E-004
   3.6880779001261036E-004
   3.5886743943487701E-004
   3.5900525397924190E-004
   3.3479336593431275E-004
   3.0038865757681538E-004
   3.4697417529413972E-004
   3.2494557463485141E-004
   3.3481354028178594E-004
   3.0392065954548550E-004
   3.4396991690347688E-004
   3.6376967519301099E-004
   3.0897146982102210E-004
   2.9822300832061505E-004
   3.5558885336318388E-004
   3.2948498890155272E-004
   3.7236492615125223E-004
   3.3838076358152586E-004
   3.5459764817298144E-004
   3.5217135124299782E-004
   3.4907825469774516E-004
   3.1287729375888438E-004
   3.0129668600917692E-004
   3.4162186961937116E-004
   3.5094048230734358E-004
   3.9031095707231972E-004
   3.3065384515153749E-004
   2.7807940497260924E-004
   3.4063607709598965E-004
   3.0976484772473787E-004
   3.2650702959775423E-004
   3.1611694460466247E-004
   3.3456410959400285E-004
   3.4085446539070381E-004
   3.0402551993136823E-004
   3.0343964819715352E-004
   3.0409271840139642E-004
   3.3383993782335706E-004
   3.6725107672710793E-004
   3.3186930613153797E-004
   3.5240860828893839E-004
   3.7113751506868113E-004
   3.2057576488439684E-004
   3.6198818104357319E-004
   3.0862234620073284E-004
   3.1950226320499327E-004
   2.9226874997184687E-004
   3.1509851901313161E-004
   2.9167979347296245E-004
   3.0851912448876998E-004
   3.6188376819812465E-004
   3.5556188971235404E-004
   3.8025799015274669E-004
   3.7491774512193670E-004
   3.4210985056878375E-004
   2.9059192754914191E-004
   3.6517859115133011E-004
   3.4988352771874061E-004
   2.9810959168073811E-004
   3.0889268101136190E-004
   3.1539302162324000E-004
   3.5647195131034801E-004
   3.5685212872584032E-004
   3.4651285320248099E-004
   3.3204773487628182E-004
   2.9945593590745696E-004
   3.1921858016861911E-004
   3.5819171200819605E-004
   3.3254820879582368E-004
   3.4913286308690494E-004
   3.1215155936174452E-004
   3.0740835250742517E-004
   3.4115095044267592E-004
   3.3494266534138140E-004
   3.7677616772325434E-004
   3.1972876989200364E-004
   3.0367714113976044E-004
   2.8849689882478197E-004
   3.4059222399648409E-004
   3.5869200234650393E-004
   3.5431283561695017E-004
   3.1850256363722789E-004
   2.9591032014881900E-004
   3.0500205041106201E-004
   2.9879004506528533E-004
   3.0750172189900006E-004
   2.9450913393835892E-004
   3.5591620334404501E-004
   2.9874887601543293E-004
   3.1348664208056485E-004
   3.5486797375179082E-004
   2.8568716272235828E-004
   2.8468409560878500E-004
   3.1452977889736541E-004
   3.6066732797763155E-004
   3.5451448440872640E-004
   3.7227263139988701E-004
   3.2714952372035175E-004
   3.5463127688079520E-004
   3.5102149912546315E-004
   3.5230035908818844E-004
   3.3369901565136477E-004
   3.4117297400990592E-004
   3.6400788897546731E-004
   3.5263506152164695E-004
   3.3924070206425182E-004
   3.3047715257216099E-004
   3.9028912436191680E-004
   3.3033539418529244E-004
   2.8492770844257487E-004
   3.3552405218581456E-004
   2.9880803168489729E-004
   3.0322864692498266E-004
   3.6245304967057098E-004
   3.7491420706834279E-004
   3.1276266030788179E-004
   3.1623791808958523E-004
   3.2043039010688296E-004
   3.3383412033418118E-004
   3.0534498363894973E-004
   3.5318135276923005E-004
   3.1769711473284115E-004
   3.0648044179974314E-004
   3.5131819846929995E-004
   3.6480798683056294E-004
   3.8909811270940512E-004
   3.8282658041774822E-004
   3.3138197467619252E-004
   3.5216526838514168E-004
   3.5963959241304080E-004
   3.3590117361850938E-004
   3.1440911906366456E-004
