   3.0949338330061899E-004
   3.0309642504062063E-004
   3.1594564033583024E-004
   3.3097273251078891E-004
   2.9268854943884928E-004
   3.9211669576560488E-004
   3.7780518506778748E-004
   3.1063464542596745E-004
   3.6963610107259448E-004
   3.3384199811084233E-004
   3.4315668217469082E-004
   3.4739699632096180E-004
   3.5840582907285096E-004
   3.4107739380294264E-004
   2.9252937545785792E-004
   3.0826246994370419E-004
   3.1732765683992165E-004
   3.2176437848809643E-004
   2.9223870464328410E-004
   3.2131775081383585E-004
   3.2750322474217445E-004
   3.1872284099644432E-004
   3.7026968944628544E-004
   3.4192753990666924E-004
   3.5124096180918189E-004
   3.4157709570280693E-004
   3.6333800724644319E-004
   3.7786493460217988E-004
   3.3291502847231173E-004
   3.5651440715846970E-004
   3.0411920627884632E-004
   3.4886817983041316E-004
   3.3917607058040302E-004
   3.6585480027065290E-004
   3.5421139788475493E-004
   3.3348049980530493E-004
   2.9362729615624208E-004
   3.1477247306766024E-004
   3.3126199719370452E-004
   3.1387564080301143E-004
   3.4983719989148811E-004
   3.4683279531539280E-004
   3.6871375789488450E-004
   3.4607064602317330E-004
   2.9496328468329628E-004
   2.8924603358741264E-004
   2.9230977987370618E-004
   3.4016618011214832E-004
   2.9794578178559035E-004
   3.5472521749165339E-004
   3.3462065143434228E-004
   3.1440634678987209E-004
   3.0228795502211899E-004
   2.8922673522053404E-004
   3.5604061908799253E-004
   2.8743538291087732E-004
   3.3137065697486242E-004
   3.4705365004076926E-004
   2.9676991772120920E-004
   2.9061463583915094E-004
   3.7851610980173343E-004
   3.4377840297543209E-004
   3.0835581057937284E-004
   2.9942314271070328E-004
   3.2658985392662506E-004
   2.9957731590701933E-004
   3.4688292793573136E-004
   3.6438245967913109E-004
   3.3915106378681615E-004
   2.8491749708956334E-004
   3.1824826251018680E-004
   3.4089947755625981E-004
   3.8107871330245755E-004
   2.9921740204786186E-004
   2.9175412001657163E-004
   3.9526758884472323E-004
   3.9548363835302920E-004
   2.9004030498853544E-004
   3.2639360500242095E-004
   3.1535082075558101E-004
   2.9080080329959738E-004
   3.5830090349273357E-004
   3.1790506187438436E-004
   3.3889072383128918E-004
   3.1002811609824284E-004
   3.5545219142094688E-004
   3.7607770024129301E-004
   3.2866739727937264E-004
   3.5658446702308108E-004
   3.3322086443284720E-004
   3.3569550681938350E-004
   3.2225108868830612E-004
   3.3939675953223621E-004
   3.2227211464941048E-004
   3.5256976166032385E-004
   3.1566528400744763E-004
   3.1196469430609517E-004
   3.5153416527787437E-004
   3.2095110487789466E-004
   3.0087612125819429E-004
   3.1303001617631094E-004
   3.3706527638067914E-004
   3.2853482638553325E-004
   2.8376354233834071E-004
   2.8570325617735239E-004
   3.6230078086204172E-004
   3.4814926376865911E-004
   2.8757689036386423E-004
   3.9217129984495005E-004
   2.9884771257975115E-004
   3.6037391882711681E-004
   3.1348899756033794E-004
   2.9374292308347901E-004
   3.8247417313255918E-004
   3.5865571465603047E-004
   3.3672373127729819E-004
   3.3816714048486463E-004
   3.3627889411844586E-004
   3.1399826055828769E-004
   3.3650566404256791E-004
   3.3226149171662264E-004
   3.7891243680183946E-004
   4.1531467012143123E-004
   3.1939419885426468E-004
   3.6981405692787067E-004
   3.0515822328783417E-004
   3.8557131191410910E-004
   3.8176216950888502E-004
   3.3114051933266206E-004
   3.6134942617055795E-004
   3.2681332006736353E-004
   3.4069517938164486E-004
   3.0854295087699441E-004
   3.1376710794804970E-004
   3.1030436359006367E-004
   2.8503367696784747E-004
   3.1490611765797001E-004
   3.3794366000723918E-004
   3.4864308577491754E-004
   2.9714609689811256E-004
   3.6240584086543419E-004
   3.1564574598445046E-004
   3.5688008176941292E-004
   2.8746153402805976E-004
   2.8984213195649798E-004
   3.1747371929694734E-004
   3.0552754908141287E-004
   3.8402152353188100E-004
   2.8996769015852448E-004
   2.9341943872461480E-004
   3.0896641325858640E-004
   2.7557852967279912E-004
   2.9141356975683277E-004
   3.0641300372849083E-004
   3.2465115195191955E-004
   3.6488971082551750E-004
   3.0328572391368532E-004
   3.4595521005066518E-004
   3.1753965992785182E-004
   2.9418533222910195E-004
   3.0921843307461159E-004
   2.9396316142336762E-004
   2.9133889288221183E-004
   3.3935318062568241E-004
   3.2672889137531799E-004
   3.0139577277865962E-004
   3.2048863789488065E-004
   3.3046031153602016E-004
   3.1568000541952197E-004
   3.7437342399996936E-004
   3.4751122378171918E-004
   3.2825441164662823E-004
   3.1658150697103945E-004
   2.8993775300525210E-004
   2.9440442407255334E-004
   3.6941151348646514E-004
   3.5920288869338969E-004
   3.5685090183408877E-004
   3.2230126920557807E-004
   2.8194849903632362E-004
   3.6204150047588395E-004
   2.9856192592191903E-004
   2.7457928800315079E-004
   3.5173254399131727E-004
   3.8996868708563923E-004
   2.9229490955274184E-004
   3.2066045167607904E-004
   3.3089868010458494E-004
   3.4168691088277145E-004
   2.9668469706442774E-004
   3.3548262091059883E-004
   3.2076096774938590E-004
   2.7402677334955618E-004
   3.3173173949303900E-004
   3.0497953688306002E-004
   3.1074847082410980E-004
   2.7934758964942818E-004
   3.1307405158296229E-004
   3.0816897750577310E-004
   3.5668137842600925E-004
   2.8080653109283202E-004
   3.1517995653992443E-004
   3.0532161758160055E-004
   2.6998282229963566E-004
   3.7139251311883281E-004
   3.1609830814773759E-004
   2.8846608100140120E-004
   3.0672220675604110E-004
   3.4939415192771655E-004
   3.1991831506352565E-004
   3.4528200997584858E-004
   3.5463401827896183E-004
   3.6988441332703331E-004
   3.1349347267462549E-004
   3.2702313115260084E-004
   2.6212054873316125E-004
   3.5676432175953094E-004
   3.4514873101355832E-004
   3.5033192331928540E-004
   3.0464325711400712E-004
   3.6997261494975137E-004
   3.2754093603157844E-004
   3.6248880128285642E-004
   3.6595220773094091E-004
   3.0534077493866486E-004
   2.8865445052802239E-004
   3.4075370413639867E-004
   2.9911172983031469E-004
   3.5338383848878608E-004
   2.9070918908296884E-004
   2.9354152148615485E-004
   3.3368090842259723E-004
   3.1831460365686737E-004
   3.1617134808264156E-004
   3.8293338793324473E-004
   3.5458023480772937E-004
   3.7405171987392260E-004
   3.4126069534307351E-004
   3.1442838030403106E-004
   3.1462831023839249E-004
   2.8480109780951797E-004
   3.0537209212201443E-004
   3.3051836905872962E-004
   3.3984193835865387E-004
   3.6166428940605038E-004
   2.8096837651748547E-004
   3.5247643754629602E-004
   3.2509002915952353E-004
   2.9278599784337704E-004
   3.6428311373981430E-004
   3.3772221125296346E-004
   3.5114533404638314E-004
   2.9491849175611469E-004
   3.4317505485149523E-004
   3.7587157090588399E-004
   3.5147586472523366E-004
   3.2404701742638493E-004
   3.0509833684196612E-004
   3.7573520304658479E-004
   2.9776380779944196E-004
   2.8048214903505706E-004
   3.5294614257777205E-004
   3.1266072602555432E-004
   3.3703417463007532E-004
   3.4549351880763080E-004
   3.4509835644876841E-004
   3.7306946173539787E-004
   3.5904135893651858E-004
   3.2723989090441340E-004
   3.1321639893654965E-004
   2.6861434662323448E-004
   3.0108503518913680E-004
   3.6991437109236213E-004
   2.9065428388976949E-004
   3.4363535786669798E-004
   3.3885603388328372E-004
   3.3222792440206731E-004
   3.7755138029576125E-004
   3.6444453184836852E-004
   2.9782666612509427E-004
   3.4868216363396332E-004
   3.0627828978217617E-004
   3.1821301021636608E-004
   3.3278097255520355E-004
   3.0638927808349575E-004
   3.6557610335083852E-004
   3.1587925364328571E-004
   3.4596638342447252E-004
   3.1314307860464091E-004
   2.9519140739938483E-004
   3.1936764493951264E-004
   2.9913560809576440E-004
   3.6359842041475474E-004
   2.7461962770828025E-004
   2.7812910391958979E-004
   2.9482727362313294E-004
   3.1164470224312126E-004
   2.9700579825860514E-004
   3.4302367893710855E-004
   3.7452008058367340E-004
   3.4462285538182461E-004
   2.8016543922072237E-004
   3.6697601120835659E-004
   3.4503204041513516E-004
   3.0153349429462751E-004
   3.1166074106072663E-004
   2.9458183100499732E-004
   3.1546240314898866E-004
   3.6883285043993249E-004
   2.8177995723651506E-004
   2.9261465844552674E-004
   3.3889974997966369E-004
   2.6311394189840556E-004
   3.3453007942895390E-004
   3.4911665299540060E-004
   3.4442935504425370E-004
   3.0565517450504236E-004
   3.6286453409000867E-004
   3.4924264790224410E-004
   3.2317089259137219E-004
   2.9442178872223358E-004
   3.2839684098368786E-004
   3.1902568962409249E-004
   3.0106412237584554E-004
   3.1553542727885578E-004
   3.5299077823052166E-004
   3.1579507941215356E-004
   2.9695718016299822E-004
   2.8930258358736486E-004
   3.4893126006272518E-004
   3.2905711293969861E-004
   3.3785712955713179E-004
   3.0893130822776880E-004
   3.2718897854932090E-004
   2.9884634944117155E-004
   3.0821387019323306E-004
   2.9938768716934727E-004
   2.9013886090311155E-004
   3.4791490587179018E-004
   3.4311488790330377E-004
   3.7430620823447895E-004
   3.3494997963848781E-004
   3.3379152660771962E-004
   2.6614844975932908E-004
   3.0307797286768811E-004
   3.3500467373690288E-004
   3.1138630477624409E-004
   3.0422975112092473E-004
   3.6302236386604884E-004
   3.3129427096715804E-004
   3.5053998985143538E-004
   3.2331215360928276E-004
   3.0008509207422315E-004
   3.0741153258593266E-004
   3.5512279180132040E-004
   3.5772021671021277E-004
   3.3989010769478096E-004
   2.6625621645125973E-004
   3.1459557624659518E-004
   3.6648530969942534E-004
   3.1591324383306455E-004
   3.2012621621575180E-004
   3.0741380891022004E-004
   3.6540802075731959E-004
   2.9595776306580755E-004
   3.4930952854744188E-004
   3.7382612610577026E-004
   3.6289915344867659E-004
   2.7246786098289862E-004
   3.6710235489447141E-004
   3.0509542651088403E-004
   3.2175174586537733E-004
   3.5552168863213588E-004
   3.1152961565467406E-004
   2.7955734539910861E-004
   3.4369063052460774E-004
   2.8176726711977757E-004
   3.0612438012214905E-004
   3.4720364993273418E-004
   2.9496327599809187E-004
   3.5616049678601251E-004
   3.4664045122083153E-004
   3.5125603366662611E-004
   3.4995011783249238E-004
   3.3454731406766427E-004
   3.2644760061708938E-004
   3.7652772712929068E-004
   3.5901615543985416E-004
   3.2536782680068691E-004
   3.8582559207373505E-004
   2.7709178445595921E-004
   3.3404689498680088E-004
   3.4526019523994201E-004
   3.0862343395856467E-004
   3.3993516398383631E-004
   3.1596781822826526E-004
   3.0867103310916152E-004
   3.0916106793683597E-004
   2.9963868413288919E-004
   3.2655887150356486E-004
   3.6373023582769953E-004
   3.9842287840239580E-004
   3.8038238187555978E-004
   3.8072098548722549E-004
   3.2459012722168819E-004
   2.9667587112214343E-004
   3.3954908574282416E-004
   3.2970477753029357E-004
   3.8010098452576595E-004
   3.6257945249981396E-004
   2.8930624630183995E-004
   3.9206403033561197E-004
   2.7545775708992580E-004
   3.0224781168072801E-004
   3.6973746776265237E-004
   3.6825106537509991E-004
   3.6239856021406345E-004
   3.3098321112401164E-004
   2.6706888491398104E-004
   3.7776235678742813E-004
   2.8321478460327667E-004
   2.8618569138457876E-004
   3.6239451951977685E-004
   3.3924690643766735E-004
   3.8706987371672221E-004
   3.4666167965893569E-004
   3.4416172257429429E-004
   3.4602771010570053E-004
   3.5101867118049305E-004
   2.9355493393100525E-004
   3.5563257578168534E-004
   3.6776882481398299E-004
   2.8546580826436868E-004
   3.4565019438081968E-004
   3.2731658769233639E-004
   3.3238360932289369E-004
   3.8748527896511085E-004
   3.0321473372913870E-004
   2.9565480408006882E-004
   3.4485790461008162E-004
   3.3046805784098325E-004
   3.1817234674280101E-004
   3.2763839698356299E-004
   3.2671738836615534E-004
   3.7991052919866808E-004
   2.9101728598833026E-004
   3.4461213770479478E-004
   3.6491456146950450E-004
   3.5034998011189579E-004
   3.8562199811118013E-004
   3.3204961651441304E-004
   3.6918649226537210E-004
   3.2156514379709354E-004
   2.9657105096087037E-004
   2.6803296588140380E-004
   3.6901830350025209E-004
   3.4163955659547183E-004
   3.0363108575746754E-004
   3.7070295729530866E-004
   3.6689437511511127E-004
   3.3811585531782492E-004
   3.0325248706180788E-004
   2.7772039401280049E-004
   3.4870716006080475E-004
   2.7967538533142688E-004
   3.3161698134716528E-004
   2.9691060756636202E-004
   3.4740778788076664E-004
   3.7263684277053703E-004
   3.6670776884821423E-004
   3.0781450786538663E-004
   2.9689020899186202E-004
   3.1663001111582038E-004
   3.6904603344844360E-004
   3.5956106459949670E-004
   3.7820563556827992E-004
   3.2982680724777229E-004
   3.5732555569858038E-004
   3.4615956195173440E-004
   3.0663320586298047E-004
   2.8849701911376317E-004
   3.5838835590713044E-004
   3.7570128623219359E-004
   3.1192622529453760E-004
   3.0558611668613482E-004
   2.8721849683574366E-004
   3.5705382199136449E-004
   3.0241423283206204E-004
   3.6190529630466281E-004
   3.2748930524889618E-004
   2.9211789322540043E-004
   3.2832485023134405E-004
   3.6586304147934650E-004
   3.1319974501918313E-004
   2.8083793881379459E-004
   3.1423506967417664E-004
   3.1330798246064829E-004
   3.0190958908857626E-004
   3.5574426836817812E-004
   3.3492647417268347E-004
   3.5048683612178488E-004
   3.4084277997868456E-004
   3.6117486022044443E-004
   3.1069281267031998E-004
   3.0449527191452508E-004
   3.1291129104794700E-004
   3.0162569872729513E-004
   2.8186824630632918E-004
   3.8114341495653264E-004
   3.0899168691560870E-004
   3.4384211285860410E-004
   3.7305472656421130E-004
