   2.8198026947839601E-004
   3.4106313673893919E-004
   3.2677124932194114E-004
   2.9226047659704392E-004
   2.6212530492776033E-004
   3.3595508682687222E-004
   2.6678145161561259E-004
   2.7317697959091145E-004
   3.3686915568604159E-004
   3.2169017999297952E-004
   2.9462916083319418E-004
   2.5686495387161975E-004
   2.7259942451331653E-004
   2.8432144748043463E-004
   2.7623059134021082E-004
   2.8382861673246124E-004
   3.3442848950513196E-004
   2.8316254480993615E-004
   3.0028179562454434E-004
   2.6433349960061511E-004
   2.8991788303735618E-004
   3.0834290515706413E-004
   3.2801939683269694E-004
   3.1775997598895505E-004
   2.8284860715014194E-004
   2.6927163599935720E-004
   2.5630096219935665E-004
   3.2398235611091685E-004
   3.2455071400323935E-004
   3.2330591006645700E-004
   2.8941112023301121E-004
   2.6886629265315706E-004
   3.1808969583347767E-004
   2.5132084480552385E-004
   2.8044171217029353E-004
   3.1551834813788087E-004
   2.9406540588006359E-004
   3.2361000169713137E-004
   3.0822508511303741E-004
   2.9459013610854567E-004
   3.0828218482959781E-004
   3.1717957233964769E-004
   2.7361135792892483E-004
   3.0584724683228225E-004
   3.0956178066217583E-004
   2.9848168487770779E-004
   2.8823774107473164E-004
   2.9671277529172793E-004
   3.5038332283092102E-004
   2.7670201508887067E-004
   2.7190740368169934E-004
   3.1688038910826548E-004
   2.6487966198404043E-004
   3.1233716015702592E-004
   2.7759169477230787E-004
   3.2753195099202947E-004
   2.7324795494398555E-004
   3.3213498776020998E-004
   2.9912324729771257E-004
   2.6990383823685622E-004
   2.7239330348215245E-004
   3.5625358761169325E-004
   3.3045382571622860E-004
   2.8961615717257403E-004
   3.1988252152793939E-004
   3.3597961381527354E-004
   3.3499886265783387E-004
   3.0295183143830631E-004
   3.4314475546430833E-004
   3.4115261738420133E-004
   3.3339501319327742E-004
   2.7796629641541022E-004
   2.8008576844604569E-004
   2.8345426755516253E-004
   3.1512723212665693E-004
   2.7559210764705968E-004
   3.0099705081063804E-004
   3.4722758926596315E-004
   2.9621036507165063E-004
   3.0423461919545220E-004
   3.2890787131727682E-004
   3.5217216295670102E-004
   2.5531701723353932E-004
   2.7749366305483447E-004
   2.9285097197958080E-004
   3.0429819981600792E-004
   3.0923655622239351E-004
   2.8843867297921984E-004
   3.2676772663775420E-004
   3.4387948938716594E-004
   2.6021123212423123E-004
   3.1059053252262622E-004
   3.4152317332805914E-004
   2.8691412300640111E-004
   2.8783507493294262E-004
   3.6190065592868551E-004
   3.5631073219147161E-004
   2.9606026520727314E-004
   2.9218353486848946E-004
   3.3002475185772234E-004
   3.1442398238726272E-004
   3.2969910219596770E-004
   2.9557434768292179E-004
   3.1779337565454108E-004
   2.9170856269696618E-004
   2.5638941473488125E-004
   2.9066741511924805E-004
   3.2384619233011492E-004
   3.2184185953602884E-004
   3.3306226229339226E-004
   2.9345803213746215E-004
   3.0430000725843579E-004
   2.9628897090525834E-004
   2.5836926818503147E-004
   3.0901921343486923E-004
   2.9151836967247562E-004
   2.5453112845008250E-004
   3.2517595359504665E-004
   3.3480078280517724E-004
   3.6919411851075995E-004
   2.6998023541313166E-004
   3.3160257332676119E-004
   3.2519686729945766E-004
   3.2166435090633745E-004
   2.9083794742342824E-004
   2.9235137678255903E-004
   2.7415917204147086E-004
   3.2654434668149542E-004
   3.2831448203435429E-004
   3.3817082814765445E-004
   2.8508312558093036E-004
   3.3264211559999032E-004
   3.4256136959400749E-004
   3.0983825511838708E-004
   3.0351514328364197E-004
   3.2203413997050888E-004
   2.6999362670072577E-004
   3.2706221230906045E-004
   3.2842070318601213E-004
   3.4778578317329155E-004
   2.8233188350340816E-004
   2.9570575109543064E-004
   2.7336692914691949E-004
   2.8969681954072233E-004
   2.6320405146458168E-004
   3.0863297924213392E-004
   2.7573475418819570E-004
   3.1003377219665425E-004
   3.0858507161853917E-004
   3.5526105824986587E-004
   3.0352468362571284E-004
   3.2800174751231856E-004
   3.1662986337410666E-004
   3.2326175764085146E-004
   2.6254600133765357E-004
   3.0240612157392927E-004
   3.1081860936779839E-004
   3.4855246353718619E-004
   2.9282772388107819E-004
   3.3428377233840639E-004
   2.8168172681117048E-004
   3.0896701067215581E-004
   3.6907232214856376E-004
   3.2335275357266261E-004
   3.4332496732628862E-004
   3.6134380203737279E-004
   2.9402672846917319E-004
   2.8839209391142838E-004
   2.6369373643724041E-004
   3.5323256853194487E-004
   2.7636483697661966E-004
   2.6504199976836552E-004
   2.6087701671876468E-004
   2.8950669564212136E-004
   2.9032064060340539E-004
   3.1572227053679782E-004
   2.7002198957932041E-004
   3.0699534678779706E-004
   3.1322693790993830E-004
   3.0793654239536997E-004
   2.8704470852956035E-004
   3.1192175544754583E-004
   3.2810113303229153E-004
   3.2947647290294368E-004
   2.7215233584155233E-004
   3.3743215590660103E-004
   2.9757406854098679E-004
   3.6522239216085615E-004
   3.7609205503389667E-004
   3.0649503081834435E-004
   3.0998466961971782E-004
   3.7959192337372311E-004
   2.5619212919811095E-004
   3.4882271772506188E-004
   3.1265642703966993E-004
   2.9372938821377439E-004
   2.8676000760760096E-004
   3.0725158310923481E-004
   3.1484324429186113E-004
   3.2017398361254584E-004
   3.4776178807911030E-004
   3.2872995990439500E-004
   3.0400706280047957E-004
   3.2782437770229110E-004
   3.2385315238997014E-004
   2.8517450366132702E-004
   3.1244589716328540E-004
   2.8236270368119044E-004
   3.2729254714755965E-004
   2.9675892596281564E-004
   2.8293468693223325E-004
   2.8514775422231213E-004
   3.2130712565742767E-004
   3.5461570488142153E-004
   3.2723364013862642E-004
   3.2853678903636900E-004
   3.1129127475527598E-004
   3.1976014954248266E-004
   2.9495315843706428E-004
   2.9582091342162661E-004
   2.9196408991268323E-004
   3.3145296334152383E-004
   2.6230526367633571E-004
   3.0737009947301935E-004
   2.8832655226359867E-004
   3.1252434679878100E-004
   2.7262824326809492E-004
   3.1187529775048505E-004
   3.1565225565652078E-004
   2.7794381309880612E-004
   3.1038236221825685E-004
   2.6258059027282139E-004
   3.4862595305557427E-004
   2.9549933218798769E-004
   3.2371288115427333E-004
   2.8591061277447087E-004
   2.8619903300261274E-004
   2.5937054303732109E-004
   3.1959944133280234E-004
   2.7354745592661256E-004
   3.0888377707999516E-004
   3.2452162587026445E-004
   3.3895695510503620E-004
   2.9758305342712202E-004
   3.1947008061801560E-004
   3.2311617097897721E-004
   2.6377097785045553E-004
   2.8128481910141693E-004
   3.1384900699574897E-004
   3.3499966867627700E-004
   2.6407868473364067E-004
   3.3588227599671606E-004
   2.8883524557631106E-004
   2.7664957275572665E-004
   3.2213634885030329E-004
   3.4771156594668118E-004
   2.6853513492166578E-004
   3.2417462368708358E-004
   2.6758458564136263E-004
   2.9451437481967368E-004
   2.9239875437415524E-004
   2.9639970183928670E-004
   2.4944077483020686E-004
   2.6012020446238737E-004
   3.1675641004740756E-004
   2.6569934707968963E-004
   2.8697049823539158E-004
   2.8982762581053993E-004
   3.0548221201676703E-004
   3.3910169728265638E-004
   2.8201358816169324E-004
   3.3514640480019492E-004
   2.9287945894559882E-004
   2.7466083797194160E-004
   3.6404194732095487E-004
   3.3018637696788193E-004
   3.0052377576019032E-004
   3.1106350748603766E-004
   3.0691012565848907E-004
   3.3263152075066314E-004
   2.9461241884250726E-004
   3.4570199965431410E-004
   2.6634112612960613E-004
   3.1435330350680689E-004
   3.2743649450248124E-004
   2.8393670478672598E-004
   3.3633222262635193E-004
   2.9324115562604641E-004
   3.3766267371554686E-004
   3.3196691617031257E-004
   3.6059263188907152E-004
   3.4332263034267375E-004
   3.2425372864108116E-004
   2.8542082485108743E-004
   3.1842727908678637E-004
   3.2094065617209298E-004
   2.7908959123113241E-004
   2.9679017894841236E-004
   3.2058192608395677E-004
   3.1271070268780514E-004
   2.7102593832402611E-004
   3.0693311029587243E-004
   3.2451182391034911E-004
   2.7421916430092115E-004
   2.9710302982174377E-004
   3.2048640165049599E-004
   3.4662395787480097E-004
   3.2844090958100377E-004
   2.8506603437805167E-004
   3.0231431820286237E-004
   2.8818502995752972E-004
   2.8293947807931475E-004
   3.3833183097463896E-004
   2.9103594770348826E-004
   2.8903906947651216E-004
   2.8149829802313171E-004
   2.6976497219878830E-004
   2.9933847076149778E-004
   2.6532108138907685E-004
   3.2718268769950371E-004
   2.6899333666947190E-004
   3.4292515433179539E-004
   3.0137442965908200E-004
   3.2179308749732537E-004
   3.2788128973903444E-004
   2.5605661119332788E-004
   2.7219999436600337E-004
   2.7023404181311748E-004
   3.6314397659859530E-004
   2.8702794202816807E-004
   3.2455684402614660E-004
   3.5847838351325806E-004
   3.6485031884770004E-004
   2.7845789952362011E-004
   2.7395072364296171E-004
   3.5202014864635654E-004
   2.5693729751444873E-004
   3.4064114360644204E-004
   3.3173707603977194E-004
   3.3142787365455449E-004
   2.7538650046752872E-004
   2.7938845268505122E-004
   3.0231850998935157E-004
   2.8177754929482521E-004
   2.8497611445449643E-004
   3.1938497968970255E-004
   2.9059549071047864E-004
   2.7601299781540800E-004
   3.0075875740779152E-004
   3.1313156910802895E-004
   2.5390965101190635E-004
   2.7178476213924029E-004
   3.2178393027871178E-004
   3.2047727633764342E-004
   3.2704641185241215E-004
   3.0324235391721412E-004
   2.8572764485335685E-004
   2.8005160398293026E-004
   2.8453397571250429E-004
   3.1801796822138585E-004
   2.8911689564847174E-004
   2.9410030220046836E-004
   3.0157153290835074E-004
   2.9200339235414808E-004
   2.6199138217314398E-004
   2.6546703322832154E-004
   3.2322579402969200E-004
   2.9246938908500657E-004
   2.5811038073342225E-004
   2.8982133952102512E-004
   3.0228070540064581E-004
   2.6705018176351571E-004
   3.2174680062942520E-004
   3.3326336481853561E-004
   3.7857793672397465E-004
   3.2030920075510683E-004
   2.9209845664491884E-004
   2.9763544474535689E-004
   2.7744412650191561E-004
   2.8361755880668360E-004
   2.6573500659508289E-004
   3.0287350303377360E-004
   3.0721993778487489E-004
   3.1658583431143291E-004
   2.5654162394326912E-004
   3.0494112045448572E-004
   3.4600468220545767E-004
   3.7758369107847984E-004
   2.8029678487359811E-004
   3.0743248919794410E-004
   3.0570440276408712E-004
   3.3445186335888432E-004
   3.3162447949160444E-004
   2.7685318325971250E-004
   2.8001112770212517E-004
   3.4404533909479675E-004
   2.8991260379474871E-004
   3.3121462809784921E-004
   2.8714127516942331E-004
   3.1563374810936233E-004
   3.5399560306468170E-004
   3.3398000808850296E-004
   2.9193442690883401E-004
   3.3399046418599275E-004
   2.6474848282575115E-004
   2.8365815826139498E-004
   2.9268801438994560E-004
   2.7937307146208719E-004
   3.2165684975006136E-004
   3.3659838990671143E-004
   3.0360667284319597E-004
   3.3870714596269781E-004
   3.0086080828048547E-004
   3.4797170382099382E-004
   3.0379321399182476E-004
   2.7433233449804549E-004
   3.0203366888643273E-004
   2.8159797032264040E-004
   3.2808269605716551E-004
   3.1448756871538860E-004
   2.9369832133191090E-004
   3.2967001189349688E-004
   2.8179623700820300E-004
   3.0489136228379791E-004
   2.7606230306758349E-004
   3.0887335635191991E-004
   2.4904979524189896E-004
   2.5197067609153981E-004
   2.6529955533785885E-004
   2.8410324156026340E-004
   2.7130036808004657E-004
   2.7472004960145440E-004
   3.3470238646006630E-004
   3.3242124183722728E-004
   2.7596431469906934E-004
   3.0347428047416774E-004
   2.7247311886423423E-004
   3.5298441563947670E-004
   3.4200125074862589E-004
   3.2774361426119011E-004
   2.6629328262954560E-004
   2.7288609326225248E-004
   2.9848136452393005E-004
   2.8728579312020517E-004
   3.3991384693617306E-004
   3.1015324278987135E-004
   2.8327098445299993E-004
   3.4112976303668540E-004
   3.2343311436015316E-004
   3.3230972551872846E-004
   3.3869915999592209E-004
   3.4488315138563936E-004
   2.8724631479139299E-004
   2.7856249033673193E-004
   2.9539313568252589E-004
   2.8631786457715441E-004
   3.3835792706791632E-004
   2.6108375778740391E-004
   3.2330200521053949E-004
   2.8040382004733400E-004
   3.2418055806965887E-004
   3.3858733868862018E-004
   2.8219583591309981E-004
   3.0385154863929508E-004
   3.0362020409274368E-004
   3.1970762914424161E-004
   3.1635943748527657E-004
   2.7561557294545778E-004
   3.1099520580145167E-004
   3.3141720885987349E-004
   3.0196765419993353E-004
   2.6224315900729735E-004
   2.5695764915748128E-004
   3.1496751998190468E-004
   2.8852857207477305E-004
   3.1569640251376025E-004
   2.8929410509818710E-004
   3.3492941112527790E-004
   2.9493184736132711E-004
   2.7377850435544653E-004
   2.7909264969999957E-004
   3.1603121091670341E-004
   3.4075059546331729E-004
   3.0618156059680448E-004
   3.0748314679845907E-004
   2.7558807007780755E-004
   3.1582956398887909E-004
   3.6288958317559855E-004
   2.6407581034654270E-004
   3.3333923755279226E-004
   3.6378569434036752E-004
   3.0975027550735182E-004
   3.2851393243510033E-004
   2.9014271564726916E-004
   2.7579321323283951E-004
   3.3388238594821130E-004
   3.1380008019298608E-004
   3.5953129787767268E-004
   3.1089726192532402E-004
   3.0582909751806597E-004
   3.0900339411094225E-004
   3.1156342860302162E-004
   2.6807651548151279E-004
   3.1991532501499380E-004
   2.7850604414040599E-004
   2.6161988813798686E-004
   3.4070684027283745E-004
   2.6815015332740854E-004
   2.7157876582290869E-004
   3.2222675477238619E-004
   2.9644114836541364E-004
   3.3452293392324545E-004
