   2.9091653121563973E-004
   2.7353291687190538E-004
   3.1687529102210051E-004
   3.3833588474012143E-004
   3.2520670872759867E-004
   3.1851147709002970E-004
   2.6795224271258908E-004
   3.1875817555834682E-004
   3.2552822725714968E-004
   2.9390568449106318E-004
   3.3560480872435271E-004
   3.2405939515640377E-004
   3.4034040844092383E-004
   2.6823034050981555E-004
   2.8719680171267116E-004
   3.3158432066553677E-004
   3.1666936060443390E-004
   3.3208032620804067E-004
   3.2219949213262887E-004
   2.9477303432780700E-004
   3.3699518890124429E-004
   2.9011409881728639E-004
   2.7046761902360672E-004
   3.4713693523604400E-004
   3.0967081298389549E-004
   3.1213046962988834E-004
   3.2103510370986042E-004
   3.5482337359705161E-004
   3.2599405005955478E-004
   3.4497276266492603E-004
   2.7363659214262894E-004
   2.8043196465808511E-004
   3.0907041153613649E-004
   2.9255432435559473E-004
   3.0437974136561437E-004
   2.7671279403576203E-004
   2.9571369446098998E-004
   3.2756275375738463E-004
   2.6479368991872429E-004
   2.7109415798269289E-004
   2.7862622380898016E-004
   2.7644016830951935E-004
   3.3061678379185194E-004
   3.4034876950034618E-004
   3.3794946892204370E-004
   2.8928823588462245E-004
   3.1014565628109799E-004
   3.0182119840965933E-004
   3.4172833739381766E-004
   3.3803491622693793E-004
   3.1224240964890612E-004
   2.7746609617612195E-004
   2.8372760294844497E-004
   2.8997743907936073E-004
   3.2122889989683631E-004
   3.6711389378988062E-004
   3.1925808763178198E-004
   2.8759035347022754E-004
   3.6031338058538945E-004
   3.2586728596302385E-004
   2.9573521791833441E-004
   3.3541055251352984E-004
   3.0207975022384650E-004
   3.1647737098698306E-004
   2.9848433528798277E-004
   3.1239510522029508E-004
   2.8666209793221027E-004
   2.7778491404114821E-004
   2.7978991154333627E-004
   3.0223447888739959E-004
   2.7772690773674840E-004
   2.8783985546399675E-004
   3.4789815732158504E-004
   3.4523571293278176E-004
   2.9119212651097906E-004
   2.7354341173896883E-004
   3.2745178034950271E-004
   2.7664867808938992E-004
   2.9137036061269769E-004
   3.1271769673607168E-004
   2.9003241755042736E-004
   2.8477510855229727E-004
   2.6163198695577727E-004
   2.8719728555019573E-004
   2.9114546849341857E-004
   3.0420637354290354E-004
   3.1009348894501740E-004
   2.7968122326762845E-004
   3.7063924094492284E-004
   3.3665219100531519E-004
   2.7411408007568257E-004
   2.7821280562138916E-004
   2.7538651420383437E-004
   3.4070368405386534E-004
   2.7171197796101463E-004
   3.0734315485882874E-004
   3.8016778641621930E-004
   3.4214620253617207E-004
   3.2698022534095585E-004
   2.8682468511248088E-004
   2.4621246246310188E-004
   2.8799328978685186E-004
   2.6135728444736961E-004
   3.1915975293838743E-004
   2.7133700671632505E-004
   2.8319686112654419E-004
   3.1123959593617952E-004
   3.2697810178732581E-004
   2.7922941562488908E-004
   2.9113605579186960E-004
   2.5533950545122855E-004
   3.2497569360276650E-004
   3.1235913994258964E-004
   2.7567460453231912E-004
   2.9017399899656198E-004
   3.5147926601607215E-004
   2.7762945946194863E-004
   3.2248357390679728E-004
   2.7504744450414508E-004
   3.0305923047565511E-004
   3.4641380226094182E-004
   3.0457484331709828E-004
   3.3373029593872889E-004
   3.2303396327652058E-004
   3.0114186029951641E-004
   2.8704930204175808E-004
   2.9711599592125028E-004
   3.1646914098129602E-004
   3.1809814169202959E-004
   2.9672752108876181E-004
   2.8519630329842103E-004
   2.7879577497326934E-004
   2.9184876121059167E-004
   3.3705993421258377E-004
   2.4333903166781645E-004
   3.2336625315894743E-004
   3.3203925152578112E-004
   2.9397001163467527E-004
   3.4590601027865097E-004
   2.8355129961366894E-004
   3.3186089941362508E-004
   3.4216046406937472E-004
   3.0876419432988644E-004
   3.3429150152475826E-004
   2.9383259484426104E-004
   3.3450220966877283E-004
   3.1619838521932005E-004
   3.5672749954341731E-004
   3.0694649061438603E-004
   3.0266729470385063E-004
   3.5611148701111443E-004
   3.0291906726194359E-004
   3.2554523592136616E-004
   3.2473312677108111E-004
   2.9348808074411913E-004
   2.6842400858488157E-004
   3.0130790508070738E-004
   3.0512664499973187E-004
   2.8786372694240082E-004
   2.9382609968168946E-004
   3.4651206102123564E-004
   2.8070335378279357E-004
   2.7898545345961148E-004
   2.6288182144591836E-004
   2.7253808891189587E-004
   3.6094376944176428E-004
   3.1776170663559813E-004
   3.6022816493456918E-004
   3.2524362986633608E-004
   3.2055624465514694E-004
   2.7616637994484723E-004
   3.0073519378666234E-004
   2.5041865408080073E-004
   3.5376927229256424E-004
   2.9022439673582876E-004
   3.1679383053336544E-004
   2.6866967850592302E-004
   3.3262907041809733E-004
   3.1850016703928143E-004
   3.2732700276547305E-004
   2.9898291394939955E-004
   3.4646801154081285E-004
   3.1560990998300812E-004
   3.0586795879638889E-004
   2.8268254160107006E-004
   2.6946229131922784E-004
   2.5877841228644721E-004
   3.3809662607239702E-004
   2.9814371368135751E-004
   3.5027901551775478E-004
   3.1465274215760507E-004
   2.9285660587385025E-004
   3.0120572843051678E-004
   2.8056429212044488E-004
   2.8059008224238878E-004
   3.5694629282002237E-004
   3.1453539148643773E-004
   2.8624580728132796E-004
   2.6882478894121376E-004
   3.2222257946108913E-004
   2.7040366062713747E-004
   2.5345257484220637E-004
   2.8218406315017367E-004
   3.3092464867969277E-004
   3.4069794184065917E-004
   3.2351424124297889E-004
   3.0176956532101278E-004
   2.5162943127021112E-004
   3.4231374831860989E-004
   2.7288129001367122E-004
   3.2431423144848117E-004
   2.7688681202652377E-004
   2.8415534736437280E-004
   3.5322273336811563E-004
   3.0825311884348473E-004
   3.1970416623447229E-004
   3.2553923737969160E-004
   3.1111913176259769E-004
   2.7568390903660623E-004
   2.9854356268574074E-004
   2.9727270614377671E-004
   3.0567927177338320E-004
   3.5221306254470128E-004
   3.5680336251159642E-004
   3.2409209766840678E-004
   3.1024579417279703E-004
   2.5886873075008120E-004
   2.9167345587750171E-004
   2.7872852017464712E-004
   3.1254213749803240E-004
   3.3436668285970466E-004
   3.3221799704486767E-004
   2.7897853507017571E-004
   2.8805568076801645E-004
   3.0636845983094329E-004
   3.4145114287768890E-004
   3.2710648253604771E-004
   3.4198440248500874E-004
   3.2288190004087160E-004
   3.1214133684084384E-004
   2.6200705045433746E-004
   2.5958338621998321E-004
   3.5411396623493167E-004
   3.2676741022395707E-004
   2.7429555816317960E-004
   2.8853510969298801E-004
   3.6581267071163968E-004
   2.8927396591374200E-004
   2.6735742883656443E-004
   2.8504077133660426E-004
   2.8016059532016480E-004
   2.9326060498279026E-004
   3.4001537718215296E-004
   3.0802530543991275E-004
   3.3474364556316789E-004
   2.9663866369468135E-004
   3.3792651433229084E-004
   3.2187930823025329E-004
   2.9133844995372958E-004
   3.2141266782742452E-004
   3.1657262276126410E-004
   2.9001345207621895E-004
   3.6110533360950847E-004
   2.8571306325612331E-004
   3.4173593848700747E-004
   3.1423550332124411E-004
   3.1533281477645191E-004
   3.3935301647229589E-004
   3.3816308885031339E-004
   3.3625591228591748E-004
   3.6452517931274546E-004
   3.4242520975624632E-004
   2.7866126954413092E-004
   2.7007056928253444E-004
   2.7553180625375828E-004
   3.1900100671630591E-004
   3.0067093090844653E-004
   2.6612843858320374E-004
   2.9222491485377450E-004
   3.4955555283703102E-004
   3.0865810450881606E-004
   3.0733051606885028E-004
   2.9831678413278769E-004
   2.8201868055665165E-004
   2.5156285707405614E-004
   2.5574351244402689E-004
   2.8275955587433825E-004
   2.6800823167313133E-004
   2.9836753492501993E-004
   2.7162240533049623E-004
   2.8253397258462196E-004
   2.7773843129265901E-004
   2.6598862804059516E-004
   3.3318719561076238E-004
   3.3862200683055360E-004
   2.9765684407146912E-004
   3.0854165187275322E-004
   3.0113662011116383E-004
   3.1905046893177712E-004
   2.9805312543463268E-004
   3.0984502055110585E-004
   3.4420113097383473E-004
   2.7740047377050684E-004
   2.9460183622964317E-004
   2.8112488500942181E-004
   2.5397939603204314E-004
   2.9571399069245642E-004
   3.4374866479816449E-004
   3.0824329106318753E-004
   3.4963035185080329E-004
   3.2299246554376497E-004
   3.2135908718070619E-004
   2.9947848496429718E-004
   3.2708255753621579E-004
   2.9876240909789699E-004
   3.1970539136471547E-004
   3.0502245855106572E-004
   3.5110170249508184E-004
   3.1523639954212756E-004
   3.2093845711425107E-004
   3.3198740239898664E-004
   3.4814562801796891E-004
   3.4341998121882123E-004
   3.4172952374293637E-004
   2.7248066483595373E-004
   3.3207486575185331E-004
   3.5661881137558581E-004
   2.8847197170050131E-004
   2.7854755380339428E-004
   2.8933849018520231E-004
   3.2656165852338535E-004
   3.5370699711368802E-004
   3.0093704038760909E-004
   3.3345154153484070E-004
   3.2418946853863601E-004
   3.0526900767319996E-004
   2.9080717809739818E-004
   2.8970065787543858E-004
   3.2962973933996882E-004
   3.0445453638819033E-004
   2.6542796838478457E-004
   2.6504896913538033E-004
   2.9088400956632000E-004
   3.2903228139064916E-004
   3.0062144709669896E-004
   2.8047368885583755E-004
   2.9487741818408814E-004
   3.2708060781862583E-004
   2.7063032344338064E-004
   2.7843400171355712E-004
   2.9155531729998667E-004
   2.7495305553241952E-004
   2.7978617445435398E-004
   3.2408950637258027E-004
   2.8342920412493985E-004
   2.9830099461216166E-004
   2.8590609068073120E-004
   2.9861816969420769E-004
   2.7562120126079550E-004
   2.8648131908068646E-004
   3.4171675821226765E-004
   3.3952701522682740E-004
   3.3164041608654983E-004
   3.5521325902814621E-004
   3.4422218754224696E-004
   3.1191682338377167E-004
   3.0377093763749767E-004
   2.7651324209607261E-004
   2.7996820761535786E-004
   3.1446888609791671E-004
   3.2252694775891839E-004
   3.1343057493938165E-004
   3.5483585166335341E-004
   3.4319962413217718E-004
   3.3432622380949088E-004
   2.8149847084113478E-004
   3.0460437896693459E-004
   3.5050201613883412E-004
   3.6732901089252555E-004
   3.1210331633072484E-004
   3.2422454823782598E-004
   3.0044419252297388E-004
   2.8488696024739422E-004
   2.8741365809599418E-004
   3.1441375049113564E-004
   2.8802449643741392E-004
   3.3496520428552752E-004
   2.8871005607412941E-004
   2.9795877136706161E-004
   3.3241947507003808E-004
   3.3081517429250110E-004
   3.4355194394068808E-004
   3.0897266670910884E-004
   3.5583117310487600E-004
   3.2115341525314439E-004
   2.8270607396698323E-004
   2.6373246707724117E-004
   3.2354102947864814E-004
   2.8115224730629622E-004
   3.3766398090556569E-004
   3.0065879310373815E-004
   3.1230027659363981E-004
   3.0630748180823444E-004
   3.3405798314204354E-004
   2.7029125091979778E-004
   2.6882651896686200E-004
   3.1235421358357307E-004
   3.5016026284467660E-004
   2.8723697410787641E-004
   3.2538842852458715E-004
   3.0640224790148607E-004
   3.3587414609335785E-004
   3.4907164826300204E-004
   2.6909263399986657E-004
   2.7049021560403237E-004
   2.9863393288496299E-004
   3.4613667047533870E-004
   2.8490232145019699E-004
   3.4083853554234245E-004
   3.0852666940735555E-004
   3.5458703815487245E-004
   2.8278654571944125E-004
   2.6253152672628627E-004
   2.8910590360884910E-004
   2.5780910163383786E-004
   2.7554062614477032E-004
   3.2198552154098065E-004
   2.6216704411544253E-004
   3.3980438595827936E-004
   3.4082792328096810E-004
   2.5443141596074166E-004
   2.7995444246539745E-004
   3.4010912140170543E-004
   3.0183620831383134E-004
   2.8502036902277217E-004
   3.2660928661856406E-004
   3.0726645368126838E-004
   2.9171567697341603E-004
   2.7503671843829327E-004
   2.8402347930653923E-004
   3.3391962135747677E-004
   2.7547048092029365E-004
   2.8375442098754370E-004
   3.0520787435474827E-004
   3.6195070337657578E-004
   2.6322397168328281E-004
   2.6368133055993298E-004
   2.7282894711594586E-004
   3.0153889305522245E-004
   2.5216273867308554E-004
   2.7946272364599302E-004
   2.6320432708398821E-004
   2.6814684723886791E-004
   2.6259294392984441E-004
   2.5940740654878581E-004
   3.3299243415434745E-004
   2.7405368474397215E-004
   3.1502469337961898E-004
   3.3032335480905837E-004
   3.0936335107636411E-004
   2.9906314644565976E-004
   2.5142831327548134E-004
   2.6815511670165909E-004
   3.1435224067048880E-004
   2.9537295727073362E-004
   3.4899523281092939E-004
   3.6363097819061335E-004
   3.1553785784137369E-004
   3.1192221908200331E-004
   3.3467328106594630E-004
   3.4512887813980707E-004
   3.1371887624106749E-004
   2.9705382973941263E-004
   2.8662387511904999E-004
   3.0810957022231830E-004
   3.0833284149272156E-004
   3.0945708233088139E-004
   3.5400585905342975E-004
   2.6419611475736893E-004
   3.0647372138794773E-004
   2.6404587582898174E-004
   3.1789505476406211E-004
   3.2794517680207022E-004
   2.7738063331568687E-004
   2.8099967565000869E-004
   3.2398198906816893E-004
   2.8144988844353101E-004
   3.3599934325621882E-004
   2.8997739745876747E-004
   2.9839621081130790E-004
   3.0845957279095190E-004
   3.3541271799133522E-004
   3.2142317594059894E-004
   2.6623387967859234E-004
   2.5767621759684460E-004
   2.8878584994802419E-004
   3.3327858286184630E-004
   3.3582774317774750E-004
   3.1429720892997911E-004
   2.9850025960233609E-004
   3.3162347158383819E-004
   2.7356824896028085E-004
   2.8029900592357692E-004
   3.0561291966210296E-004
   3.0524799210055766E-004
   2.8221396626319946E-004
   3.5148337554204791E-004
   3.0269626041881458E-004
   3.1731646537036084E-004
   2.8124915731415483E-004
   2.7712688252590450E-004
   2.5967100083277011E-004
