   3.4814017321086642E-004
   3.6050300724134660E-004
   3.5176872258427727E-004
   3.3644095493761989E-004
   3.1123212352057836E-004
   3.6074386910580855E-004
   3.6383064686910092E-004
   3.1905361091842427E-004
   3.2476099688612237E-004
   3.2287518211000056E-004
   3.5825801092291429E-004
   3.1438574672384897E-004
   3.1051024608592118E-004
   2.9908088203246710E-004
   3.2998499357616689E-004
   3.4112897467816912E-004
   3.4056065086249688E-004
   2.8215328959064090E-004
   3.5642366649662745E-004
   3.7573984699184584E-004
   3.6757983869052451E-004
   3.1758861686040509E-004
   3.3132797048685914E-004
   3.1885671378985037E-004
   3.7657503666169124E-004
   3.5070611966456645E-004
   3.4866805680058111E-004
   3.6621833508630611E-004
   3.3874153945714864E-004
   3.6359666070613547E-004
   3.6622980408635331E-004
   3.2242627112366964E-004
   2.9535350818293322E-004
   2.9564977242019263E-004
   3.8005251109656251E-004
   3.9083012666277922E-004
   3.5182985937565555E-004
   3.9323324131868974E-004
   3.1405335969364613E-004
   3.4430326105776635E-004
   3.1044591879422848E-004
   2.8156381404024350E-004
   3.3826334695210989E-004
   3.6748609476840101E-004
   3.4935169400217254E-004
   3.0588256051578379E-004
   2.7469595947064403E-004
   3.0496924681098716E-004
   3.6287262140607230E-004
   3.5296544190788095E-004
   3.4664762593118406E-004
   3.2141099271512863E-004
   3.1650128733649418E-004
   3.5349213958560009E-004
   3.0598318424484016E-004
   3.0831836067018407E-004
   3.7582801386703093E-004
   3.1799077554316748E-004
   3.1720832802299465E-004
   3.3422483304804205E-004
   2.9653866301316688E-004
   3.1911026590840424E-004
   2.7531878636509282E-004
   3.2058594865105915E-004
   2.9047993296075331E-004
   3.6854606326826371E-004
   3.2465987580224939E-004
   3.4250684415910971E-004
   3.5504961280298264E-004
   3.2851253414583752E-004
   3.9091640325731962E-004
   3.7913723486722217E-004
   3.1240424371984266E-004
   3.8432949756651776E-004
   3.6110517384059347E-004
   3.5616989685017955E-004
   3.8013832320874961E-004
   3.1048909843180871E-004
   3.3084562268143839E-004
   3.6492190556027703E-004
   3.0530487487169267E-004
   3.3924084792254016E-004
   3.0955204747383665E-004
   2.8112252852392766E-004
   3.0113174220111448E-004
   2.9392658889306096E-004
   3.5024045109112299E-004
   2.8584572130641245E-004
   3.2528412493963157E-004
   3.0184043795299288E-004
   3.4348891431815946E-004
   2.9702478817681955E-004
   2.8708222129703384E-004
   2.9816671454846390E-004
   2.8842347302603138E-004
   2.8287540001872212E-004
   3.0750722160953465E-004
   2.9513657126803818E-004
   2.7266583606488335E-004
   3.5901519957961826E-004
   2.9168218464561930E-004
   3.4612231961385863E-004
   2.8796846185122452E-004
   3.2292960255267031E-004
   3.3465356626593271E-004
   3.7331023383455774E-004
   3.4326201882922393E-004
   2.9783995071564937E-004
   3.1171390493081228E-004
   3.6723558603526577E-004
   2.7314512037448379E-004
   2.9558016558467969E-004
   3.4328039339315167E-004
   3.6997548190192741E-004
   3.5040531017992783E-004
   2.9624919457995957E-004
   3.5053444405293050E-004
   3.3446266399816938E-004
   3.0195542183499989E-004
   2.9581572805787950E-004
   3.4279830128368919E-004
   3.6100206336769550E-004
   2.8673380372898463E-004
   3.0681534059668188E-004
   3.5205445301493359E-004
   3.5773790094363936E-004
   3.2924028882375507E-004
   3.7561941946108750E-004
   3.1054766486076350E-004
   3.3828756414308337E-004
   3.3387706429129945E-004
   2.8817121567439148E-004
   3.4006202074738550E-004
   3.7914281367711035E-004
   2.7380893475815619E-004
   2.8963042838716350E-004
   3.4272234002396152E-004
   3.6650126212671875E-004
   3.6666238929851803E-004
   3.2756996505130720E-004
   3.4632112451247820E-004
   3.1069684926801470E-004
   2.7832234991221548E-004
   2.9135266830099840E-004
   3.5461882454398855E-004
   2.9521645605752096E-004
   3.3998084797579633E-004
   3.0520708051706729E-004
   3.4863574657029720E-004
   3.1513705711453251E-004
   3.1496622477042934E-004
   3.6393967495283573E-004
   3.4351818157352186E-004
   2.9507218289316623E-004
   3.1789281059552946E-004
   3.1091737294290260E-004
   3.0272472764565319E-004
   3.3722918470381142E-004
   3.4981779176564934E-004
   3.5585650979030040E-004
   3.8034909245655797E-004
   3.5015341500271033E-004
   3.1494380347593383E-004
   3.3899471053182577E-004
   3.2198853343153792E-004
   3.2531368085511662E-004
   3.0493720719973840E-004
   2.9484942609617318E-004
   3.8738133650818857E-004
   3.7350079335961761E-004
   3.0061512765928371E-004
   3.3303975913331229E-004
   3.3364146633870542E-004
   3.6049788050459126E-004
   2.8880812921954830E-004
   3.3159003701849221E-004
   2.7859636274525353E-004
   2.6831907375420499E-004
   2.9438019972171005E-004
   3.6458952534931203E-004
   3.5231984838768863E-004
   3.2314320179322294E-004
   2.7372004896479796E-004
   3.9322749763360615E-004
   3.9620927894695946E-004
   3.3984403345741052E-004
   3.1519478921858819E-004
   3.0243942065332581E-004
   3.0863471187603139E-004
   3.0654603094580336E-004
   2.9163757896273694E-004
   3.4558539664684919E-004
   3.3081436788307488E-004
   3.7946334626285598E-004
   3.4165324694541955E-004
   2.8216998088057395E-004
   3.3413541592616005E-004
   3.2921230696842621E-004
   3.6753631312617902E-004
   3.2064863436198307E-004
   3.0138566614874217E-004
   3.1960772149071615E-004
   3.1606106858899686E-004
   2.8569827064612154E-004
   2.8696342216206518E-004
   3.5642700515738074E-004
   3.4275546083048486E-004
   3.3257195388755172E-004
   3.5168837648808914E-004
   3.5501002196291896E-004
   3.0539339225956825E-004
   3.0577357594298044E-004
   3.5917818943214503E-004
   3.3557215500861024E-004
   3.1470556900845443E-004
   2.8210371657191538E-004
   2.9911138859081064E-004
   3.1028551462740443E-004
   3.8418380501622080E-004
   3.0679027694816642E-004
   3.3914601867076965E-004
   3.0319177058646000E-004
   2.8649991795372931E-004
   3.1264933696649325E-004
   3.4208942660446726E-004
   2.9037947322780683E-004
   3.4242318270579739E-004
   3.6096288151259343E-004
   3.8316939628929960E-004
   2.9700770658826377E-004
   2.7630811078218145E-004
   3.3083642802966980E-004
   3.0307945359859872E-004
   2.8301817996030605E-004
   2.8668868602703119E-004
   3.7133105334199280E-004
   3.4550214505484251E-004
   2.9841966822023459E-004
   3.3212576409412603E-004
   2.9420929682777371E-004
   3.4778880777119723E-004
   3.6973347004281139E-004
   3.0996271380546563E-004
   3.3920509243167980E-004
   3.7592380718048062E-004
   3.5259744015635999E-004
   3.1225605314261619E-004
   3.7266327617887715E-004
   3.6786498255617095E-004
   3.1510370965762971E-004
   3.6708760234970748E-004
   3.2486208893395789E-004
   3.0804414368795790E-004
   3.0313976393083164E-004
   3.1218550821404944E-004
   3.2698022198938466E-004
   3.0242619114322788E-004
   3.1876142332852141E-004
   3.0952337617620604E-004
   3.0767557907863556E-004
   3.1272589743439798E-004
   3.3591281428945098E-004
   3.4824881786819196E-004
   3.2906474639039389E-004
   3.0877128057054174E-004
   3.2565501874032223E-004
   3.4702365810104926E-004
   3.6163364414950043E-004
   3.5766490999028158E-004
   3.1287344181981226E-004
   2.7682317389311577E-004
   3.8059657563120809E-004
   3.4071715999702516E-004
   3.4961733757151743E-004
   3.4301095856269155E-004
   3.5793227468098189E-004
   2.8854744144394298E-004
   3.6548204389856033E-004
   2.9711739354600227E-004
   3.5102832864300433E-004
   2.9155531354242649E-004
   2.9478084860983027E-004
   3.3842721366782159E-004
   3.3247968796408571E-004
   3.0192590580318792E-004
   3.2391436665888995E-004
   2.9399586489126968E-004
   3.3191805777588098E-004
   3.5941270705862436E-004
   2.7093458177673163E-004
   3.4788917947370097E-004
   3.4287079960553738E-004
   3.4289453772369213E-004
   3.0105922708466043E-004
   3.0310210296823558E-004
   3.1203033027227641E-004
   3.3541437918153374E-004
   2.8783794669423612E-004
   3.3459081280087690E-004
   3.6958818500375560E-004
   3.7836935803122645E-004
   3.3311721147341578E-004
   3.3165128837881613E-004
   3.7123405864395147E-004
   3.1931861652092407E-004
   3.0992608838814069E-004
   3.0113835946941539E-004
   3.1574943427894022E-004
   3.3286853563366736E-004
   3.9032524066817507E-004
   3.6548374963754198E-004
   3.7087921463344482E-004
   2.8316269532251430E-004
   2.9454344477958542E-004
   2.9787317316878431E-004
   3.3147093721270311E-004
   3.0644122148160250E-004
   3.0234751071783332E-004
   3.0279371914347186E-004
   3.4711936518380215E-004
   3.8038949794914461E-004
   3.4616219725684807E-004
   3.0397681206630170E-004
   3.7765896223459274E-004
   2.9754846142795072E-004
   3.7888951684542587E-004
   3.2294361323346077E-004
   2.7886642514357422E-004
   3.3373024912440260E-004
   3.5938283387298937E-004
   3.5278795617959359E-004
   3.6917411215304781E-004
   3.4539869528943504E-004
   3.1353134115940284E-004
   2.8702414928565261E-004
   2.9882081400777133E-004
   3.8561533476931162E-004
   3.2015277802923905E-004
   3.5344993592503857E-004
   3.0679037828770729E-004
   3.1133093026871201E-004
   2.9262207162881988E-004
   3.2600742065037582E-004
   3.6264892935883894E-004
   3.7642887438892129E-004
   3.0375603389690923E-004
   2.8714116110445387E-004
   3.5432283627620000E-004
   3.4233587764212009E-004
   3.0899649053913678E-004
   2.9142260082072559E-004
   3.0621987391015566E-004
   3.4196232999369824E-004
   2.8737880441623607E-004
   3.3466381052016695E-004
   3.6666512933164176E-004
   3.1875271230777190E-004
   3.2348695749836553E-004
   2.8523348753706440E-004
   3.4070663155860031E-004
   2.9842500702536461E-004
   2.6621308337124703E-004
   3.1311340847327550E-004
   3.0613122442299593E-004
   3.3333992279013699E-004
   3.8150237089214488E-004
   3.0066991953365147E-004
   3.6391242524403994E-004
   3.2492464077122550E-004
   3.0444151266745647E-004
   2.8187608646577071E-004
   2.8781661591334022E-004
   2.7436063360390829E-004
   4.0869751180133262E-004
   3.4486694049263244E-004
   3.6214826662621136E-004
   3.1570763339117515E-004
   2.8794998525062031E-004
   2.9871195146026741E-004
   3.7822259130624626E-004
   2.9229068520225286E-004
   3.4908639988457416E-004
   3.6511255393242029E-004
   3.8770485268087139E-004
   3.7807405097381685E-004
   3.5162900044856881E-004
   3.2143637076004374E-004
   3.0772183052782767E-004
   3.3024345333976642E-004
   2.9662446190677872E-004
   3.0685598685723154E-004
   3.0294003799481272E-004
   3.1093271828415236E-004
   3.6315623535655944E-004
   3.6472169083761431E-004
   3.0854714107313543E-004
   3.0023645491991023E-004
   3.3530411078676119E-004
   3.2634498385149957E-004
   3.3451121252217776E-004
   3.8328559217216945E-004
   3.0224098630361496E-004
   3.6438478458617921E-004
   3.5568835764508521E-004
   3.4703494342648610E-004
   2.8867325344917119E-004
   2.7995422588239532E-004
   3.1991648264764809E-004
   3.1314503023494592E-004
   2.8294349094861229E-004
   3.8383203347899710E-004
   3.5954973512393197E-004
   3.0269519999075525E-004
   3.6814959308225178E-004
   3.3451033985745847E-004
   3.5303365711210783E-004
   2.8862956269542779E-004
   3.7243938378293085E-004
   3.0959391522255051E-004
   2.9297387618779672E-004
   2.7638235503617248E-004
   3.2529434230083601E-004
   2.8605889703730176E-004
   3.1141558378078158E-004
   2.9163300529134962E-004
   3.3806787073096281E-004
   3.5430420958919415E-004
   3.6725235262735981E-004
   2.9594912357393591E-004
   3.6110393978926858E-004
   3.2850855973180862E-004
   3.1644534391098877E-004
   3.6453046909203806E-004
   3.1245718008450881E-004
   2.9380121112177317E-004
   2.7822639623395501E-004
   2.9739215469919204E-004
   3.5514189256379453E-004
   3.0776549659560854E-004
   3.6662437640209842E-004
   3.6572954099236475E-004
   3.2961307330166192E-004
   3.3715339084311035E-004
   2.7878332192646964E-004
   2.9482163361240014E-004
   2.9363683795386353E-004
   3.6011328153524635E-004
   3.4642908812307133E-004
   3.2479114301981154E-004
   3.4035504855400406E-004
   3.6443680003657610E-004
   2.8188088557857481E-004
   2.7903441450418667E-004
   3.3442839471493180E-004
   3.6682664023251680E-004
   3.5568465901228825E-004
   3.1362572957355472E-004
   3.5593913006382234E-004
   3.5429320241250824E-004
   3.0607868556492443E-004
   3.2278866723768721E-004
   3.6215000056433714E-004
   3.6008312621410425E-004
   3.0002390827238077E-004
   3.0241767707288775E-004
   3.0877642634396775E-004
   3.2221325763092740E-004
   3.4753637514586632E-004
   3.7433984276594797E-004
   2.8429784590628928E-004
   3.5454489165679895E-004
   3.7474004765122881E-004
   3.5089333169667242E-004
   3.5860532173764863E-004
   3.4095974559587942E-004
   3.6107218184516684E-004
   3.8327435893844691E-004
   3.0695511678754522E-004
   3.5933651034096765E-004
   3.1085833463372623E-004
   3.4496868651630628E-004
   3.9356168903983513E-004
   2.9696734228823116E-004
   3.2069728720775362E-004
   3.2801737722955196E-004
   3.5547160926300989E-004
   3.3710842304114549E-004
   2.9086951126051377E-004
   3.5646132411160970E-004
   3.5506873304471851E-004
   4.0948298738298112E-004
   3.0000834791728373E-004
   3.4976246859616886E-004
   3.5977631855181889E-004
   3.7036148175103071E-004
   3.0938758097418098E-004
   3.5665890329052792E-004
   2.9626208651554981E-004
   3.5260544110586275E-004
   2.9656478647647615E-004
   3.7017726737173349E-004
   3.7912077114363738E-004
   3.3018194646601730E-004
   3.7659487422102777E-004
   3.0443313268206505E-004
   3.1138619222456518E-004
   3.6417879550512412E-004
   3.8105739843729251E-004
   2.8236603566553789E-004
   2.9291360435846757E-004
   3.0965592072078161E-004
   3.2449273506980305E-004
