   3.1613237683107703E-004
   3.2842968402618436E-004
   3.4447452814890243E-004
   2.9832885483329626E-004
   3.1837807105176811E-004
   3.4905017224809171E-004
   3.6694407913887066E-004
   3.5273389859250145E-004
   3.0591234997376398E-004
   3.4005912328569478E-004
   2.9763798009736677E-004
   3.1009431320446553E-004
   3.5956509723697694E-004
   3.6675921078149049E-004
   3.1912289588296636E-004
   3.3873679334631157E-004
   2.7551073412824086E-004
   3.0545419097151760E-004
   2.9051096797532913E-004
   2.7746687747773812E-004
   3.4832991035592192E-004
   3.0686110944224424E-004
   3.1660268222922459E-004
   3.1800469788135480E-004
   3.1231920233090011E-004
   3.6524161808199383E-004
   3.1486880803022329E-004
   3.7319956447723351E-004
   3.0692833879509255E-004
   3.2552014401323909E-004
   3.4851064007116128E-004
   3.3373208136383109E-004
   2.7520372126696463E-004
   3.9734020051092404E-004
   3.7483601475989635E-004
   3.2827265529867633E-004
   3.4559467241791281E-004
   3.0174144561767753E-004
   3.1083553465607834E-004
   3.1799193941070428E-004
   3.2316178310980680E-004
   3.4244870458953865E-004
   3.4813251062676024E-004
   3.6442740198751658E-004
   3.7562780275871011E-004
   3.4488516943577868E-004
   3.7281861753820468E-004
   3.7610504038461271E-004
   3.5189499999963101E-004
   3.1045678962819803E-004
   2.7037292427309139E-004
   3.0046099224236694E-004
   3.5878010458084589E-004
   3.3114770115294279E-004
   3.0850231610151285E-004
   3.3960310880508512E-004
   3.8850421514319392E-004
   3.2942538382690120E-004
   3.6128067473695496E-004
   3.5856132770644637E-004
   3.5359287630989499E-004
   3.4337083031112076E-004
   2.8579940092615929E-004
   3.6804994274343433E-004
   3.3140120952094350E-004
   3.1409974815238621E-004
   3.5672992922869341E-004
   3.2598015315741071E-004
   3.0443912253741494E-004
   3.5426298439419554E-004
   2.7568932866926316E-004
   3.2785473123011979E-004
   3.3117992610061121E-004
   3.7080950163222094E-004
   2.9208801234109876E-004
   2.9468208154155741E-004
   3.4897622828449474E-004
   2.9747984291080172E-004
   3.3036719146838051E-004
   3.8524671159005495E-004
   2.9851495142261278E-004
   3.0501118164697513E-004
   2.7875160568512634E-004
   2.8896948649360943E-004
   3.4465350192492198E-004
   2.7570677738412595E-004
   3.3041405119754199E-004
   3.3265438942015941E-004
   3.2270816367929771E-004
   4.0465859955495425E-004
   3.1745996704137192E-004
   3.6941182311856532E-004
   2.6992181065251420E-004
   3.0973945405030930E-004
   3.0359548621878912E-004
   3.4304716979440659E-004
   2.9501069251158975E-004
   3.2747840528898626E-004
   3.1143944593215741E-004
   3.3759344737153383E-004
   3.8939129539936783E-004
   2.9559102662174766E-004
   3.0402123685358044E-004
   2.8741598927655289E-004
   3.3471169295235025E-004
   2.7948961225293775E-004
   2.9192500002724595E-004
   3.2265277584916864E-004
   3.5681500768003160E-004
   3.0707622931334575E-004
   3.4060970815834990E-004
   2.9013961183057570E-004
   3.4198053199612952E-004
   2.9043376230153823E-004
   3.1059788409077224E-004
   3.1445285241430619E-004
   3.8271654298907510E-004
   3.0181324191496289E-004
   2.9833765704897445E-004
   2.9030148575190585E-004
   2.9252679779579924E-004
   2.8808933580714251E-004
   3.1299294924621879E-004
   3.0851808824385144E-004
   3.6657907600302848E-004
   3.6464325890366283E-004
   3.1215956907976238E-004
   3.3343187968269705E-004
   3.1606340425663435E-004
   3.9510219703127355E-004
   3.2508190360351619E-004
   3.1775180618019716E-004
   3.4509502562023230E-004
   2.9974002996747143E-004
   3.7663437200162800E-004
   3.4282660969407839E-004
   3.0388263864632457E-004
   3.3946103357934720E-004
   3.0816656087913764E-004
   3.0486386065797360E-004
   3.1235829321835850E-004
   2.8481194192489772E-004
   3.6076982195327030E-004
   3.4595775288027823E-004
   2.9294628547824574E-004
   3.0585617130766073E-004
   3.1446120300481276E-004
   2.6832681131944212E-004
   3.6436649015987338E-004
   3.5152583554811788E-004
   3.6126149424974691E-004
   3.7349039500513795E-004
   3.5016142302277933E-004
   3.2863012800578767E-004
   3.8038275527702524E-004
   3.9060875309326876E-004
   3.1548497117521787E-004
   2.9185769026803161E-004
   3.4802817374637120E-004
   3.6667252872891711E-004
   2.8050995916866324E-004
   3.4271211791740897E-004
   3.6694696393287535E-004
   3.5485243249348705E-004
   3.1615679632758558E-004
   3.5224387769706983E-004
   3.0412365952288786E-004
   2.8299155193638761E-004
   2.9675615432343708E-004
   3.0919117597464225E-004
   3.6049496798045924E-004
   3.4604754221630976E-004
   3.2329587018758722E-004
   3.4578577544403552E-004
   3.6284718827853520E-004
   3.1640837382914587E-004
   3.3756314447108400E-004
   2.8126008397155966E-004
   3.1285543872812329E-004
   3.3126630180460055E-004
   3.9479095682393980E-004
   3.5470295204022165E-004
   3.0544386311488032E-004
   3.6482337634195620E-004
   2.8352450803030538E-004
   3.0670747118934278E-004
   2.7911471848318328E-004
   3.1372464033037974E-004
   3.4785121112003968E-004
   3.4009525340214573E-004
   3.2021859133966977E-004
   3.1243321068566540E-004
   3.4868872580808837E-004
   3.6661366272225940E-004
   3.4989795330871734E-004
   3.2954531657893303E-004
   3.5752853866390539E-004
   2.7584210684624284E-004
   3.1536768821200560E-004
   3.0376961059167581E-004
   3.6117474422889636E-004
   4.0704835330560479E-004
   3.4348004956262490E-004
   3.2278564679731039E-004
   2.9415818609331647E-004
   2.9086986108412178E-004
   3.4716201613841632E-004
   2.8167036456041748E-004
   3.5151771667456304E-004
   3.1640976942248983E-004
   2.8990548200623627E-004
   2.9402349515057037E-004
   3.4890755934483214E-004
   3.0370991351439227E-004
   2.9256200848467369E-004
   3.6143833096993186E-004
   3.9708451251601782E-004
   3.5278255082685174E-004
   3.5126177785044569E-004
   3.0875714927439845E-004
   3.1311947919887079E-004
   3.2136804576528852E-004
   2.7569702751804008E-004
   2.9475092507012817E-004
   3.3445819792827955E-004
   3.4435939142591195E-004
   3.0655396392569706E-004
   3.5255935763405118E-004
   3.7340421685798614E-004
   3.1712038315300487E-004
   3.0129926794920074E-004
   3.4420294877505949E-004
   3.1019936473904326E-004
   3.8501581226660684E-004
   3.2950924981412860E-004
   3.4834192901349645E-004
   3.6187958845430049E-004
   2.9288621000956379E-004
   3.5982212287586246E-004
   3.2548013580440191E-004
   3.4300497878567274E-004
   2.9739987829720423E-004
   3.4279288918427544E-004
   3.4300115493029473E-004
   3.7448188897561282E-004
   3.6124598841852238E-004
   3.2928554075050694E-004
   3.0888440641279702E-004
   3.0455902509131020E-004
   3.5183837443732944E-004
   3.5887710338474354E-004
   3.7123248644124838E-004
   3.4792093498180524E-004
   3.2356197606359598E-004
   3.4885370039203396E-004
   3.5974922544599540E-004
   3.0130877727525227E-004
   2.6084226206466875E-004
   3.2527090793952771E-004
   3.2998276345033402E-004
   3.4272800937562700E-004
   3.2665006022956764E-004
   3.3880657485951452E-004
   3.0089440813861585E-004
   3.6789755960585797E-004
   3.2302260082368910E-004
   3.4058173772732022E-004
   3.6880414341327255E-004
   3.3178843494848138E-004
   3.5284316133501553E-004
   3.2310852943530507E-004
   3.0135896521541307E-004
   3.8810557884582584E-004
   3.4388376415631273E-004
   2.9417916282862937E-004
   2.9647853049309290E-004
   3.5711128240653356E-004
   3.5535081847914139E-004
   3.3755558320272300E-004
   3.1829736811947397E-004
   2.8984944255470161E-004
   3.0523332134678314E-004
   3.3933953402847181E-004
   3.5728548285791098E-004
   2.9581340981945487E-004
   2.8473445730876391E-004
   3.1316984119386827E-004
   2.9073360833220356E-004
   3.0096511355570026E-004
   2.7594420152548816E-004
   2.9017353948603095E-004
   3.1719439003870232E-004
   3.9217767998432721E-004
   3.3005993021018341E-004
   3.3973678987431172E-004
   3.2174805973353730E-004
   3.5052241188234380E-004
   3.6283601403392941E-004
   3.5966924658275857E-004
   3.0232852985550478E-004
   3.0467410924298895E-004
   2.6685927323311050E-004
   3.0195653413214035E-004
   3.2817279868139831E-004
   2.8572991135487668E-004
   2.7500474702160318E-004
   3.7939954083126290E-004
   3.8200488777186370E-004
   3.0711629803691391E-004
   3.2914306171027632E-004
   3.5032561491257888E-004
   3.5216517470810788E-004
   3.2759008892919994E-004
   3.9233377105216789E-004
   3.9056503819146870E-004
   3.0559526429143279E-004
   3.0336549144203626E-004
   2.9902917937576047E-004
   3.9303400238195472E-004
   3.1294082288135198E-004
   3.2827506818137835E-004
   3.0034798420591600E-004
   3.4754399100069905E-004
   2.9898583120144110E-004
   3.0867935155013375E-004
   3.1932744963103363E-004
   3.2067454444625621E-004
   3.7498639775777399E-004
   3.1279867793727580E-004
   3.1769342635462600E-004
   3.2964672929142652E-004
   3.4349217319313842E-004
   3.1450412520563097E-004
   3.5023123649085132E-004
   2.9918029202100218E-004
   3.5079923878470154E-004
   3.0929098146573853E-004
   3.0191445401369586E-004
   2.9635518997672851E-004
   2.7430215937015540E-004
   3.1729067293077460E-004
   3.1435307470468039E-004
   3.0322084967642415E-004
   3.4748037636790874E-004
   3.5107699320981878E-004
   3.7569825666635987E-004
   3.4762163894623706E-004
   2.8646099338702931E-004
   3.0545428023112144E-004
   2.8667467608969020E-004
   3.3842779800260478E-004
   3.1109502331545645E-004
   3.5477928178860823E-004
   2.9607068581067827E-004
   2.9412468002409703E-004
   2.7532148334168783E-004
   2.9751270235068954E-004
   3.3756670456058828E-004
   3.6399097576059083E-004
   3.4498967317240982E-004
   2.9773844986507686E-004
   3.4628154151078374E-004
   3.2351431652054085E-004
   3.3784240983651686E-004
   3.1225123590082192E-004
   3.0485781181587549E-004
   3.1642156434287337E-004
   2.9280820938386163E-004
   3.0053400402257603E-004
   2.9360155458580138E-004
   3.6032228358836432E-004
   2.9228007073906821E-004
   3.1109539395521784E-004
   3.8801474461568162E-004
   3.5777978618587011E-004
   2.9499320626666831E-004
   3.9009145538945641E-004
   3.8321189309041293E-004
   3.2720972560393877E-004
   3.1599591625373522E-004
   2.9090926934853409E-004
   2.7638252203364508E-004
   3.0658394293266872E-004
   3.5283613561304074E-004
   3.5524902128321643E-004
   3.4913782466424327E-004
   3.6635579311455164E-004
   3.6935512251410149E-004
   3.5192635640338035E-004
   3.0160577979970770E-004
   3.4723250196503291E-004
   3.3461960126150838E-004
   3.6853382075516104E-004
   2.9933705389808733E-004
   2.7902665902058299E-004
   3.0414839520000035E-004
   3.1900494458862873E-004
   2.8218806279657675E-004
   2.9302156397235913E-004
   3.7029220707474443E-004
   3.6405625574283454E-004
   3.4329640617191038E-004
   3.4737824454680579E-004
   3.3056508971886765E-004
   3.5889743040827798E-004
   3.0031654758789724E-004
   3.5370871207836578E-004
   3.7693862189916059E-004
   3.0223282035595888E-004
   3.4986119039109154E-004
   3.7351161680889127E-004
   3.5685015930796653E-004
   3.6173235666565266E-004
   3.1883147922813081E-004
   3.8522286559719955E-004
   3.4426410047680303E-004
   3.6613604015673832E-004
   2.9249471401902850E-004
   3.6788050972713410E-004
   3.3149374709688965E-004
   3.7871548305133706E-004
   3.2210395653713494E-004
   3.2174854120758754E-004
   3.6714297707929951E-004
   3.4893598123697067E-004
   3.0880027074116915E-004
   3.2005316883141249E-004
   3.2931882097315821E-004
   3.0740074491745031E-004
   2.7270433035352375E-004
   3.7050393731439250E-004
   2.9859218943339852E-004
   3.5667800034344909E-004
   3.8759684763129082E-004
   3.4988637179619528E-004
   3.5700226220738610E-004
   3.4260810366309313E-004
   3.3645543794952407E-004
   3.2085096302363959E-004
   2.9386018572945456E-004
   3.4748516135292535E-004
   3.9386640890380354E-004
   3.5417071375564232E-004
   3.4866177661845742E-004
   3.0286897356780149E-004
   2.9491833022621657E-004
   3.1200950512762606E-004
   2.9099413284373995E-004
   3.6763192038634151E-004
   3.5585401492191479E-004
   3.1897553668799102E-004
   3.2342651893890728E-004
   3.7054150525667846E-004
   3.4721454202236909E-004
   3.7104693916670088E-004
   3.0109435501194488E-004
   3.4249364532156515E-004
   3.1626175245615113E-004
   3.4112954522286763E-004
   2.8510620814783705E-004
   3.4048496496043431E-004
   3.8358297023598036E-004
   3.6068840710696832E-004
   3.5113976281694106E-004
   2.6544207639983010E-004
   2.9452121457576249E-004
   3.0112336735890657E-004
   2.8019240532783452E-004
   2.9398460910278493E-004
   3.1873789714198292E-004
   3.3226308005355120E-004
   3.0057798621777222E-004
   3.5662679095208949E-004
   3.1405094313877993E-004
   3.7540740666705763E-004
   3.4076600757125596E-004
   3.1225366851054073E-004
   3.3373466575242143E-004
   3.5092772191476577E-004
   3.4591353603790449E-004
   3.4518753886651207E-004
   3.1034319679533711E-004
   3.5494003416562935E-004
   3.7538438815315673E-004
   4.0400014261099951E-004
   3.6893348253815987E-004
   3.7364699943932209E-004
   3.3734369596739584E-004
   3.0555240815551666E-004
   2.8811704550768026E-004
   3.5752290544046890E-004
   3.4423121070926895E-004
   2.8394817871762855E-004
   3.6082788622800443E-004
   3.9473962994933490E-004
   3.3544739640231945E-004
   3.1508279065750784E-004
   3.4594715303851609E-004
   3.8344508989458440E-004
   3.4522849865245260E-004
   3.5233396924940673E-004
   3.5600974057877329E-004
   3.5981107849959243E-004
   3.9204729537054001E-004
   3.1414355263000856E-004
   3.0577108092208423E-004
   3.4795160449245483E-004
   3.2945370435121625E-004
   3.0125024936134958E-004
   3.7246397052355807E-004
   2.9025239181003527E-004
   2.8511616166751556E-004
