   7.2427395423905550E-004
   7.2073243804915844E-004
   8.3006605808510960E-004
   7.8946457889868954E-004
   7.1429195805612373E-004
   6.6142169962320728E-004
   7.9513862389088191E-004
   7.1682957859403585E-004
   8.3041230467035437E-004
   8.2576471031244449E-004
   7.0447316133923511E-004
   6.8280022979532026E-004
   8.1851371055419197E-004
   7.9905553507176653E-004
   8.0409922721159032E-004
   7.2274689995041001E-004
   6.6024840538253862E-004
   7.0185779510841613E-004
   8.1109702484799702E-004
   7.9075512511291631E-004
   8.0228070830398420E-004
   7.1216490493927265E-004
   7.6857404193651010E-004
   8.0910209726051195E-004
   8.2044177680482694E-004
   8.2843433204909489E-004
   6.9609876609603028E-004
   7.0183624030250419E-004
   7.2551292930540681E-004
   7.8420794774999164E-004
   6.6711910890820134E-004
   8.1492667892330863E-004
   8.0127450687912096E-004
   7.8034013104376864E-004
   7.1596182182387738E-004
   6.8529627246466396E-004
   7.8216353543029374E-004
   6.7184397560875837E-004
   7.1249341911032178E-004
   7.1486522092425705E-004
   6.9731237679531897E-004
   7.0717266981376050E-004
   6.9487076356047580E-004
   6.9595447020444118E-004
   8.1920239919531764E-004
   8.0205845661467014E-004
   7.0375227524791136E-004
   8.1345063286417953E-004
   6.8617828543362320E-004
   7.3055541853605708E-004
   7.9335479219679256E-004
   8.1210095150112817E-004
   7.1439445753300706E-004
   7.7305860096318663E-004
   8.0342056645729394E-004
   7.0382886155203933E-004
   7.9612184762062332E-004
   7.1509352583730456E-004
   7.4041890577707418E-004
   7.0298679273566407E-004
   8.0079355953849198E-004
   8.3315858667750093E-004
   7.3593864913009115E-004
   6.7001249295857066E-004
   6.5887840598876182E-004
   7.4255154569220327E-004
   6.9656549237540478E-004
   8.1817283064776719E-004
   7.9958375727368829E-004
   7.2873751488983099E-004
   8.0031431729951392E-004
   7.5921813369161754E-004
   7.1418575209968461E-004
   7.4611327259041028E-004
   8.0362055054525848E-004
   7.3247569722931227E-004
   7.2552426931583359E-004
   8.0358894470620361E-004
   7.0038364092864529E-004
   8.1847051480052845E-004
   8.2728648992467038E-004
   7.9110975442303329E-004
   7.2014609001452238E-004
   7.3243510152667349E-004
   7.2742529781218319E-004
   7.4143496448506139E-004
   6.9027888876609382E-004
   7.0583626017455502E-004
   7.8799057835547194E-004
   7.8084613821991899E-004
   8.0861257200239435E-004
   6.8285403356165974E-004
   7.1777684399451864E-004
   7.8548866071441437E-004
   8.0304166727050773E-004
   7.7831194635464879E-004
   7.3355415186309141E-004
   7.2433176214430398E-004
   7.9765630640176962E-004
   6.7715738576390233E-004
   6.7899472328853045E-004
   7.7208414734556698E-004
   6.7616715774589803E-004
   7.6645173547495787E-004
   7.1706253103068207E-004
   7.0260132607854217E-004
   7.4473463669350764E-004
   8.0807657690091573E-004
   7.2841454088345980E-004
   7.7772550353708274E-004
   7.8460353443156534E-004
   6.9099509819538370E-004
   7.2973870446296351E-004
   8.1548834260992064E-004
   6.7817692579394255E-004
   7.2128932238182898E-004
   8.1893038380305091E-004
   6.8592931361190082E-004
   8.1088334368229018E-004
   7.7318990387914663E-004
   6.7801646692341685E-004
   7.0428782572179243E-004
   7.7254732540791963E-004
   7.8376032014555307E-004
   7.1717298248551663E-004
   7.1245111142815968E-004
   6.9606490558985531E-004
   7.9662835525761669E-004
   8.1976918180915500E-004
   8.1478289871372346E-004
   7.3246520510246427E-004
   7.8171534804984577E-004
   7.7514448218533373E-004
   6.9372856164162373E-004
   8.0177914343754122E-004
   7.1523948851786570E-004
   7.8137355775790044E-004
   7.3230897728441776E-004
   7.6934964469931380E-004
   7.1062033058027889E-004
   7.0794475538688570E-004
   7.4576735571295068E-004
   7.8129631412026236E-004
   7.9755054457154178E-004
   7.8270775950563156E-004
   8.0368085655615855E-004
   8.4688099180376102E-004
   7.7428669689308415E-004
   8.1715598562477154E-004
   7.2360648302662218E-004
   7.7560122169678604E-004
   8.2609295810630009E-004
   8.4591997371068477E-004
   8.2000451971613541E-004
   7.7289248076234515E-004
   7.8598955497495375E-004
   7.3093658995559540E-004
   7.9446103583992098E-004
   8.3129441004149089E-004
   8.1012663936110636E-004
   7.1705775287921665E-004
   7.9129776660314701E-004
   7.6915874421371326E-004
   7.0462302444360342E-004
   8.0244115345199805E-004
   7.3558705906874404E-004
   7.1404154881043742E-004
   8.3932273293723964E-004
   7.2280034571160507E-004
   7.2713141916708364E-004
   7.1833268352457030E-004
   7.5018905705945564E-004
   6.9378368282386658E-004
   6.6956391561593959E-004
   7.1082467318343140E-004
   7.7030511011282055E-004
   7.6517700390648345E-004
   7.5475128669663227E-004
   6.9794531787856142E-004
   6.9464504119904366E-004
   7.9001426621475121E-004
   7.2908241936217198E-004
   7.1878762327575233E-004
   8.0089351340935453E-004
   8.3448377260944041E-004
   7.7523824617113668E-004
   7.1165375912055409E-004
   6.9964059259500135E-004
   7.2929564875255084E-004
   7.8842074105704707E-004
   7.0453927901177257E-004
   7.0252386058178924E-004
   7.7211306824605697E-004
   7.5852313457697260E-004
   8.0258096772917870E-004
   7.1441668554592347E-004
   6.8919498826966257E-004
   7.3464468882459145E-004
   7.2386873837352965E-004
   8.0641169231867845E-004
   8.3661240688553463E-004
   7.6444797526614185E-004
   7.1468747363954239E-004
   7.7987222465682182E-004
   8.2041037189924755E-004
   8.3303645307136374E-004
   7.9270727333317350E-004
   7.1399942796183111E-004
   7.5809608695981661E-004
   8.0802674185586807E-004
   8.0036624859413632E-004
   8.1861849982331264E-004
   7.5433975744829780E-004
   6.9090981022621595E-004
   6.9536280865433126E-004
   6.8597952509417775E-004
