   8.6116224308976192E-004
   8.6759873553958488E-004
   7.6031377830876041E-004
   8.8036269490830439E-004
   7.9174173328396230E-004
   8.2599128500313067E-004
   7.7347256445088847E-004
   7.9492613364414691E-004
   7.6651886175098589E-004
   8.1046863419658246E-004
   7.6325029205510432E-004
   9.6207844746932548E-004
   8.6773841495487434E-004
   8.1655234858336488E-004
   9.3919784426064123E-004
   9.4879116220373107E-004
   8.7367212806798290E-004
   9.2531941213184858E-004
   7.5695585793774333E-004
   8.6177653867760369E-004
   7.9598644097661670E-004
   8.0865458549679993E-004
   8.6769777674569842E-004
   8.7754686610705596E-004
   7.7972408152760398E-004
   8.1004809345638560E-004
   7.5613600807075861E-004
   8.4928851688109578E-004
   7.9643397152255472E-004
   7.7027001595625030E-004
   7.7179113447018561E-004
   8.4563589634368479E-004
   7.2955649444774741E-004
   8.6791516289533006E-004
   9.0076497368342932E-004
   7.7746794017458315E-004
   7.9889826793399490E-004
   7.5745975918781227E-004
   7.7334095455183674E-004
   8.8832740058372597E-004
   7.7308156701765961E-004
   9.0051923340265356E-004
   8.5552615354557123E-004
   7.7491320958477793E-004
   7.5063442463249239E-004
   7.7612840714603179E-004
   7.7006963975594892E-004
   8.7943818868331319E-004
   7.5440445568640514E-004
   8.6384220654372003E-004
   9.0616240512373790E-004
   8.8251736833389819E-004
   8.6046491447446395E-004
   8.0886595079030519E-004
   7.6341836159653622E-004
   7.6794498656542094E-004
   8.6640333629912968E-004
   8.5130987763361115E-004
   7.7445931406771315E-004
   8.6761267972601357E-004
   8.6007196527186571E-004
   7.8317338620666427E-004
   7.4656986461476313E-004
   8.2419442290781705E-004
   8.7420564489641217E-004
   9.3516937961386900E-004
   7.9170136769351237E-004
   9.2551280633178712E-004
   8.1377821632659956E-004
   8.1910673783510681E-004
   7.9067617283805618E-004
   8.6373951699018632E-004
   7.4596226143756764E-004
   8.9676259470969821E-004
   8.4418373112139507E-004
   8.6357979288108008E-004
   8.3451990279293810E-004
   7.9903893787016897E-004
   7.7021773294111211E-004
   9.5720395203757703E-004
   9.0216858286940266E-004
   8.4614555959486803E-004
   8.5515405262504343E-004
   9.4050930506732759E-004
   7.6855172574207041E-004
   9.0477662339758565E-004
   9.3570242835430131E-004
   8.7547981382717500E-004
   8.3690751208546563E-004
   8.8115452763047077E-004
   8.8178847266165092E-004
   8.9979884088335822E-004
   8.3475317997106912E-004
   8.1288559713129207E-004
   7.5603732810888878E-004
   7.4812627020088218E-004
   9.0418836016285331E-004
   8.0212961233868134E-004
   7.5751039425245249E-004
   7.8374062394295611E-004
   7.5174780556541774E-004
   7.9287992352684953E-004
   7.8991795807566005E-004
   8.4418810305452244E-004
   7.7638509056557228E-004
   8.4439381276389593E-004
   8.5659987235577138E-004
   8.8254855087153603E-004
   8.9608534378543699E-004
   7.6645584447371869E-004
   7.6254439807964822E-004
   8.0647705914891515E-004
   9.3178903304524604E-004
   9.0791906760590100E-004
   7.9552514125438324E-004
   8.7794528341754658E-004
   7.5559040030129189E-004
   8.4986964368351269E-004
   9.0223572604354574E-004
   7.7674677835918085E-004
   7.4184658351759958E-004
   8.3570276181719973E-004
   7.5767911113600918E-004
   8.0488579583958897E-004
   9.2144219679105477E-004
   8.6895825957084135E-004
   7.5556372632973844E-004
   8.9922626632097399E-004
   8.9063268111979569E-004
   9.1658488457430889E-004
   8.8812153225471173E-004
   8.0963769736412260E-004
   7.8808925451396325E-004
   8.4671492004475006E-004
   7.9552195078957347E-004
   8.7067704795727383E-004
   9.5167291131106316E-004
   9.1426962806752789E-004
   7.9365255365136222E-004
   7.7341211412749057E-004
   7.3894542295245666E-004
   7.9555443229279929E-004
   8.5924372460829154E-004
   8.9288970470050445E-004
   7.7434861743371072E-004
   9.0122623634715103E-004
   7.8255146300492513E-004
   8.5285400689077192E-004
   7.4126167875477732E-004
   8.9817011448829536E-004
   8.3117989503001129E-004
   7.5567923830366270E-004
   7.2391702379438457E-004
   7.7438283182577926E-004
   7.3121370703490727E-004
   7.9661514443475677E-004
   8.3021396359945262E-004
   7.9463172805592540E-004
   7.7800771237837444E-004
   8.7839896723934891E-004
   7.5705918060236046E-004
   8.0186802822649662E-004
   8.3335871021725390E-004
   8.9415479596665259E-004
   8.5540881835043700E-004
   8.6613733204723476E-004
   7.7332791259502297E-004
   8.4314963228624763E-004
   7.8253503365655953E-004
   8.7187198977423217E-004
   8.5034402103947382E-004
   7.5826641021177921E-004
   8.2330671652658936E-004
   8.1612580016575008E-004
   8.7564668775282995E-004
   8.0871473991472507E-004
   9.0832418730863590E-004
   7.8385717719978089E-004
   7.4496354255906643E-004
   8.6025218290336177E-004
   7.6955481158577600E-004
   9.0585485003412099E-004
   7.9564680366266355E-004
   8.0499386185230680E-004
   7.4946141514518731E-004
   8.7331202881091969E-004
   7.3735585967002058E-004
   8.3070415982243809E-004
   7.7104409838783783E-004
   8.5450504831421198E-004
   7.7924806033232927E-004
   8.6453067214340091E-004
   7.6456245100449925E-004
   8.4445641574848224E-004
   8.5839112806239447E-004
   9.7536329123581393E-004
   9.0896168305509058E-004
   7.9688709477375593E-004
   8.7514055659762969E-004
   9.4407603652566256E-004
   9.1926379188493157E-004
   8.8265415891394610E-004
   8.7331541613497093E-004
   8.9680644154229165E-004
   8.7913003710741859E-004
   8.1831128623996105E-004
   7.8017330011108442E-004
   7.8850142693227343E-004
   8.0909632682539534E-004
   8.3021569915903344E-004
   7.7257089220282452E-004
   8.3474215007973876E-004
   7.8409627829861199E-004
   8.1824689269751325E-004
   8.2225217200134154E-004
   8.1536846460524091E-004
