   8.7488922424530538E-004
   8.7734367226599205E-004
   7.7348152618249148E-004
   7.5539561197097472E-004
   7.4751936260171502E-004
   8.5377269568514766E-004
   8.1561927752456665E-004
   9.1127345041661176E-004
   8.5604629964530906E-004
   8.6768037774857777E-004
   7.4693540804141490E-004
   9.0350132720813431E-004
   8.8066708044926684E-004
   7.4907757332751384E-004
   8.2182574942498332E-004
   8.6609521024834444E-004
   7.4883314629471708E-004
   8.9149359232598333E-004
   9.1489596402699494E-004
   8.9390337916046858E-004
   8.8158583502127624E-004
   7.6152460168054498E-004
   7.8532903456846677E-004
   8.0767134618513995E-004
   9.2426977571299267E-004
   8.7920068150659824E-004
   7.5857741873173730E-004
   8.5235322564527875E-004
   8.7455321082666757E-004
   8.0780540182369030E-004
   7.7531100581797879E-004
   8.3404782640192669E-004
   7.5364852474691182E-004
   7.7076177176642184E-004
   8.7986739287325595E-004
   7.8588127011609225E-004
   7.7654213447013942E-004
   8.4039657467482203E-004
   8.8258104400660035E-004
   8.1116566014228467E-004
   8.7815728652419019E-004
   8.5899216122238965E-004
   8.8245651294611711E-004
   8.0954865665063751E-004
   7.8035225706921249E-004
   7.4786936573918987E-004
   7.3390806211018941E-004
   7.9291936699910667E-004
   9.1080915525840742E-004
   7.6148640025489490E-004
   8.8748997089657168E-004
   8.6997797458320035E-004
   7.6479146172106429E-004
   9.0448747527988971E-004
   9.0319810527797137E-004
   8.7231271658956577E-004
   8.7476208265985450E-004
   8.6537021256188570E-004
   8.0249594302009221E-004
   7.9219943630329237E-004
   9.2315195131425077E-004
   8.2219475445875127E-004
   7.9058904627350777E-004
   9.1813059398154360E-004
   7.3963223766498182E-004
   7.5205522204043580E-004
   8.6825682742005552E-004
   7.4254003007701822E-004
   7.9015013298486952E-004
   9.1533211463553483E-004
   9.1448651360968630E-004
   9.3197838701098801E-004
   7.3007470957686313E-004
   8.5643691815476372E-004
   7.5329257851931679E-004
   8.6465868618376099E-004
   7.7961614687141240E-004
   7.2222446020291738E-004
   8.8300968911666047E-004
   9.0911966523862851E-004
   8.9484651146505946E-004
   8.9953146989421150E-004
   8.6125964927953515E-004
   7.4184089469408175E-004
   8.3926023893388622E-004
   8.5975013888285135E-004
   9.2278836465147938E-004
   8.5941385862456506E-004
   8.4035225262375714E-004
   8.3948941268929822E-004
   8.6766617319437411E-004
   8.7815431419579148E-004
   7.7790426790992964E-004
   7.7339306707693812E-004
   7.5019278444189697E-004
   7.5845569950820201E-004
   7.8866920333761279E-004
   7.5305559741265090E-004
   8.6858060850350332E-004
   8.8421345665422616E-004
   7.1766765758441797E-004
   7.6291745455075153E-004
   7.7982809321499062E-004
   7.3767473592724656E-004
   8.5868244216520532E-004
   9.3263661527637361E-004
   7.5322133668633592E-004
   8.7379303000805896E-004
   7.7610805205177377E-004
   8.4675470018524032E-004
   7.5671044675569858E-004
   9.0623597243669370E-004
   8.7703945411882862E-004
   9.1860471870901456E-004
   7.6293977096993104E-004
   8.6427483859582055E-004
   9.0783026406477871E-004
   8.8651735134570098E-004
   7.4615899837941714E-004
   7.5035067659665251E-004
   8.4333178001985752E-004
   7.6978179848617408E-004
   9.1446773179599769E-004
   8.0033667491744508E-004
   7.4752474286371429E-004
   7.9826841795550764E-004
   7.7124562323686050E-004
   7.7547991415118729E-004
   7.8007875839666721E-004
   8.6050905476328470E-004
   7.5169443038305809E-004
   7.5197881024999214E-004
   7.8941800739528161E-004
   8.4881937363281675E-004
   7.7810151776420966E-004
   8.9959545461393872E-004
   8.2220959787978297E-004
   9.0246745183572043E-004
   8.7514573683125077E-004
   7.5507312816489643E-004
   7.6184915469522537E-004
   8.1451223870575317E-004
   7.3368150640082592E-004
   9.0401213411160164E-004
   8.8564604435864135E-004
   7.6400491201633191E-004
   7.3935193519434391E-004
   8.7887284032003149E-004
   7.5782447188770246E-004
   8.8769218244305419E-004
   7.3960903637245812E-004
   7.6968803740472855E-004
   8.6394141249480623E-004
   8.6589411282572205E-004
   8.7485790273782692E-004
   8.6207484600809333E-004
   7.7351666770846504E-004
   9.0722609354573194E-004
   9.2790487045497005E-004
   7.2787906555778128E-004
   7.6924769746591914E-004
   9.0740132991821358E-004
   8.4936058452747185E-004
   9.1547231196958088E-004
   7.4287833827860552E-004
   7.2100293517058246E-004
   7.3593719316892149E-004
   7.9542889229288090E-004
   8.9585691995850477E-004
   8.7645635228676222E-004
   8.9382035978937150E-004
   8.5963998044998166E-004
   8.7483508925788810E-004
   8.8094638606421897E-004
   7.7195024325698398E-004
   7.6701208346924505E-004
   7.5452426951860873E-004
   8.4907230821710329E-004
   7.7372265434796819E-004
   7.7340812395258686E-004
   7.8373429424556976E-004
   8.6803068520954025E-004
   8.0803750670810478E-004
   7.4139455673433131E-004
   8.6194990409595108E-004
   9.3534743608241747E-004
   8.2795488765361142E-004
   8.8608390705873668E-004
   7.7401032948840433E-004
   8.1570039748949177E-004
   9.6526840693806520E-004
   9.0069404607401185E-004
   7.4612168835386748E-004
   7.7701918057972901E-004
   9.0401129123552845E-004
   8.4391639778245910E-004
   8.3430256831543734E-004
   7.6033105380906457E-004
   7.6489083272835833E-004
   7.5371464574466407E-004
   8.7080497494483545E-004
   9.1643850622962386E-004
   7.6543294880906769E-004
   7.4977784278500940E-004
   7.7546910380073633E-004
   8.0465641691288882E-004
   8.8430271225843041E-004
   8.9723093289577978E-004
   7.7745512871075270E-004
   7.7557110460676224E-004
   7.5035767614886270E-004
   7.6739597397809201E-004
   8.8051556132672166E-004
   8.1308772502079090E-004
   8.7999025899015417E-004
   7.8861764609943060E-004
