   7.4156136799709521E-004
   7.8554208888130376E-004
   7.3802154683740224E-004
   7.1178044422560787E-004
   7.4437043443214136E-004
   6.9850943439185250E-004
   8.1606402354911418E-004
   7.3393111940130108E-004
   8.2861189325004819E-004
   6.9505070986577587E-004
   7.7138838832753129E-004
   7.2919797431559826E-004
   7.3984992998123850E-004
   8.0247459959102946E-004
   8.2664816204381405E-004
   8.0947881245907905E-004
   6.8065931064975930E-004
   7.8404861021748513E-004
   8.1468358002805084E-004
   7.9945333764715415E-004
   6.8710293987469292E-004
   7.3433082967584089E-004
   6.9728769502896970E-004
   7.8783068722623382E-004
   8.0032494711814838E-004
   7.0409197964977765E-004
   7.0058054382509782E-004
   7.8950807499353511E-004
   7.1366394882715358E-004
   7.5860474470893792E-004
   6.9420041606575841E-004
   7.3412598249028560E-004
   7.7860826607539010E-004
   7.1062344330973220E-004
   7.7520732402732904E-004
   6.9543143572928592E-004
   6.7739865327688989E-004
   8.4560939129092109E-004
   8.4189549143496830E-004
   8.2132235231829811E-004
   7.9512156357152905E-004
   7.2404778238883418E-004
   7.2990693724584539E-004
   7.8005875534913408E-004
   8.3444067410457597E-004
   6.9435845497748826E-004
   8.0672938153556080E-004
   6.9844002821276550E-004
   8.1895509819739564E-004
   7.3121591653677953E-004
   8.3300874499739959E-004
   6.5979527359254859E-004
   7.2981090647310514E-004
   6.7867572037512349E-004
   7.1478856149430402E-004
   7.0252875996450182E-004
   8.0751939053968060E-004
   6.9580795060764382E-004
   6.9893623907917772E-004
   6.8589621109198056E-004
   7.0398111447296909E-004
   7.1290513492121613E-004
   8.0331648142197465E-004
   7.2761972530644944E-004
   7.6161826395036941E-004
   7.2393816513050967E-004
   6.8447252907544707E-004
   7.7274423039108177E-004
   7.1466304632857058E-004
   6.9983685020643652E-004
   6.9846839180331369E-004
   6.7784144488514195E-004
   7.1481632147986059E-004
   7.9180741879603469E-004
   7.8827900274879503E-004
   7.2217834039383624E-004
   8.0877014016560297E-004
   7.6497743072916665E-004
   7.7385830784577002E-004
   7.2172636376191578E-004
   6.9633015009277783E-004
   6.9780740043353675E-004
   7.3177001284985060E-004
   7.8412225833500264E-004
   7.7379931802164801E-004
   7.0915147175662182E-004
   7.1830702620573241E-004
   6.6765976382170242E-004
   6.9750673682883891E-004
   7.1396537405102626E-004
   7.9241686249645771E-004
   7.2273346417449965E-004
   7.9613979320416735E-004
   8.0409582619019775E-004
   7.0447534296123741E-004
   7.9032765691016489E-004
   7.0248232579804603E-004
   7.8437280430842615E-004
   7.0991123054678471E-004
   7.3145688788041807E-004
   7.9294988234123310E-004
   7.2388651180092778E-004
   6.8839156961142010E-004
   7.1811438048899497E-004
   7.9343190541695857E-004
   7.7131518425875296E-004
   8.4267671333931480E-004
   8.2719856234189084E-004
   7.8144768728725153E-004
   7.9586665946419538E-004
   6.7960642936050746E-004
   6.8925624548848118E-004
   7.5686998514146121E-004
   7.7708863444978416E-004
   8.2675497081498186E-004
   8.1004279890799897E-004
   8.1084159155037018E-004
   7.0368321990843747E-004
   7.2296696908036317E-004
   7.3023372186327461E-004
   8.2456636610264103E-004
   7.1036331377353666E-004
   7.9755471682501191E-004
   7.9994066014401548E-004
   8.0495090597324664E-004
   8.1936650574610166E-004
   8.1807898013512180E-004
   7.7891898628556458E-004
   7.2510336930390663E-004
   7.5611477619934439E-004
   6.9478305158100393E-004
   7.0794567748850104E-004
   7.7947208566683508E-004
   7.4199001904015920E-004
   7.6162515330970514E-004
   7.5013444238755742E-004
   7.7023184133532879E-004
   6.9471865440094694E-004
   6.9781484899184704E-004
   7.9044560490790184E-004
   7.2223475100420596E-004
   7.6341705464687889E-004
   7.9740341827734258E-004
   7.9883319738413799E-004
   8.0554070515768538E-004
   7.2377106465907671E-004
   7.1960213375889801E-004
   7.4171889627174209E-004
   7.2110914859398591E-004
   7.2601032443045746E-004
   8.2603967652268529E-004
   8.2116231646587885E-004
   8.1636103817683326E-004
   8.1643091080851134E-004
   8.0228804404474893E-004
   8.3040170190461769E-004
   7.3640557754244712E-004
   7.8293506648085913E-004
   7.9051417504195465E-004
   7.9094611978526802E-004
   6.8873578069270894E-004
   7.0847316743869371E-004
   6.9272535904715349E-004
   8.0413590673487510E-004
   7.4593371788095201E-004
   7.1521934028708465E-004
   7.4184424269613583E-004
   7.6754414677766435E-004
   7.3286471792715377E-004
   6.9614007493570785E-004
   7.9126590056787958E-004
   8.5829472342096582E-004
   8.1931658952031803E-004
   7.9484271243717190E-004
   7.9686198275097137E-004
   8.0420486247868752E-004
   6.9205062845778304E-004
   8.0944187103437510E-004
   6.9628554526823881E-004
   7.0246217773254336E-004
   7.3373083033942670E-004
   6.9094050153289640E-004
   7.5086408653323659E-004
   7.8493573267909616E-004
   6.8859316065685407E-004
   7.6379625736328180E-004
   8.0008944318104213E-004
   7.9964699684034182E-004
   7.0771424746050979E-004
   7.0457396957809718E-004
   7.9705573048574846E-004
   8.3456373624459206E-004
   8.1315961217411428E-004
   7.0436179918898910E-004
   7.2976500809514777E-004
   7.8232354706243531E-004
   7.2141614519664768E-004
   8.1475114749843833E-004
   8.0848822016415546E-004
   8.1590402550514043E-004
   7.4979804398319456E-004
   7.2610040977374567E-004
   7.0632784784892808E-004
   7.3196152680289758E-004
   7.6026241897448157E-004
   7.2556661627655244E-004
   6.8309302240574627E-004
   7.8929333918134083E-004
   6.9880545381622596E-004
   7.1418387259892223E-004
   8.1383731142376870E-004
   7.8236551204900469E-004
   7.2840789705918391E-004
   7.2381706260589613E-004
   6.7511086845220764E-004
   7.5225635293758300E-004
