   8.9242591150177333E-004
   8.9706279650343538E-004
   9.0060325021390649E-004
   7.6565094672394283E-004
   7.8508936923798762E-004
   7.5756441095290534E-004
   9.1956587270502436E-004
   9.0769791509275229E-004
   7.9787845813687687E-004
   7.8924346679091692E-004
   8.4208110068569508E-004
   7.3074899513354743E-004
   9.0030011650341351E-004
   8.8104572540439270E-004
   8.3569472043830602E-004
   8.7313266131968466E-004
   9.2995087370757420E-004
   9.1256427026951839E-004
   8.2307543600557641E-004
   7.9057569096214412E-004
   8.8597318027895200E-004
   7.9692663331150826E-004
   8.8694715492700039E-004
   8.5740104956604033E-004
   8.5112116890561740E-004
   8.1545936582958607E-004
   9.1804627756143667E-004
   8.6983099862855424E-004
   7.8896008251802899E-004
   7.7660786614862571E-004
   7.2644677006103594E-004
   7.7530453471521090E-004
   9.0894029910301808E-004
   7.6663835058196888E-004
   7.4359981471709084E-004
   7.0346648619027004E-004
   7.9186014628737135E-004
   7.6370869606586021E-004
   9.0964629823681020E-004
   8.8439013744564556E-004
   8.0392430078938214E-004
   7.5205983514305662E-004
   8.6324075710491645E-004
   8.7752418484279241E-004
   8.7120224543028196E-004
   8.1237913571353233E-004
   8.9096995547632959E-004
   7.8422722842518846E-004
   8.0539005054554790E-004
   8.5237695253759693E-004
   7.4049184965521144E-004
   7.4072053356897616E-004
   8.3818100807455352E-004
   8.8882520715540881E-004
   8.8693397931663279E-004
   7.9353434315005474E-004
   8.0265821320951898E-004
   8.3259833321570984E-004
   8.8135863550753380E-004
   7.9762557923653411E-004
   9.1923590018332644E-004
   8.8390518518079901E-004
   8.2370516132996630E-004
   9.0206845822266371E-004
   8.4913812505796674E-004
   8.9984623094581287E-004
   8.7255051408777304E-004
   8.0059315730392200E-004
   8.4744598093691801E-004
   8.6689906974529816E-004
   8.7331472066263648E-004
   8.1642028656648343E-004
   8.9281858331239077E-004
   8.8175212111297736E-004
   8.6963357943197470E-004
   8.7430595927374705E-004
   7.8284858719455844E-004
   9.0897892163770741E-004
   8.7726587530049627E-004
   7.7245410984618662E-004
   7.6554770701200731E-004
   7.5691581804092193E-004
   7.6930474555615875E-004
   8.0013468944932508E-004
   9.0415078688435156E-004
   9.4441747283422156E-004
   7.5953819593266325E-004
   7.4223969935963683E-004
   8.9269207643567566E-004
   8.7008166380983195E-004
   9.0651039008362872E-004
   9.0980649642616014E-004
   7.7604057090926765E-004
   8.1049600403870011E-004
   9.1122908822240762E-004
   7.6768339183832927E-004
   8.2394321663697631E-004
   8.6788898852936951E-004
   8.8602077144244763E-004
   8.9120720618737932E-004
   9.0947835850953068E-004
   9.2460941623140737E-004
   9.1456308637439111E-004
   7.7553684964927786E-004
   7.8153746758370440E-004
   8.1717707560768980E-004
   8.8920782074274291E-004
   9.1468383203900628E-004
   9.1303005564759537E-004
   8.9956783159277076E-004
   7.6582112268143313E-004
   8.6010976180310710E-004
   7.2663877401225592E-004
   9.2296527931693751E-004
   7.7590630637741393E-004
   7.5100420388059437E-004
   7.8141047727243475E-004
   8.1190638247714180E-004
   8.2034927488868479E-004
   8.6751970390981864E-004
   8.6106016981164801E-004
   7.8457837997332794E-004
   7.4191543307490938E-004
   7.9669277001426025E-004
   8.4587258238022749E-004
   8.0903053408180794E-004
   8.4385893595921081E-004
   8.7561294814543305E-004
   7.8100059354351675E-004
   8.8148824566588026E-004
   8.7335481255365252E-004
   7.9001132867102006E-004
   8.3185057882193903E-004
   8.0204936539082132E-004
   7.3288520091875729E-004
   8.3245113838150211E-004
   7.5561644473785513E-004
   8.0752981326648581E-004
   7.8657459769754918E-004
   8.8844560182963482E-004
   7.6675292181033856E-004
   7.9098365070820237E-004
   7.2300350223581712E-004
   9.0325574639851824E-004
   7.7884756606179167E-004
   8.6246774342409475E-004
   8.1244246316425112E-004
   8.9473363896622313E-004
   8.6342080169044542E-004
   7.8195069230971412E-004
   7.7687619305880388E-004
   7.6275796642769924E-004
   7.3444611429519498E-004
   8.6151287560768048E-004
   8.1560785768533854E-004
   8.3758891887495183E-004
   8.9411455773094465E-004
   8.6970557961290489E-004
   7.7660067362085908E-004
   8.9110824817708006E-004
   9.2158377904673924E-004
   8.1558916245827060E-004
   8.8364950919926296E-004
   9.0822833847325503E-004
   8.7309195613652184E-004
   7.8497352332700240E-004
   8.7948700545594167E-004
   7.7619599744842391E-004
   7.7227693353447630E-004
   8.7817803173380435E-004
   8.2622679050636794E-004
   7.6680991833112894E-004
   8.5432818067690693E-004
   7.6642742668436880E-004
   9.0343787462831356E-004
   7.9056046842720376E-004
   7.9494335556423408E-004
   8.8899316755057002E-004
   7.9160907618978666E-004
   9.1774080687787518E-004
   7.2879712611215652E-004
   7.9900888099955383E-004
   8.9974395629361184E-004
   8.1317228573746269E-004
   8.1340150282356626E-004
   7.7611168204897460E-004
   8.8687265912955544E-004
   8.8660201251283431E-004
   7.5191304534972820E-004
   7.4510948028670199E-004
   7.9834803100282416E-004
   8.2359662984904651E-004
   9.2237186480103998E-004
   8.6790861303839232E-004
   7.4339248145596239E-004
   8.0394024822161032E-004
   7.7948660263612549E-004
   8.5659471335529347E-004
   9.0689110779477923E-004
   9.2780812165566484E-004
   8.8839099508175958E-004
   9.0132555669744392E-004
   8.8957539377968430E-004
   8.8485162993759241E-004
   7.7795484727877738E-004
   9.0056783441411908E-004
   9.0262628107100221E-004
   8.7879994793031257E-004
   8.8278028444294771E-004
   7.6078834675921713E-004
   7.7990798873181326E-004
   7.4197275289800862E-004
   7.7719428319583043E-004
   7.5056063203799382E-004
   7.9790403911022016E-004
   8.9064593971537737E-004
