   6.9358397250411934E-004
   6.6868066729158673E-004
   7.7850390386768442E-004
   7.2237045248834232E-004
   7.4300650908886584E-004
   7.5462750226432357E-004
   8.2189103605658301E-004
   6.8648228363569228E-004
   7.2527850879900737E-004
   6.7066302445309336E-004
   6.9966664387669723E-004
   7.9378800340568190E-004
   8.0149921750513413E-004
   7.1000745427877781E-004
   7.1768197534064447E-004
   7.4155415352228544E-004
   6.9872459220720739E-004
   7.1739373114183716E-004
   7.9939551392308448E-004
   7.9185224863884509E-004
   7.7523101677892605E-004
   7.8256271409765513E-004
   7.8587216437992055E-004
   7.1061346050059189E-004
   8.2169927114605001E-004
   8.0133926623511455E-004
   7.1634781689183574E-004
   6.8965647340695705E-004
   7.7865740826694931E-004
   8.3461149775941742E-004
   7.6906004823845719E-004
   7.7213653619550280E-004
   8.1297362242527824E-004
   7.6153586382805068E-004
   6.9999759463679710E-004
   7.6062086252387366E-004
   8.0674492111941910E-004
   6.7593463096626025E-004
   8.0312014573235896E-004
   8.2544360414920162E-004
   7.0800172654783685E-004
   7.1327017139869169E-004
   7.9469840248809368E-004
   7.0021487496763101E-004
   8.1368256546637536E-004
   8.1434292127269227E-004
   7.8604039218031752E-004
   7.7748295366796320E-004
   7.5837083083888908E-004
   7.6442560138711524E-004
   7.2069835106246369E-004
   6.8832299519573843E-004
   6.9499952032590873E-004
   6.7430122643387738E-004
   6.8809504295861649E-004
   7.3992038759942850E-004
   7.6231007053580938E-004
   6.9777997892397350E-004
   6.9091674333064191E-004
   8.0666439982036628E-004
   7.9586818472274191E-004
   7.9719844091183357E-004
   7.1865814177886822E-004
   7.1271181524799930E-004
   8.0457919785829066E-004
   8.3010713359779620E-004
   7.4823508955895149E-004
   8.0219029523337132E-004
   8.4051927448438777E-004
   7.0968279305126507E-004
   8.0513071302289467E-004
   7.7058219447987113E-004
   7.5881021866760318E-004
   6.9684596852522462E-004
   7.0917858400199724E-004
   6.9955346376361746E-004
   7.8037277322350615E-004
   6.9223374040944827E-004
   7.3772066667939971E-004
   7.9564833592019664E-004
   8.4022551544291047E-004
   7.9167597701291961E-004
   8.0283432924842517E-004
   7.5135891884773015E-004
   7.2912659296370990E-004
   7.8844814442904714E-004
   7.1967854409953590E-004
   7.3087143587284857E-004
   7.8501820261808264E-004
   7.0238903297578875E-004
   6.7511424512085405E-004
   7.9787183011568313E-004
   6.9856455461681519E-004
   8.0221262280517512E-004
   6.8462823081789437E-004
   7.7660424552104953E-004
   7.0866225716896515E-004
   7.8432528800534624E-004
   7.0451687673011264E-004
   7.0976783306372622E-004
   7.0287940725149447E-004
   7.9786497122546682E-004
   6.7962567980493771E-004
   7.2403227734302983E-004
   6.7436381249862077E-004
   6.6441569242602441E-004
   7.5495489310431659E-004
   7.9689614354622033E-004
   6.9322588309413287E-004
   6.9520918009873228E-004
   7.6800142581444364E-004
   8.1019790348873632E-004
   7.9865673947568210E-004
   6.8038889592332455E-004
   6.9039632349703203E-004
   6.8617319027477672E-004
   7.7564319355728328E-004
   7.3767790777593662E-004
   8.3188217069732253E-004
   7.9098438197787587E-004
   6.6099096022024302E-004
   6.8620218918801238E-004
   7.8569785801884046E-004
   7.9338031397125958E-004
   7.2132245044907576E-004
   7.6785280821016597E-004
   6.9962325108266640E-004
   7.0120474412330169E-004
   7.8664256484552338E-004
   8.1911470586014195E-004
   7.8466586576362522E-004
   6.9554985269855462E-004
   7.4254656580753848E-004
   7.4957574845618390E-004
   7.9905455705660494E-004
   8.3869435297465468E-004
   7.7826254330638799E-004
   7.2514067081071957E-004
   6.9408068169328257E-004
   7.6088997171161162E-004
   6.8176134954645625E-004
   6.9474162834558674E-004
   7.0081747979110611E-004
   6.9544095161011956E-004
   7.1386228236199674E-004
   7.0439466575442143E-004
   6.7081068989895641E-004
   8.6864497968737800E-004
   7.8410683878101732E-004
   7.7549238078321932E-004
   6.9381852300547608E-004
   7.0045259954165618E-004
   6.5904645773070549E-004
   8.0914194560253506E-004
   8.4075466482244046E-004
   7.7374361965029984E-004
   8.0037194134106545E-004
   7.9216601488677071E-004
   7.4827906481107222E-004
   7.9403982488927458E-004
   7.9596116403095373E-004
   7.3524489410419424E-004
   7.6951594568152519E-004
   7.1258125516781667E-004
   7.5360212052127669E-004
   7.6654200597456822E-004
   8.0693534776460547E-004
   7.9930402143806728E-004
   7.1639900947240186E-004
   7.3934724708889753E-004
   7.2652036106159417E-004
   7.0990716368131651E-004
   7.0190651770164086E-004
   7.6627428814041263E-004
   7.7542767212151011E-004
   7.1270527288724329E-004
   6.7977079104049592E-004
   8.1383441396541288E-004
   6.9771473919835953E-004
   6.9272125816421514E-004
   7.2442559129319919E-004
   7.8181456434280267E-004
   6.7930989382165082E-004
   7.6083388405482244E-004
   7.1719893056459213E-004
   7.0031614756280408E-004
   7.3119020761022084E-004
   7.9807617651253473E-004
   7.0276978702340511E-004
   7.2464235898129039E-004
   7.7960116133540824E-004
   6.7898190270342627E-004
   7.7083824410940644E-004
   7.1349544597964923E-004
   7.6499390098561408E-004
   7.0797211823600960E-004
   7.7445887844765761E-004
   7.6922531585632212E-004
   6.8195101717984693E-004
   7.8694296692179470E-004
   7.1200379064849601E-004
   7.2004165717398660E-004
   7.9608165089682236E-004
   7.4590860155368565E-004
   6.7704662403275987E-004
   6.9907341684734259E-004
   7.9508292261094328E-004
   8.0236989145790949E-004
   7.0434692340574727E-004
   7.1534310391842379E-004
   7.6015290716165119E-004
   6.9144544993266833E-004
   6.8239143453228393E-004
   7.3954716487899675E-004
   7.5022268349741290E-004
   7.0243387128022551E-004
