   6.8681098270774173E-004
   6.6034088239252204E-004
   7.1434486233400412E-004
   7.3268614292705829E-004
   8.0538419815178580E-004
   6.9536295615109053E-004
   6.7550822116830048E-004
   7.9568921322096837E-004
   7.9899715300442030E-004
   8.7869927119537793E-004
   8.0445977416668214E-004
   7.3193034160172411E-004
   7.1898008644345312E-004
   8.1453550150665177E-004
   8.0692288303179087E-004
   7.7600009198091930E-004
   6.9475254424838408E-004
   7.3582740027149129E-004
   8.1487874880361265E-004
   7.9892425044776714E-004
   7.0140128516987289E-004
   6.6155843861304023E-004
   8.0570047071866686E-004
   8.0463769838813874E-004
   7.9028388952985106E-004
   7.3033281036294763E-004
   7.7502818590349917E-004
   8.1127996216005143E-004
   8.2141609845073904E-004
   7.7645722336612359E-004
   8.3903064070536370E-004
   7.9461214401791011E-004
   7.9638117458399394E-004
   7.5709008589545576E-004
   7.3508958378897449E-004
   8.1098893946456084E-004
   7.8790805707616696E-004
   7.1606992272421231E-004
   8.0119800210802560E-004
   8.1003567096072076E-004
   7.0852442536016775E-004
   6.7201894694475094E-004
   7.0374304013078243E-004
   7.4086650282264633E-004
   7.2303681826398991E-004
   8.1930189803458770E-004
   6.7428675841302559E-004
   7.0839256673959890E-004
   7.5619453109433330E-004
   6.8979614166843144E-004
   7.5589242008883457E-004
   7.1155913483577932E-004
   7.7589668652118982E-004
   7.4776178816460183E-004
   7.3611728333128834E-004
   7.0394345531457690E-004
   7.1578224017982426E-004
   7.2608378459498185E-004
   8.1722045168723255E-004
   8.1839806625004171E-004
   6.9635437067722551E-004
   7.9248863455584379E-004
   8.2241406974519740E-004
   8.0314142530942911E-004
   8.1511384620619768E-004
   7.0134414046199491E-004
   6.8905047695317647E-004
   7.6101382526229172E-004
   8.1517174032009142E-004
   7.1228268697027695E-004
   7.2212790473459576E-004
   8.1528843637631589E-004
   8.2153270144411995E-004
   8.0290161529135797E-004
   6.9049389781010743E-004
   7.9865611498757710E-004
   7.7488714372150771E-004
   7.4170752081474320E-004
   7.8699989528048259E-004
   8.0171038410382640E-004
   7.4783232304569841E-004
   7.2048334023643034E-004
   6.8824382998462319E-004
   7.7777202073948449E-004
   7.6211797963817254E-004
   6.9084791430463284E-004
   7.8556861030433826E-004
   7.9008327554918104E-004
   7.1261296192474477E-004
   8.0071415088296498E-004
   8.3753845666013601E-004
   7.8181070614011120E-004
   7.9592016607372778E-004
   8.0942045716567526E-004
   6.9754908257916670E-004
   7.8923112472598274E-004
   6.9270900740675328E-004
   7.2425519532138551E-004
   8.0947949118676053E-004
   7.0685264391097077E-004
   6.9723675134965258E-004
   6.7440865208295408E-004
   6.9460849830073009E-004
   6.8450888876521606E-004
   6.9921347375356119E-004
   6.6593267246318718E-004
   6.8491757887800613E-004
   6.9668809201830280E-004
   7.9032917890954884E-004
   7.3668459876940551E-004
   8.0636832016689561E-004
   7.2727439156286208E-004
   7.2348240394283210E-004
   6.8900270672842792E-004
   7.5124285621094562E-004
   7.3874578929347993E-004
   8.0138675981194553E-004
   6.9835932039073267E-004
   7.2687945801528677E-004
   7.8221490100410253E-004
   7.9717314614956801E-004
   7.7905887348551082E-004
   8.3352436323252705E-004
   6.7829949384805863E-004
   7.9581679471054452E-004
   7.9317775986897270E-004
   8.2882643215892579E-004
   8.2793818660373275E-004
   6.9532506486725664E-004
   7.0515405291849710E-004
   6.9111824915410122E-004
   6.9360609010879590E-004
   6.8823199282895325E-004
   7.8636040126149273E-004
   6.9104559313645656E-004
   7.1093061381200971E-004
   6.6855244156215565E-004
   6.6468348470963268E-004
   7.0139848445240657E-004
   6.9463576742099197E-004
   8.1956821718344019E-004
   7.7552979520217056E-004
   6.7650574685094577E-004
   6.8564505127456502E-004
   7.2219136637125046E-004
   7.9558342964446333E-004
   8.3281564530350192E-004
   7.9573586962839425E-004
   7.9862563072539202E-004
   8.1003253665957629E-004
   8.0129745501716530E-004
   8.0366344672496055E-004
   8.1200346446429195E-004
   8.3741535401396332E-004
   7.9367626263123360E-004
   8.2895269573196573E-004
   7.9721964038304634E-004
   7.3579910776746962E-004
   8.2416681619157590E-004
   6.7564945781183310E-004
   6.7971157172289672E-004
   7.1129470362037855E-004
   8.1127355017030617E-004
   8.4435633043266267E-004
   8.2617147240686330E-004
   7.9686364673043535E-004
   6.9690886710878884E-004
   6.8243131561925062E-004
   7.9642918022432806E-004
   8.0359025151274040E-004
   8.2805861386426195E-004
   8.0290075853929371E-004
   6.9036538895626365E-004
   7.0269052951707446E-004
   8.0524500448441914E-004
   7.1743430681691918E-004
   7.1450493799957865E-004
   6.8387808483060593E-004
   7.7449481280038605E-004
   7.2174639052085805E-004
   6.9041404224905656E-004
   7.0633801478531884E-004
   7.8784328571715543E-004
   7.1292926677906656E-004
   7.0248291982822708E-004
   7.9586629290501264E-004
   7.0983464994938132E-004
   8.3388113461958606E-004
   7.1867951673799024E-004
   8.0975945934441186E-004
   7.9174453981422494E-004
   7.4709730141593665E-004
   7.8554594562391935E-004
   7.3720379628929185E-004
   7.8483882310926591E-004
   8.0177736117565811E-004
   7.0776483044497163E-004
   7.8439882103360726E-004
   8.2401824590172513E-004
   7.8296002103095928E-004
   7.2477356069634575E-004
   7.0679047455567113E-004
   7.5385549387474568E-004
   7.0903208235089884E-004
   6.9628755919932733E-004
   6.7515230090312028E-004
   7.0425527078911139E-004
   7.0338012414565098E-004
   7.1339894969417016E-004
   6.9960437123556902E-004
   7.7559784855757874E-004
   7.8001977870386947E-004
   7.3311236708128644E-004
   6.6884372140826247E-004
   8.0533777182663065E-004
   7.1125375942530618E-004
