   8.6391978349246545E-004
   7.3275588754463986E-004
   8.3570658899800269E-004
   7.9322337639865532E-004
   7.5396182474702484E-004
   9.2029229232391656E-004
   8.4810431365415833E-004
   7.6998145994127548E-004
   7.8235162554298376E-004
   7.9978808798291702E-004
   7.0927390051761128E-004
   7.6163585286368677E-004
   8.8483923349572883E-004
   7.9719130688736496E-004
   8.8163384823001351E-004
   8.9656218457403590E-004
   7.4291971505174945E-004
   8.0260757564225120E-004
   9.1496335598682116E-004
   8.8522490196293489E-004
   7.8544066480191576E-004
   8.9203874438382254E-004
   7.7023784983295434E-004
   7.3930629751866347E-004
   8.7514138821248285E-004
   8.8616315433899377E-004
   8.0431872337248436E-004
   9.2291214060114066E-004
   8.9119483542767636E-004
   7.6910349746814235E-004
   9.2225481562318407E-004
   7.6527030866332382E-004
   7.7390431627498164E-004
   8.6143219864144192E-004
   7.5346001433158362E-004
   7.9891019052554717E-004
   7.5943436059462612E-004
   7.3687462863151392E-004
   8.6848504639792500E-004
   8.8971085278984063E-004
   8.0702441645324184E-004
   8.8886661692534727E-004
   7.5760559775011466E-004
   7.8242800710523789E-004
   8.9931750023082796E-004
   8.8247186745274691E-004
   8.7918193704785937E-004
   8.4593457548858648E-004
   8.6364838982760613E-004
   8.1111989801863418E-004
   9.1534946079996370E-004
   8.8970604011074999E-004
   8.9927320013428200E-004
   8.8893785992558193E-004
   8.0761057673325940E-004
   7.4612115540092637E-004
   8.4057992752896329E-004
   7.7641767140176833E-004
   8.6228735609337754E-004
   7.9373200033804514E-004
   7.9538734537684165E-004
   7.9709976774183886E-004
   8.4274301179311929E-004
   8.2442483480993042E-004
   7.9312192734039635E-004
   7.5287352416479689E-004
   8.0244033352024318E-004
   8.8691890545308327E-004
   7.5314890526662038E-004
   7.4274236795394976E-004
   8.2797872092358357E-004
   8.7053093934237483E-004
   8.4165857157366135E-004
   7.4177844528574091E-004
   9.3364072616065267E-004
   7.8254029870615212E-004
   8.8339542889572583E-004
   8.9017291093505823E-004
   8.0403575222811772E-004
   8.3968779628746499E-004
   8.9625136072153059E-004
   7.4713471163189934E-004
   8.8831395257274513E-004
   9.1433556616197381E-004
   8.7771921116521314E-004
   7.8497229748934218E-004
   9.0319943510449501E-004
   8.8833776868175150E-004
   8.0355322362759413E-004
   8.8085325839257179E-004
   8.2118052801824742E-004
   7.4492462881371919E-004
   7.7457042597379414E-004
   7.8145996585034022E-004
   7.5401957852969082E-004
   8.4976879113099967E-004
   8.7193906291594227E-004
   8.4438061163218169E-004
   8.7466538795699937E-004
   8.7098422135542704E-004
   7.5201997576024662E-004
   7.7385914420316179E-004
   9.1012767092568442E-004
   8.5010386633016879E-004
   8.9691087834888310E-004
   7.4646321489071985E-004
   8.7381654851308426E-004
   9.0805827264495587E-004
   8.9931576116012487E-004
   7.7507696875411315E-004
   8.7132386464866345E-004
   8.1222780125849261E-004
   8.8282668049006541E-004
   8.2561797652456819E-004
   8.7348520432556170E-004
   8.3767825661434762E-004
   8.7615211837181804E-004
   7.7499261090573763E-004
   7.7808064600790570E-004
   8.6806364658893807E-004
   8.8786551241409027E-004
   8.5261155725107002E-004
   9.0895963657912241E-004
   7.9036897088083282E-004
   8.1870270306933694E-004
   7.7726633759544561E-004
   8.1585596427030519E-004
   7.9159194021201861E-004
   8.6143423249126670E-004
   8.6707956250822184E-004
   8.9264759957120442E-004
   7.9720999295858298E-004
   7.5971548415665400E-004
   8.6433450386303747E-004
   8.9243996207745890E-004
   8.0859948037101945E-004
   7.7194403783614534E-004
   8.6685216642203944E-004
   7.9585140990621008E-004
   7.5703533138407305E-004
   9.2073032897480457E-004
   8.7858497390308856E-004
   8.7615743054401680E-004
   8.6511198300755513E-004
   7.9190060175343788E-004
   8.4681579777102177E-004
   7.9744936351297904E-004
   8.3813038706227977E-004
   9.0638462343717579E-004
   8.0996535844265625E-004
   8.4557955394276671E-004
   8.6669619984933155E-004
   8.6592670919477099E-004
   7.0719800490605833E-004
   7.8721451383345175E-004
   7.5652450967450568E-004
   8.5050353085924313E-004
   7.6936766785465349E-004
   7.4902324700774512E-004
   7.6680667356135164E-004
   7.7894877060717270E-004
   8.7705838487113236E-004
   8.8286989797107087E-004
   8.7670293212815617E-004
   7.8308143335644917E-004
   8.7882230402195585E-004
   8.6739294934135838E-004
   7.7400612323165897E-004
   7.6020178318150083E-004
   8.0504502111333222E-004
   7.7477345250664606E-004
   7.8620190427077354E-004
   7.6944395875957203E-004
   7.5780712513059023E-004
   8.7153568384804427E-004
   9.3849094638977736E-004
   8.6529660127643488E-004
   8.9866302749466861E-004
   8.6155100496320574E-004
   7.3689061477048151E-004
   8.6961023229722154E-004
   8.3585418163553227E-004
   7.5953459228772285E-004
   7.7455677823913766E-004
   8.7481826719934834E-004
   9.1310476594739089E-004
   7.7884976000495347E-004
   8.3122737210816430E-004
   7.4465867269610199E-004
   7.2199441736580251E-004
   7.4077796525017392E-004
   7.7776911675333247E-004
   7.7549048996753485E-004
   7.4560793620884387E-004
   7.5467151763067579E-004
   7.8536003857153098E-004
   8.6775114866146871E-004
   8.2514618574053441E-004
   8.9789410067204795E-004
   9.0254397810887819E-004
   7.6583745681466759E-004
   7.7255641102749360E-004
   7.7391845226309087E-004
   8.7594001496950596E-004
   8.6032670030534097E-004
   8.8015035055844036E-004
   8.7443893993739111E-004
   8.7634782198800726E-004
   7.7623750245597422E-004
   7.7860745210303194E-004
   9.1801419190645176E-004
   7.8181312945919186E-004
   7.6309614308522618E-004
   8.1916593425014465E-004
   7.7324312048774116E-004
   7.3513575298129867E-004
