   6.7529144965296488E-004
   7.3694295615921884E-004
   8.1063074790990155E-004
   7.9802778569478840E-004
   7.8879512552618007E-004
   7.4043686932185443E-004
   7.1594486502098305E-004
   7.7225076507157189E-004
   8.0479397168262026E-004
   8.1172970388737945E-004
   7.6168093083115427E-004
   8.3358262301647947E-004
   7.8845080572072994E-004
   8.0579110608993267E-004
   6.6745554843663645E-004
   7.1928292102505236E-004
   8.2182537439514725E-004
   7.9404802415176533E-004
   7.0101027367900563E-004
   7.7198267464230258E-004
   6.8341900239376010E-004
   7.4742896350763843E-004
   8.1547157211806030E-004
   7.8204973863730545E-004
   6.7458532911081120E-004
   7.1071696070755725E-004
   6.7787859167219933E-004
   6.9524764509047590E-004
   7.5291703375953410E-004
   7.6564764745837050E-004
   6.9023559585705888E-004
   7.8805189705268594E-004
   6.7144386018653341E-004
   6.8328469947134070E-004
   7.2031443317262895E-004
   7.9586454738053919E-004
   7.8836961350687022E-004
   6.7874490162136351E-004
   7.7142085721483122E-004
   6.9431650299503294E-004
   7.7966432510968387E-004
   7.8592087966406540E-004
   6.9440205439808835E-004
   7.1044859108582354E-004
   7.1055597991501131E-004
   8.0243792375079258E-004
   7.2444995326251293E-004
   7.8091239707571956E-004
   6.9205238231050765E-004
   7.7793818902582780E-004
   8.0244675817541748E-004
   7.8463306431875363E-004
   8.1922904751876734E-004
   7.1857608714870466E-004
   6.8242649208982969E-004
   7.2511949498392568E-004
   6.9879161855312120E-004
   7.1337064892004678E-004
   8.1556927874991598E-004
   8.0114323068957436E-004
   6.6657036272888665E-004
   7.9133334651576603E-004
   6.8746648783074224E-004
   7.5071827310379646E-004
   7.3653528688822311E-004
   7.0485787284886765E-004
   7.0114346909011538E-004
   6.8375497646946048E-004
   6.9945592567729347E-004
   7.1577074262537863E-004
   7.8863866382871144E-004
   7.1671252645712105E-004
   7.3392523523860373E-004
   6.9160567051677142E-004
   6.9115508557640820E-004
   8.3614313664884135E-004
   6.9209710402746798E-004
   6.9865951111856112E-004
   7.8927918249235059E-004
   7.1405326855831185E-004
   7.9465166310219973E-004
   8.0650057283348814E-004
   8.2728574215975941E-004
   8.5405378331792367E-004
   8.0399112354306987E-004
   7.2188368829977198E-004
   7.9857862385142905E-004
   7.2075097082279784E-004
   7.7735746843048310E-004
   7.3519362874763380E-004
   7.9491546797270073E-004
   6.9416427933375496E-004
   7.4676746258598467E-004
   6.8987044983384192E-004
   7.7555946697742634E-004
   7.3338060049370636E-004
   6.9704581973527269E-004
   7.9945399231155193E-004
   7.8337629056958295E-004
   8.1854071710765861E-004
   7.6764993966693239E-004
   7.0889249785035472E-004
   8.2334576821170840E-004
   7.9403873580300062E-004
   7.1210997362786295E-004
   7.7936502359117932E-004
   7.2092646532212663E-004
   7.9998209287531397E-004
   7.6736126998890139E-004
   7.1358820714430412E-004
   7.9112430449719789E-004
   7.5208437748527327E-004
   7.2287985145622286E-004
   7.7500982464642288E-004
   6.9792017808720599E-004
   7.8241405547866457E-004
   8.4267393116985937E-004
   7.3146480995506637E-004
   6.9927115547223037E-004
   7.7626821596934927E-004
   7.7353923429829806E-004
   8.1930936735995165E-004
   7.9838826351496660E-004
   7.2178410703828075E-004
   6.8602031967720199E-004
   7.1484949882749801E-004
   8.1125212168984390E-004
   8.0300729185436804E-004
   8.0290128193840336E-004
   7.0384792284721364E-004
   7.2246051558973645E-004
   7.5708307092497973E-004
   6.6745587341108517E-004
   6.8763231183921524E-004
   8.4854318176785229E-004
   7.3379949633464074E-004
   7.7652545026452968E-004
   7.0229564156921152E-004
   7.8116371616084512E-004
   7.1111735536280444E-004
   8.0091349426907911E-004
   7.8515419536732370E-004
   7.7048024053813491E-004
   7.3965068879747284E-004
   7.1145721879898552E-004
   7.0256758916993156E-004
   7.2006759335695874E-004
   7.9213062642107565E-004
   7.8182510067405242E-004
   7.9552139724436760E-004
   6.6609753576752804E-004
   6.8210975368001941E-004
   7.7330335741854748E-004
   7.3081397911872628E-004
   6.8354825807320980E-004
   7.6429019695297958E-004
   7.1259753187942270E-004
   6.8999214494028520E-004
   6.9242155015866182E-004
   7.6580013724918128E-004
   6.5007914332897870E-004
   6.9017962823303793E-004
   7.2477010514953710E-004
   6.8590821652154781E-004
   7.1270030850511547E-004
   8.1723510045319647E-004
   7.9673855171146792E-004
   6.7653263415163169E-004
   6.9467646623374614E-004
   6.6505619716059256E-004
   7.8839243420777592E-004
   7.7907443814818076E-004
   7.2408324937343470E-004
   6.9497342269314035E-004
   7.8246665068904887E-004
   7.7193353259761047E-004
   8.0468062225430754E-004
   8.0383852951303224E-004
   7.4625422843649575E-004
   7.7811635885268837E-004
   7.0328685945267647E-004
   7.6794990830572369E-004
   7.4566680104743474E-004
   7.4811309256587349E-004
   8.1717718372665866E-004
   7.2142165695997479E-004
   7.1026582894402157E-004
   7.6418580585807755E-004
   7.8647134175287010E-004
   7.8742849654222103E-004
   7.8055876536234608E-004
   8.5339906815788907E-004
   7.9719842695735678E-004
   6.9489810840265740E-004
   7.0924014699456776E-004
   7.9937480771332162E-004
   7.0929478820402913E-004
   7.1342700943497058E-004
   8.0062661941523159E-004
   7.2507714056944863E-004
   7.7720721069463863E-004
   7.2804047278635195E-004
   7.9451367967558681E-004
   7.7363843650905242E-004
   8.0923686039643342E-004
   8.1286448809518227E-004
   8.0289951790528944E-004
   7.1911672114901518E-004
   7.0179516936055863E-004
   7.2551121154749575E-004
   8.1057543551369727E-004
   7.2085543420264547E-004
   6.8963925170467623E-004
   7.8764765089028323E-004
   7.9403369390990608E-004
   7.9788636030586721E-004
