   6.9480596429286219E-004
   7.7734991296199765E-004
   8.3824377688509273E-004
   8.0707524911627544E-004
   7.3331282764145067E-004
   7.0099841968645734E-004
   6.7601051607787043E-004
   7.1435314221754648E-004
   7.5034870021894768E-004
   8.0313803659501229E-004
   7.2508644347456382E-004
   7.0873381260600019E-004
   7.0988706435524669E-004
   7.1235363650198023E-004
   7.9516775725925394E-004
   8.2150583913580234E-004
   8.1010513921479972E-004
   7.8775286633095225E-004
   8.2563660286648593E-004
   7.4995387820404641E-004
   7.1613383552036165E-004
   7.3774756285345121E-004
   7.9914212014467424E-004
   7.5382358136617984E-004
   8.2226173359938048E-004
   8.0994531046412843E-004
   7.8026362049916204E-004
   7.4475091735380845E-004
   7.9688265425986022E-004
   7.2527745193155487E-004
   7.0966597884645848E-004
   7.8055997955991203E-004
   6.8263071796428746E-004
   7.4111410558186808E-004
   8.0313468459737569E-004
   7.0029484803979384E-004
   7.5110617808449233E-004
   7.8145362031231734E-004
   7.2860481820644421E-004
   7.0653590796929231E-004
   7.8944113104295480E-004
   7.5210494823937729E-004
   7.3087096472178878E-004
   8.2264317613104417E-004
   7.2129582512839080E-004
   8.1311344545595009E-004
   8.2199459825931800E-004
   7.9817181048608273E-004
   7.3660920069435777E-004
   7.8940113601286136E-004
   8.5359299949176433E-004
   8.3641989658960597E-004
   7.4036795773914279E-004
   7.8471885766279224E-004
   7.8894902295430940E-004
   7.9254009789521179E-004
   8.0646724076889912E-004
   7.5012303906353322E-004
   7.2622593838686186E-004
   7.5309104855291245E-004
   7.1137759355734945E-004
   6.7789649171776805E-004
   6.6800242968053649E-004
   6.6759621551630316E-004
   7.2559293064404138E-004
   6.8696152186999149E-004
   7.0094411177056720E-004
   6.9273594372531121E-004
   7.2025470914815093E-004
   7.9095049458590533E-004
   8.3090253414018597E-004
   7.2335123624009065E-004
   7.6767875756946185E-004
   7.8549599025435853E-004
   7.1426660785847880E-004
   6.9810452619273279E-004
   7.0860539201058389E-004
   7.3438789723650002E-004
   7.9095897868185791E-004
   7.3449656937702747E-004
   8.1185957906705283E-004
   7.0966544608393124E-004
   6.9820393254194546E-004
   6.9315076318966404E-004
   7.8173745635931092E-004
   7.1701892059320045E-004
   8.1000453738430634E-004
   8.0784746101939670E-004
   7.1763387681399941E-004
   7.1934503201167167E-004
   7.8735115713632548E-004
   7.4178891148320993E-004
   8.3535033555087854E-004
   7.1950666190718961E-004
   7.8990455005041658E-004
   7.8697637455087436E-004
   7.2635979504277824E-004
   7.7624830432583948E-004
   8.0495567418445099E-004
   6.9283717083851691E-004
   8.3191637147520621E-004
   7.8496761076296117E-004
   7.3838668470544485E-004
   7.4078872616204329E-004
   7.2354520763796924E-004
   7.6200039459591799E-004
   8.2157238166224924E-004
   7.1998832560571607E-004
   7.9595107916019699E-004
   8.3766103732551059E-004
   7.1620745476839087E-004
   8.0335795731927950E-004
   7.8289262607418022E-004
   7.4600061858357599E-004
   7.2121215318357340E-004
   8.2309731452503672E-004
   7.1531473634727286E-004
   7.3411642443187858E-004
   7.2488066760041279E-004
   7.0737132548939676E-004
   7.0203224097013686E-004
   7.8829197607826638E-004
   7.3004510300857587E-004
   7.7956493777320811E-004
   7.2450316086206297E-004
   7.1322295702424979E-004
   6.9111536409082548E-004
   8.1319077011152011E-004
   7.9415918679456886E-004
   7.2404865988080660E-004
   8.2632056865705880E-004
   8.1872408039536718E-004
   7.3374791252072086E-004
   8.4807952160327854E-004
   7.2464636199517072E-004
   7.2930104263734918E-004
   8.1274993733769236E-004
   8.3019664451931807E-004
   8.0931664401701347E-004
   7.9831465805063802E-004
   7.7739202746327353E-004
   8.2285579817718509E-004
   8.1453684344244537E-004
   7.7143579394466013E-004
   7.0604070246916152E-004
   8.4445942735825684E-004
   7.1808428404522974E-004
   7.3110687090827348E-004
   8.0406667529022216E-004
   8.2784421013153814E-004
   6.9273694502006600E-004
   7.8632511645231951E-004
   7.3012232622619074E-004
   8.1061071772586238E-004
   7.0884559671466156E-004
   7.0831327447915991E-004
   7.9154643085119821E-004
   7.2278286591422795E-004
   7.1767373338004555E-004
   7.0575645613344838E-004
   7.0454462216772292E-004
   7.8353410022465161E-004
   7.1063056387588963E-004
   8.0937003766042340E-004
   8.1581896301834297E-004
   6.9970535941472260E-004
   8.1612865663343822E-004
   8.0694096737120465E-004
   8.1236607273192500E-004
   7.9506149501043532E-004
   8.1115500149491068E-004
   7.8436843948248721E-004
   7.1153464981451057E-004
   7.3449368537623441E-004
   8.0376596817302169E-004
   8.3105261980919744E-004
   7.1940986803449602E-004
   7.0459800733244083E-004
   8.0733375661912502E-004
   7.5060995287103203E-004
   7.0204625472271905E-004
   7.3414715456403420E-004
   7.5682351010072696E-004
   7.2052897358709084E-004
   7.4245555192309375E-004
   8.0958774966271999E-004
   7.9352200937220685E-004
   7.9499775770195606E-004
   7.6050886419051094E-004
   7.4050246886268498E-004
   7.6058726104643974E-004
   7.3503948117719699E-004
   7.9165546730994654E-004
   7.0871187838955076E-004
   7.6943921407454565E-004
   8.2089893710248331E-004
   8.3053976253893871E-004
   8.0867203034006041E-004
   7.1301024323989473E-004
   7.9038742770034056E-004
   7.0323349357670408E-004
   7.9352326396801972E-004
   7.9831748802745015E-004
   7.2807268016682474E-004
   7.9262022711151293E-004
   7.1577962104345054E-004
   8.1929571909646916E-004
   7.7974488755885906E-004
   7.4567278357620139E-004
   7.9941062522180767E-004
   7.0549156734648494E-004
   7.1551161584882718E-004
   7.1167602784062754E-004
   7.2231506065072366E-004
   8.1811338393804236E-004
   8.3563577840856833E-004
