   7.0693049265377979E-004
   7.3245110804383089E-004
   8.0054473722138955E-004
   7.2951434450167123E-004
   8.0664032747437624E-004
   7.0083046625766502E-004
   8.0802245655846685E-004
   6.5967698004165925E-004
   6.8473054350983104E-004
   7.9024123739975416E-004
   8.2576973426003815E-004
   8.1383848873278796E-004
   8.3950769732244585E-004
   8.1642459803012266E-004
   7.1326288769912383E-004
   7.1798577614437043E-004
   8.0370477264667356E-004
   7.2424593473999102E-004
   8.1579831199426567E-004
   7.1923121463661726E-004
   7.1832764312931233E-004
   8.2186363432010918E-004
   7.5185153847782797E-004
   7.6130102497496050E-004
   7.5953788130264112E-004
   6.9698584410557776E-004
   6.8654118602925183E-004
   7.8024242605623977E-004
   7.4758722577236182E-004
   7.9332014867625439E-004
   6.8718588312831873E-004
   6.6509064013344345E-004
   6.9285397832208003E-004
   7.3034779338513949E-004
   8.1498245923172503E-004
   8.3662484477487462E-004
   7.1602479080445285E-004
   8.1223201370069647E-004
   7.9787497978435766E-004
   7.5854869994521361E-004
   8.0012918757380611E-004
   7.2742469825664679E-004
   7.3166104140389733E-004
   6.8047692085415829E-004
   6.9038964278350819E-004
   6.9680067823588241E-004
   8.0203364777520767E-004
   8.3813973636373378E-004
   7.1142068727309677E-004
   7.0999162643099951E-004
   7.1694429082459624E-004
   7.7729446473692927E-004
   7.2656267231398014E-004
   7.1967656924231370E-004
   7.9222172263287581E-004
   8.3518323301233455E-004
   8.5569449504495885E-004
   8.2526100054348050E-004
   7.8511566682649546E-004
   7.1850064062200950E-004
   7.3319467021524956E-004
   7.4182236762821579E-004
   7.6698253562385303E-004
   8.1595269685957644E-004
   8.0316404607210022E-004
   7.6563790305540856E-004
   6.9873668294282061E-004
   7.8902222072345710E-004
   7.4833372418151034E-004
   8.0757659939859321E-004
   7.5969114252156427E-004
   7.9863035296174310E-004
   7.2854078342394590E-004
   7.8967869434688276E-004
   6.9177078763970809E-004
   7.8609985543903304E-004
   8.0782048778625204E-004
   7.1451868006615392E-004
   7.9287633728223022E-004
   6.8742013577101054E-004
   7.2833595356866585E-004
   7.6590877167516164E-004
   7.2599096067714681E-004
   7.7178350948877599E-004
   7.4814978469900720E-004
   7.2214559535521445E-004
   7.4274939222671791E-004
   7.3729834588556037E-004
   7.0722670761692603E-004
   8.0537583634754850E-004
   7.1959204992060911E-004
   7.9802168574380668E-004
   7.3851549781799551E-004
   7.6625546414326958E-004
   7.1197407505677567E-004
   7.1099933634566955E-004
   7.9471418374712198E-004
   8.3234709464967275E-004
   8.1637298271098669E-004
   7.3890401479183884E-004
   7.2560268135874644E-004
   7.3201676148275103E-004
   7.0291487075224408E-004
   7.9435636604810586E-004
   8.3390484033612458E-004
   8.0538239202254777E-004
   7.2690461529750371E-004
   8.0257024855838965E-004
   7.6760300477288841E-004
   7.9772156564510133E-004
   7.1336074994549482E-004
   7.6976381119834008E-004
   8.3365449251865398E-004
   8.1178666212259026E-004
   8.1902650195350094E-004
   8.0916555621756597E-004
   7.9102131112229030E-004
   7.1814025497491979E-004
   6.8380625318519527E-004
   8.0526212589598900E-004
   7.9874340975527331E-004
   7.3190229081987750E-004
   7.0010638811485680E-004
   7.9356715948182435E-004
   7.1094939335374801E-004
   7.2799810458790918E-004
   7.2621073821410489E-004
   8.1850077611281377E-004
   7.8747166797726224E-004
   8.2141688534962027E-004
   7.9220428368213379E-004
   7.2750324108345312E-004
   8.4881395882483379E-004
   7.7703858730821147E-004
   7.3101602366495749E-004
   7.1914059407932030E-004
   7.8599518809534935E-004
   8.1066003340538235E-004
   8.1247065910008411E-004
   7.2539131246022548E-004
   7.7574151085981662E-004
   7.0630901552047761E-004
   7.0542739315298403E-004
   7.9121423137698771E-004
   7.7121003643813217E-004
   7.4131839101445945E-004
   8.0043816423016419E-004
   7.5344918354119364E-004
   7.7573482896330169E-004
   7.3166734271587616E-004
   7.9532918969689480E-004
   7.0683555401484415E-004
   7.0952520493661588E-004
   8.0437120956150738E-004
   7.1795650801676142E-004
   7.3147794613365928E-004
   7.7227917427193386E-004
   8.2323355833858070E-004
   6.9376726631023989E-004
   7.5626472988644760E-004
   8.0340429359992147E-004
   7.8662283159234355E-004
   7.8591928482314732E-004
   8.3612428672618408E-004
   8.3021275538928269E-004
   8.2027355531003412E-004
   7.3052255086752461E-004
   7.4692461889432613E-004
   6.9626211047893406E-004
   8.0981129825395996E-004
   7.5425705579760518E-004
   8.1018257572682592E-004
   7.9365002529614617E-004
   7.0336561010808771E-004
   8.0290426973152966E-004
   8.0512555225739017E-004
   7.7925550217088199E-004
   8.1250418182342169E-004
   8.0392429370567569E-004
   8.1273792357780864E-004
   6.9684598073721515E-004
   7.2399288944053838E-004
   8.0722961806882249E-004
   8.1661971272553179E-004
   7.2754983670801567E-004
   7.0429587406508763E-004
   7.8462741131555733E-004
   7.5450794402945310E-004
   7.6857353177923777E-004
   8.0856032605881314E-004
   7.1271273803344437E-004
   8.1531453368547833E-004
   7.2823004103466889E-004
   7.7201849045843859E-004
   7.5000601907296673E-004
   7.2831386313894797E-004
   6.8301882531062027E-004
   8.2237499687056110E-004
   7.2349289397729633E-004
   8.0343469457274546E-004
   7.7605135795922697E-004
   7.6002144512890655E-004
   6.7775288391503394E-004
   8.1016552856330321E-004
   7.1237003878277521E-004
   7.9039799511480347E-004
   7.1361096979240160E-004
   7.8956608970325785E-004
   7.4484920312324859E-004
   7.2439332916603963E-004
   7.0505197002606072E-004
   6.9492224080852519E-004
   6.8934064309198243E-004
   7.4441831441088193E-004
   8.4030393191631054E-004
   8.0880126499326371E-004
