   6.9737743667396533E-004
   7.9773558283934595E-004
   7.3824772315267948E-004
   7.2940399921208644E-004
   7.9590386886580812E-004
   6.6933746781385123E-004
   7.8171737957585048E-004
   7.5162858537024800E-004
   7.8221449058680419E-004
   7.0692954353823126E-004
   7.6924498868948487E-004
   7.2784739127814357E-004
   7.5489692265941536E-004
   7.9324047274991296E-004
   7.9888456831846773E-004
   7.7986508945657694E-004
   7.3989081748897624E-004
   8.0739679322806694E-004
   7.8726205325314207E-004
   8.1357549605258462E-004
   7.0883996679489767E-004
   6.7219907903369350E-004
   6.9613953042566457E-004
   7.7060677669443464E-004
   8.0845465751799069E-004
   6.9345808091641093E-004
   7.2462225923010197E-004
   7.7219544462457852E-004
   7.3088943747090594E-004
   7.9458853777692926E-004
   7.1240340379315821E-004
   7.2084659737081994E-004
   7.6870780965820733E-004
   7.4140559139521090E-004
   8.1828733860775708E-004
   7.1780116053909223E-004
   7.1270621059574258E-004
   7.9764271208713079E-004
   8.0256327615769779E-004
   8.2636366925450326E-004
   8.1716231707427522E-004
   7.0769948799761129E-004
   7.1226584180042929E-004
   7.7433346596236037E-004
   8.1534192443857899E-004
   7.1992735005326858E-004
   8.2636713556310355E-004
   7.1467206271437055E-004
   7.4404050652775904E-004
   7.3835722636014637E-004
   7.9927991159472924E-004
   7.0817841227632599E-004
   8.0258391780121626E-004
   7.1524053593265450E-004
   7.0662758186750701E-004
   7.1633508276677782E-004
   7.9105929054797770E-004
   6.7186316613393731E-004
   7.1754894249632256E-004
   7.1996041149616111E-004
   7.0726176283641973E-004
   7.1218906307354477E-004
   7.7007305819388723E-004
   7.1130096765887414E-004
   7.7802799897669036E-004
   6.8751630954091644E-004
   6.8924029209362677E-004
   8.0532153406727371E-004
   7.2175895281070465E-004
   6.9703822293451967E-004
   7.6938328013364491E-004
   7.0448590664204120E-004
   7.3993550560279135E-004
   8.1067154708222263E-004
   7.6253056839672528E-004
   7.4179026906426662E-004
   8.0182308562237281E-004
   8.3046842635711813E-004
   7.6822308950347143E-004
   7.3236575027134962E-004
   7.1955022295174626E-004
   6.9411923568691767E-004
   7.2668660459528187E-004
   7.8431404982910182E-004
   8.1310178548055440E-004
   7.2812950306006972E-004
   6.8704823797908110E-004
   7.0689387440560803E-004
   7.2338767138892225E-004
   7.5956332842867043E-004
   7.9232119406390700E-004
   7.3549595862243704E-004
   7.8157750844826265E-004
   7.8440306231681916E-004
   7.3858405512026721E-004
   7.7236116200192430E-004
   7.2228159053224319E-004
   7.5601013552013417E-004
   7.3435189672603604E-004
   7.2174826383660244E-004
   7.7485247241152106E-004
   6.8680209186029707E-004
   6.9507791474117343E-004
   7.3130015192955861E-004
   7.8704670987004861E-004
   8.0563565327237019E-004
   8.1258123381577148E-004
   8.0160641673515871E-004
   8.0639992657002282E-004
   7.8519603143811106E-004
   7.0213697427729590E-004
   7.0296290056142438E-004
   8.0202558729127176E-004
   8.4196894408703783E-004
   8.0241939444975949E-004
   7.9939144665133071E-004
   8.1602976168289071E-004
   7.2395690124441091E-004
   7.2066677180406382E-004
   7.4814664005567089E-004
   8.2373634173655164E-004
   7.6202608676412449E-004
   7.8639039075925892E-004
   8.2396143127992172E-004
   7.5657224143444140E-004
   8.0620608229580598E-004
   8.2408425660056826E-004
   7.8093091112906487E-004
   7.5475592884763614E-004
   7.7548960191430223E-004
   7.1616540847542986E-004
   7.1732991606888649E-004
   7.8017443497507626E-004
   7.2942553709240421E-004
   7.8423218351473102E-004
   7.3912568497834313E-004
   8.2402335110667749E-004
   7.0086487511395314E-004
   7.1927635243513395E-004
   7.7727083186867067E-004
   7.4769196082509644E-004
   7.9009107371567997E-004
   8.4911566328142122E-004
   7.8430367992229910E-004
   7.9331174797655124E-004
   6.9933711581660453E-004
   7.4080942955901275E-004
   7.2182071077661787E-004
   6.9963194668323434E-004
   6.8725489751229516E-004
   8.0876861898794203E-004
   7.7023632308537973E-004
   8.5310040966721950E-004
   8.1719631763924093E-004
   8.1621574455359057E-004
   8.2255031919030094E-004
   7.4944514938568444E-004
   7.8078575579921378E-004
   8.2127240639487831E-004
   7.9247737918048690E-004
   7.2080514102017821E-004
   7.6242228689763934E-004
   7.5879382801968527E-004
   7.9386277281128783E-004
   7.2863030528858095E-004
   7.1631104952692604E-004
   7.8645292749866488E-004
   8.2393270598843198E-004
   7.1160737920415924E-004
   7.1646247069361902E-004
   8.3555711251939073E-004
   7.9857865768623564E-004
   7.9807448760816279E-004
   7.7500395850015882E-004
   8.1836261806823830E-004
   8.0960802016577179E-004
   7.3142458185491803E-004
   7.6352054954122606E-004
   7.0353419288351484E-004
   7.2506699927019731E-004
   7.4477719676703654E-004
   7.1809295031538252E-004
   7.7275258786796083E-004
   8.1106289049201095E-004
   7.6604309782996049E-004
   7.6637769730216626E-004
   8.0521915485074142E-004
   7.8361264109744644E-004
   6.9267654816791116E-004
   7.3088893276410333E-004
   8.2042561618114827E-004
   8.4214186847788946E-004
   7.8817441154951007E-004
   7.4001489100254680E-004
   7.1895540045952043E-004
   7.5932247251713424E-004
   6.9994844200742766E-004
   8.0642521550866781E-004
   8.5594747659319755E-004
   7.9386742891277202E-004
   7.8180177345978390E-004
   7.1802496330476944E-004
   7.1423081274167197E-004
   6.9189831914005383E-004
   8.2784724122576001E-004
   7.2154404730052110E-004
   7.1948995499901305E-004
   7.6963900381218356E-004
   7.1859726864725003E-004
   7.0873061396868262E-004
   8.2232374198323236E-004
   7.8057652382340420E-004
   6.8956988156782363E-004
   6.9906169016914564E-004
   7.1026489310551874E-004
   7.7536325036998781E-004
