   8.6449825299798877E-004
   7.9420743377081019E-004
   9.0707619901406525E-004
   7.6705035544323260E-004
   7.2517665018532042E-004
   7.8470750400883385E-004
   8.4504665807199903E-004
   7.7934114997466703E-004
   9.0254995860655643E-004
   9.0712856785042065E-004
   9.0143240976805052E-004
   8.4914975544764834E-004
   8.2979959820959816E-004
   8.2583254260202709E-004
   7.6800988422862505E-004
   7.5422919398698287E-004
   8.4484558705665914E-004
   8.6007932816727539E-004
   7.1992002368409817E-004
   7.6948618972656660E-004
   7.8469989050393354E-004
   8.8938664570127406E-004
   8.5074887112359049E-004
   8.7369657491085610E-004
   7.8040870001396933E-004
   8.4612253630141770E-004
   8.0146184813637000E-004
   8.7172477594087822E-004
   7.4502097829028254E-004
   7.7755846521406250E-004
   8.1017177753832219E-004
   8.5755059668744110E-004
   8.9502488997963677E-004
   7.7442957914078501E-004
   7.7593036356457307E-004
   7.4732816149103193E-004
   9.0745243081673255E-004
   7.8424980007163437E-004
   7.8288237706049789E-004
   7.5393714698102109E-004
   7.7772007131960319E-004
   9.2811946494087978E-004
   7.7612306615552939E-004
   8.8501242413584907E-004
   8.1879376823455383E-004
   8.5597144634216979E-004
   9.0837232302783566E-004
   8.8619956791681346E-004
   8.7108264217983775E-004
   9.0168937628806809E-004
   7.7594562378462345E-004
   9.0637947328399047E-004
   9.0160599379552470E-004
   7.5426151389010332E-004
   8.7474598566037300E-004
   7.8471640747073562E-004
   7.5436313510495747E-004
   8.8213205551773536E-004
   8.7605230242452964E-004
   7.8483547827746993E-004
   8.2606489809647647E-004
   9.0162405774575291E-004
   7.9998225680773423E-004
   8.0916897776300400E-004
   7.7425993683011317E-004
   9.0481155317058241E-004
   8.7751347316929391E-004
   7.5937881603961913E-004
   8.4342466997680869E-004
   8.9060733232033886E-004
   9.1095244737509631E-004
   9.6378888581434509E-004
   8.8071115048697385E-004
   7.5876951243072769E-004
   9.1002387660608463E-004
   8.1712919809601733E-004
   8.9722410593717295E-004
   9.0673233561450715E-004
   7.6350277190982219E-004
   8.6323367151375620E-004
   8.0605506804389644E-004
   7.8220318011329914E-004
   9.1597942572000442E-004
   8.6454471655858717E-004
   8.9855416701794925E-004
   7.7659983295519971E-004
   7.3714636898423850E-004
   7.8975722506070096E-004
   7.7078950559542677E-004
   7.8178690609749014E-004
   8.6657568676095048E-004
   8.8577318458255613E-004
   8.5353314651220934E-004
   8.5864019981645985E-004
   7.5100681858194466E-004
   7.8493112762734879E-004
   7.8084131315014329E-004
   9.0933584785338249E-004
   9.1811674891424905E-004
   8.7192606761248318E-004
   7.6476848394909822E-004
   7.7437759947613391E-004
   7.6673711864926660E-004
   8.1171153119783237E-004
   7.9483583683572878E-004
   8.5709390423076238E-004
   8.8916812690853584E-004
   8.4258406158839146E-004
   9.3856353919780143E-004
   8.5975832705167162E-004
   8.5228448511567953E-004
   7.6962805831277633E-004
   8.2019919316347141E-004
   8.7054282018398754E-004
   8.9092902308253626E-004
   8.1366918899475999E-004
   8.8176970433900468E-004
   7.6796689209443535E-004
   8.8509792333661284E-004
   8.5947562806288919E-004
   9.0489256395457805E-004
   8.8357510092177901E-004
   8.9922772887584949E-004
   8.7298757201496055E-004
   8.2898590380681646E-004
   8.0581544559791933E-004
   8.9798682044838038E-004
   8.3853778180219068E-004
   7.8719580252532785E-004
   7.7290444614449953E-004
   7.4319294687900668E-004
   8.4275228939512841E-004
   8.7954672664991497E-004
   8.7601474504683298E-004
   8.9483762139733723E-004
   9.1175541321424742E-004
   7.8454567871842368E-004
   8.7597662059337215E-004
   9.2816483104517635E-004
   8.8999824455589444E-004
   8.6110604618741039E-004
   8.3396932701178012E-004
   7.9933298151843384E-004
   7.9890759307135804E-004
   8.7643352960050205E-004
   7.8814454163965864E-004
   8.9989489733581453E-004
   8.6795183090956061E-004
   7.7400319493668192E-004
   7.9721271675725419E-004
   8.0057610959860374E-004
   9.0035540011730315E-004
   8.9752062273369421E-004
   8.9530923083377305E-004
   8.7404783748879075E-004
   8.1183450875342838E-004
   7.7047403594469237E-004
   7.8723705309547971E-004
   9.5564867557277309E-004
   8.8413603754062707E-004
   7.8305833721325547E-004
   7.4606325944734072E-004
   7.9553091729675052E-004
   8.7469066338311918E-004
   7.8666631334410847E-004
   8.7119601236611787E-004
   9.5545936677505106E-004
   7.4883732534049914E-004
   7.8634639717236644E-004
   7.9673649881149302E-004
   8.0263898510656961E-004
   8.8419272162762821E-004
   7.6893065410127122E-004
   8.4645865261538016E-004
   7.8457126227773118E-004
   8.4652431085283694E-004
   8.7993926196321581E-004
   8.6145742924247136E-004
   7.6655519620160144E-004
   7.8220129827928154E-004
   9.6005147805669011E-004
   7.8049462739831826E-004
   8.6031144772945062E-004
   7.7704556141988343E-004
   8.9529131967196229E-004
   8.9671476069379111E-004
   7.7191223992191158E-004
   8.4481075918811362E-004
   8.0363524598768663E-004
   7.6806210812307442E-004
   8.4420181635399335E-004
   8.7206389671066868E-004
   8.2999087158679857E-004
   8.0556374755946770E-004
   8.9727608457444501E-004
   7.6791223738346959E-004
   7.0055058998108447E-004
   7.6041377542208682E-004
   8.3142036623717723E-004
   7.8190807931957337E-004
   8.6238334537193351E-004
   8.8625591443530283E-004
   7.7564760772183799E-004
   8.6591383583360497E-004
   8.1187360353536259E-004
   8.5016318368649887E-004
   8.1634364393476074E-004
   9.1150926339549326E-004
   8.1511017364947628E-004
   8.8625490174961384E-004
   8.6923354808832751E-004
   8.7197646119503442E-004
   7.4055652341795954E-004
   7.4148619707152346E-004
   7.6760260835005310E-004
   7.8114063357485810E-004
