   6.8925491491737129E-004
   7.6066689771117700E-004
   8.0345136954891399E-004
   7.8019057958610724E-004
   7.2012515006156632E-004
   7.2062790333777074E-004
   8.0011496226801754E-004
   7.1685327807118689E-004
   7.4078851651482368E-004
   7.8544294663557442E-004
   7.1186907141815650E-004
   7.1907347615542713E-004
   7.2705592218021706E-004
   8.1344509562501744E-004
   7.4812945375900394E-004
   8.0440046772197414E-004
   7.7938923615445408E-004
   7.1791392890410157E-004
   6.9391622865569533E-004
   7.9212307941833599E-004
   7.3285502537713489E-004
   8.1995773175692465E-004
   7.6265842430888245E-004
   8.0364817584396093E-004
   7.3436862282160766E-004
   7.0588155363316416E-004
   6.6710647931566029E-004
   7.2790932440090533E-004
   7.9347575273573169E-004
   8.1192505015149289E-004
   8.1323620368114265E-004
   7.9171104842017321E-004
   8.1359263504335387E-004
   7.0070897323975504E-004
   7.4688366768245766E-004
   8.2202851513665928E-004
   7.1999198136642347E-004
   7.1896325155471085E-004
   7.1084289938880057E-004
   8.1533179916283083E-004
   7.2662031219021149E-004
   7.7678916702286641E-004
   6.7223713290087510E-004
   7.0814659821856550E-004
   7.9049010237026854E-004
   7.2979660801605840E-004
   7.1263501634359736E-004
   7.9853095463198098E-004
   7.2256898927420328E-004
   7.2339907928229167E-004
   7.5541212751924919E-004
   8.1830932718388559E-004
   7.0349650824080802E-004
   8.4081205403775010E-004
   7.4891294768799374E-004
   7.4122418856650742E-004
   8.0324478232204780E-004
   8.1208167758888570E-004
   7.3481984580784710E-004
   7.7399467499184645E-004
   8.4818564610675956E-004
   8.0507355778215511E-004
   6.7807253829037511E-004
   8.1891970590805086E-004
   7.4212163055628079E-004
   7.8726794245147431E-004
   7.3843414897351912E-004
   7.7993319234584033E-004
   7.1250531006882532E-004
   7.9984642303474796E-004
   7.6070776181623662E-004
   8.2945749326553944E-004
   8.2699174569033967E-004
   7.2631944854366652E-004
   8.0048093087089643E-004
   8.4469585395915915E-004
   7.2161700220396447E-004
   8.2939131392945162E-004
   8.0579063139542891E-004
   7.6754024811192395E-004
   7.4983024651818905E-004
   8.5562975280118131E-004
   7.1391677226935967E-004
   8.1462156711828763E-004
   8.2855745134146090E-004
   8.3256713186236541E-004
   8.3074046716543064E-004
   7.8691377753597298E-004
   7.1068758317503809E-004
   8.3472925550852339E-004
   7.8977051240926939E-004
   8.3144758865153726E-004
   7.1755677008474483E-004
   7.4494599553918939E-004
   7.8284762700808470E-004
   8.3804511233020183E-004
   8.2561955220864967E-004
   7.9889040503277849E-004
   6.8699535018907590E-004
   7.9474435121068370E-004
   8.0914827881722960E-004
   7.6982891053480995E-004
   7.1357439016626607E-004
   7.1715450824155335E-004
   8.0590859890559291E-004
   8.1918181672861604E-004
   8.0997400538482733E-004
   8.2682324896432970E-004
   8.3277299488297078E-004
   8.1548059170075604E-004
   7.6802301527483159E-004
   7.7166895284242333E-004
   7.3304159205151646E-004
   7.8501378947496716E-004
   7.8840873357881671E-004
   8.0320905558331978E-004
   7.0598528825427213E-004
   7.8452794196950211E-004
   7.5061163656889784E-004
   7.6624629130868545E-004
   7.9158048218189831E-004
   8.1250430416942405E-004
   8.3213801638550879E-004
   7.6714658937886702E-004
   8.0505716730996674E-004
   7.4069736403403297E-004
   7.3393930485876082E-004
   8.1314490612900854E-004
   7.7975180936503503E-004
   8.1541097378619418E-004
   7.2590125846915042E-004
   8.2107484172242308E-004
   6.9235337824235165E-004
   8.0484160922853778E-004
   6.9299498294704293E-004
   7.3833221889860494E-004
   6.8061198361747482E-004
   6.9342780435867313E-004
   7.0171542175977370E-004
   8.3847927159593470E-004
   7.4127249119187609E-004
   8.0084741779365312E-004
   6.7693378331439274E-004
   8.0794122322247865E-004
   7.4599214019607904E-004
   7.0773074276900879E-004
   6.9918838101409473E-004
   7.9089272791840705E-004
   7.9940025647197161E-004
   7.6359175507207961E-004
   7.9277513851091889E-004
   7.9079650994326933E-004
   6.9834841099410919E-004
   7.8193586851919524E-004
   7.0241438806096308E-004
   7.3869471415552391E-004
   8.9273318934171737E-004
   7.5506976878693616E-004
   7.0625327358205415E-004
   7.1990750796411542E-004
   6.9048894621567066E-004
   7.9202707204930061E-004
   8.2699224314564329E-004
   7.2707163829675272E-004
   7.0361619363289260E-004
   7.1961244386690927E-004
   7.3418126907672432E-004
   7.8501981041002118E-004
   8.0867386757240865E-004
   8.4250574703044760E-004
   7.1974615507563165E-004
   6.6210305228078911E-004
   6.8939210496969270E-004
   8.3776705798588595E-004
   7.9977507650593447E-004
   7.8803411118350875E-004
   7.4302025433198293E-004
   7.8108183677640900E-004
   7.3747264246862309E-004
   8.0268088204115708E-004
   7.6095176732600151E-004
   7.0322266850739797E-004
   6.8712941414987279E-004
   8.2587243691268426E-004
   8.1173461014139719E-004
   7.3564487683764983E-004
   7.8840965343150271E-004
   8.0712209651766405E-004
   7.7766640330997764E-004
   7.5865629458233511E-004
   8.4620649181999820E-004
   8.1823925086551305E-004
   7.7525398520542977E-004
   7.4108715581235279E-004
   7.8517463091969683E-004
   7.1993434932082138E-004
   8.0199198239935864E-004
   7.2685974182399205E-004
   7.3907593209613460E-004
   8.0131818511072522E-004
   7.1771507130205493E-004
   7.1514088429371623E-004
   6.9066811974987914E-004
   7.2476840244587023E-004
   7.4037333670434204E-004
   7.9853390791980415E-004
   7.0148744575078642E-004
   6.9532377372496525E-004
   7.3021107605138246E-004
   7.6711575966519226E-004
   7.3129737441524761E-004
   7.0933963783811047E-004
   8.2106659086648070E-004
   7.3425643883409458E-004
   7.7650663162423268E-004
   7.0447449857247331E-004
