   8.2980903970768130E-004
   8.6837365745650111E-004
   9.1257137529645639E-004
   7.7250256027636588E-004
   7.6639491537292622E-004
   7.5944932513630204E-004
   9.5260504152396344E-004
   8.9614841443950608E-004
   8.0842761880876824E-004
   7.4611956001392949E-004
   9.3324455241789014E-004
   8.2564379902490606E-004
   8.9904180344499136E-004
   8.9099089742292626E-004
   8.4387453797143356E-004
   8.4062151099913011E-004
   8.9687496677618393E-004
   8.8827286463781616E-004
   8.2853648717153179E-004
   7.6701906307480186E-004
   8.1974567433317164E-004
   7.7212928548061124E-004
   8.5439201828490250E-004
   8.4216608420019314E-004
   8.3326366222908124E-004
   7.9340337507332063E-004
   9.4146759884710155E-004
   9.0012978092581777E-004
   7.3844908536707036E-004
   7.2839938813000797E-004
   7.5656947938914591E-004
   7.8664455302429864E-004
   8.5573707456307086E-004
   7.8961429893245161E-004
   7.6775175847191906E-004
   7.6963881157687374E-004
   7.7244146166266005E-004
   8.0124556601312116E-004
   8.8635768082287166E-004
   8.6192773786889973E-004
   7.7226121344296176E-004
   7.5179020340159625E-004
   8.9874332275969985E-004
   8.7901374081324971E-004
   8.9964703382180641E-004
   8.1760707774126257E-004
   8.6228313648241059E-004
   7.6483844669613212E-004
   8.1195807995946049E-004
   8.8235991048295648E-004
   7.9391827955918560E-004
   7.5617273832400669E-004
   8.2925865448444194E-004
   8.4177661697917654E-004
   8.6444557202052939E-004
   7.8237118227273859E-004
   8.4627423900488657E-004
   8.5632726563276312E-004
   8.6705867758653233E-004
   8.3769029200399627E-004
   8.8090921424106990E-004
   8.6522267654587739E-004
   8.2986482669163131E-004
   9.3349025281303964E-004
   8.5781091646179228E-004
   8.7351588322597462E-004
   8.4157193875033219E-004
   7.9271570700050452E-004
   8.6474485338273652E-004
   8.6913213167344949E-004
   8.5251396562161224E-004
   7.7213486790765921E-004
   9.0982834505555542E-004
   8.8884220899460389E-004
   8.5407645352474386E-004
   9.0705432504594721E-004
   8.0634356988530632E-004
   9.2166589353495664E-004
   9.2956699763550301E-004
   8.1101824505329736E-004
   8.0493043768801802E-004
   8.1526889977103336E-004
   7.6669498154693287E-004
   7.7415777153228081E-004
   9.3439650460421702E-004
   8.8487431623050024E-004
   7.8914555548541038E-004
   7.8115178557076708E-004
   8.8618416235771737E-004
   9.2016884904632496E-004
   8.8267077260408889E-004
   8.8159703297024949E-004
   8.0342419339301553E-004
   8.4456124262063698E-004
   9.1987816298252207E-004
   7.6203479502893914E-004
   8.2122993248023260E-004
   9.2706230395426376E-004
   8.2847724797278390E-004
   9.3198246241205855E-004
   8.8498895626080878E-004
   8.9133294940527553E-004
   9.1859268709657146E-004
   7.5432801141444357E-004
   7.9919431151541029E-004
   7.9486296412867525E-004
   8.6425132489067352E-004
   9.3101315033359059E-004
   8.9406431448870935E-004
   9.1385900547527545E-004
   8.0444906140023174E-004
   7.9059985165985517E-004
   7.6989070262910785E-004
   8.8965247403232435E-004
   8.2502424253791916E-004
   7.7899315043663078E-004
   7.5000788738239122E-004
   7.7369380289045496E-004
   8.1854148466766342E-004
   8.5176325901000708E-004
   8.9701181683072607E-004
   7.6403624794902942E-004
   7.6020493337231813E-004
   7.5813946673779686E-004
   9.2628726079452891E-004
   7.5521022026491121E-004
   7.9601856182820484E-004
   9.3314218688340229E-004
   8.6783028513692936E-004
   9.1857706798648077E-004
   9.3442250211416217E-004
   7.6512377956165973E-004
   8.6676830239504051E-004
   8.0408102078830391E-004
   7.7277515110973373E-004
   7.7389690614725970E-004
   7.9966479437153942E-004
   7.9471902148713644E-004
   7.7144385342184634E-004
   8.4974672249502894E-004
   7.5895250694113113E-004
   7.5793937845144521E-004
   7.8794958290823560E-004
   9.1446867043690899E-004
   8.2427653887930119E-004
   9.1145177511596542E-004
   8.2725929112828457E-004
   8.3729728561883108E-004
   8.8633911226082280E-004
   7.4168666784372235E-004
   8.2813947396585645E-004
   7.7505422201122923E-004
   8.2652523072795198E-004
   8.7304144570025141E-004
   8.0681925970882114E-004
   8.2805653523739615E-004
   9.6377046672040123E-004
   8.6542398408436330E-004
   8.3857896432919644E-004
   8.9348230673847622E-004
   9.3646750489178644E-004
   7.8276772717600232E-004
   9.3516144723583376E-004
   8.9417147149700596E-004
   8.8867016226531863E-004
   8.1768063767264818E-004
   8.4343092761995540E-004
   8.2023730409147067E-004
   7.3212311640953750E-004
   8.5246858595823733E-004
   7.8222610716240776E-004
   7.5902072499779379E-004
   9.0246858907688582E-004
   7.9140320406886747E-004
   8.5036946340708800E-004
   7.8791188968579116E-004
   7.2731872308712600E-004
   8.1156443420923494E-004
   8.4211756326617933E-004
   8.7002996264006394E-004
   7.8521974310348161E-004
   8.1388817760889875E-004
   8.9220257236596737E-004
   7.9745835183718712E-004
   8.5389929021496402E-004
   7.6371360754095316E-004
   9.2640018209896066E-004
   8.6133996489728526E-004
   7.5682181409769591E-004
   7.4225595856053849E-004
   7.4280538357324633E-004
   7.7219675805302265E-004
   9.0927264303902722E-004
   9.3684718585402248E-004
   7.6511594308347191E-004
   7.9052535026515850E-004
   8.3160693977749587E-004
   8.8150345090897786E-004
   9.4173750332765158E-004
   8.3356063489554283E-004
   8.9535051464222873E-004
   9.0166711737898781E-004
   9.3538995029464713E-004
   9.6243621700955898E-004
   8.0554883445792171E-004
   8.8604011455988951E-004
   9.7943527070865977E-004
   8.9793615975182570E-004
   9.1140503278901034E-004
   7.6921134547919213E-004
   8.5251549302651759E-004
   7.9549689305771516E-004
   7.8932514819114415E-004
   7.7110238421648433E-004
   7.9438871604847869E-004
   9.2215933935127297E-004
