   7.4681709886982833E-004
   7.0869801025888024E-004
   7.7633671379005688E-004
   7.0857890883932050E-004
   7.7078375059952626E-004
   8.0712446706134857E-004
   7.9578879673807218E-004
   6.7754405333483414E-004
   6.9361910921111468E-004
   6.9640421329261130E-004
   7.2259763621438072E-004
   8.1439124941775796E-004
   8.0058506280700258E-004
   7.0899128318441110E-004
   7.2240325957319783E-004
   7.8054674033173441E-004
   7.2107957800620346E-004
   7.1486830191388616E-004
   8.0568847245293283E-004
   8.1005714421719666E-004
   7.9087354714787181E-004
   7.5799690360096124E-004
   8.2125913843133537E-004
   7.3596913258338465E-004
   8.1084357229394195E-004
   8.5272990788595076E-004
   7.2030846771427575E-004
   7.0285529091459998E-004
   7.9601507784781518E-004
   8.5898823259979889E-004
   8.0522664918920926E-004
   7.6836425090772386E-004
   8.0258580287425891E-004
   7.6207956604285748E-004
   7.4233164998256738E-004
   7.8563235968570708E-004
   7.7513923037223289E-004
   7.0322212802625907E-004
   8.1710672683893773E-004
   7.9024384206297137E-004
   7.2931558149910648E-004
   7.2269716717221228E-004
   8.1976663123025620E-004
   7.1007084996859142E-004
   8.1504818190323528E-004
   7.7878843178970749E-004
   8.1728812649023202E-004
   8.2112620121460350E-004
   7.8821968932984055E-004
   7.6647931615134244E-004
   7.1933372667549263E-004
   6.9334449599199263E-004
   7.0686062335410099E-004
   7.1931890619284097E-004
   7.1616470086014773E-004
   7.1877576623459872E-004
   7.5349516532295267E-004
   7.5076065039020616E-004
   6.7711358063613956E-004
   7.6872872911879398E-004
   7.9549870025641346E-004
   8.1322951140747697E-004
   6.9445664841130336E-004
   6.9752823515352154E-004
   7.8664717636864356E-004
   8.1547037720498339E-004
   7.2223838181727359E-004
   8.0637930617229138E-004
   8.1786685525307332E-004
   7.0070189764413716E-004
   7.7329156323128546E-004
   8.1420466488461624E-004
   7.9467112179644104E-004
   6.7083724088528522E-004
   6.8903616951784504E-004
   7.0284409258719561E-004
   7.7068847627089051E-004
   7.3180853911549511E-004
   7.1092432563128489E-004
   7.7062914034071908E-004
   8.3233981631766101E-004
   8.2405673857565993E-004
   8.1211726744389668E-004
   7.9545139686009890E-004
   6.8177782669005132E-004
   8.0151374609111403E-004
   7.0586821632958577E-004
   7.2914176502526654E-004
   7.7430512743672652E-004
   7.1322769144969045E-004
   7.2430682883987908E-004
   7.9561428015020115E-004
   7.1606493368926998E-004
   7.7453631482846997E-004
   7.2897949995994122E-004
   7.8632311513905716E-004
   6.9623890723628735E-004
   7.8133172267446185E-004
   7.3196661128549782E-004
   7.0170779321397658E-004
   7.0643105653597164E-004
   7.9953763830412365E-004
   6.8025117477435145E-004
   7.0474298446863222E-004
   7.2778614955167412E-004
   7.1404461060218985E-004
   7.6620315341701208E-004
   7.9763356509063711E-004
   7.0743852427680438E-004
   6.8332746293555888E-004
   7.5591170442763803E-004
   7.7005633438423837E-004
   7.8026865880825294E-004
   6.9187550027328851E-004
   6.9571605660118693E-004
   7.0141715495840111E-004
   7.8744404880641940E-004
   7.4897748679044395E-004
   8.2406132330309714E-004
   7.8398941099181232E-004
   6.9767854672934970E-004
   7.3828832166629888E-004
   8.2222220060104375E-004
   7.9719684273788719E-004
   7.4236756775914814E-004
   8.0292050412869174E-004
   6.9593756055515545E-004
   7.1544990239373683E-004
   8.0378366932271398E-004
   8.2111573354361569E-004
   7.8411771178978334E-004
   7.2940604771924884E-004
   7.2359190372971269E-004
   7.2539284274261554E-004
   7.7204560358536828E-004
   8.0836655605363004E-004
   7.5875650821719367E-004
   6.9513803261592795E-004
   6.8318535292932715E-004
   7.6001767030638102E-004
   7.1091852792910684E-004
   7.1131523789990585E-004
   7.0933863088460856E-004
   6.8401652013504904E-004
   6.8572467758080491E-004
   7.0185003451213020E-004
   6.7435710588003683E-004
   8.2213856728591836E-004
   7.9951503813873858E-004
   7.9464404891203193E-004
   6.7493245426621844E-004
   7.2487901785042784E-004
   6.6653339140707707E-004
   8.0671757522830627E-004
   8.1556921625871800E-004
   7.7622608852499428E-004
   7.9249389805381059E-004
   8.1023982999004949E-004
   7.6447208795060349E-004
   8.1410313417827639E-004
   7.8137533463670328E-004
   7.4655388051375518E-004
   7.7603799209983461E-004
   7.1536735015856627E-004
   7.8628568158976484E-004
   7.9335026220235603E-004
   8.0132770671490796E-004
   8.3223107521579096E-004
   7.3816115544568246E-004
   7.5170370916341272E-004
   7.0800359810819656E-004
   7.0603901139324181E-004
   7.0627203491029490E-004
   7.7568285577605102E-004
   7.7970968825283836E-004
   7.4539309231371441E-004
   6.5832330167243296E-004
   7.8700605675958817E-004
   7.4976137256667016E-004
   7.1456726598610742E-004
   6.7639007820325943E-004
   7.7801776848565574E-004
   7.0824607920020027E-004
   7.6165634016358175E-004
   7.3791199923701231E-004
   6.9718577628849520E-004
   7.0658299228453490E-004
   7.7028705790026773E-004
   6.9620496293600574E-004
   7.1568484082843906E-004
   7.9578984121459937E-004
   7.0690881145940316E-004
   7.9766900874684405E-004
   7.2687649748142237E-004
   7.6883210839839898E-004
   7.3718691099554216E-004
   8.0690611751756667E-004
   7.6488514085163621E-004
   7.4729311248573839E-004
   7.7448887964054794E-004
   7.2139160057136851E-004
   7.4796740001106072E-004
   8.1091789295132299E-004
   7.9732898327220620E-004
   7.1196889385912376E-004
   7.1288968350462147E-004
   7.8759892059812370E-004
   7.6519208351740798E-004
   7.2768696585772557E-004
   6.9731042922164296E-004
   7.7883914411765859E-004
   7.0782669082214108E-004
   6.7955816121291241E-004
   7.5812168388538002E-004
   7.8247983901347316E-004
   6.7102207431586700E-004
