   8.8246623082312607E-004
   8.7691902933893003E-004
   7.7576150442025245E-004
   7.6120469335586830E-004
   7.7849040887375252E-004
   8.6607433010263727E-004
   8.4237425339863347E-004
   8.7333001028925823E-004
   8.3864090288962416E-004
   8.8498771199831507E-004
   8.1833656586993849E-004
   8.8615268358751642E-004
   8.7899768179482130E-004
   8.0875850620437315E-004
   7.9610922688421663E-004
   8.9978758935330041E-004
   7.8450807228122588E-004
   8.5404504440764022E-004
   9.2513811419654820E-004
   8.8057226567388755E-004
   8.6137446285626279E-004
   7.9615144498688018E-004
   7.8111701131814381E-004
   8.3546814620184123E-004
   9.1337418951250844E-004
   9.4376353092368406E-004
   7.5608262630995251E-004
   8.7732503882831446E-004
   8.8038147654350308E-004
   7.7665498994415063E-004
   7.7460245537130489E-004
   9.0090539665909004E-004
   7.8751965072952970E-004
   8.0133715250557127E-004
   9.0673578867483940E-004
   7.5195487610053315E-004
   8.1130652921901456E-004
   8.7702699285510720E-004
   9.2199700434460478E-004
   8.4265002598643860E-004
   8.5846952049035779E-004
   8.3628908154732265E-004
   8.8880123909405211E-004
   7.7965302981726373E-004
   7.8360879873049362E-004
   7.7514567711341523E-004
   7.7138504908338501E-004
   7.9420234861090125E-004
   9.1990241279562147E-004
   7.7597575512512696E-004
   8.8483969108463332E-004
   8.4819093054647849E-004
   8.1520660852080911E-004
   9.1523335172455302E-004
   8.9321899884681243E-004
   8.3207996618497361E-004
   8.4320128686803737E-004
   8.4887916804270895E-004
   7.6235228416744359E-004
   7.9436074700870568E-004
   8.4496105114370231E-004
   7.9582251323276549E-004
   7.6385939254239213E-004
   8.8650527143116584E-004
   7.9968038100873486E-004
   7.8569550646937945E-004
   8.4387978252731016E-004
   8.3300235053608302E-004
   8.2782827916826735E-004
   9.0140282492581661E-004
   8.9598325374407766E-004
   8.5743112147799625E-004
   7.8563261387911364E-004
   8.7707359800566042E-004
   8.0721593675226844E-004
   8.8305858438352187E-004
   7.8112578217116109E-004
   8.1647048050412674E-004
   8.3205534375965708E-004
   8.7837546965839912E-004
   8.7955725118240777E-004
   8.9243850122306344E-004
   8.8859090379815814E-004
   7.6330606890549432E-004
   8.2909056113499794E-004
   9.0479758366130878E-004
   9.0981182722831597E-004
   9.0781943183619606E-004
   9.0789355230559319E-004
   8.9652197242995064E-004
   8.8857781601850980E-004
   8.7158048959014387E-004
   7.9088709259984651E-004
   7.8825899310114636E-004
   7.3349635374025685E-004
   7.6226789356861533E-004
   8.2154708066242471E-004
   7.7125624534622283E-004
   8.6266632271154737E-004
   9.5468955876991878E-004
   7.8764393400210817E-004
   7.7412576453643976E-004
   7.7620494089631730E-004
   7.5901904186687573E-004
   8.5714185955089027E-004
   9.1637305351071111E-004
   7.7677401626917973E-004
   8.2446732452136427E-004
   7.9988312894827950E-004
   8.7940033430521731E-004
   7.7908829626131403E-004
   9.2166556715182724E-004
   8.5640460038581730E-004
   8.7314928713341463E-004
   7.7898334304403124E-004
   9.1122470213931184E-004
   8.9871831474830366E-004
   9.2343923458212583E-004
   8.1838874583928093E-004
   7.4797156199674791E-004
   8.2629313552287111E-004
   8.2866766674025681E-004
   9.0808022366189794E-004
   7.7763674269326719E-004
   7.6557467715916564E-004
   8.1005190997899710E-004
   7.7287746283724557E-004
   7.9856906119515534E-004
   7.8857021160944854E-004
   8.8713686975991953E-004
   7.3999711377228038E-004
   7.6357723165978899E-004
   8.0348428430141036E-004
   8.3802430457929639E-004
   7.5835079640421230E-004
   8.9611051158221028E-004
   7.8205634264344914E-004
   9.0727343045914077E-004
   8.4151520398857477E-004
   7.7650169127737700E-004
   7.4488465042238405E-004
   7.9620843827833091E-004
   7.9508928651932749E-004
   8.7177692444054982E-004
   9.0370423608943584E-004
   8.3654500264402525E-004
   7.5677917366293512E-004
   9.0530362621287636E-004
   7.8847202151455036E-004
   9.0168717270872739E-004
   7.7757970812435421E-004
   7.8823953250317658E-004
   8.6683391371054333E-004
   9.0291566986398417E-004
   8.7847014340675556E-004
   9.1294144961102995E-004
   8.1813278505837948E-004
   9.0573347029431883E-004
   8.6463267613461081E-004
   7.6234996009780340E-004
   7.8772835182781061E-004
   8.7899584890744058E-004
   8.5424950224669569E-004
   8.7796221228264430E-004
   8.1034994467967783E-004
   7.8868975773503766E-004
   7.3904882087351637E-004
   7.6834040893451945E-004
   8.7545765462036372E-004
   8.8219993661941816E-004
   8.9173727291295979E-004
   9.4327413259955473E-004
   8.4858845607878298E-004
   9.3352243782538402E-004
   8.1886242982254307E-004
   7.7005974930461230E-004
   8.0278041080748548E-004
   9.0009015147843427E-004
   7.1434453458394124E-004
   7.4917754994252984E-004
   8.1903811418660691E-004
   8.8632909233863960E-004
   8.8939008208035845E-004
   7.8316905410615641E-004
   8.8516255089361165E-004
   8.7952692642597288E-004
   7.5078567262578625E-004
   8.3698912406326737E-004
   7.6396801443485215E-004
   7.8749752047873472E-004
   9.3171386682760842E-004
   9.0570568213817085E-004
   7.8997132523558986E-004
   7.8093188137271560E-004
   8.8868005851235152E-004
   9.3902028834714406E-004
   8.5004081963323665E-004
   7.7498231764422474E-004
   7.8166253782873177E-004
   8.0142192626360582E-004
   8.4265881985806439E-004
   8.9286335716459914E-004
   7.9397192181592945E-004
   7.8110345019684639E-004
   7.4687378318187602E-004
   7.7788466507769328E-004
   9.0178809210408742E-004
   9.0180425094682178E-004
   8.2822069724683249E-004
   7.5211097221989981E-004
   7.5352728708526846E-004
   7.8435519665468281E-004
   9.2018857649724204E-004
   8.1360648709984888E-004
   8.8823044585965068E-004
   7.7634045622083849E-004
