   7.2401408175301032E-004
   8.0529073802674948E-004
   8.1701752243352392E-004
   8.3133217992207317E-004
   7.3108228877475127E-004
   7.0351068973626600E-004
   7.0362669062778852E-004
   7.9881013655379112E-004
   8.0325743364236218E-004
   8.4842192920643947E-004
   8.3847724613619087E-004
   7.2564740124805155E-004
   8.0106217918011601E-004
   8.1654403819488486E-004
   7.5796075068270915E-004
   7.9353067163516477E-004
   7.3372085230029402E-004
   7.9029658734211549E-004
   8.0858668481509767E-004
   8.1516581980044473E-004
   8.1192858934327650E-004
   7.3174324188759229E-004
   7.7180912061960982E-004
   7.0958496052124693E-004
   7.9888343644648747E-004
   7.3185703629557574E-004
   8.6085944922143593E-004
   7.9577604619823208E-004
   8.2937254563188135E-004
   7.2450408100398255E-004
   7.8554289157210214E-004
   7.1215910677566022E-004
   7.2866965417150021E-004
   7.7899261769830499E-004
   7.3290815985484626E-004
   7.1296282748669899E-004
   7.2091551864672152E-004
   8.0984022921771700E-004
   7.9901362906754209E-004
   7.1091300889201915E-004
   6.9690832368628425E-004
   6.7639964902293593E-004
   7.2300291891126049E-004
   7.2183335841784354E-004
   7.3959166601778752E-004
   8.2923411522093521E-004
   7.5713224272099856E-004
   7.2528574384877348E-004
   7.1678552545332490E-004
   6.9006837170931693E-004
   8.4352991558783806E-004
   7.9945740677575734E-004
   7.1118068389254996E-004
   7.9356698326230892E-004
   7.7950537918419294E-004
   7.1694574670622157E-004
   8.1028535773412737E-004
   7.3571058875216810E-004
   8.1948182295358218E-004
   6.9719877881231618E-004
   6.9384035390946135E-004
   7.1712821401489753E-004
   7.0324081510502302E-004
   7.1222234078461384E-004
   7.3443808784866391E-004
   7.1488538504044664E-004
   6.9643488361877180E-004
   7.2156532698802245E-004
   6.6989688691842576E-004
   8.0912812544251542E-004
   8.4548231483055469E-004
   6.9504722112717231E-004
   8.3724601688269320E-004
   8.6350176374113666E-004
   7.3087627696037281E-004
   7.3429423675309491E-004
   8.0188653040120898E-004
   7.1931065217101253E-004
   8.0962356500020622E-004
   7.8182176617026485E-004
   6.8783867668391232E-004
   7.9503486939690182E-004
   7.0829703075934731E-004
   7.0160888295961834E-004
   7.0492581633657084E-004
   7.3061825793115586E-004
   7.0150381329975493E-004
   6.9207946306188730E-004
   7.6257890556392775E-004
   7.9962495965330731E-004
   7.5047386171696101E-004
   6.8465452868099518E-004
   8.3545857885591434E-004
   7.1387074931403575E-004
   7.4863933559892175E-004
   8.0319906374194195E-004
   8.1970973355035377E-004
   8.3567916989552243E-004
   7.9532076271507358E-004
   7.1240953448260293E-004
   7.2185120381883336E-004
   8.2470803792843075E-004
   7.8377656334950119E-004
   8.3092289069784035E-004
   7.1932283632543132E-004
   8.2049782063846842E-004
   8.6458519371148356E-004
   8.1125849861643073E-004
   7.9081514046632471E-004
   8.1009520489715061E-004
   7.2872526193314851E-004
   6.9910579362288854E-004
   7.3787747026565699E-004
   7.2756854550419991E-004
   7.1108831256242616E-004
   7.0533570686431434E-004
   7.1158678616547967E-004
   7.3206033052396430E-004
   7.9681725237383484E-004
   7.7325103910992317E-004
   7.3239585981229520E-004
   7.6364467910802541E-004
   8.1784678117187545E-004
   7.8764670148436260E-004
   7.9994882461853175E-004
   7.1663320283970862E-004
   8.1603419346649856E-004
   8.2503507765431733E-004
   8.2600437404886629E-004
   7.2541490054967397E-004
   7.6659479941351032E-004
   8.1221888204592758E-004
   8.2368264209613869E-004
   7.6795015473391870E-004
   7.5461940934739029E-004
   7.2526383747152439E-004
   8.0449031904646041E-004
   8.5624328747126936E-004
   7.2735845123772546E-004
   7.0429853977913091E-004
   7.5819847386998629E-004
   7.9257164173377988E-004
   8.3901377040653598E-004
   8.1798542460588162E-004
   7.5199452404139261E-004
   8.1818285470365310E-004
   8.1813836955712540E-004
   7.5983511530699848E-004
   7.8175433705212759E-004
   7.0981322121087221E-004
   7.4791341049272662E-004
   7.2095945457713469E-004
   7.7256876654852112E-004
   6.7348699831732805E-004
   7.5957259100699435E-004
   8.2871209228090514E-004
   7.1081727862700990E-004
   7.1973274853858544E-004
   7.9310805045789768E-004
   7.9350427916163239E-004
   7.8312353714091252E-004
   7.8759596105749626E-004
   7.1699164552780541E-004
   8.2825872971532583E-004
   8.3515235387133602E-004
   8.1781420039861539E-004
   7.3554100835911834E-004
   7.9198343516132723E-004
   8.5459795919176759E-004
   7.4613742190157088E-004
   8.1322760763539266E-004
   7.1929337394954058E-004
   7.8027581098975363E-004
   7.4591321933831949E-004
   8.2278899250851252E-004
   7.9802069492174957E-004
   7.5295139469474159E-004
   8.1223779971255111E-004
   7.3381369570659893E-004
   7.0834720510876354E-004
   6.9481073589600182E-004
   7.1183385532693161E-004
   7.1279322465075934E-004
   7.7502623094470125E-004
   8.0076391728128827E-004
   6.9815930026147644E-004
   7.9362802264377108E-004
   7.1644751784240247E-004
   7.0609119412204163E-004
   7.3187859347576944E-004
   7.9133554811595366E-004
   7.2196147738512418E-004
   8.0813544105240583E-004
   8.0670164735521745E-004
   7.0814056438980790E-004
   8.3787784197601593E-004
   8.0214136317233674E-004
   7.3354893032002240E-004
   7.8579834549603075E-004
   7.4555854233838959E-004
   7.0121947027832474E-004
   6.8988922665545044E-004
   7.1114934113077272E-004
   7.1449769120083564E-004
   8.4061048894717863E-004
   7.5680817965021754E-004
   7.8730719010659431E-004
   7.9807437582155374E-004
   8.3577410112123060E-004
   7.9465317980086396E-004
   7.2825738353149341E-004
   7.4555534267732398E-004
   8.0023735841171445E-004
   8.4511780501391170E-004
   7.6387510083430327E-004
   7.9146249825493248E-004
