   7.2092043933249866E-004
   6.9623288924388293E-004
   8.0623382587821256E-004
   8.0202142205248409E-004
   7.1738828617811203E-004
   6.9579578458776371E-004
   7.6105378330616888E-004
   7.1449290609589282E-004
   8.5345831902329430E-004
   8.3035970481809226E-004
   7.0607061129267918E-004
   7.2797292650732693E-004
   7.9730972972008119E-004
   8.0843141483637583E-004
   7.9796979711005986E-004
   7.0370521368506281E-004
   6.8493646253632026E-004
   7.0774885183412506E-004
   8.4980312324922517E-004
   8.1199616429728243E-004
   8.0856767672499532E-004
   7.7100620701073838E-004
   7.5293459650418787E-004
   8.1300188094289929E-004
   8.4500588909088405E-004
   8.1091969136128843E-004
   7.2122795868061152E-004
   7.0716785338679968E-004
   7.2016392878450645E-004
   7.8482932541592209E-004
   7.2134851834407948E-004
   8.0176190585166290E-004
   7.7806411725098949E-004
   8.0728635339999107E-004
   7.0733241899879418E-004
   7.0526844317944019E-004
   7.8411724692031349E-004
   6.8763513527583461E-004
   6.8564236064491712E-004
   6.9227656992883603E-004
   6.7930147386098235E-004
   6.9465337196255379E-004
   7.0523593471001362E-004
   6.9735812419181062E-004
   8.2326475666062574E-004
   8.2535196870396870E-004
   7.6315383527805801E-004
   8.0594509341043962E-004
   6.9161320928406783E-004
   6.9572285935988454E-004
   7.9683931870010464E-004
   8.0089814727726132E-004
   7.0422394531398835E-004
   7.8646032169827577E-004
   8.2637764306990374E-004
   7.5706731227590473E-004
   7.6580620658081599E-004
   7.3647791142010641E-004
   7.4372154950631461E-004
   7.3782403821820170E-004
   8.0133094453879261E-004
   8.3126277676379362E-004
   7.3366771590812360E-004
   6.9422845424377440E-004
   7.1680988339702871E-004
   7.0578176617252099E-004
   7.5210558441950095E-004
   8.2790571182399058E-004
   7.8034292374850158E-004
   7.0377706721713111E-004
   8.0153652188486230E-004
   8.2089294805178577E-004
   7.3837024642936847E-004
   7.1602265582810707E-004
   7.7690639092437171E-004
   7.1821935190116714E-004
   7.8378304919107062E-004
   7.5202385064167081E-004
   6.8416254973443949E-004
   8.2550139291335579E-004
   8.1379174724381610E-004
   7.9859487341474549E-004
   7.3923262841576001E-004
   6.9981123520478495E-004
   6.9508929901711117E-004
   7.6938854882313632E-004
   7.2529070148805977E-004
   7.3520711192743139E-004
   7.5082738462537194E-004
   8.2137872614631885E-004
   7.8696578310094166E-004
   7.4052948450066341E-004
   7.1681194359909906E-004
   7.8904601472473788E-004
   8.0655361926264019E-004
   8.3777675291784323E-004
   7.1905713329156881E-004
   6.8576743242509508E-004
   8.0269103041624224E-004
   6.9536153006414571E-004
   7.1716199566158672E-004
   7.9965037912352180E-004
   7.3585230066975553E-004
   7.7410268251624961E-004
   7.0893519713092850E-004
   6.8882996133020962E-004
   7.0317873738260685E-004
   8.2031630531095878E-004
   7.2626222322060355E-004
   7.8220683184720724E-004
   8.1685401757278719E-004
   6.9918332749910176E-004
   7.6325467755607743E-004
   8.2504380494262310E-004
   7.0070256634606639E-004
   7.1472038285668642E-004
   8.3984450984124742E-004
   7.4535354819300187E-004
   8.0153829216146188E-004
   8.1986960404960556E-004
   7.0571455517403974E-004
   7.3197699736992858E-004
   8.1495767216818813E-004
   8.1316166917370773E-004
   7.0314447361788932E-004
   7.2602802562716313E-004
   7.3642558051394244E-004
   8.0275555014708722E-004
   8.3899161447345820E-004
   8.0790874252287942E-004
   7.0575255921734238E-004
   8.2246118838061517E-004
   7.9080944318517656E-004
   7.1657790536464277E-004
   7.8772272310520368E-004
   7.2698165215700778E-004
   7.5552671446721929E-004
   6.9261717146921033E-004
   7.9060964766533277E-004
   7.4256562162206658E-004
   7.0252154966755421E-004
   7.0740774725038371E-004
   8.0732986988326077E-004
   8.5925768605767073E-004
   8.1242970680895830E-004
   8.0758492210354692E-004
   8.3971225514663890E-004
   7.3889241437514314E-004
   7.9234317006795715E-004
   7.1752654959097192E-004
   8.0146359684880007E-004
   8.3694614452640656E-004
   8.3779073662580889E-004
   8.4521804534311567E-004
   8.4876023099816509E-004
   8.0593321287812149E-004
   7.3775339329137934E-004
   7.7014996624283957E-004
   8.1649488579280355E-004
   8.2869159461336050E-004
   7.0085689905094917E-004
   8.3119096253424013E-004
   7.8803408043766159E-004
   7.5723674652368185E-004
   7.8924051496363789E-004
   7.4875455382947514E-004
   7.1515818337552584E-004
   8.7337348800969720E-004
   7.1341260470333598E-004
   6.9362109089950673E-004
   7.0701709907249055E-004
   8.0626358747100900E-004
   7.0816719570637363E-004
   6.9497916412818129E-004
   7.4424908156807933E-004
   7.7568992234591945E-004
   8.5267681438669720E-004
   7.5751638898328456E-004
   7.0687745256721912E-004
   7.1583084886763491E-004
   8.1618443518016411E-004
   7.1004378972777671E-004
   7.1708765681327883E-004
   8.0181806142774737E-004
   8.0441755610624935E-004
   7.7145363510716192E-004
   7.3037909004588890E-004
   6.7502316842620686E-004
   7.4672043889793750E-004
   7.6565114233933542E-004
   7.1884235261033527E-004
   6.9551493320186718E-004
   7.6442432972342585E-004
   7.1816315376002822E-004
   8.0657546120353665E-004
   7.5092041219074765E-004
   6.6706350035335767E-004
   6.9630223678814149E-004
   7.4946470608843743E-004
   8.2079576350442475E-004
   8.2884363639678217E-004
   7.5286890495927447E-004
   6.9726668262377108E-004
   8.3680425036349526E-004
   8.4095054645969057E-004
   7.8729529350098288E-004
   7.6959331222525385E-004
   7.3858751807032207E-004
   8.0652171921025899E-004
   8.0322780589656769E-004
   8.0588718237704232E-004
   7.9311496621175463E-004
   7.2917508334695909E-004
   7.1169517918689702E-004
   7.1474991243005586E-004
   7.3032469548105433E-004
