   6.9896524660680265E-004
   6.9211805659645553E-004
   8.1363565435821599E-004
   8.3075101392941460E-004
   7.6148172242097379E-004
   8.2859503579133886E-004
   7.9616516225565752E-004
   7.0722236944998121E-004
   7.9495162932481851E-004
   8.4614854988365805E-004
   7.2138587631621345E-004
   8.2574955176053057E-004
   7.9997114383667924E-004
   7.6046188280053236E-004
   8.1077942683824484E-004
   7.9888797885809448E-004
   8.1666321183183422E-004
   7.7766539798428071E-004
   7.3007457926760409E-004
   7.9008920209100810E-004
   7.1555948673982829E-004
   7.2136180019019265E-004
   8.2826368329030886E-004
   7.3935878804514495E-004
   7.8540208887500961E-004
   8.2234828668725020E-004
   8.0932748577716869E-004
   6.6974080765068889E-004
   6.9733169142212510E-004
   6.7263857226960337E-004
   6.9238148642831608E-004
   7.6542654548126361E-004
   7.9100753994768762E-004
   7.0315881224643001E-004
   6.9749362213662280E-004
   6.6598273008302233E-004
   7.0206582939428641E-004
   7.4421293460644937E-004
   7.8287237271243903E-004
   7.1821793798976306E-004
   7.0997824783118450E-004
   7.8832509349297105E-004
   7.1446554341661711E-004
   8.1295842333658857E-004
   7.2236906769486213E-004
   7.6936475297529553E-004
   7.0518561852983346E-004
   7.1893639556865801E-004
   6.6881234685050662E-004
   7.3153120875287480E-004
   8.0328948077877139E-004
   7.4815615068066319E-004
   7.3037914406680468E-004
   7.0253445905745491E-004
   7.0533361097685704E-004
   7.0230911652796721E-004
   6.7615926216141287E-004
   7.1465451208066726E-004
   8.3071317186431202E-004
   7.9945134058032963E-004
   7.9410159692882361E-004
   8.1863198482555423E-004
   8.1376254402419287E-004
   7.1783479571585073E-004
   8.1661491178258011E-004
   8.2444644354264884E-004
   6.9737711758530781E-004
   7.9428062010279178E-004
   7.6601258045253472E-004
   6.7074050867146743E-004
   7.9694923446559595E-004
   8.0800271864507340E-004
   7.0008168204609394E-004
   8.0827386769354850E-004
   7.0199118525335097E-004
   7.1506630490900146E-004
   6.9272559621696690E-004
   7.6883833965081191E-004
   7.8806179711251906E-004
   7.4498439202351865E-004
   7.6090756598703709E-004
   8.0304158763230653E-004
   6.9532683787446720E-004
   7.2744205230906649E-004
   7.1239901275427849E-004
   6.6935220789565209E-004
   7.0027867588674667E-004
   8.1372960956419926E-004
   6.9873827918318250E-004
   7.0741097978528308E-004
   7.8519992401805076E-004
   7.8439308297097252E-004
   7.6143223396360797E-004
   7.2951875740267158E-004
   7.8320902074425006E-004
   7.8869374390476876E-004
   7.0988750207347988E-004
   7.1537199653712140E-004
   8.3308475591420362E-004
   7.2456529287693639E-004
   8.0297227941243307E-004
   7.0006554501997017E-004
   7.0378760595750693E-004
   7.1693103450750501E-004
   8.1303713493318828E-004
   7.7274159419270726E-004
   7.7164379289667900E-004
   7.2996430910638377E-004
   7.1924352793959997E-004
   8.0541097343207692E-004
   7.1840517195243209E-004
   7.6149705647769619E-004
   6.8779500167072307E-004
   7.8531234462630138E-004
   8.0705749621653826E-004
   8.3849272073984447E-004
   8.3145491058799067E-004
   7.9609813343236473E-004
   7.0910957407026764E-004
   7.0965045405762606E-004
   7.8028797196720567E-004
   8.0506826444378960E-004
   8.2557484314545963E-004
   7.0661013280328528E-004
   6.8676113925623635E-004
   8.0168521042932219E-004
   6.9690630138708625E-004
   7.3021353277276488E-004
   7.2014778820235839E-004
   7.5507405323984786E-004
   7.2462392737241170E-004
   7.8438041085590680E-004
   7.6115907660739650E-004
   7.9593266050644517E-004
   8.4692546661873465E-004
   8.2497858435090911E-004
   7.1451658864178495E-004
   6.8608520428175266E-004
   7.2661983749250207E-004
   7.0190926766833402E-004
   8.0279400447500664E-004
   7.9689595465549901E-004
   7.1118168268291971E-004
   7.9795573175791114E-004
   7.9148357385117757E-004
   8.2787420689362640E-004
   7.2206236685553357E-004
   7.1479128995300355E-004
   7.1527648372829086E-004
   7.4181182840895232E-004
   8.1580803969208806E-004
   7.6740666884679500E-004
   8.2612274313607372E-004
   7.0814958770495495E-004
   7.9428573387705054E-004
   8.1909889327933774E-004
   7.0995127814154626E-004
   7.7814702731377567E-004
   7.9417756852994726E-004
   7.2435315630114125E-004
   7.0626904078659603E-004
   7.3106077040615560E-004
   7.6653807028763160E-004
   7.4623686943700021E-004
   8.0414440429304773E-004
   8.0095142346468904E-004
   8.0638480217379933E-004
   8.1205654032107035E-004
   7.9343113716165881E-004
   8.3686937225525284E-004
   8.0540155126481122E-004
   7.1783576249700293E-004
   7.7338489426014836E-004
   7.0694921252490578E-004
   8.0813295537503682E-004
   7.9783500013262210E-004
   7.3713279079535416E-004
   7.1291740573389362E-004
   6.7420243715239875E-004
   8.0035282273759566E-004
   7.2432466522762801E-004
   7.1822577551899610E-004
   6.9488158095002512E-004
   8.1014755358421579E-004
   7.1128243027187427E-004
   7.5213461445692122E-004
   7.8550351458879161E-004
   8.0840409343087944E-004
   7.1606018445840496E-004
   8.4900409202421029E-004
   7.8501296947281591E-004
   7.1553314836515802E-004
   7.0771924363355744E-004
   7.1234885173514868E-004
   7.1424566350452993E-004
   8.1213603818910138E-004
   6.9178664104258155E-004
   7.1644700250169562E-004
   7.3337810496181704E-004
   6.9727755866741360E-004
   7.7709658774045528E-004
   8.1682076982344263E-004
   8.3769443728285516E-004
   7.8179289109554242E-004
   8.4149513307425945E-004
   8.6215435009932135E-004
   8.1398074434549286E-004
   7.0236437046060547E-004
   7.4671099569197466E-004
   7.5490969053053835E-004
   7.3087489017633646E-004
   8.5613311112985328E-004
   8.3437373092562690E-004
   8.0089510585447745E-004
   7.7802801970697927E-004
   7.6119750042766873E-004
