   8.9641307388130145E-004
   7.5872596793364700E-004
   8.4592213912950429E-004
   8.0980150207856901E-004
   7.7672920838391026E-004
   8.7124789868543565E-004
   8.3315517729149748E-004
   7.9838448672372271E-004
   8.1181966877569268E-004
   7.9497329992125009E-004
   7.8006035142729640E-004
   8.1330674220830433E-004
   9.1755419964112059E-004
   7.6029423218897758E-004
   8.5157763647275011E-004
   8.5607838458567865E-004
   7.6832555432091885E-004
   7.5912097052410570E-004
   9.3687194323954402E-004
   8.6440634442502872E-004
   8.0995406225156414E-004
   8.3829636677506603E-004
   7.6447734401786547E-004
   7.6064754323449399E-004
   9.0868603922339441E-004
   8.4204334801170659E-004
   7.7245332398134770E-004
   9.0645467366238391E-004
   8.6244782042933679E-004
   7.8348287089197134E-004
   8.7562665326335585E-004
   7.7422528591481572E-004
   7.6874642247186245E-004
   8.2469067778811100E-004
   8.1157353377702627E-004
   7.7322122724016705E-004
   8.2640576557945226E-004
   7.5392281419387082E-004
   8.7152022022526508E-004
   8.6838002400616617E-004
   7.8075205598173933E-004
   9.0433309087252717E-004
   7.8993440944668354E-004
   7.8769732393973687E-004
   8.8989869863543983E-004
   9.0288490378136654E-004
   9.0545504608973207E-004
   8.7696639795338505E-004
   9.0521830944454980E-004
   8.4971903929909932E-004
   9.3291269450904071E-004
   8.7589376706200591E-004
   9.0094526645854859E-004
   8.7520668446918295E-004
   9.0919609588958298E-004
   7.8468958403242375E-004
   9.3393118555644330E-004
   7.6844257100876093E-004
   8.8270228487570925E-004
   8.1217373614064716E-004
   8.3679674803168141E-004
   8.2438534487111101E-004
   9.0205943499865643E-004
   8.1182607820502728E-004
   7.8693497214028460E-004
   7.6193964553366341E-004
   8.1704911518839596E-004
   8.7204635757168181E-004
   7.3706870517425017E-004
   7.7764310281755174E-004
   7.9521812305377213E-004
   8.6219028842134256E-004
   8.3569040720500706E-004
   7.6982518415092652E-004
   8.8047099492322947E-004
   7.5867788203508204E-004
   8.6514771637459607E-004
   9.3736374607215813E-004
   8.0000455052416845E-004
   8.9502502526492256E-004
   9.3758226485940953E-004
   8.1848450653624499E-004
   8.9028138324080870E-004
   9.0365051853050714E-004
   8.2754552478062819E-004
   8.4700778896901880E-004
   8.9450840258432148E-004
   8.9565951418045856E-004
   8.6325849365030910E-004
   9.0221342724138215E-004
   8.0556254705632104E-004
   7.5865626806950878E-004
   7.6560992547927210E-004
   7.3782615715515577E-004
   8.5144629085282778E-004
   8.4866569769006920E-004
   8.6152475501886634E-004
   8.7500628555331093E-004
   8.3927803905032531E-004
   8.8334536517059158E-004
   7.7248675021437984E-004
   7.9015713578730381E-004
   8.4693662814110267E-004
   8.7523232132541288E-004
   8.4093672259556837E-004
   8.2434041062434053E-004
   9.0720782414791521E-004
   8.9387691983403104E-004
   9.3830283391408028E-004
   8.0353721229620861E-004
   9.0394373027106296E-004
   7.9560007557026439E-004
   8.8816176497020800E-004
   8.6312823562477382E-004
   9.5853412996979516E-004
   8.2232369511408816E-004
   8.4763248028854848E-004
   7.7583185789963257E-004
   7.9354320445693572E-004
   9.2760765879404178E-004
   9.1803302279448284E-004
   8.4281549913863181E-004
   9.0335034993649832E-004
   7.7861664872269848E-004
   8.6217271527378413E-004
   8.1524162215371480E-004
   8.0638431685280544E-004
   8.1979051966533923E-004
   9.2442846664366287E-004
   8.5033743428206663E-004
   9.0393090173685635E-004
   7.9975484810012904E-004
   8.1604161806603562E-004
   8.8435704038759627E-004
   9.1474872174536221E-004
   7.7229608462226699E-004
   7.7439565740241732E-004
   8.4433816247116698E-004
   8.3183519855038626E-004
   8.0916910093548685E-004
   9.1075118350980632E-004
   9.1193760239401079E-004
   9.1302958571415371E-004
   8.3193151841633541E-004
   8.1401799963186664E-004
   8.0857554649205741E-004
   7.8102047667732478E-004
   8.7805368067811810E-004
   8.7857358829820866E-004
   7.4721719027748918E-004
   8.8339629887741581E-004
   8.7016535825791303E-004
   8.5825560650047933E-004
   7.5451104123712691E-004
   7.9418113552322982E-004
   8.0011560474992007E-004
   8.8141075119743770E-004
   8.4923810881195575E-004
   7.8239025250980538E-004
   7.5616263760485238E-004
   8.1963058315129593E-004
   8.3217720887371826E-004
   8.7263801521457007E-004
   8.8785459924221215E-004
   7.8645076623919878E-004
   8.5889991382997566E-004
   8.5285139690759312E-004
   8.4191964507450228E-004
   7.8565361839530673E-004
   7.6638401666562141E-004
   7.9815074935547575E-004
   7.6497100941918324E-004
   7.7912221382047504E-004
   8.5117110916985584E-004
   9.2755344736812715E-004
   9.0332207306796555E-004
   8.6592604189584480E-004
   8.8224189697846825E-004
   8.5779888343018404E-004
   7.8637495033838281E-004
   8.4499159735276969E-004
   8.4388447183823042E-004
   7.9397151154865313E-004
   7.5644685004361072E-004
   8.8729563877938482E-004
   9.2215400875591928E-004
   7.8772593813068487E-004
   8.5815475081311456E-004
   7.8434427644386441E-004
   7.4484550042949033E-004
   8.0998591564783711E-004
   7.4136605944233281E-004
   7.9523470382618616E-004
   7.9385300692414557E-004
   7.2330212773456847E-004
   8.1809970489951959E-004
   8.7974643414655035E-004
   7.6650614601092722E-004
   9.3587863085580771E-004
   8.9721083879595518E-004
   7.9200270915546242E-004
   7.7527885797332131E-004
   7.4859545327068792E-004
   8.5040569115163737E-004
   8.8493663190329132E-004
   8.7754558783553847E-004
   8.5522820435561064E-004
   9.0524112910632263E-004
   7.5477925867548069E-004
   7.7286540978551636E-004
   8.9012888543757885E-004
   8.6135318967738928E-004
   7.8853293220951747E-004
   7.7017407179383204E-004
   7.5669798996227185E-004
   8.1179070410065273E-004
