   8.4643644360845813E-004
   8.0687824750030478E-004
   7.5365973692106752E-004
   8.7260682667825011E-004
   7.8178343747085835E-004
   8.7996136089888008E-004
   9.3932098569602046E-004
   8.7394519585996583E-004
   8.0488817113715189E-004
   9.2027802943585779E-004
   9.3724971602821765E-004
   9.2256794563991024E-004
   7.4673359958732301E-004
   7.2775025155991850E-004
   8.0430401439099625E-004
   8.6931399149125122E-004
   7.9585060820870689E-004
   8.2639041719068768E-004
   7.8464836877124486E-004
   8.8601207775210373E-004
   8.7460560411239876E-004
   7.8907550355620539E-004
   8.3879684441059185E-004
   7.6213849443902552E-004
   8.5250384700267504E-004
   7.1920370191243623E-004
   7.8011054133140091E-004
   7.6118008799418776E-004
   8.0287327046683411E-004
   9.0888966739198322E-004
   7.7065431931198859E-004
   7.6873204384221084E-004
   7.5986983313193273E-004
   7.9230081434068561E-004
   8.4896374256027769E-004
   7.7926605240542280E-004
   9.1549825674967008E-004
   7.4944745555870587E-004
   7.3414384657359121E-004
   7.8305426658849470E-004
   7.7642707017400614E-004
   9.0495934038011265E-004
   7.7759972007965022E-004
   8.2212531719304510E-004
   8.9626884190456948E-004
   9.4224013469700009E-004
   8.3031625927126710E-004
   9.0554866903328770E-004
   8.2057050585867891E-004
   7.8449893652980511E-004
   7.5746181886196485E-004
   7.8108670750715622E-004
   8.3743447455827285E-004
   9.0206405153910290E-004
   7.9506832002485222E-004
   8.6306673455507801E-004
   8.8701961043599674E-004
   8.0573748716376587E-004
   8.5892152976774563E-004
   7.7225480494940932E-004
   7.3800385382716824E-004
   8.1718489130945505E-004
   8.8365413782221750E-004
   9.3096395842582908E-004
   9.2322838301141588E-004
   8.6522585860493971E-004
   7.6492224776270176E-004
   7.4952645382101032E-004
   8.8236031820116431E-004
   8.4616123929447421E-004
   7.5490784222005279E-004
   7.7144177053385394E-004
   8.0143912378322091E-004
   8.2650121929166577E-004
   7.7140967736001012E-004
   7.8636274335163662E-004
   8.7379894244124609E-004
   8.0544901835339581E-004
   7.4019641102210062E-004
   7.8260474477118190E-004
   8.8256205460511409E-004
   8.9764112840466648E-004
   8.3725808468176986E-004
   7.5384950127380145E-004
   8.6463608049396686E-004
   9.0341279595661478E-004
   7.8437080968171377E-004
   8.9152769952921681E-004
   8.8822830816932938E-004
   7.7421521394883811E-004
   8.0725163959381859E-004
   7.9842683002029791E-004
   7.9793298003925418E-004
   8.7823167661753385E-004
   7.9100158257551197E-004
   8.8211855415123649E-004
   8.6138304097492838E-004
   9.0505216377886292E-004
   9.1598731405938987E-004
   9.0408611222634108E-004
   8.1198106670764909E-004
   9.3888439568566660E-004
   8.0045092299432005E-004
   8.8840387282519587E-004
   8.8713983676418009E-004
   7.9107725518357409E-004
   7.5716696428028342E-004
   7.7445341250202639E-004
   9.1022166087495698E-004
   8.3727708852931646E-004
   8.5262005158770265E-004
   8.6902570565716535E-004
   8.7105679158645387E-004
   7.9279164105049637E-004
   8.1772221159928269E-004
   8.0353775579483915E-004
   7.8475701361147097E-004
   7.7135413889286978E-004
   8.8500916668327186E-004
   8.7566953050136423E-004
   7.8591794669896652E-004
   8.1650087981377127E-004
   8.3775698014473647E-004
   9.2490672333722245E-004
   8.9144054589162614E-004
   7.5967274853565336E-004
   8.6650697618647526E-004
   9.2240934805197657E-004
   8.6614847619965215E-004
   7.9763017159358116E-004
   7.8573296535703631E-004
   8.9604652741372061E-004
   8.0092195296217121E-004
   8.6829408412706884E-004
   9.0822139263964353E-004
   8.3015275050585475E-004
   7.6554531035962837E-004
   8.7683129827245199E-004
   8.2571607855307018E-004
   8.2003389060277573E-004
   9.0696657011680993E-004
   8.8566589332001269E-004
   8.7247048367878298E-004
   7.9309753770726824E-004
   9.0033512503186815E-004
   9.1426898061121526E-004
   7.9794299826076425E-004
   8.1999816241381108E-004
   7.8573270143169683E-004
   8.3168269486880500E-004
   7.7032206910891308E-004
   8.6849700025182046E-004
   8.0358864376938160E-004
   8.6686474743393816E-004
   8.7973336136370128E-004
   8.5642549487039278E-004
   7.3903780748550089E-004
   8.0248536980958402E-004
   7.7178949340741751E-004
   9.3492495134897449E-004
   9.0305475014762374E-004
   7.9479608904467339E-004
   7.8060896440052202E-004
   8.4194944783209924E-004
   8.4969162772574928E-004
   9.3167188963870528E-004
   7.7254698708379072E-004
   8.8346061525462066E-004
   9.0867782844072324E-004
   8.4108703331659841E-004
   7.9667758183215697E-004
   8.1807331444491694E-004
   8.7372017006538889E-004
   7.9908862098308493E-004
   8.7297895023021608E-004
   8.7072818247993131E-004
   7.9076964660825281E-004
   8.6678885780222341E-004
   9.0586497097032426E-004
   8.7216906906925217E-004
   9.0417751910781732E-004
   8.8239893598883825E-004
   7.7897961789497776E-004
   8.6689470613879013E-004
   7.6388991786675799E-004
   8.6163361333178141E-004
   8.0658222951401762E-004
   9.1075414525358938E-004
   7.4110032320773571E-004
   7.8881121123012079E-004
   8.5812502753622628E-004
   8.9296080336977060E-004
   7.6389396782289775E-004
   7.9458355764718393E-004
   8.7562042334764212E-004
   9.1107128060148135E-004
   8.6852467477198012E-004
   8.1177312260481910E-004
   8.7102147489420310E-004
   8.7597430844478920E-004
   8.8137871863431790E-004
   9.0444777556420255E-004
   7.7084616338564589E-004
   7.6725917089615287E-004
   8.7205788766306716E-004
   9.0424630458089592E-004
   8.1230508235510194E-004
   7.5111317195825989E-004
   7.4926595767876359E-004
   7.7738183630979448E-004
   7.6626634797782379E-004
   7.9765271442911996E-004
   8.7619397253530852E-004
   7.9241267977434385E-004
   7.7086078740470324E-004
   7.5234496322499267E-004
