   7.2949864517762907E-004
   7.0457779978917506E-004
   7.8747463640264687E-004
   7.3563745024625188E-004
   7.6328415515770616E-004
   6.9712822560570218E-004
   7.5576789441413311E-004
   7.0824002334908185E-004
   7.0211238626786260E-004
   7.4547280358626660E-004
   7.1018025123517604E-004
   8.0244615325556737E-004
   7.8727979887879601E-004
   7.7931423422261908E-004
   7.7596674317033181E-004
   7.2026585036254816E-004
   8.0633816495409170E-004
   8.0544968931095951E-004
   8.4404260510360701E-004
   8.0617539017583133E-004
   8.3653671219248004E-004
   7.3360244236948574E-004
   7.8340488616682235E-004
   7.4305277443239930E-004
   7.8689586928388491E-004
   8.1258339539360379E-004
   7.9631326855605174E-004
   7.2296455817712213E-004
   7.8645505110040161E-004
   7.1841387715771028E-004
   7.3235596247204181E-004
   7.0409560964514845E-004
   7.1496255238974980E-004
   7.7986272255140812E-004
   8.2049516905724701E-004
   7.9231085276957171E-004
   7.6710054002564611E-004
   7.4227506735280555E-004
   6.5888959446003346E-004
   6.6710578010359791E-004
   6.9722631839399531E-004
   7.4590678310085202E-004
   7.8021416317559380E-004
   6.8970577217744372E-004
   7.1534675213616515E-004
   7.1262443058488461E-004
   7.0276225950114258E-004
   7.9626140355419466E-004
   7.8601078264951439E-004
   7.0619505519281859E-004
   7.6137781242055101E-004
   7.1571663165724737E-004
   7.8418520684673935E-004
   7.3348005212381568E-004
   7.5258528826579953E-004
   7.4378347210245189E-004
   7.3094850619377031E-004
   7.6946808367016903E-004
   7.0538454556674465E-004
   8.0235608019528721E-004
   8.2602702054843276E-004
   8.1210854765470053E-004
   6.9366061728584150E-004
   7.0612940969474580E-004
   7.8950821170488362E-004
   7.1803592641504581E-004
   7.2465225931477224E-004
   8.1205017636881585E-004
   6.7670799570612326E-004
   7.0235659102203113E-004
   7.3939417578568656E-004
   7.1785765710426306E-004
   7.9241018057269613E-004
   7.9786218195335211E-004
   8.0109126298152000E-004
   7.1903829260077951E-004
   7.1995792837151217E-004
   7.2732051144859750E-004
   7.6682154949494802E-004
   7.6733174153151144E-004
   7.7382492278059998E-004
   7.1855802538727963E-004
   7.8417741286039013E-004
   6.9713465630681561E-004
   7.3035744447282275E-004
   8.0842781278207322E-004
   7.4096882801325350E-004
   7.0161510518773780E-004
   7.6198956301633356E-004
   7.2124762249223349E-004
   7.1785122455173282E-004
   7.7203932306041606E-004
   7.3028944988995012E-004
   7.7988327248837224E-004
   7.8161960886274006E-004
   8.1366945375855259E-004
   8.0849977552000310E-004
   7.9963937312378653E-004
   7.0826552942966138E-004
   7.5236315630947473E-004
   7.0164007063187211E-004
   7.8469052201879342E-004
   7.2823445324453773E-004
   7.8849892493943515E-004
   7.1921039556549840E-004
   6.8336825480991325E-004
   7.8518356322205304E-004
   7.7101197412249528E-004
   7.1417053533896692E-004
   7.8383175969389332E-004
   7.9968863271216945E-004
   8.1502905974586537E-004
   6.9784366450054028E-004
   6.8525318088682996E-004
   7.7845320102858063E-004
   7.3532715427590946E-004
   7.3507983035849336E-004
   7.9931363911686832E-004
   7.0570895504642106E-004
   7.3425386854711425E-004
   8.0125361056728860E-004
   7.1572841967351968E-004
   7.7866454151512450E-004
   7.1676728789973854E-004
   7.1534353940577537E-004
   8.0858364798861533E-004
   7.9461274413696081E-004
   7.8694458225232592E-004
   7.4281215724912250E-004
   7.8626543353468316E-004
   7.8018052955796302E-004
   7.9633109949784817E-004
   7.5192201765488984E-004
   7.5965321066743413E-004
   7.4977606967634191E-004
   7.1890313318036323E-004
   7.1420003470081363E-004
   7.6872858183039126E-004
   7.5279657884703304E-004
   7.1855713773514847E-004
   8.1569958216863635E-004
   7.6954244176014714E-004
   6.9560439756316875E-004
   7.1876125837731027E-004
   7.3344475557063219E-004
   6.7160916676687688E-004
   8.3078367339224017E-004
   7.8713321335723062E-004
   8.1202235186768475E-004
   7.2282390856632411E-004
   8.2988412463961289E-004
   7.8389764332609929E-004
   8.3269285707207466E-004
   7.0260607901794316E-004
   7.1082006772944231E-004
   7.8166319944093950E-004
   7.9468740424504334E-004
   7.2148870087537624E-004
   8.3300207662112189E-004
   8.0615677699757103E-004
   7.0881449903141222E-004
   8.3299928232691669E-004
   7.5037510827861498E-004
   7.8831755552210712E-004
   7.3383576075383163E-004
   8.0436135097932207E-004
   7.2369073211240188E-004
   7.8556189951623520E-004
   7.9626031759010181E-004
   7.9220341888105257E-004
   8.3044482781187662E-004
   7.7669690560499226E-004
   7.3741847069821065E-004
   7.1645588547615557E-004
   7.0285641032408869E-004
   6.9761840764664181E-004
   7.9545684131434127E-004
   7.0775554827879933E-004
   7.4261119930941436E-004
   7.9342501112689189E-004
   7.8437454476380818E-004
   6.9875967913364404E-004
   7.8909475444071048E-004
   7.2449540943730938E-004
   8.3347251803146368E-004
   8.0187704268597552E-004
   7.6685322839445522E-004
   6.9858556762222618E-004
   6.9651710199886976E-004
   6.7144544966684402E-004
   6.8653066738045166E-004
   7.0892749815048889E-004
   7.3653625620895779E-004
   8.0404245741849234E-004
   8.1437503336531062E-004
   7.3883840180513714E-004
   6.8383894192390951E-004
   7.9467776113940111E-004
   7.5255076745313137E-004
   7.8747294412062402E-004
   7.8460069403046341E-004
   7.9623841397173591E-004
   7.1083139721144536E-004
   8.0308461490492594E-004
   7.2491456457018943E-004
   7.4668564352161878E-004
   7.0729592697813296E-004
   7.5844647605406159E-004
   7.1871700679263634E-004
   7.1576465215256993E-004
   7.7348633061852061E-004
   7.1419850357817415E-004
   7.0645501775177925E-004
   6.9124954826854613E-004
   6.9790738023883130E-004
   7.9966031880142926E-004
