   9.0281201330332677E-004
   8.4359288701062814E-004
   8.1791166456220913E-004
   7.4156017594559289E-004
   7.5114741709294403E-004
   8.2013303023682001E-004
   9.1320940611432880E-004
   9.0040733395494203E-004
   8.9524225970946225E-004
   8.3791823601352534E-004
   8.2498231697977244E-004
   7.6920861535354542E-004
   8.5930956396566317E-004
   8.7666088514029529E-004
   8.4607177283512380E-004
   7.8924736172779569E-004
   7.4655246382777994E-004
   7.9471726427200750E-004
   7.6648320408745103E-004
   8.1638172372192151E-004
   7.9900487424151075E-004
   7.9606222548941875E-004
   8.8154114054483956E-004
   9.0138665634638697E-004
   7.4134477001244325E-004
   8.6877265998001950E-004
   8.1171565830290325E-004
   7.7232647201656206E-004
   7.6547071061341173E-004
   7.7520375872145396E-004
   8.2509599917965023E-004
   8.1861060322384305E-004
   8.3106923375228894E-004
   8.3848189689873440E-004
   8.1335350167885889E-004
   8.5538834250265189E-004
   7.7482289753988528E-004
   7.5667614038787078E-004
   7.7847358989791547E-004
   7.3340058005869015E-004
   7.7479686074782069E-004
   8.8031322139506621E-004
   8.6806271319687716E-004
   8.9304088070127721E-004
   8.7556057634647613E-004
   8.1651784893918512E-004
   8.1287631203021181E-004
   8.1193640847051921E-004
   8.1789619046696016E-004
   7.7991981416794445E-004
   8.6832509736474439E-004
   7.7039043640442359E-004
   7.9961425540749781E-004
   8.6417604145682932E-004
   7.8656735875563464E-004
   8.6567371858492406E-004
   9.4068053509110267E-004
   8.7679710144174965E-004
   8.5536534591310553E-004
   8.7362933211556726E-004
   8.0916353742436847E-004
   7.8401847513545880E-004
   8.8024882548957603E-004
   8.6851552169779731E-004
   7.9532376301790408E-004
   8.5790706062006028E-004
   8.7129585004269326E-004
   8.9028780165980334E-004
   9.0138767471954664E-004
   8.0561096811253578E-004
   8.4132057973451116E-004
   7.6418924821227221E-004
   8.6805057504040991E-004
   8.1100358254121679E-004
   7.6167278531305755E-004
   7.7744646324852092E-004
   8.9743609059722942E-004
   9.2904450029611667E-004
   8.6400229724512565E-004
   7.8452766976706844E-004
   7.4302176140678220E-004
   8.4684249891340418E-004
   8.8353782813138453E-004
   8.3153943417369630E-004
   8.8819394723639968E-004
   8.8562449424876052E-004
   8.1312497341665959E-004
   7.6647028699274088E-004
   7.5053499554422851E-004
   7.8954979946605939E-004
   9.2931348073037865E-004
   9.3588530757113828E-004
   8.4749455172397571E-004
   8.0581148361094038E-004
   7.6460309876041736E-004
   8.5070557955852356E-004
   7.7759228572303238E-004
   8.6503132930922241E-004
   7.8479833911212582E-004
   8.8636513493639644E-004
   7.8140294123771369E-004
   7.6956524554145245E-004
   8.1231077040910544E-004
   8.9346030945081068E-004
   9.2774870999687861E-004
   7.3457575079800299E-004
   7.6650629127158326E-004
   7.2231285643739769E-004
   7.9443595215079616E-004
   7.9491848248421787E-004
   7.8271866238882918E-004
   8.7709410086433406E-004
   8.6016966007401165E-004
   8.2264557027622153E-004
   7.8970722367155942E-004
   7.8367093813475855E-004
   7.7406865869641050E-004
   8.8574812388302082E-004
   8.2534089587267339E-004
   8.9958091446398769E-004
   8.6695837376750905E-004
   8.0848161643016516E-004
   8.7117763875910941E-004
   7.9312069076927199E-004
   7.5927196054545454E-004
   8.5896340709688888E-004
   8.0179696123683711E-004
   8.9838118040981129E-004
   7.9278509988709442E-004
   8.4788239056071918E-004
   7.3916840922190637E-004
   7.7755697973260103E-004
   9.1821782190144960E-004
   8.7414584055725954E-004
   8.5069638367932037E-004
   8.0220227328222640E-004
   8.1167948494870808E-004
   8.9141659954495623E-004
   8.7696846141415406E-004
   7.9317277811946402E-004
   7.6965816456520380E-004
   8.0027921779809020E-004
   7.3819747093081063E-004
   7.8217947297682582E-004
   8.8907784737919497E-004
   8.9907135225107389E-004
   8.1565079753001318E-004
   8.5414252861058294E-004
   8.8288534275188842E-004
   8.9967877375554531E-004
   8.6004475126751859E-004
   8.3563346799679671E-004
   7.7228450069575974E-004
   9.2282178174059510E-004
   8.3158712912796836E-004
   8.3845287643741771E-004
   9.0263118749478585E-004
   8.0111567064557643E-004
   8.2212560539442236E-004
   8.8844838193660389E-004
   8.0374958765062367E-004
   8.6655854374499100E-004
   8.6522281711804750E-004
   8.3642910620495539E-004
   8.3675875523673811E-004
   8.5819961297646204E-004
   8.6404701600431642E-004
   8.4922437689702117E-004
   8.9120142337918023E-004
   8.1651518865191492E-004
   8.7277490323990658E-004
   8.1032745779375983E-004
   8.7889257512907472E-004
   7.9062144969672650E-004
   9.0519626090921105E-004
   8.6868906815099837E-004
   7.6391298360631191E-004
   8.5328283079449550E-004
   8.0344299449826512E-004
   8.8987292158476748E-004
   8.0419349551452842E-004
   8.6579562631255514E-004
   8.0337293914137361E-004
   9.2005156025457111E-004
   8.8337981762164552E-004
   8.2485378025516176E-004
   8.8274970113518154E-004
   8.8269130233334565E-004
   8.6985889449289202E-004
   8.9926565229982418E-004
   8.8471455982693848E-004
   7.9802531966148408E-004
   8.2650956768402621E-004
   8.8046013800663521E-004
   8.7884351640537975E-004
   9.1516213548854960E-004
   8.2568885059536355E-004
   8.4583693483188777E-004
   7.9886855068671042E-004
   7.7275192398049955E-004
   7.7517082525612791E-004
   7.7242344743172345E-004
   7.8654861227090973E-004
   8.1824161701014072E-004
   7.6075859486619195E-004
   8.8909643972377825E-004
   8.8237342722498997E-004
   8.9197366809649599E-004
   8.6599190424212170E-004
   7.6853430755003044E-004
   8.2676697943826849E-004
   9.0568778253097976E-004
   8.3757936356050155E-004
   9.0563641969365605E-004
   8.5929411410952210E-004
   8.3837130420856987E-004
