 Z =   6501491.0000000000      dens =  0.16190976414538663     
   1.0083571585423347E-004
   7.8856021051649605E-005
   7.1857003146334620E-005
   8.4088991231544557E-005
   7.3959405883742036E-005
   9.9061641842470332E-005
   1.4975615761986287E-004
   8.8618284651813606E-005
   9.0197017228523259E-005
   1.6762446254533280E-004
   9.4428187134123882E-005
   1.0435939424686817E-004
   8.9365580857558540E-005
   7.9254615808380360E-005
   9.8354433342102260E-005
   1.0050084504455041E-004
   7.1602338095530288E-005
   7.7502081100125399E-005
   9.5240359682429121E-005
   8.1994120748221441E-005
   9.6620843193454125E-005
   1.0163471086467688E-004
   7.7900467030717969E-005
   9.5560062610639478E-005
   1.1216950754176356E-004
   1.3324074929904671E-004
   7.6715643088452580E-005
   6.9618579859231794E-005
   1.0185752280378096E-004
   7.5009712407450251E-005
   1.0517341702037649E-004
   1.3621109303630494E-004
   1.2240072254373412E-004
   7.1274170547802520E-005
   6.4760505991412110E-005
   8.1899922648120634E-005
   9.0730042813452430E-005
   6.7405574812496967E-005
   8.4439388242946617E-005
   9.2150593005994478E-005
   7.6757302468613995E-005
   1.1281793569077543E-004
   1.7781877227742639E-004
   1.1847950985731124E-004
   7.1004703677071392E-005
   8.1460589884242834E-005
   7.7412304892645023E-005
   8.4834428117883031E-005
   6.6738451691726025E-005
   7.0028280349210969E-005
   9.7524603424806077E-005
   8.3768248446460658E-005
   8.4420010528692550E-005
   7.1531361506450416E-005
   9.5329007248562558E-005
   7.7289930902101346E-005
   7.8369938332159756E-005
   9.6500803383940930E-005
   1.0191347909055476E-004
   1.0810851371039696E-004
   7.3246848465224535E-005
   6.4221168574851392E-005
   1.0269680388910846E-004
   5.2557314644275700E-005
   6.3452444069342443E-005
   6.7332338585065867E-005
   8.2404614103174920E-005
   5.6730483427809543E-005
   8.2285432389862565E-005
   9.8371679604650805E-005
   1.1367623276130166E-004
   1.0089003548607723E-004
   1.0218978293091779E-004
   4.9224348257910277E-005
   6.9097928512676596E-005
   8.3442980559810952E-005
   8.8999943325289335E-005
   7.4473650390307613E-005
   8.6588462714730266E-005
   7.4189897969479025E-005
   9.0033736796013304E-005
   8.2918451035303800E-005
   6.4192232850191817E-005
   5.4848118045623956E-005
   1.1477945955901826E-004
   9.2110240905253981E-005
   9.9754845365386939E-005
   1.3255160039612581E-004
   1.1585170219813528E-004
   1.0766037676245885E-004
   9.1583546990262757E-005
   8.7751200703051571E-005
   6.7359596089831307E-005
   8.9455609898270183E-005
   8.2732224538770559E-005
   1.1104885415032387E-004
   8.2682535810483078E-005
   1.0079142733393712E-004
   8.0619718699844045E-005
   7.7148239796915290E-005
   8.8075017854907277E-005
   1.3853685014251664E-004
   6.8131696342970579E-005
   1.0749518681198613E-004
   8.9810502671647439E-005
   1.1541774592679380E-004
   9.3130257076138437E-005
   8.6491114974834689E-005
   9.5458741983871310E-005
   1.1199511562032504E-004
   6.4773450800618648E-005
   1.0232941691940031E-004
   9.3220208602357873E-005
   1.4173271197687260E-004
   7.5410513218108729E-005
   1.4894560142048049E-004
   7.5811631779419656E-005
   9.8757099544848198E-005
   8.9694131845651271E-005
   6.6892736959610127E-005
   9.4419840328468097E-005
   9.4984391507197088E-005
   1.0568954153524567E-004
   6.5880942909010541E-005
   6.1622508799958370E-005
   7.2196547432577132E-005
   6.6061968743152052E-005
   1.1831563231115291E-004
   6.4698728287922803E-005
   8.0367388305058068E-005
   9.2182540079167741E-005
   8.4143091140238257E-005
   9.7092409894299124E-005
   7.6746488496526921E-005
   1.0480351597616158E-004
   8.0935107093420039E-005
   7.5857069612378201E-005
   8.0866197401325762E-005
   1.2655822568232469E-004
   1.1109670046027420E-004
   9.0033481572153042E-005
   8.3525558590273561E-005
   9.1326646308938239E-005
   1.5952391837902692E-004
   7.8547439329689007E-005
   1.0101198711092044E-004
   9.3375225874937887E-005
   1.0491925618784359E-004
   1.2005393900976270E-004
   7.9932216264289564E-005
   9.2278055433816689E-005
   7.5666025488905668E-005
   6.2761607421605125E-005
   8.3551195160094303E-005
   5.1321530913533201E-005
   6.4795818041199252E-005
   7.2547860778622366E-005
   1.2173600907179514E-004
   9.0643766462265027E-005
   1.2218483242693913E-004
   1.0277141295242311E-004
   1.2925108945944938E-004
   7.0893620675838593E-005
   4.7511407468571775E-005
   8.1849144827023999E-005
   9.1008639421020940E-005
   1.1289494646484654E-004
   7.2433094245952923E-005
   9.8335069505565840E-005
   8.7135417534110868E-005
   7.0264818721223700E-005
   8.6373199374018849E-005
   9.3600353502736765E-005
   7.0443214939110269E-005
   7.3558363262141968E-005
   1.4600717760953559E-004
   8.6531544741331716E-005
   9.9589445459009372E-005
   6.3078073452194544E-005
   1.1940103101678782E-004
   9.9876839371579394E-005
   7.6343612190665725E-005
   7.4867224178513602E-005
   9.1914335003348143E-005
   9.0886336047107388E-005
   8.1205564301139080E-005
   7.2366908731102158E-005
   8.6721803722704423E-005
   9.8404529668335493E-005
   8.2084483505681749E-005
   7.8581708375349900E-005
   9.3686162261419779E-005
   9.0807879296410612E-005
   7.5689692937859680E-005
   9.5377954043988130E-005
   1.2975603593534991E-004
   9.5287067827575531E-005
   8.7401081312879158E-005
   7.6864680110887368E-005
   1.5690952416579716E-004
   1.2165564045933803E-004
   1.1569070707971140E-004
   6.7360816024399466E-005
   8.9969170288425795E-005
   7.9803168620926231E-005
   1.0662448018189060E-004
   1.2436522202626649E-004
   6.9448198121044923E-005
   9.7134271604184342E-005
   1.2267665490980862E-004
   8.6894013128263910E-005
   8.6058466138914884E-005
   1.0652678587210394E-004
   1.5872149150898934E-004
   8.3389822812835197E-005
   1.3073420671442620E-004
   1.4466397287985795E-004
   6.0760693506299297E-005
   1.1389581417075633E-004
   9.3658291058025273E-005
   9.5402053420838898E-005
   6.7372661581943815E-005
   6.9324881120210773E-005
   7.8437454836857340E-005
   6.5458267797009675E-005
   1.0899971443109582E-004
   1.0928092782947610E-004
   1.0945496389207759E-004
   1.1340984626143668E-004
   9.1573052798347819E-005
   9.4611153635180498E-005
   1.1491957955063958E-004
   6.9856392136803541E-005
   6.7578160656544189E-005
   7.4747848178031520E-005
   8.2107785375276822E-005
   1.2869301055540560E-004
   1.0228812480299938E-004
   1.3579513683994681E-004
   2.0298893278701186E-004
   8.2180325362415533E-005
   1.1168039019399120E-004
   1.1561127454147663E-004
   1.3545871463349136E-004
   8.1458088713414183E-005
   8.7052702057155404E-005
   8.4431563626249546E-005
   9.7742326690866200E-005
   1.0408234931172516E-004
   9.4084072061664323E-005
   1.1040206033269464E-004
   8.8154004984575249E-005
   8.6410153692564190E-005
   9.9773621924388923E-005
   9.4906902621057028E-005
   1.1670079910241598E-004
   1.1935712556598119E-004
   8.2952385999542593E-005
   1.2388055809819937E-004
   9.9709168144244639E-005
   8.4586204970406160E-005
   8.1879985066461283E-005
   1.1904982860766750E-004
   9.6971750430375301E-005
   9.8624847773004883E-005
   7.6715284598807818E-005
   8.5522162789494828E-005
   5.4411257232792221E-005
   7.5485210629734316E-005
   8.2713603113325658E-005
   1.4330399278122228E-004
   5.7105203288965918E-005
   9.6284162195594495E-005
   1.1978643813329167E-004
   9.2185328403903124E-005
   9.7421344137755986E-005
   1.1541000988615570E-004
   7.2547365248298805E-005
   8.9284667964596674E-005
   8.2665385324629987E-005
   8.6881465001786070E-005
   4.7146585023065099E-005
   1.6620076146203947E-004
   1.1819452509562158E-004
   1.0883053423605328E-004
   8.4911550965833396E-005
   9.6667768364409344E-005
   1.0961440579024182E-004
   6.4245560991256655E-005
   8.7128227936458157E-005
   8.9633102312740623E-005
   6.7747500562713106E-005
   1.3724363434806282E-004
   8.4720862176264615E-005
   6.9431844780256117E-005
   9.8159470833724608E-005
   7.8570103531777378E-005
   7.8909825658739390E-005
   1.2132720009579711E-004
   1.0245652081136221E-004
   6.5466226925087621E-005
   8.5241249249598926E-005
   8.2683889575355891E-005
   7.0047621041589861E-005
   8.2006083685511890E-005
   7.3052100419768507E-005
   8.3649574464416383E-005
   9.6799064388382056E-005
   6.1115713386822760E-005
   7.1144066637099046E-005
   9.4631343719683001E-005
   1.1301771536000597E-004
   8.8230092475332554E-005
   8.0230825823120441E-005
   9.4192559310161562E-005
   7.1229013966977252E-005
   1.3209453271316844E-004
   9.7295915853994514E-005
   1.1773023850708482E-004
   1.2505482735543924E-004
   7.4462016814619310E-005
   1.2606801865163440E-004
   7.2166459267718596E-005
   9.9052798851677475E-005
   9.5696033675195323E-005
   1.1121043350644834E-004
   7.4044263735700770E-005
   7.2702675703152959E-005
   7.4511983360666488E-005
   7.7528378016685371E-005
   6.7868970317724506E-005
   8.9954154311408256E-005
   1.1308747129741202E-004
   8.5424327295810314E-005
   7.1420475507505391E-005
   1.1721358814475606E-004
   9.3313311656775059E-005
   9.8136237579296836E-005
   1.1730738096202058E-004
   7.6446547808154910E-005
   7.9971272418160401E-005
   7.7015276618069386E-005
   9.0001824607754320E-005
   1.4113350485632769E-004
   1.0292984353543575E-004
   8.3030269420650011E-005
   7.6605185706424186E-005
   8.6449933282608637E-005
   5.0650347517726670E-005
   1.1478101169758748E-004
   9.2966395832151864E-005
   6.4024838530281705E-005
   9.4822395138725052E-005
   1.2496959800642254E-004
   8.4737230120033582E-005
   1.1779176263295148E-004
   1.0925102444566214E-004
   7.4745728358018880E-005
   6.3991803994553758E-005
   8.5222841207050691E-005
   1.0622749653237365E-004
   8.0449390760613511E-005
   9.4756411728999106E-005
   8.1176080318533681E-005
   1.0325030624696845E-004
   9.9438722384335190E-005
   8.2560338180731908E-005
   6.6776792067622346E-005
   8.3803505306020195E-005
   9.5820024714105749E-005
   7.4529845674874791E-005
   9.3230506210422118E-005
   1.1310931928718881E-004
   1.1754289807525115E-004
   8.5446255657229160E-005
   1.2095551022306093E-004
   8.1785438576470568E-005
   1.1134629938329234E-004
   9.0810312625895054E-005
   9.4871244640218030E-005
   1.1471102979954562E-004
   8.3935736943991306E-005
   1.0112190353724727E-004
   6.4131627756832708E-005
   6.4436967565369355E-005
   7.3706953308586641E-005
   1.2129596392773278E-004
   8.7608116835973478E-005
   7.8037481860697419E-005
   1.2066019369282971E-004
   1.2112911950798331E-004
   1.1077837629187822E-004
   6.4600983920564772E-005
   1.0475755657361509E-004
   1.0521993386638606E-004
   5.8364895601234544E-005
   9.7635137153541260E-005
   7.1310506039185415E-005
   5.4640583457493967E-005
   7.4673004023010693E-005
   7.8537787664863939E-005
   9.0914415277915873E-005
   9.1038233214173265E-005
   1.2458879561089281E-004
   6.8046433955363796E-005
   8.5488619170081274E-005
   1.0198125085378403E-004
   7.3616135205632559E-005
   8.0778963929132807E-005
   1.1552633792352115E-004
   7.4574242864544212E-005
   9.0276871829704093E-005
   1.1972035302522349E-004
   9.2953063849079170E-005
   7.2698670476774877E-005
   1.1760569106318459E-004
   1.4173529575920048E-004
   1.0077065779316653E-004
   1.1401810167627269E-004
   5.8733008903551326E-005
   8.3828234491421802E-005
   7.4606794187284211E-005
   1.4237298057003019E-004
   1.0498208838776445E-004
   1.5305875847366885E-004
   7.2736419452323802E-005
   9.7263488249352671E-005
   1.3108514665545365E-004
   1.0183425203308054E-004
   6.5448319610832850E-005
   1.1994681447310988E-004
   9.2382173326800636E-005
   9.5673390736655546E-005
   1.7809567056996538E-004
   1.3530282924269435E-004
   8.6416944129571080E-005
   6.1834530355830804E-005
   8.6481614442335947E-005
   1.0702851273069591E-004
   1.2952652580490228E-004
   1.1997111265621142E-004
   1.2840465100189121E-004
   9.7000162634279971E-005
   6.6340264545017747E-005
   8.8050158214826872E-005
   9.2202539139897138E-005
   1.6239288500460625E-004
   7.1916917897788099E-005
   1.3895376039679106E-004
   8.2426895676805822E-005
   6.9616820944568244E-005
   1.0706013073489620E-004
   6.1664130150029898E-005
   6.6953022893589633E-005
   8.5311949351032408E-005
   8.8713991650195162E-005
   7.3088390014280341E-005
   1.0021936119171058E-004
   1.6079625429026129E-004
   6.5573433605596406E-005
   1.2754444011080926E-004
   1.5390907360376537E-004
   7.6691873374876992E-005
   7.7587814164347513E-005
   9.6676178740001946E-005
   6.1245045616150899E-005
   6.5702695090226346E-005
   1.5432846139914718E-004
   6.7540056152571884E-005
   6.6481422701194308E-005
   1.2661205064429636E-004
   1.3036328393242888E-004
   1.0063497579537839E-004
   1.7773244533966711E-004
   8.1870080154914580E-005
   1.0749847577373105E-004
   9.1906262610228645E-005
   9.1397836787073626E-005
   7.3108828831874571E-005
   8.8449161677619677E-005
   9.5623874630436180E-005
   6.8703964614935708E-005
   8.5414784461452332E-005
   1.1591203947919086E-004
   8.4985869249908734E-005
   7.7634220058532197E-005
   7.3761704120449352E-005
   9.7851462038750503E-005
   7.5702577513303863E-005
   7.6826495285450849E-005
   6.8641513555546541E-005
   9.1408013391842434E-005
   4.9090482832816452E-005
   7.0567316626768617E-005
   6.7840617684881489E-005
   8.0449900856090993E-005
   8.1190391600835513E-005
   7.7428752279906708E-005
   1.2877678790276797E-004
   8.0396348845838630E-005
   1.2299595999780094E-004
   7.2474781655234568E-005
   6.9823042990101549E-005
   9.3434742579197894E-005
   1.2548324961812792E-004
   7.9640935147417405E-005
   8.5124773393819073E-005
   1.0901015078111382E-004
   8.9621841014033725E-005
   8.4873553972623876E-005
   1.0654827458637319E-004
   1.2988873427046614E-004
   1.0227068767532575E-004
   7.5895222331147515E-005
   7.8497458129015902E-005
   1.0256244490066625E-004
   8.9768109867226846E-005
   7.7531279951729604E-005
   9.0405414013217670E-005
   7.0180003939502298E-005
   1.0563946303654408E-004
   9.7319189822118332E-005
   6.7882234415677460E-005
   8.6582001258774977E-005
   9.8971213741506372E-005
   6.8543451808641712E-005
   1.1283072804100442E-004
   8.3307359174069481E-005
   7.4573316138033807E-005
   1.1450952130745129E-004
   1.0788737492005193E-004
   7.4505470110541579E-005
   1.5200148660592542E-004
   8.9484306037638400E-005
   7.6960016545367488E-005
   1.2312359915270853E-004
   8.6005938679799526E-005
   1.0747257501457165E-004
   1.1248414321236966E-004
   1.2732392186692580E-004
   9.5002071683719124E-005
   7.3427748182554404E-005
   7.8953589116684893E-005
   7.6018940122931438E-005
   9.6541982448941261E-005
   9.4602972761524760E-005
   8.6477188384093744E-005
   8.0640351292121911E-005
   7.7588349359411168E-005
   1.1188611409389960E-004
   8.2157060212230607E-005
   9.6936179280887114E-005
   7.7466453622571194E-005
   1.2085357540319881E-004
   8.5317442865038190E-005
   7.1192361360062619E-005
   8.2202426331184192E-005
   8.3895104399375316E-005
   7.9417639839644973E-005
   8.6683003122855636E-005
   1.0047733592330598E-004
   8.0902941658483142E-005
   8.7571735389867347E-005
   1.1999823912022302E-004
   7.9199888094082607E-005
   5.1099760957369010E-005
   7.0372777340608491E-005
   8.2294969204564067E-005
   8.9337509641820609E-005
   5.0387570980620983E-005
   4.9436572017012437E-005
   6.9868924211906281E-005
   5.7496529927088037E-005
   1.1352175536716399E-004
   1.1366634909790939E-004
   8.6018059716927382E-005
   1.5355526277573451E-004
   5.9446934833759244E-005
   1.0628124041059784E-004
   1.3147555125755622E-004
   7.9237046143327265E-005
   8.4793750349513683E-005
   9.1641007583103456E-005
   7.9851952470238739E-005
   9.5402455397910685E-005
   1.0634321156123437E-004
   6.6539691642801796E-005
   1.0940642936113766E-004
   9.1907256603433583E-005
   6.3886182564377384E-005
   8.9824425927308233E-005
   7.1720708059423726E-005
   7.2468634500126198E-005
   8.1920493651213401E-005
   9.4557130529393483E-005
   1.0863139157908953E-004
   1.0203602593934609E-004
   7.8798549998238752E-005
   8.5017733695742835E-005
   2.1061648113122116E-004
   9.1915072197694197E-005
   7.0564379789211782E-005
   8.7246290083839570E-005
   7.3547949846781245E-005
   8.3726392740973902E-005
   9.1253975538887412E-005
   8.4764869890021551E-005
   5.4593531097884181E-005
   1.2461788871560096E-004
   9.2700294477818368E-005
   1.0339959094483090E-004
   1.0261385790601671E-004
   9.2755674107866467E-005
   1.1245586106032114E-004
   1.2683336428342921E-004
   1.0789376322966785E-004
   1.3881891156168055E-004
   7.7783854660102154E-005
   8.2594761266753251E-005
   1.5157523200603801E-004
   1.0435289529588596E-004
   1.1094883365572816E-004
   9.8213722305409660E-005
   7.5290595140560090E-005
   8.4531373848221756E-005
   7.7617284022547965E-005
   6.8094867337429433E-005
   1.0427131541588110E-004
   1.1404692810110451E-004
   9.3504039049811295E-005
   8.8004444648944082E-005
   1.1917671159588307E-004
   6.7398659934033670E-005
   8.1700812816945363E-005
   9.3304545744422973E-005
   8.1906118951679288E-005
   8.8513393023015945E-005
   8.7921111240535908E-005
   1.0337746388832760E-004
   1.0161977234698349E-004
   1.0445605328470521E-004
   6.8729193756082317E-005
   8.2306679441099324E-005
   9.8993822930734494E-005
   8.6331777265869516E-005
   9.8266542407615375E-005
   1.1595148513923142E-004
   8.3868019014771898E-005
   7.2828893813627578E-005
   1.7256776856330150E-004
   1.0934204656280816E-004
   7.1361500784846110E-005
   9.7077054682897403E-005
   8.6527329022036281E-005
   9.3910157488625887E-005
   8.8206289768885755E-005
   8.3639830181274721E-005
   9.4276637165882410E-005
   9.7258273190623074E-005
   8.6385379102195756E-005
   6.2108316465955609E-005
   1.3600483415839625E-004
   1.2862985280141093E-004
   9.4574619585222828E-005
   7.6730383569207177E-005
   9.4677014436529271E-005
   1.1606008546660577E-004
   8.8245260166130792E-005
   7.0215108488403338E-005
   1.0315820206262860E-004
   5.9023447039007280E-005
   6.7741174620339429E-005
   8.2660011324477907E-005
   6.2233147190616627E-005
   1.1471889761167408E-004
   7.9054269402581995E-005
   1.0181307028435193E-004
   6.1270195811018687E-005
   8.7253082399078120E-005
   7.8417293076838492E-005
   9.3915087737028998E-005
   1.1283313703166151E-004
   8.2417837106887857E-005
   1.2175643997613372E-004
   1.1256141667029459E-004
   8.3915823915247875E-005
   9.0279581574949692E-005
   1.0691372313038386E-004
   8.9496188347274624E-005
   1.9790141108426402E-004
   9.4390567449699164E-005
   7.9880899932366231E-005
   8.6392933369014709E-005
   8.8926526597504990E-005
   1.1973794077400767E-004
   9.4985663337845101E-005
   9.3852839285927156E-005
   9.7007969953178663E-005
   1.0168053132850429E-004
   7.9407345117994425E-005
   7.6684664454521921E-005
   1.1826949830246888E-004
   7.9634152298138947E-005
   7.8915595859071461E-005
   8.0983936397044438E-005
   1.3089672712624024E-004
   1.1510586261990677E-004
   8.8862753278650221E-005
   1.0657323344069979E-004
   6.7094861375768705E-005
   1.1193114773900724E-004
   1.3447457561010029E-004
   1.1029985715507817E-004
   7.7388422831795142E-005
   8.6422570948257185E-005
   7.8228635025587572E-005
   1.0759283228283877E-004
   8.7957589697515589E-005
   7.8461868669072227E-005
   1.0082481220625362E-004
   9.6980276026177158E-005
   7.6247759952252728E-005
   1.0549210015022768E-004
   9.8776653592018050E-005
   8.8277630321083260E-005
   6.2460215672499508E-005
   6.2792582467816686E-005
   9.1207728785639593E-005
   7.7643623836851007E-005
   7.5205371647937843E-005
   1.3791854495950068E-004
   9.8741508196237393E-005
   1.0940206987168834E-004
   6.9179161659645641E-005
   8.3438822031074540E-005
   9.1806995178489307E-005
   1.3122842532047784E-004
   6.6922648325005979E-005
   1.0615559384264234E-004
   6.1920322837651540E-005
   1.2576106482719667E-004
   6.9359688191052537E-005
   9.1010759227884159E-005
   1.3078027336838792E-004
   9.7777358026150552E-005
   8.0616271923729914E-005
   8.7797628926215360E-005
   6.6168169706220560E-005
   1.1824977065102340E-004
   1.3549935354460220E-004
   1.1719992590680015E-004
   7.4446445362355202E-005
   8.0460244314829447E-005
   1.0450157528877326E-004
   1.7382063700610296E-004
   6.6844808888703983E-005
   1.4653794309233090E-004
   1.0182296226029318E-004
   9.9055735863490808E-005
   9.2657071980062336E-005
   8.3472257277825539E-005
   6.8794947599569591E-005
   7.0091982940760351E-005
   8.3942534684850015E-005
   9.9829552193302323E-005
   1.2050639752909088E-004
   7.2482697523494545E-005
   1.0104172034106640E-004
   7.7424053870584720E-005
   8.8110748470097812E-005
   1.3309284590195018E-004
   1.4599487076932531E-004
   7.7773202885109350E-005
   8.2133051205832686E-005
   1.1218947070000772E-004
   6.3218619669386919E-005
   7.3389989551865835E-005
   8.4656530045967333E-005
   7.8246049255864913E-005
   1.5617127461327597E-004
   8.4020247694108224E-005
   1.0411528594069728E-004
   8.4051915849047505E-005
   9.8719725240071653E-005
   1.4309235709790885E-004
   6.4706729629852372E-005
   1.1262932973571173E-004
   7.0392152769155426E-005
   7.3227441556915091E-005
   9.0381572877043791E-005
   8.2875660411007248E-005
   1.0369760066854632E-004
   5.6259140490679248E-005
   1.2105256393692788E-004
   7.1242787186225024E-005
   7.7170949025119783E-005
   1.5580894741418295E-004
   7.7786133416245652E-005
   1.0743416976944354E-004
   9.4038071056497380E-005
   9.0812685494784699E-005
   1.6938144797280726E-004
   1.5096043727864101E-004
   8.2702319114127330E-005
   1.0177786412162502E-004
   1.0982751853215910E-004
   9.0758420602235401E-005
   9.9857199378955162E-005
   1.0053794291506005E-004
   9.0603505834957335E-005
   1.0097884513524578E-004
   7.2609692463567466E-005
   8.4583296539248546E-005
   1.3017241599231374E-004
   8.2825849543295650E-005
   5.4228966697825396E-005
   9.7507596671119820E-005
   1.0215129988487189E-004
   8.7014311666591939E-005
   1.0805392800467732E-004
   1.4097363058764077E-004
   9.9507001711151208E-005
   1.0502683365913414E-004
   6.9626339312529680E-005
   1.3057908913722318E-004
   1.2875731588318223E-004
   1.1884367713049123E-004
   1.2712136418728136E-004
   1.0374613653684537E-004
   6.8875346432716424E-005
   1.0065250527085995E-004
   1.1193239992813177E-004
   7.4743116918030012E-005
   8.7704918459737639E-005
   9.8004112758140124E-005
   7.9218444214932944E-005
   1.0229989009044112E-004
   1.0456287299663885E-004
   7.9126568210054042E-005
   7.7588374315325321E-005
   6.3759533618063660E-005
   9.1863872133624607E-005
   1.3364169086428122E-004
   9.5651102029770357E-005
   1.0396398408475429E-004
   1.0565346507734170E-004
   1.5275701286671982E-004
   9.8145022361948207E-005
   1.2893952817971292E-004
   8.4569725627225485E-005
   9.7775227680079547E-005
   6.4020242954407854E-005
   7.4634560845970188E-005
   1.1811193797090752E-004
   8.1685520605717608E-005
   5.4859026679374968E-005
   1.6356245252041786E-004
   7.1593687965654175E-005
   1.0211297223080605E-004
   9.5293883324566524E-005
   6.9270188191697637E-005
   1.3510603218369380E-004
   1.4396082387575898E-004
   7.0938524319888902E-005
   7.9349200858476622E-005
   8.9517179330776401E-005
   7.6196627917225743E-005
   6.8158468500884362E-005
   9.4313113962753517E-005
   1.0600209919807203E-004
   9.1209771623692771E-005
   9.3723149548167033E-005
   7.2016252476407629E-005
   1.1834854899712468E-004
   1.0369809078521354E-004
   1.0511816603714847E-004
   1.1539934682846697E-004
   9.3184211661428748E-005
   1.2464001051633227E-004
   7.2804798252725371E-005
   1.2005780795449991E-004
   1.0385150375656244E-004
   7.3211650286046894E-005
   7.9537626166296596E-005
   1.2000435060368625E-004
   8.7179807745338145E-005
   1.5870369133873024E-004
   9.7401995916307415E-005
   8.9917865044148454E-005
   1.1325456593221228E-004
   1.0984954247891166E-004
   8.2142274894350339E-005
   5.9367627421749120E-005
   7.0598368237127535E-005
   6.0940690609376614E-005
   9.7723321314199652E-005
   7.4701847872571742E-005
   7.7369096630448608E-005
   1.0124289155308600E-004
   8.1420798722452018E-005
   1.2887070306313143E-004
   1.1249396312070596E-004
   9.6750914072719636E-005
   1.1495589553034145E-004
   8.8082528802588904E-005
   8.0726155584803910E-005
   6.8428989218468521E-005
   8.7391253234011659E-005
   8.3906375166970670E-005
   5.7283428227388459E-005
   7.1007543596905709E-005
   1.1008805011044507E-004
   1.0425390365232076E-004
   8.9385921003432426E-005
   7.3871010012618716E-005
   5.9298576856557144E-005
   1.0350830227241253E-004
   9.7624764233038356E-005
   9.6427694181336346E-005
   9.4899557176068386E-005
   1.1671750799207961E-004
   7.0201112387230952E-005
   9.1738259456094340E-005
   8.5122224404596497E-005
   5.8164789915916098E-005
   1.3868158440471487E-004
   1.6050147239436902E-004
   9.8078627019028528E-005
   8.9586158425699824E-005
   1.0073560992076991E-004
   7.9211087349364000E-005
   6.2098223708960618E-005
   9.9211739153472677E-005
   9.1162455456050782E-005
   8.4717330609042688E-005
   1.1431105776471159E-004
   9.8930732651063695E-005
   9.7039497252913545E-005
   7.8111102928921420E-005
   1.1232970650616819E-004
   8.3582495004397349E-005
   9.8161738690371442E-005
   7.6013616660058810E-005
   6.7869211818575507E-005
   1.0489876283189230E-004
   8.7915774008246616E-005
   1.8096391740342311E-004
   8.1909222953311024E-005
   7.6655437374411987E-005
   1.0290710228926546E-004
   7.8384651706610092E-005
   8.3114855420986382E-005
   1.3283731933960228E-004
   1.6500969715827377E-004
   8.9904170286989694E-005
   7.4605707069217813E-005
   9.6402029762064777E-005
   7.2765461349108464E-005
   7.2301833437377188E-005
   9.4822202547129684E-005
   1.0982859446703253E-004
   1.5348586722551945E-004
   7.7492378829583408E-005
   9.9092559219629689E-005
   1.2100162184747709E-004
   1.2053839161753948E-004
   8.9143858800985374E-005
   1.1377653155510709E-004
   1.7926203069699724E-004
   9.1432327007246763E-005
   1.2259313957618229E-004
   1.1414582040500921E-004
   7.7066522887155446E-005
   7.7629440404052295E-005
   6.9652529140073625E-005
   8.3482950346494490E-005
   8.8575885136019233E-005
   5.9201571728645137E-005
   7.3345357427984735E-005
   6.7464375203641746E-005
   1.6684777300290978E-004
   6.6476445770870946E-005
   8.6697072505735912E-005
   8.1387891379222657E-005
   8.8002498277359750E-005
   1.0839711995218998E-004
   1.0872705660643920E-004
   1.0649865190799381E-004
   1.1253332150921845E-004
   6.2977539589601628E-005
   1.1490441292149461E-004
   6.8052735840053364E-005
   8.1924805168786418E-005
   6.8491625140924519E-005
   7.2215772917560303E-005
   8.4393246716156568E-005
   1.2429394532228810E-004
   8.6170993477916968E-005
   1.2625948610430832E-004
   7.9877020282540954E-005
   9.8586668848571859E-005
   1.1240751903715975E-004
   1.0266149004916256E-004
   1.1502242041931347E-004
   8.8697913338491109E-005
   9.4031867729719304E-005
   1.0891055938348639E-004
   8.7865003615807781E-005
   1.0137009172899495E-004
   8.7349543597928640E-005
   1.2098385585350824E-004
   9.5043127604045987E-005
   8.1593622995663510E-005
   1.1980662909916557E-004
   1.1318990398962460E-004
   6.3008793964365652E-005
   1.1003240791063274E-004
   1.6416084310230433E-004
   1.1643560704408964E-004
   9.7249447666017879E-005
   8.1862959757306205E-005
   9.4908962447836238E-005
   6.2303303661142187E-005
   1.1160299091422378E-004
   8.1563879535321939E-005
   7.4333745580830251E-005
   6.0810747161337597E-005
   5.4832905636323935E-005
   1.0280783460337065E-004
   1.0328305566792643E-004
   7.8140348397788301E-005
   6.9877253073808419E-005
   8.6154817077316114E-005
   5.8888630486027742E-005
   7.2602216838712371E-005
   1.2105617421913872E-004
   1.1568825779343789E-004
   1.1540062840786246E-004
   8.5643785233900031E-005
   1.0335933052033237E-004
   1.3801844721760562E-004
   1.1221577391101986E-004
   8.5541570673221298E-005
   8.4577039005196845E-005
   1.2341506680129099E-004
   1.3804817888087283E-004
   1.2867599519016375E-004
   1.8802298780804796E-004
   1.3030366554892797E-004
   1.2091073460746182E-004
   1.0748477197330265E-004
   9.8848692558672004E-005
   1.1741338404306213E-004
   1.0322121978982660E-004
   7.0418621750401641E-005
   9.2155607282752095E-005
   7.6730684769558892E-005
   6.5716061820875004E-005
   1.0899109642483504E-004
   8.4972233351691105E-005
   9.6401023411108448E-005
   8.6713335080903286E-005
   1.2706629094332312E-004
   7.0692770019565587E-005
   8.4067393885393248E-005
   1.1098396973216165E-004
   8.4228350025919823E-005
   9.1417006608928786E-005
   6.8215245465836672E-005
   8.0474264444686217E-005
   6.3153295953276341E-005
   1.5817818063607400E-004
   8.7648616862037482E-005
   1.1082207894982407E-004
   1.4517594536917933E-004
   9.2801988807112749E-005
   6.3611454528973986E-005
   8.7918513574388577E-005
   7.7544405348519617E-005
   9.5436124417027095E-005
   1.0051093725716595E-004
   1.1092242106507458E-004
   7.0129825606175702E-005
   9.0719311245471558E-005
   9.3163546889870577E-005
   6.9771212010329560E-005
   9.3515301804646082E-005
   9.7946801927863836E-005
   6.5959867276496180E-005
   1.2439722653847469E-004
   7.9260146938101020E-005
   7.8594078170023026E-005
   1.2634345678313847E-004
   1.1713322187968703E-004
   8.4404616381141426E-005
   1.2278305327486242E-004
   9.8924103566651989E-005
   1.1308606196629702E-004
   8.3144766221852705E-005
   7.2368987494205367E-005
   7.5211322170264013E-005
   7.8354808308549247E-005
   7.8928728648063206E-005
   8.0504932992750752E-005
   7.5262605796816613E-005
   1.2995254988814274E-004
   7.0575550559301919E-005
   9.8423369208449705E-005
   1.1098836137601050E-004
   8.1242880887445255E-005
   1.0651603797553094E-004
   7.8924286748174798E-005
   8.8427482620967251E-005
   7.2969514152490994E-005
   9.3392025391752953E-005
   7.7635983917674628E-005
   9.9019556767347865E-005
   8.7332217211540445E-005
   1.0702756579372196E-004
   9.8099913176841880E-005
   1.3184810090614046E-004
   9.2004932196330783E-005
   7.0756664456281349E-005
   9.2742861537535473E-005
   8.2711288122408027E-005
   8.0868234947289311E-005
   9.6345563583883067E-005
   9.4232916939708110E-005
   9.3990818482769746E-005
   9.8438739572465222E-005
   7.5578000655643604E-005
   1.0167248642086687E-004
   7.8166634244376674E-005
   8.6870564400062277E-005
   7.5802483814816908E-005
   8.6287291891578083E-005
   1.3623574639492998E-004
   1.1975249970783304E-004
   7.1998337472990549E-005
   6.6656443094678360E-005
   9.5342894530360602E-005
   6.9634011749841407E-005
   8.6754695785879938E-005
   1.2456839706440634E-004
   6.8089977012655137E-005
   9.8121612848503707E-005
   9.0126338614971007E-005
   7.6430467341288944E-005
   1.0780324009871147E-004
   7.7135067700062135E-005
   1.0104182387603145E-004
   7.7294935953596089E-005
   1.0460491166947669E-004
   1.0857742353399260E-004
   6.3970428899881010E-005
   1.1055414768592160E-004
   9.6031814039199725E-005
   1.4182094337470498E-004
   1.3405268437208110E-004
   7.3651630336237501E-005
   9.4235724056894107E-005
   9.4197708700708978E-005
   8.2899818765644836E-005
   7.7242037817496005E-005
   8.4529726461614202E-005
   9.5281657720192964E-005
   5.6247981422748461E-005
   9.6889058888333880E-005
   6.9603559568030073E-005
   5.1985534659826115E-005
   9.4164960787314537E-005
   9.5216666532475471E-005
   8.2092465958674978E-005
   7.7782245941187360E-005
   8.0995079731180499E-005
   1.0549379028062568E-004
   1.1573041872053007E-004
   1.2346068204566830E-004
   9.9228406091183663E-005
   1.1235546057467091E-004
   1.5830535620977974E-004
   9.2199658452030275E-005
   1.1192107833447187E-004
   7.1272747938719590E-005
   8.5771115340033845E-005
   7.5635870519564707E-005
   1.3069688033811954E-004
   1.2854698034298474E-004
   9.8756058225503047E-005
   1.7602383721964241E-004
   1.1614713081215211E-004
   7.8421902632761504E-005
   8.9493856020659229E-005
   1.7445737364136810E-004
   9.5328732398000245E-005
   8.9040302888228199E-005
   1.2295571479370530E-004
   8.9535746136112641E-005
   9.0983343178400105E-005
   8.7524297064000092E-005
   7.9072255545599497E-005
   1.4080372173210222E-004
   6.7131004029307695E-005
   9.8693911858947913E-005
   7.7925132123200113E-005
   7.2941732950529010E-005
   7.3705273088278214E-005
   1.0468645934821166E-004
   1.0786618422318853E-004
   1.0120512658783714E-004
   8.1588043132180193E-005
   1.2337142833867648E-004
   8.2445975648747787E-005
   9.1320800510349577E-005
   5.7678677340925561E-005
   8.6763741459948882E-005
   8.6691861250076587E-005
   1.1128825883801715E-004
   1.0746584410859106E-004
   7.3147879889917311E-005
   6.9084330120192946E-005
   1.0207841582065972E-004
   6.0299534712713797E-005
   1.0748256724539144E-004
   8.4073782796028159E-005
   8.8606268173898451E-005
   8.8567914043951131E-005
   7.4482348924165070E-005
   9.9981354238346844E-005
   9.6078467027925458E-005
   1.1069750308723920E-004
   1.3259726944844116E-004
   6.4166728411723186E-005
   1.0455554054221589E-004
   6.7082016700959211E-005
   7.3890947760765077E-005
   9.3524730157140107E-005
   1.1460304286532354E-004
   1.4417573319566276E-004
   7.5925140796566249E-005
   7.3607914930560718E-005
   1.0802931039464473E-004
   1.1707744608219952E-004
   1.2043900715451041E-004
   7.3906250930994225E-005
   1.1558549331020983E-004
   7.2791700694302034E-005
   1.0427972485791021E-004
   9.4090962699796795E-005
   1.1505532978194339E-004
   1.2908204155778882E-004
   8.9291326079565201E-005
   7.8470208251956884E-005
   9.3018648864610950E-005
   8.6217188864728318E-005
   8.4052531258398331E-005
   8.7886482737027833E-005
   7.8777535490605574E-005
   7.2545028894243176E-005
   7.7682779625933370E-005
   1.0897138392213198E-004
   1.0619914899412542E-004
   7.2880949312684743E-005
   5.9828795296830328E-005
   9.3390664490570544E-005
   9.3340735866534520E-005
   1.1739580575411435E-004
   8.9232505590475670E-005
   9.4393108999058290E-005
   1.0453700707355606E-004
   9.5404962212344019E-005
   9.3567883786422647E-005
   8.6354929795869414E-005
   9.6747014031446836E-005
   1.0657638515209094E-004
   8.6005348823712225E-005
   7.6845215840112941E-005
   8.1800969764870304E-005
   8.9373617963477739E-005
   1.0948218048629143E-004
   8.7620944726922835E-005
   1.2305320996362532E-004
   6.3662049469220754E-005
   1.0734845551596133E-004
   7.6588204694271413E-005
   8.0467386691312218E-005
   7.6148940642898469E-005
   7.2616044940988374E-005
   8.9244828319970490E-005
   1.3718256741746362E-004
   1.2155077746817518E-004
   9.1625515747606885E-005
   1.1133879560437529E-004
   8.7434776505658997E-005
   5.7041327064126072E-005
   6.4371546339427933E-005
   7.9669311125694028E-005
   9.1430009089516748E-005
   1.0026607059944738E-004
   1.2729644615182615E-004
   7.4834878759995417E-005
   1.1562844891040612E-004
   7.9355750778982957E-005
   7.3480523623168230E-005
   5.5503448061462241E-005
   1.4197044309566012E-004
   6.0535329185383056E-005
   9.2496259986146750E-005
   1.0353711600825187E-004
   7.2903259480468243E-005
   4.4344329768084504E-005
   1.0409440762041970E-004
   8.3204628009726916E-005
   6.0032684205660604E-005
   1.5021746183413131E-004
   6.6476991163930585E-005
   7.4144887973257885E-005
   8.7316548300166692E-005
   1.1926306459172322E-004
   9.1455078338141242E-005
   7.8792869057819198E-005
   7.5441157406339101E-005
   5.2621898150590132E-005
   7.7037531130165037E-005
   8.1869203482609111E-005
   8.3285632460546418E-005
   8.6259368394961768E-005
   6.7510388289477322E-005
   7.9141216165019349E-005
   8.3971812923734634E-005
   1.0699938460865456E-004
   1.1030817761413092E-004
   1.1436509232795857E-004
   1.0185280059177125E-004
   7.3608797068852561E-005
   8.0251012103060946E-005
   1.2711635562772647E-004
   9.6708362516702932E-005
   9.0173630669734635E-005
   1.6515634181167688E-004
   9.3140038029377234E-005
   7.0125463176710484E-005
   8.4024630079838165E-005
   8.4673906509862124E-005
   8.4952126886055668E-005
   9.1944708881172945E-005
   1.0694967329074715E-004
   9.3673094243963649E-005
   1.0317755905330531E-004
   7.7152769242437200E-005
   1.0992789709181989E-004
   8.3060351126457263E-005
   7.8090711663529979E-005
   1.1497227969443078E-004
   9.8699160319225843E-005
   7.9814382387974399E-005
   7.4397205737795506E-005
   6.9550499260360738E-005
   7.6387076011591727E-005
   7.5954478647183261E-005
   6.5226724616491757E-005
   7.6633750678745899E-005
   1.1626776427924112E-004
   1.1877008205118382E-004
   6.7486974573386914E-005
   1.0532835296797052E-004
   1.2126342440077237E-004
   9.1410391782523857E-005
   8.8626833213660897E-005
   9.4717082809575530E-005
   1.2649226916880977E-004
   1.0738182754153475E-004
   7.5006606589243373E-005
   9.3627331758485853E-005
   1.4820724206669183E-004
   7.6014998210460519E-005
   6.8347240322618849E-005
   4.2198131296633577E-005
   7.7385373935360464E-005
   7.5681196404578334E-005
   1.0522788311299300E-004
   8.6113288997003215E-005
   5.9270905068002708E-005
   1.3522008008329191E-004
   7.4996235440180317E-005
   1.1972309156584343E-004
   1.0283208637922690E-004
   1.2511244414616530E-004
   7.1679815053961405E-005
   8.4860918463989404E-005
   8.8763589950863230E-005
   1.0277076484342875E-004
   1.0670499230047347E-004
   1.2394726177128063E-004
   8.2572066555360569E-005
   8.0351695307917894E-005
   8.3805270745791890E-005
   9.8108596014254636E-005
   6.7086573935505324E-005
   7.6961308746162395E-005
   7.1337564038974948E-005
   6.0661638191690298E-005
   7.5839685765318937E-005
   1.0857059407015600E-004
   7.0575364550573493E-005
   1.1000537778057837E-004
   6.8796236936208172E-005
   9.0853588691445735E-005
   8.7628471948793368E-005
   9.4730787370031217E-005
   9.0557829356703451E-005
   8.7983784882448221E-005
   8.6184274345131560E-005
   6.6436126545475120E-005
   5.9988176212323781E-005
   7.8289618732526323E-005
   7.5026303732116480E-005
   1.8041563311839504E-004
   1.0067988367749402E-004
   1.2905379498673187E-004
   9.9032818051358827E-005
   7.3346644711790870E-005
   6.6804470874526144E-005
   6.7489146990212161E-005
   6.3756605406715716E-005
   9.0853703854436044E-005
   9.6697346626860135E-005
   8.9393937142966164E-005
   9.8409556709806224E-005
   1.5047999558313630E-004
   1.4978948293629572E-004
   7.1888688821922949E-005
   6.5948684889727559E-005
   1.0461813356036812E-004
   7.7486800886366906E-005
   6.7662552894542273E-005
   8.6964473050602965E-005
   1.1466577151840542E-004
   6.9659094159161742E-005
   1.1316805035387801E-004
   9.9089261802138548E-005
   7.3353544516907232E-005
   6.5023773268412481E-005
   1.1333514186452882E-004
   1.0242230618456509E-004
   1.1381869906479356E-004
   8.1307207425404055E-005
   9.0846877624417818E-005
   9.4259955061541740E-005
   8.0816077623899381E-005
   7.6673371055343585E-005
   8.3962282214099807E-005
   8.2207277529308597E-005
   7.9610783283493396E-005
   8.7468738725181148E-005
   1.2656345182999416E-004
   1.2378058952194554E-004
   1.1802618527248323E-004
   8.1091601540664651E-005
   1.1634607153105890E-004
   1.1888856862269899E-004
   6.2740197204913002E-005
   1.5376880281787677E-004
   9.7249202540715594E-005
   7.9082051587224251E-005
   1.0488738863375350E-004
   1.0445387826883037E-004
   7.0531027603865055E-005
   9.3158225348042965E-005
   9.6338273053169876E-005
   1.6072537677712823E-004
   8.7930508548346927E-005
   8.7301380570531289E-005
   1.7740405211806991E-004
   1.2733741109144657E-004
   9.2019474891779873E-005
   6.8972506926550571E-005
   7.5467821195746414E-005
   1.2194952471002282E-004
   5.7989306040131974E-005
   1.2921408817423449E-004
   6.3169333018981672E-005
   6.4207823878236647E-005
   8.4814850146021077E-005
   6.9619250926708338E-005
   8.4539400439920411E-005
   9.6411325882706991E-005
   7.3335190640939506E-005
   1.0910662759972963E-004
   7.5329960269637105E-005
   6.8202457194165334E-005
   1.1073777450219246E-004
   9.0921305151632660E-005
   9.1401794487133188E-005
   1.4417510850697017E-004
   1.0360130412991800E-004
   6.3394336577617363E-005
   1.2641008462587966E-004
   1.1356215824171855E-004
   1.0888274913748652E-004
   6.9445072044163370E-005
   6.7929577440733717E-005
   6.7565316856691107E-005
   8.5206679238368835E-005
   8.9150161880423344E-005
   9.8899142942706543E-005
   1.2790393290950991E-004
   8.7773517210820587E-005
   6.1252907400167553E-005
   1.3078366179624263E-004
   1.4438453091261872E-004
   7.3963409090750055E-005
   1.1351432349447984E-004
   9.9700341752801511E-005
   8.7653387912212615E-005
   7.3096147438697054E-005
   8.6387397619499187E-005
   1.0714566164266885E-004
   6.6978569543383763E-005
   6.7934480817387279E-005
   6.9586204606419461E-005
   7.3006120679361088E-005
   1.1594790005014510E-004
   1.3713425050623567E-004
   7.4714948123571560E-005
   6.4581621970757948E-005
   8.6314637551203197E-005
   8.0641742537203615E-005
   1.1934026940628159E-004
   6.6910681798946925E-005
   9.5310994490360580E-005
   1.8709179212100604E-004
   9.1946382770756934E-005
   1.0097410149099401E-004
   1.0177608498072738E-004
   6.9839996041749750E-005
   1.0977162847646922E-004
   1.1783253660883903E-004
   9.9060510838190722E-005
   7.2412434518153999E-005
   8.7327866520007616E-005
   8.6916799458710135E-005
   5.8148048710745418E-005
   8.5121658756545773E-005
   8.7645995883835648E-005
   9.5522848066262599E-005
   6.5204124677279603E-005
   1.0465695626616508E-004
   1.0453444872019062E-004
   1.5522324290559875E-004
   1.0330784902609100E-004
   7.4559557136833672E-005
   9.2192027402137255E-005
   6.6950023315479268E-005
   9.8227520565353078E-005
   1.1454349189137939E-004
   9.9095353627437797E-005
   1.1817994778347640E-004
   1.3627201685125986E-004
   1.0318920162434553E-004
   1.0610248661965257E-004
   9.5468053062392047E-005
   8.0056232117867754E-005
   7.8397476437662192E-005
   9.7757805630326359E-005
   8.0234546747513100E-005
   7.6254493331354438E-005
   7.6919291303996441E-005
   6.8404554649273414E-005
   1.0095288184987697E-004
   7.7002527918544009E-005
   1.2286317662470891E-004
   8.3449882122263195E-005
   1.0480989322443081E-004
   6.9009153034354411E-005
   1.3583864524553221E-004
   9.6146318967431512E-005
   8.4699541936712381E-005
   7.9041448500029478E-005
   9.6952829549362649E-005
   1.4772352259091390E-004
   9.2783618322071735E-005
   9.7370809095868033E-005
   7.4924271898825859E-005
   7.7264051024084410E-005
   1.2398588886835748E-004
   1.1661379355233721E-004
   9.4297304107728849E-005
   9.0593685690583257E-005
   7.4353476522082126E-005
   7.9635274961737453E-005
   9.1455396767700561E-005
   7.5070666207376508E-005
   8.7988169229080021E-005
   7.6845090519183336E-005
   6.5595293044358647E-005
   6.7628164014623088E-005
   9.0794490196928173E-005
   6.9302409656265461E-005
   1.0107135635183817E-004
   7.4618028284782444E-005
   6.7809380494454453E-005
   1.1144988284685645E-004
   4.9944870771671729E-005
   8.7478934380520959E-005
   7.5601653088669906E-005
   4.8875070070996032E-005
   8.6433020346850931E-005
   6.8138008643698730E-005
   1.0940257078167288E-004
   7.2210128621157820E-005
   7.1337793661520373E-005
   6.5310934311172425E-005
   5.2857785246143912E-005
   8.6712189851432270E-005
   9.2377107790761722E-005
   9.2945777848030045E-005
   1.3122770144120534E-004
   1.0391521112281004E-004
   9.1282060713512517E-005
   8.5569308337515019E-005
   9.1034516458053620E-005
   1.0535895177486738E-004
   7.5858908357081899E-005
   7.1798698835326744E-005
   7.2557513633841815E-005
   9.1585805307349978E-005
   7.8650207366231283E-005
   8.2090516826686789E-005
   7.6270276078927677E-005
   8.0924557455320091E-005
   1.0928744426494368E-004
   1.5453573310890252E-004
   1.0481513140636449E-004
   9.0070925951255622E-005
   1.3709470326932259E-004
   1.0227690487223410E-004
   7.5830698842713784E-005
   1.4436624539181824E-004
   9.4714188233057249E-005
   7.6778909721266799E-005
   1.3191101665730327E-004
   6.6252082214335236E-005
   1.5064567436173698E-004
   1.0095471415344807E-004
   9.3577331522731117E-005
   1.1085910837641445E-004
   8.7570981040011289E-005
   8.6097341514584420E-005
   8.2006471646629616E-005
   9.4248108849457073E-005
   9.8728003143314081E-005
   7.6494100466891564E-005
   8.0188032773315920E-005
   4.5797114581176865E-005
   5.8749299226102937E-005
   6.1906584193487774E-005
   7.6359453498110719E-005
   7.8634513019800787E-005
   7.9163025759505017E-005
   8.7575858065932070E-005
   6.1365985991239236E-005
   1.1437708470851862E-004
   6.7618821361807143E-005
   9.7005233406794255E-005
   8.0199001601545931E-005
   1.1695297642298876E-004
   8.2817770821846392E-005
   1.3886929769376142E-004
   7.1871321648860572E-005
   7.3755386911629608E-005
   9.7511641311987180E-005
   1.0026247227886685E-004
   6.8141056168964957E-005
   7.6611462862921902E-005
   1.0188019863565540E-004
   1.0666123454082195E-004
   9.7434200020103104E-005
   1.1947643396182971E-004
   1.4428593950447085E-004
   7.4313840821606830E-005
   9.2649087716813224E-005
   6.5371914396902605E-005
   7.4268259220227343E-005
   9.1957392073530367E-005
   7.5634184299833263E-005
   8.7264710669732830E-005
   9.0095366008514767E-005
   1.0350714075372958E-004
   1.3590062462758579E-004
   9.6570374345112273E-005
   8.2852479532563261E-005
   8.4155024005591104E-005
   6.9438178973550764E-005
   6.8360714311782537E-005
   1.1063976478829961E-004
   5.5670975606083578E-005
   8.0446206801730575E-005
   9.5938617572897568E-005
   6.8786773570273473E-005
   7.7251694563567030E-005
   1.0052443958637957E-004
   8.1269277471408396E-005
   7.8548144866670913E-005
   1.2000856857539635E-004
   1.3944205806670076E-004
   8.3160236809233339E-005
   1.1593464976022386E-004
   1.0548439288431900E-004
   9.0430485230135667E-005
   9.7319496720560755E-005
   9.2971060748295312E-005
   7.1272419517931724E-005
   1.2167301525174595E-004
   7.4208648794289240E-005
   1.2582287205913700E-004
   1.1362735085602498E-004
   8.5640326756360603E-005
   9.2731283441794250E-005
   1.0312460395670531E-004
   9.4550039910016109E-005
   8.2050977275289761E-005
   9.8859087408713307E-005
   8.6752884760537429E-005
   7.3344873788733583E-005
   9.6082412355117099E-005
   1.0278135531004970E-004
   9.1634845878418156E-005
