 Z =   4046355.0000000000      dens =  0.15972209713742630     
   1.3567160268169968E-004
   9.6181114405858518E-005
   7.6600265596535425E-005
   7.5253688444685109E-005
   1.1664920371304879E-004
   5.3694011971745431E-005
   8.2704682742004127E-005
   1.4727968622513913E-004
   7.9280684442022332E-005
   1.3344794337504583E-004
   8.0410101462648651E-005
   1.0430739529388858E-004
   8.2504542608072401E-005
   9.5997970589272848E-005
   7.3473609274348048E-005
   9.5188147062148372E-005
   9.5529682287564215E-005
   1.0183027454736602E-004
   6.2289655824057292E-005
   9.5040830134080506E-005
   1.3979958541674050E-004
   1.2084141363803041E-004
   9.0236080941264888E-005
   7.3873782609767250E-005
   8.9727138878854939E-005
   8.6965957811313259E-005
   6.5918884794545358E-005
   9.6831074409640377E-005
   9.0781061638755891E-005
   9.8170821622285429E-005
   9.5041585926285003E-005
   7.5641851734491831E-005
   1.3021787406566876E-004
   8.4095851334938350E-005
   6.6765177978293807E-005
   8.5666427182353336E-005
   8.9927888373087666E-005
   1.2486762451611463E-004
   9.1025113103711120E-005
   7.9607705956788794E-005
   7.2486518747981213E-005
   7.1601049284912869E-005
   9.5550393533953693E-005
   8.6429647881460851E-005
   6.4794887906148403E-005
   8.8902766747758164E-005
   1.1472080330584072E-004
   9.9014149300499167E-005
   5.9171396336794221E-005
   5.7794360284836554E-005
   8.0133801180148171E-005
   1.4011657968298380E-004
   1.2923821079431473E-004
   9.6918363812859663E-005
   7.7476082966086219E-005
   8.7295616661341996E-005
   1.5723801008935787E-004
   4.2989716010990845E-005
   9.9630793923772651E-005
   8.1126533224767924E-005
   6.4163866420359884E-005
   1.0835380768063666E-004
   9.2282484548066501E-005
   8.1307437442031341E-005
   7.7444219598235605E-005
   1.3468142142489397E-004
   1.3136894527732327E-004
   1.2318203114346622E-004
   6.8943086652935960E-005
   7.1355569093586814E-005
   1.1499329414033572E-004
   1.0661765062216977E-004
   8.8541660931967716E-005
   1.1400957547469970E-004
   5.9021108605208393E-005
   9.5446946793616063E-005
   9.2487929154334728E-005
   1.1127163241154121E-004
   1.0939426161355974E-004
   8.4258364538191237E-005
   5.2972311427069659E-005
   1.0011530682265164E-004
   8.8089089228542716E-005
   8.3237933774025363E-005
   8.8764252174512032E-005
   1.0360849756642254E-004
   8.5055650673590303E-005
   8.2678244388196011E-005
   1.0568399931875161E-004
   8.6375704903169539E-005
   9.4116574712451137E-005
   9.2813221833300732E-005
   9.4596342754276106E-005
   7.8268903231895775E-005
   8.2726909085368257E-005
   6.5971060434736191E-005
   5.0577622250008424E-005
   1.3506610018895643E-004
   8.7003526915222412E-005
   9.9057707260886084E-005
   8.2860268491008333E-005
   7.1234923520985233E-005
   6.7515984549821044E-005
   8.3528973857792562E-005
   8.0113986072916066E-005
   5.6498829239063653E-005
   7.5285181614667256E-005
   7.7805100036956195E-005
   8.6407014033731074E-005
   1.2198530426228279E-004
   9.7214846694841363E-005
   7.7246597040560164E-005
   6.7219243367561382E-005
   7.0781720615022148E-005
   8.3694600030032390E-005
   1.1807398823282419E-004
   7.2701658309714081E-005
   8.3644072822590203E-005
   9.4318613931642734E-005
   1.2508118900100292E-004
   1.2555205558392106E-004
   5.7669753750317749E-005
   6.5200938744597572E-005
   1.7831645285995717E-004
   7.1512916920272662E-005
   4.5196786313855186E-005
   8.0552143610025751E-005
   1.5641199141621184E-004
   1.1031352168048073E-004
   7.5243583645553800E-005
   8.5383291189996085E-005
   1.0516526578135115E-004
   6.4585359618243678E-005
   5.5852199896087022E-005
   1.0392248569741278E-004
   1.0350746846978310E-004
   9.5035822858948813E-005
   1.0165725969642652E-004
   1.0851336955999580E-004
   1.1706981863801928E-004
   6.2895412148958395E-005
   7.8993255558212783E-005
   6.1281150241263263E-005
   6.7579863671720131E-005
   9.5215718809752581E-005
   1.0666253845053110E-004
   1.5671716895342562E-004
   9.2580116712383950E-005
   9.3212200184556311E-005
   9.0140436491547538E-005
   6.6855566869630307E-005
   1.1927909042306268E-004
   7.4919608945405797E-005
   1.0313588522863248E-004
   7.3496013402975902E-005
   1.1320995922037797E-004
   1.1409248357013882E-004
   1.5048449831006006E-004
   9.5357401121831607E-005
   7.9359219043357343E-005
   1.4924251320406042E-004
   9.1238490559697691E-005
   1.4609207055653244E-004
   9.6554642417448201E-005
   5.8538705357507694E-005
   6.8583747709041387E-005
   1.6700272371713331E-004
   8.4432829178928665E-005
   7.5531235653942763E-005
   9.8966253797470183E-005
   7.4768059863659832E-005
   1.1061466352952929E-004
   7.1336791330463474E-005
   7.6216280892933035E-005
   1.2802782959103886E-004
   1.1692007832281983E-004
   8.8094616661844527E-005
   1.3061371846069335E-004
   9.1219137512893591E-005
   7.9215041087433226E-005
   1.0478729785463344E-004
   7.9865806391667357E-005
   1.0219309685955108E-004
   1.3165552444880808E-004
   8.3383354525176656E-005
   8.4637939397797299E-005
   8.0152077608650789E-005
   9.8775086723767628E-005
   6.9310862787977441E-005
   1.2814985003015955E-004
   9.0397866835097783E-005
   8.7540504859556415E-005
   8.3525018610072451E-005
   7.8120867248777584E-005
   9.7949001763968021E-005
   1.6416655034348155E-004
   1.0857269727985228E-004
   8.4174764210599612E-005
   5.8402645294703849E-005
   7.5118691757526906E-005
   1.2512465530158722E-004
   7.2305751679537848E-005
   1.6463170935117135E-004
   5.9956864915695163E-005
   1.0709785239013151E-004
   7.6985663188363962E-005
   1.6165073818451766E-004
   8.3511879649105381E-005
   8.4264965644416539E-005
   1.3082414980511680E-004
   8.8612049492535895E-005
   1.1612386462246795E-004
   6.5802551983016835E-005
   8.3813490678286067E-005
   7.4513148519206546E-005
   1.4504754356442444E-004
   7.8808643623710001E-005
   9.2454601432332640E-005
   7.9617751250252470E-005
   8.6481367157324726E-005
   1.6690524782266963E-004
   1.1200226128180441E-004
   1.2401100838736168E-004
   1.2004826585553588E-004
   1.5125053684006322E-004
   5.4148159951145527E-005
   8.6044518908513616E-005
   1.5818468167056070E-004
   1.3040509203205491E-004
   1.3458757618303513E-004
   8.0828829769262923E-005
   9.1337250160917124E-005
   9.4734640313421092E-005
   8.3328891639626593E-005
   1.2990566502675598E-004
   1.0682379065225957E-004
   8.5053449243848976E-005
   1.1469597546025291E-004
   7.1917400748463368E-005
   9.3808371520722993E-005
   8.8651058538156638E-005
   1.7355190776078785E-004
   1.1445949301300703E-004
   1.3333909758723263E-004
   1.0601334002500738E-004
   8.3434541268009540E-005
   8.7305075956375187E-005
   8.5385822634840316E-005
   8.7588349294026892E-005
   7.9813099564793072E-005
   6.3750114212116304E-005
   7.8262234870851680E-005
   1.4298379330102482E-004
   8.9246198849298334E-005
   7.1775878793414079E-005
   7.3438091191633438E-005
   9.1981137185225784E-005
   1.6580854144067293E-004
   7.2745699985520945E-005
   6.4093932755257714E-005
   9.7382604349274628E-005
   9.1753235929100150E-005
   1.0034601052505529E-004
   1.4617940638417924E-004
   9.0334031751966947E-005
   1.3760970475353308E-004
   8.1611243588324928E-005
   1.2213940474250991E-004
   7.3188073269180522E-005
   1.2480362147536145E-004
   6.5456839211698822E-005
   9.5935543680054938E-005
   9.6058730432766010E-005
   1.1982119665953462E-004
   7.2744240784252610E-005
   9.5937327396522815E-005
   6.1981520378432065E-005
   1.5388329220732448E-004
   1.0383118144576481E-004
   1.5576151538480200E-004
   8.3662645229357356E-005
   6.6460940160894161E-005
   1.0605481077394796E-004
   6.3041581674357669E-005
   5.9830367644090980E-005
   8.1258382073539175E-005
   7.1888202312233305E-005
   7.9292976543718406E-005
   1.0925269110191109E-004
   8.6498095129877917E-005
   8.1597488866287253E-005
   7.3994385787750226E-005
   5.6598442072337222E-005
   9.6744245009378285E-005
   7.0261317154407903E-005
   6.1489796849688793E-005
   1.0351623509312211E-004
   1.2655995683760090E-004
   9.4543678472410340E-005
   6.4037137104139752E-005
   8.6420062839929525E-005
   8.3989580797694306E-005
   8.4689271268174930E-005
   1.1899103957675633E-004
   7.0768556753384563E-005
   7.6883098379898116E-005
   6.8514238836143125E-005
   8.4735869233455607E-005
   1.1945234091554285E-004
   5.5946490258868491E-005
   6.0056855295015932E-005
   6.2919079903181414E-005
   9.3256585822803004E-005
   1.1696249454048201E-004
   8.0037969466009484E-005
   9.5605699589404748E-005
   8.4951832624909226E-005
   5.7245300840302680E-005
   8.2199826730167699E-005
   1.0989113507618191E-004
   9.1538212141216096E-005
   1.1033435670804181E-004
   8.0061396195678497E-005
   7.7194436077941708E-005
   8.8701055166179476E-005
   6.8053784105801169E-005
   6.6739493899005365E-005
   1.0414720013978942E-004
   1.1073271791589289E-004
   8.9927820980521692E-005
   8.7096273103383760E-005
   1.0226534826205476E-004
   9.8254649003794931E-005
   1.1293042298657325E-004
   7.0650604248900491E-005
   7.8439233243293385E-005
   7.8262539904476572E-005
   1.0054244168623046E-004
   1.3428458559504566E-004
   5.8828206608126054E-005
   5.8644687368095463E-005
   6.0706671651619831E-005
   9.5041927282912267E-005
   1.0180462245070210E-004
   1.4298164452895162E-004
   5.4128275052386826E-005
   7.2866950380016848E-005
   1.1501707873501956E-004
   1.0161375004591670E-004
   1.2812812329935345E-004
   8.5625116441240541E-005
   8.7174425900912766E-005
   7.9964036355917309E-005
   7.9642264337582999E-005
   8.8251573460759204E-005
   7.7633922204490324E-005
   9.4460088230874240E-005
   1.0275627603616520E-004
   7.4103905302784552E-005
   1.5046275438059884E-004
   8.9473508676403329E-005
   8.9270079937626428E-005
   1.1845748362815488E-004
   9.0414335088658541E-005
   8.6767955902310680E-005
   5.0144964941502163E-005
   8.6300995443705950E-005
   5.3981126679371322E-005
   5.9974083665540633E-005
   6.4407644464385525E-005
   1.2375374816612399E-004
   7.1165246315840189E-005
   9.9683702857949428E-005
   1.0237731106665336E-004
   9.9719558917375135E-005
   5.5704121774899999E-005
   6.0659384249023147E-005
   6.5907046697948545E-005
   9.6470512083692903E-005
   7.3554056276826441E-005
   6.6976564561564006E-005
   9.4727649974248241E-005
   1.1871318178861507E-004
   5.6076143604807262E-005
   7.5417614224899525E-005
   9.3755432750888576E-005
   7.7749653117198091E-005
   1.0103126610863094E-004
   1.4634994919053134E-004
   1.3399100607019575E-004
   6.4495138806468799E-005
   9.0181445462219245E-005
   7.7680994195244131E-005
   9.2053667608538135E-005
   1.1785353537799370E-004
   9.5078236893532202E-005
   5.5489993988240556E-005
   7.4189148008854390E-005
   7.6226522388198465E-005
   6.6668232750065118E-005
   9.2456985835541697E-005
   9.3128736167706310E-005
   9.9454078488890463E-005
   7.4623653823948358E-005
   8.1604289821601302E-005
   1.1915309269371797E-004
   9.1681046821096159E-005
   8.7640249154955397E-005
   1.1483760878880208E-004
   9.9330002150173309E-005
   6.9787617968023217E-005
   8.0080153656111346E-005
   8.1258068776350473E-005
   8.7706730273912105E-005
   9.7377463531085314E-005
   1.0608641522216493E-004
   5.6585213196355861E-005
   5.8258203822761210E-005
   8.0408862332905149E-005
   8.5420278466579296E-005
   1.3398824343960160E-004
   5.7144131635182904E-005
   8.6229956295923882E-005
   1.2776249811786826E-004
   1.0769465424437379E-004
   7.4821279256700047E-005
   1.1464357295635790E-004
   1.2188420101430361E-004
   8.6284365129353499E-005
   5.3958685487144743E-005
   7.6126119656146600E-005
   8.1473522796452678E-005
   6.5897778567549118E-005
   1.5785115913775937E-004
   7.3038317658876716E-005
   8.9220399513493430E-005
   7.1350578023311330E-005
   1.0074260440419106E-004
   7.1043770251106377E-005
   1.1195613396675976E-004
   9.7376135312226834E-005
   8.2355773947807514E-005
   1.6921155822361897E-004
   8.0084276086753680E-005
   6.7346049434083389E-005
   1.3553954354684808E-004
   7.5421224008206117E-005
   9.7110267413751553E-005
   5.0079975879793471E-005
   7.0943305091951717E-005
   1.9768040150743539E-004
   1.0651305156013660E-004
   9.5297880734930942E-005
   1.0674978352360594E-004
   1.4113273286549285E-004
   1.2858078988901920E-004
   7.6889437681541050E-005
   9.3449932970057539E-005
   8.3259909422242235E-005
   1.0734381449677260E-004
   1.0211461159049067E-004
   8.2424557279128899E-005
   9.7118981876251516E-005
   8.0759171527021106E-005
   1.0306995571034590E-004
   1.9544996038682488E-004
   1.0251035414297099E-004
   8.2844843453998358E-005
   5.1621621221908210E-005
   5.0807586695982978E-005
   8.6224580047239115E-005
   1.2799751492693453E-004
   6.7912671507534239E-005
   9.5163403616194798E-005
   7.6812965034478553E-005
   9.8365629867941967E-005
   4.8538204867260778E-005
   9.7524982954934187E-005
   4.8656049248941760E-005
   7.9584605385589195E-005
   7.9713966748889520E-005
   7.3114056074556584E-005
   8.9164612461049882E-005
   9.7147183209460512E-005
   7.9921670529757745E-005
   1.0184397009891515E-004
   8.1756218607251517E-005
   7.4504296665591524E-005
   9.4599156717328954E-005
   9.3714633111344008E-005
   6.8048502068743686E-005
   1.2783312536686112E-004
   6.2962348466516084E-005
   1.1791560294343815E-004
   7.9114346880590605E-005
   9.4144306710897591E-005
   1.1546607505243708E-004
   1.5819313311581849E-004
   1.1846584456497840E-004
   1.1551689433436690E-004
   5.3264455567871069E-005
   9.5784702456498056E-005
   5.5809640870254082E-005
   6.1164457123423830E-005
   9.4670178756126004E-005
   6.5269012376081755E-005
   1.0514732161325529E-004
   7.2247187496443191E-005
   7.5839434116872553E-005
   7.5296896229059003E-005
   6.2780183678986916E-005
   6.6629401694334129E-005
   7.4239720342981152E-005
   1.4193144139786087E-004
   6.4329030390031326E-005
   8.1399433262787542E-005
   7.3749519549710696E-005
   8.9134768231788518E-005
   1.1078268918572724E-004
   8.8453381465471381E-005
   6.4285500951238891E-005
   1.0727790754839827E-004
   1.4791215256012148E-004
   8.2200874802237545E-005
   1.0872153308100651E-004
   8.2097426062091312E-005
   8.1692221044970444E-005
   9.7318805826531973E-005
   6.0637011191800256E-005
   6.8175690956318993E-005
   1.2773242082365823E-004
   1.0922720103976259E-004
   7.2167240331545005E-005
   1.6733161800771461E-004
   7.0095698085917494E-005
   7.1989856164992382E-005
   7.3404079560557135E-005
   6.7863449619072453E-005
   6.4209768970210270E-005
   8.9889526148488269E-005
   7.3321604774810063E-005
   6.6893385612808095E-005
   1.0037843988081077E-004
   7.6476045468699096E-005
   6.3376746846749251E-005
   1.2266676210185060E-004
   5.2995284863969812E-005
   5.0398328071799037E-005
   1.0603831496252915E-004
   9.2428568558522667E-005
   1.1939536184809250E-004
   1.1279485364306568E-004
   4.9983949317786469E-005
   6.4089825437984026E-005
   8.5348418033797204E-005
   1.2230628333832077E-004
   7.1377203918989365E-005
   1.1927350483038203E-004
   7.7781898974665155E-005
   8.0196176269487290E-005
   5.9645782018448840E-005
   6.0211199455571237E-005
   7.8276716348174308E-005
   6.6490078592959393E-005
   6.7189584059711006E-005
   7.7469517692770176E-005
   9.0903177176680439E-005
   1.1490205420953356E-004
   1.2980259876493882E-004
   9.0811704913502903E-005
   5.8650757588553437E-005
   9.1106566037539748E-005
   1.3671030118518721E-004
   9.7335338811136430E-005
   1.1341694616900901E-004
   1.5463105883395994E-004
   8.3848308631638246E-005
   1.2012748353757372E-004
   5.8873794891846610E-005
   1.2510677713264767E-004
   1.3637715389790248E-004
   1.0279515440735742E-004
   1.1520537421306641E-004
   9.8205779551360515E-005
   7.7798375155630549E-005
   6.9322830926940899E-005
   1.2733207511334135E-004
   1.2031513815622903E-004
   7.9854016507602697E-005
   9.0636459314056168E-005
   6.2509772697886084E-005
   1.1121120513772041E-004
   1.2265680891190701E-004
   6.4220648547746152E-005
   9.2731701911816719E-005
   9.4651027834113688E-005
   1.0503586696482587E-004
   8.1467527401846639E-005
   1.1311255460716542E-004
   1.1650059209728717E-004
   8.0765539835888777E-005
   1.1357895170221752E-004
   7.9240132740862458E-005
   6.8821239041416256E-005
   9.1084004770192146E-005
   7.5200093233003225E-005
   6.2586633001000873E-005
   5.7861300741659820E-005
   9.9614161459740284E-005
   1.0849471035517123E-004
   5.6438228481083145E-005
   9.3048493296733683E-005
   6.7981295510661363E-005
   8.0098043406573926E-005
   9.5078055654161645E-005
   1.0042478599040607E-004
   7.6643179017679428E-005
   6.3189339711782719E-005
   8.9192707754258882E-005
   1.6704318629521658E-004
   1.0193460037827349E-004
   1.6920178001635037E-004
   8.5373487148434463E-005
   7.5386771654422543E-005
   6.1315571788166584E-005
   9.7271092919559130E-005
   7.8920458956238665E-005
   7.7626900620578025E-005
   1.0050342998514406E-004
   1.0073993941719322E-004
   8.6858712952239049E-005
   9.0633193864014453E-005
   1.4602585980590807E-004
   9.8780184287787300E-005
   1.1674811271563868E-004
   7.3483657402193854E-005
   1.1816513700195051E-004
   9.0482271961624830E-005
   7.1588304629499367E-005
   1.1987569386334029E-004
   9.7045888115530245E-005
   1.1654101685379884E-004
   9.7341224319476800E-005
   7.4101197125513884E-005
   9.8367469822861539E-005
   6.5087430232712272E-005
   1.0822487244678626E-004
   1.0178108312573593E-004
   1.2093953298885038E-004
   8.5633833287726416E-005
   1.0218984863685535E-004
   1.4885092160525089E-004
   8.2135369596409615E-005
   9.2005425069751246E-005
   8.5159764913106558E-005
   5.8670956505873644E-005
   6.3976251363457527E-005
   1.1933775875718454E-004
   8.8937313878511865E-005
   6.9068192129011075E-005
   9.7868279300827900E-005
   9.0759087472389130E-005
   6.7411782202552874E-005
   8.7434967197411764E-005
   5.9898776882160370E-005
   1.0104188166051190E-004
   6.1090267143645773E-005
   1.1880871091157492E-004
   9.7957457156630582E-005
   4.7476295447026765E-005
   8.4242321548592220E-005
   8.9967046646686826E-005
   7.9041937505519523E-005
   8.5886064513021875E-005
   1.3754071999638642E-004
   7.1221361132597352E-005
   5.9684952140906889E-005
   6.8228541217866677E-005
   7.8796940966656368E-005
   1.6385797062058285E-004
   7.7427544499010363E-005
   8.6800517815338970E-005
   9.3979465109182643E-005
   8.4146565451662358E-005
   1.1190086708682081E-004
   1.2016438886902723E-004
   1.0621198132091986E-004
   9.6881579367594735E-005
   7.3236544765475909E-005
   6.5767759242859307E-005
   7.8026114774359099E-005
   7.4251447279710751E-005
   8.2857794890035368E-005
   8.5865918582968335E-005
   9.4357249324657455E-005
   9.5691082574420448E-005
   7.3879996570802174E-005
   8.1484445557993273E-005
   5.1940936216278927E-005
   9.0342526654727028E-005
   1.0680987035848095E-004
   1.0088676416967396E-004
   1.0518715881846544E-004
   8.3386764257077346E-005
   1.1028601002762631E-004
   8.2176625097245010E-005
   9.2846789312724635E-005
   9.9871546652714584E-005
   1.3663813245128414E-004
   8.7246473363791251E-005
   9.9461184315821776E-005
   1.1028064800489752E-004
   1.3091325423774606E-004
   7.6506247019092398E-005
   6.7735429637674614E-005
   7.6270041703841335E-005
   1.0612946185240768E-004
   6.4420991607422147E-005
   7.4971250646255579E-005
   1.7622039377685213E-004
   6.1763969395738308E-005
   1.1576028788266027E-004
   6.6167888965656667E-005
   1.0902791118853302E-004
   6.0029083373894266E-005
   6.9777894280727520E-005
   1.1296899933505144E-004
   5.9100857825387838E-005
   8.9720913872400675E-005
   7.1519294005585005E-005
   7.9568323116800576E-005
   9.3469148680148687E-005
   7.2182206382591634E-005
   8.4229337577879424E-005
   1.0899511011465414E-004
   1.5812158814225151E-004
   7.9098037796068176E-005
   1.1581247745668407E-004
   1.0068067367666780E-004
   7.7672932447781339E-005
   9.6612727058221289E-005
   1.3496436183642386E-004
   6.1718629665111861E-005
   1.3150322282705929E-004
   7.7447955671878729E-005
   1.0442015506502125E-004
   6.7694706946931095E-005
   7.5746486738996862E-005
   7.1839524426176965E-005
   1.0514567862820289E-004
   6.7887635003357726E-005
   5.4766446979305948E-005
   7.2542689731759823E-005
   1.0305950656444387E-004
   8.1289249150526396E-005
   1.4373639283245978E-004
   1.0386858929377283E-004
   8.3860724255330188E-005
   7.3732695844013437E-005
   7.5460777281518283E-005
   8.0886868539225469E-005
   8.2958756140785199E-005
   5.8272989026011988E-005
   5.6401478156160009E-005
   8.5083504659740265E-005
   6.8130094660236938E-005
   5.6468803464564339E-005
   8.1735681983262319E-005
   7.4862518594086798E-005
   1.0667314032394326E-004
   9.7428928293782910E-005
   9.0656341503025261E-005
   9.8512184144842937E-005
   1.1269584070917122E-004
   1.3832755119001861E-004
   1.4211273463072082E-004
   7.7373970678650800E-005
   6.2735841865310145E-005
   1.1271583496686901E-004
   1.1567508340209673E-004
   1.0212933133123233E-004
   8.4270426891756785E-005
   7.5968534376743662E-005
   7.1877956944806995E-005
   1.2834418619232026E-004
   7.2030876968572359E-005
   9.2636687665559721E-005
   7.0328270673906311E-005
   7.7819860906486692E-005
   1.0507961389643907E-004
   1.3521691301791671E-004
   7.3499003890948431E-005
   9.4041522112369157E-005
   5.5688472108537186E-005
   8.6241952074819783E-005
   7.7762920775196817E-005
   5.0151647675464036E-005
   8.6500152535566076E-005
   8.4214788212420358E-005
   8.5842800644091101E-005
   1.0052224597934782E-004
   1.1718715942180558E-004
   7.6616593281677203E-005
   1.0735451045695870E-004
   1.0023932868488175E-004
   8.9961382088740762E-005
   7.3701021114899439E-005
   5.1503256595764728E-005
   5.7014627198353427E-005
   1.7821109881867306E-004
   7.9614666556026358E-005
   9.9316050758959680E-005
   9.9883279633913714E-005
   7.9738777242788442E-005
   7.7789309721250908E-005
   1.2537038651025357E-004
   8.6202059248037858E-005
   1.0999133559988825E-004
   9.5798275522019228E-005
   4.8010977602808678E-005
   8.7209135450247574E-005
   1.2098907744688581E-004
   1.2074729161147305E-004
   1.0516835676091674E-004
   1.1052595437830836E-004
   1.0009587422575447E-004
   8.5883972323008394E-005
   1.0364826004082185E-004
   8.0501103890579035E-005
   7.4838585069749325E-005
   8.8647295728920146E-005
   6.0876523753022321E-005
   1.0264891971685428E-004
   5.1523394664332215E-005
   7.8001136006416010E-005
   6.9458098023535210E-005
   6.9392750503072384E-005
   6.5901881791708450E-005
   1.5174227997388472E-004
   8.8636438011816429E-005
   5.3728789655829567E-005
   9.8445424569312768E-005
   7.8599992120571282E-005
   7.8915433482015364E-005
   1.4861215762156389E-004
   7.0320368489414401E-005
   8.6445036501142796E-005
   9.3705866356079092E-005
   1.3255129649389228E-004
   5.5646246901746127E-005
   8.8797259485104529E-005
   6.6577304123808110E-005
   6.6450381883503379E-005
   1.0407266766446290E-004
   7.5897021327139025E-005
   1.1194940747184452E-004
   8.7437678173005854E-005
   7.5743435600796437E-005
   8.1626872184969451E-005
   1.0000759402545067E-004
   1.0765735714328801E-004
   6.5944127064688135E-005
   8.4892076058832545E-005
   8.0133239620921575E-005
   9.6005516642771668E-005
   9.6231480552809779E-005
   5.5694414409518487E-005
   8.9026535941819283E-005
   7.3609839370750374E-005
   6.1690357207507131E-005
   5.7910560398770397E-005
   7.7517126440500116E-005
   1.0159781300999828E-004
   1.3391995943538040E-004
   7.0678912261633168E-005
   7.3206959466290398E-005
   7.7257561114769919E-005
   1.4968636194695226E-004
   8.8772490334787933E-005
   8.5151375616858104E-005
   1.1470576663516065E-004
   8.1774967989476369E-005
   8.0382411202237290E-005
   1.4350510843970713E-004
   1.2347291626495238E-004
   9.5805307503074417E-005
   8.8544775628370651E-005
   8.6264291977644983E-005
   7.6434045005121964E-005
   8.1236149137017412E-005
   1.0972857546583981E-004
   7.3272495910353945E-005
   8.6436412024362393E-005
   8.9834239374466762E-005
   1.2047365598393764E-004
   1.1141630232231888E-004
   9.8259038000715187E-005
   8.2447989415087544E-005
   5.0474055355606036E-005
   5.6004063196833306E-005
   1.0633117574679445E-004
   1.5823560109667781E-004
   1.0296842106213933E-004
   1.3747851788407540E-004
   1.0666936941614061E-004
   9.1759027490083289E-005
   8.2220687902291874E-005
   6.5440673897111302E-005
   8.4466275940615085E-005
   5.6505898598462542E-005
   5.3749111192143373E-005
   9.4090234803720699E-005
   5.1524139720555184E-005
   1.2145081528213982E-004
   8.6873138846306339E-005
   9.5379139242701051E-005
   8.9653732405816080E-005
   6.8534089417432285E-005
   9.8291647814458867E-005
   7.0674189123462220E-005
   8.8470608539226698E-005
   7.0048071249501312E-005
   1.2580264011673696E-004
   1.1162924292044961E-004
   6.5398002140992908E-005
   8.6768715207399740E-005
   1.1097965335289889E-004
   5.0637328048302183E-005
   1.1055219630901091E-004
   1.8528251896797595E-004
   8.0203845070378506E-005
   1.2769606791242276E-004
   1.4775584944079452E-004
   1.0917300265367527E-004
   1.2124661309258150E-004
   5.5797437820099214E-005
   8.0173910637287643E-005
   9.0211141866610575E-005
   8.3572096007299108E-005
   8.8645468023695729E-005
   1.9094285225915037E-004
   1.0101674403534901E-004
   1.0225759531955057E-004
   1.1717476152076480E-004
   7.4579426468815915E-005
   8.4956029861328489E-005
   8.8902362055811056E-005
   5.3016596434329106E-005
   9.7814334485071662E-005
   9.1976719678741367E-005
   7.5951514453840576E-005
   1.0959397660234216E-004
   7.6152143475706209E-005
   7.8488450324391761E-005
   8.6745050998745588E-005
   1.0217415202079182E-004
   7.4241604878591032E-005
   9.4441940488486757E-005
   9.5917960320103518E-005
   8.4443197143678136E-005
   7.3237605661673812E-005
   1.0039553289207102E-004
   7.0818714364059428E-005
   7.2974995624774244E-005
   8.9956677432205428E-005
   1.3115906234030086E-004
   1.0730367126081771E-004
   1.4501615950544800E-004
   1.0948259519162929E-004
   7.9245904688076234E-005
   1.4204091706491353E-004
   7.6767883684504578E-005
   6.2080439296433338E-005
   7.8086448453120705E-005
   1.0516643751585857E-004
   8.6101510355223978E-005
   1.3446413834211835E-004
   6.2728920470277934E-005
   6.4108061519196452E-005
   7.4404408841632832E-005
   1.0344254391607732E-004
   1.6382215436141427E-004
   7.7641099012915350E-005
   1.2667704140815987E-004
   6.2729432096633703E-005
   6.7020634370556660E-005
   8.9241152229450570E-005
   9.1778927424405706E-005
   7.7685918299614991E-005
   9.5746747591711641E-005
   1.0857332330590987E-004
   8.9459138814625361E-005
   1.1794943894383583E-004
   7.4263465386503481E-005
   8.2950022409956103E-005
   9.8785634667107453E-005
   6.0693907298841997E-005
   1.2069996251362816E-004
   7.3586793942070043E-005
   9.0335015844044902E-005
   1.2014809223934615E-004
   8.0356359854890272E-005
   5.7074396526517597E-005
   6.2745797140290526E-005
   1.2573442099781269E-004
   9.8398993800210069E-005
   8.7792523201698670E-005
   1.5422817351203852E-004
   9.5378317596469842E-005
   8.6231507066573945E-005
   8.1289533505545040E-005
   1.1187116388031364E-004
   9.3241244464154754E-005
   9.3896695063330808E-005
   6.3879596921835111E-005
   1.1912485890709404E-004
   7.8721987418328397E-005
   8.6871605979579574E-005
   7.8023166985519157E-005
   9.1454076983660368E-005
   1.0273416962166949E-004
   8.8611844584122402E-005
   9.9958515002898299E-005
   1.3789256246801027E-004
   1.5978792212481170E-004
   6.5196646791732454E-005
   1.0808207182179840E-004
   7.6590368463369906E-005
   5.7883478936700020E-005
   6.2465017950306706E-005
   8.4137466550859901E-005
   9.7261278714974686E-005
   8.1973928961823057E-005
   9.7469446227209058E-005
   1.1399783187068560E-004
   1.2847598758797932E-004
   1.5189781384668160E-004
   6.5912456724909915E-005
   9.2207510371887974E-005
   6.7454828397915364E-005
   1.1666034318622772E-004
   1.0231858604659755E-004
   1.0686625850842500E-004
   1.1168732081811786E-004
   9.6396188609671328E-005
   9.9584401907566459E-005
   9.9308831770731601E-005
   1.0376575011284070E-004
   1.4542100994546894E-004
   7.6798790678798889E-005
   7.4242171145626288E-005
   8.0166751895019802E-005
   6.7237523289754824E-005
   9.9644919501785392E-005
   8.4398904053489961E-005
   8.3768691327275172E-005
   8.5160694593384482E-005
   1.0251437371006912E-004
   8.9077211704218501E-005
   1.2533234709363739E-004
   5.5943596315831210E-005
   9.9050729222160245E-005
   6.9040089078920648E-005
   7.8993193205940823E-005
   8.5271469807946944E-005
   8.5727947080822866E-005
   6.8424339756738078E-005
   9.8751903297752641E-005
   7.6798102308420178E-005
   1.0205220486463646E-004
   1.2191145977437175E-004
   1.0941081339924410E-004
   1.1203620632994190E-004
   9.7311742564477102E-005
   9.2794556400328852E-005
   8.9767572300418206E-005
   1.0001851630548513E-004
   5.9129748656463973E-005
   6.4397883549062229E-005
   8.1494509614797603E-005
   6.2362625696639761E-005
   7.0635580972977670E-005
   6.0461771042998664E-005
   6.2046289598124244E-005
   9.2347011916354217E-005
   9.3272788923578494E-005
   1.9924782156850146E-004
   6.0110229920127485E-005
   1.8855610323212385E-004
   5.7480519017567428E-005
   7.4558824592071044E-005
   8.0564500841676383E-005
   1.0266239052163402E-004
   1.0115842556766784E-004
   7.5449195820353045E-005
   1.5035003710551644E-004
   7.3260958635999615E-005
   9.8140740098156919E-005
   1.1900091028023794E-004
   1.0433226852934578E-004
   8.4920565704688843E-005
   7.9412809076338483E-005
   8.1596872980322480E-005
   1.0039257970975936E-004
   7.0221625853788273E-005
   7.8684710223986604E-005
   8.0875998886081638E-005
   6.1214472343835717E-005
   6.6798021863904723E-005
   5.7920335516941806E-005
   6.8830177474552066E-005
   4.5414070741086616E-005
   9.2045766824817664E-005
   6.0220593438112516E-005
   7.2591756161362119E-005
   6.9728690441323032E-005
   7.9525034771094622E-005
   1.3113083066584421E-004
   1.4923569766376316E-004
   1.1828743547086616E-004
   8.2471539051071579E-005
   9.4103240981217691E-005
   8.4714625758528696E-005
   7.2438942917471452E-005
   8.0052408484080693E-005
   1.4478171605036521E-004
   5.1975151159264389E-005
   9.8500577800450696E-005
   7.0468346331764066E-005
   6.0798158105005951E-005
   6.6809816004838248E-005
   7.1762325601423897E-005
   8.8551757858593684E-005
   8.5534739952983094E-005
   7.8161509903814727E-005
   1.0217563209965688E-004
   7.5114409854523637E-005
   8.8198190816573491E-005
   5.9358884232206583E-005
   9.4191380232805765E-005
   6.2735268324579910E-005
   9.6662671694461760E-005
   6.3470940500728445E-005
   9.9895509721159790E-005
   1.1892426134097656E-004
   1.4367614161002619E-004
   5.6670642523929459E-005
   8.1492061997430341E-005
   1.2172440765114132E-004
   1.2956557038851579E-004
   8.7562145705397156E-005
   8.4351064021532005E-005
   8.3738541682840120E-005
   7.8898108195728638E-005
   7.9258067439841085E-005
   1.1939193196269877E-004
   1.5363275270240210E-004
   1.0984706920729229E-004
   8.7976497998546886E-005
   1.0747389904137317E-004
   6.4717852263142801E-005
   7.5987566281355022E-005
   7.9580068515096070E-005
   8.6932659150409900E-005
   9.1952880978078035E-005
   8.7015741916620336E-005
   1.1591610799970597E-004
   8.9675846417738603E-005
   9.8074109849756444E-005
   1.1915176560388489E-004
   1.0549821603988929E-004
   1.3339337871078825E-004
   9.6387630209135132E-005
   5.6746568366585521E-005
   1.1998454956778301E-004
   6.7033960705482039E-005
   6.2905064059565454E-005
   7.9510730051631144E-005
   1.1318989621176741E-004
   1.4332640202022651E-004
   1.1870299340163682E-004
   7.7401686014985012E-005
   9.4325742032447954E-005
   6.0284704901578691E-005
   8.2687858550177949E-005
   6.8816552009452945E-005
   7.6177451250295471E-005
   5.9662898853574449E-005
   9.2004217416152920E-005
   9.5409693471607348E-005
   9.9003189855031355E-005
   9.4096833652687275E-005
   1.2753766064523618E-004
   1.0230221678890617E-004
   1.3105340098484161E-004
   6.9882209654258384E-005
   1.2716607688604981E-004
   8.4805017413896102E-005
   7.9613385903919007E-005
   8.6634527719236905E-005
   1.0618637838113337E-004
   1.1948564763486888E-004
   7.9151887224197432E-005
   1.1938038974154352E-004
   6.9670833394578800E-005
   9.0511605730657040E-005
   9.8663318874214821E-005
   8.1583352111750410E-005
   7.8716107281874732E-005
   1.0945875360813218E-004
   9.1029132750874460E-005
   1.2493199018425637E-004
   9.8113144962145478E-005
   9.5374164771726671E-005
   1.0975665544730511E-004
   1.2070661333289002E-004
   9.4426187548313705E-005
   8.0834934322915902E-005
   9.9378529684904712E-005
   7.7833743852693171E-005
   7.7641598723300428E-005
   8.1188100940778464E-005
   1.0958941926288169E-004
   7.2570255269853735E-005
   6.3087361551295997E-005
   6.2184351937083628E-005
   5.9689284773656415E-005
   8.5580911141080936E-005
   9.4543701106003324E-005
   4.8738910979617079E-005
   5.3345774268731979E-005
   9.0207930567261945E-005
   8.5117150311419255E-005
   9.4546376631965022E-005
   7.8998939298741304E-005
   7.8007664524488442E-005
   1.2315072747743483E-004
   7.3109526381231227E-005
   8.6836719057283490E-005
   8.9638452475500452E-005
   9.9413134120635352E-005
   8.9014112036507443E-005
   7.8687000119508557E-005
   1.5890958669364177E-004
   1.5030570469470267E-004
   1.1792121562582806E-004
   7.7332413009304217E-005
   1.0084735377804046E-004
   9.1226473979666466E-005
   6.6626086264296821E-005
   6.4078327911002068E-005
   8.5380903607978887E-005
   6.1871145969854643E-005
   8.7794117670743273E-005
   8.3145571343939097E-005
   6.9862378607508154E-005
   1.1873906977934689E-004
   9.0108175518843883E-005
   7.9086317395889703E-005
   1.0402904277312909E-004
   8.7647877271522038E-005
   8.8134278333540088E-005
   8.8381187478651167E-005
   7.7581521218241014E-005
   7.2060634893406523E-005
   1.1165352811908413E-004
   6.9895038191707698E-005
   6.6897709010320920E-005
   9.7422034589658913E-005
   1.0181234578070362E-004
   1.2228097391853057E-004
   1.0053449891684639E-004
   1.3628057779113069E-004
   1.5262396442969393E-004
   1.9510073661810432E-004
   1.3611327125737126E-004
   6.9293941383315893E-005
   5.5230488255669780E-005
   5.7955387570950996E-005
   9.4493857439428424E-005
   1.0535358035065468E-004
   9.3312465486161854E-005
   6.1095278709598109E-005
   1.7495372853034287E-004
   8.8455724396932283E-005
   9.6205432306466413E-005
   6.3258531393598459E-005
   7.3911530437526630E-005
   5.6832361794109199E-005
   1.4981734618468073E-004
   1.2664326699331674E-004
   8.8333132161157624E-005
   8.3771379009892232E-005
   1.4459632884142234E-004
   1.2512604555945812E-004
   1.1927930389185544E-004
   8.8048947702289293E-005
   7.2725723259380588E-005
   1.4575290885583746E-004
   8.9278034092613777E-005
   7.2908362980081566E-005
   1.1215440327850121E-004
   8.5920479505796618E-005
   9.7534269518605288E-005
   1.0661914259114114E-004
   1.0140027878134100E-004
   8.5211095443555140E-005
   1.7216686148032503E-004
   7.7807884364762799E-005
   6.5764250796667141E-005
   1.2869364422575337E-004
   8.8907758014384071E-005
   6.8763758554177376E-005
   1.3888269100428391E-004
   8.7814183188504510E-005
   1.0715310083264953E-004
   7.8292781736987401E-005
   1.0706148756100395E-004
   8.9055380938005404E-005
   8.6768778709932372E-005
   7.2560518634267663E-005
   7.1202359694347834E-005
   7.4545147009740927E-005
   8.0416390083970629E-005
   6.3297897352369088E-005
   6.4346340498232268E-005
   1.6765116011942203E-004
   1.0808624797425161E-004
   9.7374474549032523E-005
   9.5674185455887334E-005
   5.9250811041036099E-005
   9.2022287999322748E-005
   9.5843234312301424E-005
   7.9683758411274092E-005
   8.6716102999843112E-005
   8.2203494711967029E-005
   1.2239493579174204E-004
   6.2745162001093973E-005
   6.9157766305972293E-005
   9.6013414532112795E-005
   8.7131123517350688E-005
   1.3896101069056874E-004
   7.2762465957441582E-005
   5.0167474910924493E-005
   5.3657501702257136E-005
   8.8499729020840488E-005
   1.1946571530467460E-004
   9.7103355877829466E-005
   9.0804362411432360E-005
   6.8219024069938918E-005
   7.0086375506926598E-005
   8.2361430494538624E-005
   1.3014969357113832E-004
   7.2537262036816657E-005
   9.3143006525684709E-005
   5.3129642228414268E-005
   6.8730051505781534E-005
   2.2982295200523850E-004
   7.1790748764360683E-005
   7.6147475120553145E-005
   8.7817359279176169E-005
   8.6592430014378693E-005
   1.1045049252994370E-004
   8.2130054521591006E-005
   8.7577471777136704E-005
   7.8163495839283508E-005
   1.5927450669684694E-004
   7.8856747028671173E-005
   8.8390780828604152E-005
   9.7627371196263064E-005
   7.5842730573990623E-005
   1.4852667979506327E-004
   7.5312802403302765E-005
   6.6227716456373098E-005
   8.7664844950429265E-005
   6.5339804457053522E-005
   1.1902161293668204E-004
   9.8965837191376390E-005
   6.3537476568254340E-005
   9.6214104004000952E-005
   1.3085409445795287E-004
   1.0709566876732515E-004
   1.2149145894291435E-004
   7.4342585993609811E-005
   6.5652222384915036E-005
   8.1108583060489142E-005
   1.1376262890192984E-004
   7.8417082261972914E-005
   1.1384432158777895E-004
   1.2388259378672217E-004
   7.5755905387270332E-005
   1.1355156457372142E-004
   7.0468303507550151E-005
   7.5444504911130217E-005
   5.1158869631873349E-005
   5.7688480150629272E-005
   9.2849459074976362E-005
   1.1776136037900234E-004
   8.3038041379008184E-005
   1.3270664749254411E-004
   8.6431581932348310E-005
   1.1138726406667202E-004
   8.6861247954238990E-005
   1.1183768193185340E-004
   9.1102484110316446E-005
   1.0824752228653044E-004
   1.7794933697652500E-004
   1.0390366640196381E-004
   7.8122985543661636E-005
   8.3698184785257852E-005
   9.9051778339183358E-005
   1.3213297082540672E-004
   9.8101932081605557E-005
   1.0573552272319412E-004
   1.7618036771624370E-004
   6.1613552538524735E-005
   5.4972283808974682E-005
   8.4115684157925493E-005
   5.7355427598892718E-005
   1.0261641459208009E-004
   9.7675096141177487E-005
   8.4026954550572657E-005
   1.7435015845979757E-004
   6.7011058844479635E-005
   7.3681929863858223E-005
   5.5728898298362777E-005
   6.8937311780003352E-005
   5.1510191684918507E-005
   8.1958711932781151E-005
   9.6647875257366067E-005
   8.1771445755690443E-005
   1.0270116425190345E-004
   9.4900463239907509E-005
   7.9415940570018068E-005
   1.1863666146993904E-004
   1.1500793302290531E-004
   1.2142015583104123E-004
   6.9269747298138861E-005
   6.9191956039326639E-005
   8.6786066978466168E-005
   9.4064439582001861E-005
   8.4620859793133282E-005
   6.5507353587040081E-005
   1.0817850197579975E-004
   8.7876670983593093E-005
   9.4307101638187887E-005
   6.8046150002920762E-005
   6.2102923525370635E-005
   7.3754517374961719E-005
   7.7233011604623103E-005
   6.7261035638171876E-005
   9.2960205424337552E-005
   1.2138343006722692E-004
   7.3152327788857791E-005
   9.1274317531469198E-005
   8.9508782821439518E-005
   7.6487582853190070E-005
   1.2603502143758785E-004
   8.8838656087625558E-005
   1.1145105492138928E-004
   8.2958206874511243E-005
   1.5301312225053732E-004
   7.0042376107933024E-005
   6.4058392954001548E-005
   1.1702892226937172E-004
   6.9925874815658247E-005
   4.9558100855156416E-005
   7.8585779298536544E-005
   1.2417396797690926E-004
   1.3931576052939068E-004
   8.0638592640917741E-005
   7.1823153950831785E-005
   1.2489194362728251E-004
   8.5958084711878591E-005
   1.1584535548595092E-004
   8.6104807272746373E-005
   1.6221390205305568E-004
   9.5598936864737781E-005
   7.1253249791310348E-005
   6.1019370855158546E-005
   8.4971751922214783E-005
   7.7669269909853343E-005
   7.8534930751505142E-005
   8.7047391347290588E-005
   8.6657164934572626E-005
   7.4798426034731132E-005
   1.0517664838638522E-004
   8.0375961177279575E-005
   8.3488071778077606E-005
   6.3673876997953383E-005
   1.0432385510514530E-004
   5.5769653287146189E-005
   7.9930234233106397E-005
   1.0327935609937901E-004
   1.2415595317163600E-004
   1.1219774140269049E-004
   5.3456762384954318E-005
   5.8179914344774143E-005
   1.5547521403196720E-004
   1.0735183515626630E-004
   1.1009868621795339E-004
   1.2798182268698800E-004
   7.2204601409311568E-005
   7.3518232889268549E-005
   8.5398722865730488E-005
   9.4943074504764339E-005
   1.2904943894764492E-004
   1.2049378141302479E-004
   5.8479932272682901E-005
   7.1441445690661483E-005
   1.0315262842453788E-004
   1.0886258843153080E-004
   1.3274602474159939E-004
   8.1424638251198175E-005
   7.1729728253799120E-005
   1.2134869822615658E-004
   1.0971752247284577E-004
   2.2378315016800246E-004
   1.2570102907212820E-004
   1.2016039172596735E-004
   7.1478365396610968E-005
   9.9338087413150709E-005
   1.2489576593083119E-004
   5.8422501424118160E-005
   7.0616377699189120E-005
   1.6218477381395254E-004
   1.0812640490116586E-004
   7.5849191311784108E-005
   7.4112005695314213E-005
   5.7013261309542734E-005
   1.4211388052567866E-004
   6.2074528167974338E-005
   9.7291462203799066E-005
   8.7156091836740121E-005
   9.2190395447487971E-005
   8.6130580345893524E-005
   8.2675880331401313E-005
   1.0024121290283356E-004
   8.2782302878851456E-005
   9.7774404488056496E-005
   1.3903590709990447E-004
   8.3046965333995131E-005
   1.3335747414150171E-004
   9.1537599182800884E-005
   9.6536623520300331E-005
   7.4568760953808139E-005
   7.5077855712501657E-005
   1.6042878209795129E-004
   8.5689666362928323E-005
   1.1167580518899940E-004
   7.9158399698273126E-005
   1.0759762015754796E-004
   6.0847937497985969E-005
   7.9704279507162039E-005
   1.1037362684349028E-004
   6.7001122343639225E-005
   1.1916165527342238E-004
   1.2671220406839577E-004
   1.2570296007627832E-004
   8.8494312035889189E-005
   8.2062458985753594E-005
   1.1669034699496054E-004
   8.9201722568984411E-005
   1.1005529117138932E-004
   1.0014657844585649E-004
   1.9607577452137375E-004
   9.2921192269251003E-005
   8.7758834328323588E-005
   9.5673268031509114E-005
   9.3443951410207446E-005
   1.4645352177172273E-004
   9.8709762868271991E-005
   6.2417052800970663E-005
   8.3644219277664346E-005
   8.5298714618101031E-005
   1.3727247496437824E-004
   6.2832360258447867E-005
   7.0355858945724415E-005
   9.8585885118744376E-005
   9.4022914972698439E-005
   7.9275903874325622E-005
   6.4831786870085992E-005
   4.9835522408589748E-005
   7.1158733831426464E-005
   5.8269221088759117E-005
   9.6637432980008892E-005
   9.6395447650345992E-005
   6.4726940871076894E-005
   1.6500638037094122E-004
   8.9055885441470314E-005
   7.9087143649755201E-005
   6.6101388594507453E-005
   6.8246616242934215E-005
   1.2354838579997128E-004
   1.0729911675076603E-004
   1.0409977784673567E-004
   1.1508400494834589E-004
   1.6467523629689460E-004
   5.7802552823614841E-005
   7.0413966145847873E-005
   1.0387556294217019E-004
   9.5335997318827194E-005
   8.1713612727961165E-005
   5.9251566337198850E-005
   9.5616092856800537E-005
   8.8497949671972073E-005
   6.8506289458445207E-005
   9.9556860315459152E-005
   7.0624364086977777E-005
   6.1083368390603949E-005
   5.9477657007709813E-005
   8.8653905012598804E-005
   1.7549644231680707E-004
   5.8792411217718686E-005
   8.6866197940129773E-005
   8.1355665135929213E-005
   7.6472213172701383E-005
   1.0592580991627979E-004
   1.2043679074569220E-004
   1.1317098779434642E-004
   7.6931511427155426E-005
   1.2046189490809644E-004
   1.1742183148527583E-004
   1.0965854717974734E-004
   8.7696676642239291E-005
   8.8154338362726208E-005
   7.7539142118185605E-005
   7.8465683648459351E-005
   7.6799341725252419E-005
   8.9786405558584298E-005
   8.6543373859045828E-005
   5.9640914620013533E-005
   6.7514670721210293E-005
   1.1193722900174325E-004
   1.0635641722080864E-004
   8.1900436411584020E-005
   1.0380083368365709E-004
   7.0052574417127795E-005
   8.8350026793309209E-005
   8.3974788773852108E-005
   8.7951275458364938E-005
   7.9177742836777961E-005
   9.9466029515413238E-005
   6.8250323740304793E-005
   1.2813142872561523E-004
   1.1382015108475733E-004
   1.7346634482482995E-004
   6.7745527565100231E-005
   1.0995478367551524E-004
   4.0258860791288956E-005
   9.7523024419145330E-005
   9.2535418058462137E-005
   1.2995172511350329E-004
   1.1688142234980867E-004
   7.6588297889714665E-005
   7.2466634216409052E-005
   8.4270883261095439E-005
   1.0982013259610688E-004
   7.9008858680416891E-005
   7.5620975453824727E-005
   5.3491909670533968E-005
   6.9993968465159378E-005
   6.4976270704956819E-005
   1.0769715820385763E-004
   5.6731900123678253E-005
   1.1132894153399866E-004
   1.0281624181057848E-004
   8.1746272813362964E-005
   7.0949019753635279E-005
   1.0575675371366264E-004
   7.8931644415980898E-005
   9.1540289450413773E-005
   1.6038051673734151E-004
   7.6281607917960095E-005
   1.0727592359666953E-004
   8.3312288452523834E-005
   8.6161697835969108E-005
   1.2110661747951812E-004
   7.8166334055665762E-005
   8.8146306631087389E-005
   7.8712084753277382E-005
   1.0908329827842161E-004
   7.1932467704848105E-005
   6.4348045377308235E-005
   8.4695718046079303E-005
   6.3517770440735279E-005
   9.8521495455482035E-005
   9.9415292541924397E-005
   1.0847508988801849E-004
   5.8234727446704048E-005
   1.0174604797665069E-004
   7.8023368321039177E-005
   1.4163286469536017E-004
   8.1307292836752134E-005
   1.7035597994467875E-004
   8.9342132002549041E-005
   2.1109146524284937E-004
   1.0723135051386465E-004
   6.6195542381214064E-005
   7.2927763349191679E-005
   8.2826176715441565E-005
   5.7648120630187372E-005
   9.5145294914201036E-005
   1.5121633837440672E-004
   1.1741218388119514E-004
   7.9154049181431505E-005
   7.9216927305345272E-005
   1.0774244142385895E-004
   4.9669904981482488E-005
   9.7503588293238510E-005
   8.0589822871967733E-005
   5.9830040632945679E-005
   7.6819018359192189E-005
   1.5166822846513926E-004
   7.8048285071330821E-005
   6.8108126934201559E-005
   8.7379901349334571E-005
   1.2115858821457097E-004
   7.7924046665585263E-005
   9.5590334993625380E-005
   9.1505254005684052E-005
   1.1340924502660529E-004
   1.1661446781827639E-004
   8.6945305087989189E-005
   6.7689109886248276E-005
   5.5768276547879844E-005
   4.9153474301342344E-005
   8.2208670266045706E-005
