 Z =   2696978.0000000000      dens =  0.16108615767838799     
   8.6263625655517043E-005
   5.7603435533711632E-005
   7.9156120137886549E-005
   7.8666781464779316E-005
   8.8901232216122980E-005
   8.4173115971782818E-005
   1.0195217438728349E-004
   7.2649285706356551E-005
   6.2932736959163657E-005
   1.8349588159708834E-004
   9.4072564850390572E-005
   8.5010527908234258E-005
   6.3354540861489253E-005
   9.8646182476711086E-005
   5.9623189325570061E-005
   6.3683566409175672E-005
   7.2563645261279280E-005
   1.1445464107487058E-004
   1.0696377693847425E-004
   6.4599933876382241E-005
   6.6619110622565640E-005
   5.8087176294577293E-005
   6.1925271841461207E-005
   1.1048556962798708E-004
   7.8887878937373342E-005
   1.1158573711741825E-004
   5.7077084356457355E-005
   1.2331493042604615E-004
   5.9889000748968015E-005
   6.0334903034007470E-005
   1.2981601100054522E-004
   9.8925611039856848E-005
   6.2368884647180065E-005
   8.7197947722292366E-005
   6.4308891007523251E-005
   7.2449003396301859E-005
   7.0877698642147260E-005
   1.1253871458859581E-004
   8.3998131902921695E-005
   7.2134970959679938E-005
   7.2571372610700141E-005
   7.7865287508530764E-005
   8.6698599581620968E-005
   1.0919559903656361E-004
   9.1717608741432414E-005
   8.8218047255936063E-005
   1.2662778232765609E-004
   9.9336261551684213E-005
   9.0195023078757397E-005
   1.1538195696801606E-004
   9.7035689158026065E-005
   1.0477970399881821E-004
   6.1906407711793959E-005
   6.0143567534358617E-005
   8.6134052934706625E-005
   1.3708590560355168E-004
   7.8272115724879805E-005
   1.1744094897520483E-004
   1.0582874542295745E-004
   7.9039068857520800E-005
   5.7911174505242059E-005
   9.7826220015052612E-005
   6.6795222498141791E-005
   5.7340360477232221E-005
   9.8781929024161340E-005
   9.0438014867837746E-005
   8.5219283258590112E-005
   2.1965330464625673E-004
   7.0576095970751403E-005
   1.4230216697578714E-004
   8.8557421591940177E-005
   7.7721610571862990E-005
   1.0408485087057462E-004
   1.1392722033303479E-004
   1.7367193825592762E-004
   2.0543661259541502E-004
   1.1126978714991668E-004
   1.1348838338898092E-004
   1.2628928753055570E-004
   5.0779489411139852E-005
   6.6629468471190444E-005
   6.0328285585177877E-005
   8.2014896221502086E-005
   1.2383967030382548E-004
   8.2358554060677966E-005
   6.9441042184314176E-005
   7.2684066480719676E-005
   1.2478235758106411E-004
   8.2237410573829728E-005
   1.3926487098328265E-004
   8.6491632721463313E-005
   7.2131803911621331E-005
   8.8856713956317289E-005
   6.6225726067513659E-005
   5.6795390461120889E-005
   8.9064505584544634E-005
   8.5864933671718935E-005
   7.2796660983337968E-005
   1.0205705742424037E-004
   6.2121576244350560E-005
   5.3877007971922065E-005
   7.1850480842411716E-005
   7.0099683397108821E-005
   1.7006353667181474E-004
   9.0999639160358077E-005
   9.9283593938922463E-005
   8.0305257875496657E-005
   5.9145140132954181E-005
   9.3877772728979446E-005
   6.9523019735982114E-005
   7.7114580020943676E-005
   1.0052747819043092E-004
   5.2384521226401882E-005
   1.0182693266855625E-004
   1.6876374255700679E-004
   1.0125266667238703E-004
   1.2418734739607390E-004
   1.4322303534205070E-004
   1.0202983626179453E-004
   7.7187787980086608E-005
   8.0442210858252828E-005
   1.0155078591253209E-004
   7.1767644242394464E-005
   9.9042878270964383E-005
   8.4257003693246016E-005
   8.2588619495193631E-005
   5.9090886918956855E-005
   1.0559942033867981E-004
   1.2969259413213831E-004
   9.5719523801552083E-005
   1.2804550415651574E-004
   7.9136877788776218E-005
   6.6518279865388733E-005
   8.1314284837286747E-005
   1.4647776827172109E-004
   7.6938130854894453E-005
   4.3227415248212522E-005
   8.9113537841377513E-005
   6.4070551443543201E-005
   8.0145198640366782E-005
   5.7091377585333943E-005
   1.0772737384087154E-004
   7.5148753933913082E-005
   4.6582617223590254E-005
   9.6452485051748920E-005
   1.2118910253679991E-004
   8.5870795807655765E-005
   8.4656681124165123E-005
   1.0967448766726658E-004
   1.0137817362177447E-004
   1.0430502951004028E-004
   1.1408231415619299E-004
   1.1255025700769759E-004
   9.6445251821328725E-005
   1.0237178518105871E-004
   1.1287601855011559E-004
   6.2061041230212577E-005
   7.8611410641536193E-005
   7.9881383443130915E-005
   1.0658366025946237E-004
   6.9605056820157989E-005
   4.6539896934607196E-005
   1.0686006313868097E-004
   9.2542331152000443E-005
   1.2273833285705000E-004
   6.6005325411591230E-005
   1.2339781632534976E-004
   1.0463122557329551E-004
   1.3619505824279623E-004
   9.2922809937450118E-005
   1.2023484732495064E-004
   1.0275303543023790E-004
   6.0511097022328868E-005
   6.1481210574669548E-005
   8.9071267115386262E-005
   1.0074321823637353E-004
   5.3586690248434410E-005
   8.2703200106743117E-005
   1.0392424254847465E-004
   9.7505139155225167E-005
   1.0568677958509622E-004
   7.0693665417118212E-005
   6.2819958873406534E-005
   1.7818332508318815E-004
   1.0587980637568601E-004
   9.1689249230903462E-005
   6.8311299304003040E-005
   7.0812162771740936E-005
   5.6936821896362843E-005
   1.3085505179709898E-004
   1.1690846649697222E-004
   5.7719572016189583E-005
   9.5871804876243783E-005
   9.2723713603184464E-005
   7.1537993061498989E-005
   8.9372072630776133E-005
   1.3439740408105049E-004
   9.1100452809309476E-005
   5.3254999501856858E-005
   8.3538260530326329E-005
   1.0084355053877841E-004
   1.0349487914852237E-004
   9.8061942448732182E-005
   7.0889893299478678E-005
   8.7338424348359372E-005
   8.0749987461677133E-005
   8.4667071673100310E-005
   6.2577499495919663E-005
   6.6155824645524765E-005
   9.8989279764756443E-005
   7.0285541033457383E-005
   1.3851909316039762E-004
   6.6261784150400193E-005
   5.3099183580516031E-005
   6.4789298205173817E-005
   9.7444287855503862E-005
   8.1793306610101804E-005
   7.8334723813223062E-005
   9.2834811578517280E-005
   5.4631274073912138E-005
   7.9935728559372228E-005
   7.3251820967786788E-005
   7.6237750538877828E-005
   1.2253938123632521E-004
   1.2609093323857865E-004
   6.0114349091794331E-005
   1.1625548152982436E-004
   7.3920550993051149E-005
   1.0211666356398595E-004
   1.0741045201983934E-004
   2.0440374993646837E-004
   9.8099406363426629E-005
   1.2984216847669846E-004
   1.4608277817549422E-004
   9.8553406966021094E-005
   8.1452995919524521E-005
   9.7660780928188269E-005
   5.1913339296019668E-005
   1.4527133324194864E-004
   6.6180816230617187E-005
   8.0767203104845138E-005
   9.0676790065187003E-005
   8.9477910070553352E-005
   5.9038945786328059E-005
   1.7455885248207680E-004
   1.1693101194362349E-004
   1.3663990184776211E-004
   7.9147869889809944E-005
   6.6024703726848066E-005
   6.0497147900038781E-005
   8.6121512379540839E-005
   8.5460384240907523E-005
   5.8903249236668069E-005
   6.8096243399511409E-005
   6.8907123564016694E-005
   8.3542501661335527E-005
   7.6687682330588047E-005
   1.2047427079739839E-004
   1.4861293036160048E-004
   9.9106197214422184E-005
   7.6807847732435273E-005
   1.2666633342837657E-004
   1.0839175551160125E-004
   6.9890883325465924E-005
   1.2485043611253416E-004
   1.1649160161434444E-004
   1.3222513682345581E-004
   1.8670209378531918E-004
   1.0460943895889933E-004
   8.1764031864990896E-005
   8.2331664715762164E-005
   1.8028913365064123E-004
   8.8337955685908846E-005
   9.8811267949028918E-005
   8.7038864393218843E-005
   1.2028399408247716E-004
   1.1471288976594485E-004
   1.0311273693799942E-004
   9.6507037375257094E-005
   1.5806011711767007E-004
   9.9203226125886020E-005
   1.3917388946393868E-004
   8.3191043575010255E-005
   5.6684468701925749E-005
   8.5765179344142486E-005
   9.1362535338446231E-005
   1.3892295881335888E-004
   5.4047615855998481E-005
   5.6574372535410429E-005
   1.0747238250966862E-004
   8.0766294199697744E-005
   7.2770820548261170E-005
   1.5582766339793190E-004
   6.4810171603632669E-005
   6.3387051188640208E-005
   1.1308703777024357E-004
   6.4904590560692539E-005
   6.2959596852654775E-005
   6.0947836916930409E-005
   9.5065470945407250E-005
   8.1860904281989938E-005
   9.2051104821164772E-005
   8.6255675408869980E-005
   1.6310327106102711E-004
   2.1523938876184129E-004
   8.0173804894103780E-005
   8.2287935176124832E-005
   7.9112248750328913E-005
   7.5702382322851208E-005
   6.5534435640128300E-005
   1.5198009309117609E-004
   6.4745400214366887E-005
   9.4581758127885659E-005
   6.3030803810114238E-005
   1.6329378378074905E-004
   1.0820713477082841E-004
   6.3213321036751781E-005
   8.3523902739227914E-005
   8.4172781189279707E-005
   8.0985335606125245E-005
   5.0111267081060090E-005
   8.0024884798398792E-005
   7.5153254674208958E-005
   1.2119516476895681E-004
   9.5317117723646026E-005
   1.1520035366688287E-004
   1.1562317673550381E-004
   1.2931946116628585E-004
   6.8967744812733548E-005
   8.7322205566139213E-005
   1.7189547011586953E-004
   8.8734128309209795E-005
   4.8354441600203533E-005
   1.1942106138314062E-004
   8.7243868582853094E-005
   5.2340963088135362E-005
   8.3479789813330411E-005
   6.5974219624458406E-005
   7.0424640505752483E-005
   5.7348234855680368E-005
   8.1485793345022241E-005
   5.4091208813012496E-005
   7.9040651454376448E-005
   1.7566229323758925E-004
   6.6083193639731322E-005
   7.8442024380961380E-005
   1.0436805709702892E-004
   7.3769707522562745E-005
   9.6498607941173948E-005
   1.5980688024084603E-004
   7.7151123062717847E-005
   8.4898329046288507E-005
   1.2280510138060443E-004
   7.2207515767861927E-005
   5.6319636936291396E-005
   9.1126497806653925E-005
   1.0271890154689542E-004
   1.5126398869286280E-004
   1.2809813856842208E-004
   8.8572384678598903E-005
   8.9209089720682590E-005
   7.0698750124293050E-005
   5.3435720188119664E-005
   6.9990192954605391E-005
   1.1218991898489033E-004
   5.6948662583628660E-005
   5.8311272562241072E-005
   7.8190176659944413E-005
   7.8093319949154260E-005
   8.1237421571525988E-005
   7.6408808877756880E-005
   7.4126598741934397E-005
   7.4273207042341237E-005
   8.5075272740864637E-005
   8.8328539713717022E-005
   9.6651886413926560E-005
   1.0021275998181726E-004
   1.2496957006978055E-004
   1.5234032951825206E-004
   8.6050110454719296E-005
   5.4226691722634323E-005
   1.1795634761080844E-004
   5.6608023196935045E-005
   8.0947118426619676E-005
   9.6107136883493723E-005
   1.1650101002507349E-004
   1.0920840405922102E-004
   9.9783018380775150E-005
   9.6632954602627840E-005
   6.3425169827215167E-005
   9.1117321341085375E-005
   8.8879673459531469E-005
   8.7982543060927972E-005
   7.7426451209352420E-005
   9.5935552940915327E-005
   1.3580635947000157E-004
   7.2379891705707164E-005
   8.0960444197205369E-005
   1.6277364183704449E-004
   9.3900480095643923E-005
   4.9294256354636452E-005
   2.1410965119085588E-004
   6.6954465549714647E-005
   9.0834465879492514E-005
   1.2470555543269481E-004
   7.5156172558780385E-005
   7.6552798151345859E-005
   7.7622400747269065E-005
   8.8150032276128020E-005
   9.6317955096300950E-005
   9.6454841614898590E-005
   8.2013497648978818E-005
   1.0839932946599671E-004
   1.0055080291106091E-004
   9.6645525961270909E-005
   1.2590964203997268E-004
   1.2564949454204046E-004
   7.1081740826327617E-005
   1.1788538814613091E-004
   1.2768197264263862E-004
   8.5487287296461635E-005
   8.5823254667110921E-005
   9.8636437146210461E-005
   5.5983465752701308E-005
   8.0982700823219056E-005
   6.7294115831138636E-005
   1.0021067399760885E-004
   6.8869507238679466E-005
   1.0007258973669193E-004
   9.5823852273934837E-005
   8.3547267409374935E-005
   5.5831403123180387E-005
   1.1872343036710714E-004
   1.0380243536853466E-004
   6.4198145495736198E-005
   9.9399200753610921E-005
   8.3045506367207945E-005
   1.2104459160909093E-004
   1.9960851522130590E-004
   7.3715258707891476E-005
   6.7171954675969149E-005
   6.1244789328828588E-005
   7.2494768089797807E-005
   1.6410681779505486E-004
   7.5087779333102346E-005
   6.8788162278193127E-005
   6.3354027849730595E-005
   1.0364620514710405E-004
   8.3339525217077237E-005
   6.7984561789505844E-005
   8.4576552174631741E-005
   1.6331303831123439E-004
   1.7539923297406725E-004
   8.3574056549745080E-005
   1.2381597494506776E-004
   6.1036644087958373E-005
   5.1430275910172450E-005
   6.0651569667035169E-005
   1.0725552911322143E-004
   1.0903440621047105E-004
   5.8020713561862013E-005
   5.3409056488313067E-005
   5.5052268937768513E-005
   6.6831823441787641E-005
   5.9851158742566862E-005
   7.9012380804530536E-005
   1.0827962082958593E-004
   8.6093732858762259E-005
   1.0565653408661634E-004
   5.7653732295387102E-005
   5.3347797767195426E-005
   6.8323594294154703E-005
   9.6108974900511253E-005
   7.2732601800545683E-005
   8.2957840261967236E-005
   8.0424615572770858E-005
   6.8575887196839933E-005
   1.4005147052775186E-004
   1.5218386575936368E-004
   8.6569438286047691E-005
   7.8148263836504440E-005
   8.0748257937873866E-005
   1.0330116694630123E-004
   7.0899606118368793E-005
   1.0053112860800519E-004
   5.7534601439675754E-005
   7.2723216570303467E-005
   1.8253689856062848E-004
   8.4060947213538445E-005
   5.2345682728354795E-005
   4.4382650275046398E-005
   1.0672506634390157E-004
   9.6001540800515526E-005
   1.0617907063723326E-004
   6.3084209915131075E-005
   9.1496968600654726E-005
   5.9838961041099368E-005
   1.4079984567712424E-004
   1.4482109149951684E-004
   1.4867695550556815E-004
   6.8029846995479676E-005
   4.8926006558445226E-005
   7.8859173549713620E-005
   8.5229531276440830E-005
   1.2400474107052836E-004
   8.0410589279064697E-005
   1.0915570380950617E-004
   1.5776352837052005E-004
   9.6409048273361035E-005
   9.2449178975117775E-005
   8.1902532007407532E-005
   6.5937412146871132E-005
   6.3244704799976227E-005
   4.9566319488203667E-005
   4.7153424783915854E-005
   1.7118316913155741E-004
   7.6984011819975629E-005
   1.2571342122384945E-004
   1.0286291020749492E-004
   8.1022007958342072E-005
   7.4188019464616539E-005
   6.5390819298445448E-005
   8.5546397358242214E-005
   7.3550818045749886E-005
   1.0520066115633382E-004
   7.9816786248139982E-005
   5.0640610006846247E-005
   3.9366458468939735E-005
   8.8808726026312387E-005
   7.2866286775942636E-005
   1.2159578624824840E-004
   6.9624799424440378E-005
   1.9099560769158120E-004
   1.2748929780996302E-004
   1.4982276950288061E-004
   1.0427101633055626E-004
   7.6019275816970980E-005
   8.7980047699339725E-005
   1.2098098167304697E-004
   6.8455671311815186E-005
   7.9063053275600753E-005
   1.3321845646401871E-004
   1.0705196049989749E-004
   6.1213008723497183E-005
   6.8654386191966465E-005
   1.5974295004318428E-004
   1.4482445540313184E-004
   1.0766543421316845E-004
   7.6187247512455187E-005
   6.6418872316350298E-005
   6.2766569554711487E-005
   5.9303836094676245E-005
   1.0565048766918236E-004
   1.1682614144895621E-004
   1.4525441506872859E-004
   6.3252779020261124E-005
   6.9350117878687936E-005
   9.2982358210215517E-005
   1.9672651857583905E-004
   1.0062649990695763E-004
   7.8204822254736669E-005
   1.0288681554061977E-004
   7.3550083989908208E-005
   8.6005030985818174E-005
   7.0837379991382394E-005
   8.8632567574212700E-005
   7.9145414294293196E-005
   8.0788089160333155E-005
   1.0457317052160941E-004
   6.2666397934941318E-005
   8.4954288961859445E-005
   8.9968974692735610E-005
   1.1917380162779057E-004
   1.2791465328663781E-004
   7.0747775036982216E-005
   7.5840271168522023E-005
   7.8736746370977053E-005
   2.2009808101980101E-004
   1.1380345023129737E-004
   7.2931699907253028E-005
   9.9786214119564997E-005
   5.7635015146715208E-005
   6.5196601779313464E-005
   8.6313590738883129E-005
   4.5001388498058984E-005
   6.3455451426808107E-005
   1.3905977410724922E-004
   8.4040472144128808E-005
   8.3673943902670648E-005
   9.7489312671566631E-005
   1.0592256403635033E-004
   1.2980959040857594E-004
   7.7640551239842654E-005
   9.7526660068333678E-005
   1.0812399918692964E-004
   6.0857779853846576E-005
   8.5615769322229036E-005
   1.1662712030372356E-004
   9.9334229964314960E-005
   6.1716013501217861E-005
   8.2216372264333143E-005
   1.5554844789244713E-004
   1.3665687057371124E-004
   1.2808090681472558E-004
   9.0060724245204690E-005
   6.7248620616501878E-005
   1.2463740460561025E-004
   6.5363928174914129E-005
   5.7304727179174337E-005
   9.5399908627891568E-005
   6.9791468005003359E-005
   7.2085639919069176E-005
   1.0594870804696945E-004
   1.2047310087441651E-004
   8.6595678790631932E-005
   1.4229313853677937E-004
   9.1672561798174685E-005
   8.3802441597821510E-005
   6.0065668944650109E-005
   1.6149303970429096E-004
   1.3176584281613632E-004
   1.6736352586826220E-004
   1.6107521150003878E-004
   1.2707023617821581E-004
   1.0512193795636072E-004
   8.6589448710610450E-005
   9.4987641330102919E-005
   1.1192769554227401E-004
   1.9950093466228011E-004
   1.7425393284273058E-004
   7.2299772613740204E-005
   9.3898232217041346E-005
   1.4537305778117941E-004
   6.3545986444409706E-005
   8.0719079161723167E-005
   9.9829960237159341E-005
   7.3072799946605465E-005
   9.4580889811203932E-005
   7.8814184977984069E-005
   1.2030531845110943E-004
   9.7574668231554493E-005
   1.0577758057570470E-004
   9.2008109688467447E-005
   5.8419120347448482E-005
   6.2334738432458508E-005
   6.6315270299880736E-005
   1.1946571672692062E-004
   8.8457263211308052E-005
   9.0400263182276619E-005
   9.6638547790325570E-005
   8.5679876854938245E-005
   6.3545993851521468E-005
   7.6902639790950230E-005
   6.1800521549130501E-005
   5.2586658244194755E-005
   1.1431797884558667E-004
   1.5128388218629024E-004
   7.7777291065295927E-005
   8.7324393229579723E-005
   6.0875025175441487E-005
   8.2102191624939855E-005
   1.2578624291832385E-004
   1.1358198818905967E-004
   4.5756446410894944E-005
   9.4351639913346113E-005
   4.6596466516823435E-005
   5.9504159106199283E-005
   7.5280336074334768E-005
   9.8855186061926474E-005
   4.7062598350724129E-005
   7.3928734379780092E-005
   8.2549598526271160E-005
   8.4273782810188427E-005
   1.3080007980621725E-004
   9.6111194035990158E-005
   4.5228020606998883E-005
   1.1776026366584993E-004
   5.3339734651776477E-005
   5.8068824226867361E-005
   7.6090767105712920E-005
   1.1039444183251201E-004
   7.8059494075769398E-005
   8.9739692579395258E-005
   1.0365003867238245E-004
   6.3384800981140506E-005
   8.1342887165075745E-005
   5.7620320837088377E-005
   1.6101983013538365E-004
   5.6382141102560913E-005
   7.5936602543463067E-005
   1.3666742732893858E-004
   7.9227652491533005E-005
   8.2998235672915096E-005
   1.9201746924995164E-004
   9.0494771094322676E-005
   8.2952101264446130E-005
   1.0513794519523161E-004
   1.0476130278410724E-004
   7.2782613537553670E-005
   9.1077811664048902E-005
   5.6586537470001830E-005
   9.2948276847163865E-005
   5.7223656547865673E-005
   6.9468592922323943E-005
   9.1195495436883559E-005
   1.0931853597707132E-004
   1.0517136883588471E-004
   8.9534821810632295E-005
   6.4930990846195704E-005
   7.9100902502732661E-005
   7.1988565641498554E-005
   5.9327710102497504E-005
   1.4845953688228278E-004
   7.1648822982349914E-005
   8.3606106647198301E-005
   1.1638139316710249E-004
   7.6645241368105403E-005
   5.4870471117880521E-005
   1.0746739143841557E-004
   1.0129105013164622E-004
   6.2240531186556519E-005
   1.0168131621871806E-004
   1.2474283216202278E-004
   1.1579339334518609E-004
   1.9738774488286300E-004
   5.9676815401854567E-005
   7.9584936558290667E-005
   1.0449261883513333E-004
   9.3868544573379964E-005
   8.8254957892682924E-005
   5.4696232585517346E-005
   1.1629322552840688E-004
   7.4964333517016301E-005
   8.5305365174570444E-005
   4.7541255092995844E-005
   2.1579499500136979E-004
   8.8528376422157106E-005
   7.1045331449291456E-005
   5.4602749276705910E-005
   4.4253227538990672E-005
   8.8379319591120836E-005
   6.6576584380291683E-005
   5.5824531993939596E-005
   1.4547942342284334E-004
   9.9520122726056744E-005
   7.9989726397134239E-005
   1.0734210920748454E-004
   7.3748488021604667E-005
   1.0435116600984148E-004
   1.1407231750571077E-004
   8.6485143407125309E-005
   8.0082678541852734E-005
   6.6707050592119602E-005
   1.0222277042032392E-004
   1.0323146276141587E-004
   5.2999815433160555E-005
   1.2235243917268476E-004
   8.3603762051303400E-005
   1.2208548320757613E-004
   1.1324489251181900E-004
   8.9052436712337897E-005
   1.0931527729434447E-004
   8.1356209898108184E-005
   7.5263941734261008E-005
   6.8919141530381323E-005
   7.2768379868078472E-005
   7.6516624456411070E-005
   8.2367896867917273E-005
   6.2175252722148716E-005
   8.1514117083133708E-005
   6.7750589367271343E-005
   1.1414289202225572E-004
   8.6465846187544913E-005
   7.4561166227247211E-005
   8.8609129680706039E-005
   1.4517575389472046E-004
   6.4282137336007914E-005
   1.3852245193518388E-004
   5.5141419724890402E-005
   1.0636384431841255E-004
   6.9464118902326527E-005
   7.2759539551980554E-005
   5.7041428527149900E-005
   1.1444191466526899E-004
   7.9940632523646887E-005
   7.9332811192700365E-005
   1.1166876888493072E-004
   1.8381522094161739E-004
   1.2854786451843233E-004
   7.3415235868120121E-005
   6.6574170066435330E-005
   7.1315914029702936E-005
   9.5045019562380818E-005
   7.6523894040080777E-005
   7.0514355203466747E-005
   1.0462714801701694E-004
   1.2290966140778118E-004
   1.1811012344523756E-004
   7.2482514034212441E-005
   7.6061379297029944E-005
   1.1930022079172679E-004
   6.2144282139704754E-005
   6.0962761397451222E-005
   7.7954958126609755E-005
   7.2919841481829066E-005
   7.4527929439469100E-005
   9.2913993624146310E-005
   1.4573502936348956E-004
   9.6584169589917490E-005
   6.6627386515218822E-005
   8.7058951320634240E-005
   1.7751226807230535E-004
   6.7468460746805345E-005
   5.1958482101630907E-005
   5.5545306250425116E-005
   8.7146214045904342E-005
   6.6036990629912508E-005
   1.0086130844142393E-004
   1.2457227733272583E-004
   1.3467651764169957E-004
   1.0009933976610793E-004
   5.4328564424747363E-005
   8.4500287694373404E-005
   1.0274910825674209E-004
   1.4726007061937382E-004
   1.3450181890643469E-004
   6.1898254149892533E-005
   8.0436219308986973E-005
   5.3254274382478315E-005
   8.5792926306818503E-005
   5.2103976154014228E-005
   1.5645155397329787E-004
   7.8932264604641118E-005
   7.6864564032486828E-005
   5.6362303006741815E-005
   7.9251777526980209E-005
   5.6799980420327412E-005
   1.1716739645933502E-004
   4.2114593019194816E-005
   8.8725586649875164E-005
   9.2071864310011060E-005
   8.2002466213473418E-005
   1.5671088507851995E-004
   7.4216657539932871E-005
   5.9286586959759965E-005
   6.0308881718820053E-005
   8.4460051912986714E-005
   5.2648309991114200E-005
   9.8530158383207625E-005
   1.2631503704142589E-004
   6.3362032738395322E-005
   8.0137088582155021E-005
   4.7032935053098785E-005
   6.6047313203782286E-005
   1.6168747420813165E-004
   5.1196102161321241E-005
   5.2550601999334181E-005
   8.1021051655177310E-005
   1.8923703055584299E-004
   7.0981438376095681E-005
   7.8454825239222502E-005
   1.1693265421333365E-004
   8.7334560420976011E-005
   8.2504544450555557E-005
   9.4131227406462649E-005
   1.3982322986544823E-004
   8.4857028307709805E-005
   1.2308782372824270E-004
   9.6515297752245108E-005
   3.9313052411394541E-005
   6.0731510785456796E-005
   8.4127755178472290E-005
   8.8374692020660385E-005
   6.0376007336925873E-005
   9.6004242136828516E-005
   1.1139392968797040E-004
   9.2008216671826887E-005
   1.5603659293865563E-004
   7.3562038476362502E-005
   9.4990211969555010E-005
   9.3110056492713402E-005
   8.4250811668398903E-005
   1.0218554765546385E-004
   1.3817510762579614E-004
   7.4347901415927631E-005
   5.9962956145549888E-005
   5.7017828739259184E-005
   1.4890596135038275E-004
   2.0018257872011204E-004
   6.2111507138000745E-005
   6.2674407791149972E-005
   9.7170258087325226E-005
   1.6329366379774180E-004
   8.2109015016121426E-005
   6.9807426597578745E-005
   1.4027172249551995E-004
   9.3314828294182166E-005
   1.6492957269002864E-004
   9.9184569604919253E-005
   6.3251693876428599E-005
   7.1974701298008054E-005
   7.8393754034009812E-005
   8.3595630433364084E-005
   4.7788457366736617E-005
   7.7628890492348394E-005
   7.8083993210100919E-005
   5.8506390372282627E-005
   1.1404692352430663E-004
   7.5017079320372702E-005
   5.0588335422510064E-005
   5.6337881105171659E-005
   4.4702978966155584E-005
   9.1167093105125609E-005
   1.0536991184268228E-004
   9.9453266435075972E-005
   6.1832569719033357E-005
   6.5457391810703626E-005
   8.2243404510909596E-005
   7.4885993912704037E-005
   1.3474886972687019E-004
   6.8049392110995974E-005
   1.5567286200818863E-004
   6.1626509390650899E-005
   7.2874444376784252E-005
   1.0931106242715115E-004
   1.2125915885863171E-004
   6.6922873555009030E-005
   7.6814696487625996E-005
   5.8145859032864177E-005
   1.0445269495161006E-004
   4.6136754690893478E-005
   5.5365320555548803E-005
   7.6950042250420055E-005
   1.0394810241911365E-004
   5.2728721658541912E-005
   2.0911218311938124E-004
   8.1140730787693217E-005
   1.0446974508405457E-004
   9.5151629208071304E-005
   7.1523510238433928E-005
   7.9029942050939811E-005
   6.7697176545103880E-005
   6.6541494470336772E-005
   8.0577330211873156E-005
   8.0617038888061856E-005
   9.2578328123714187E-005
   8.1329757912075880E-005
   6.1905909553930760E-005
   8.2358221307971772E-005
   9.5171992901349492E-005
   6.9751662174403570E-005
   6.7440094812723541E-005
   1.1921897331368233E-004
   8.4544834819117910E-005
   6.2644641562184229E-005
   7.6466830357192655E-005
   1.1642721984248631E-004
   1.0187459059649297E-004
   8.2857323342126020E-005
   6.8352777123696420E-005
   7.1516306103471195E-005
   9.8667231810095583E-005
   7.0167962670903788E-005
   6.1083854924115507E-005
   6.9044560210230430E-005
   6.4058807544175399E-005
   1.2538532629224333E-004
   1.2216558127711046E-004
   9.5630696120607952E-005
   1.4546456655569886E-004
   4.0462960626629200E-005
   9.9742276329006872E-005
   1.7875675124231499E-004
   1.3858668656018409E-004
   1.0515481247413886E-004
   7.0883812394947868E-005
   5.4787562196264445E-005
   6.9255097683723605E-005
   4.4721599918850533E-005
   6.4161541372107853E-005
   6.4073341955264880E-005
   1.0052661131710683E-004
   5.2238837613583972E-005
   1.0716192491866068E-004
   7.0909410158224856E-005
   1.0509513798788918E-004
   7.1447628614780518E-005
   9.2544503079427834E-005
   1.5337193549292202E-004
   1.1420098466668869E-004
   6.4489711906699863E-005
   8.0946192853956865E-005
   5.9561214079880628E-005
   8.8868793981712168E-005
   6.5579433652813328E-005
   1.0833170107352790E-004
   6.8725776366568707E-005
   7.7753659406562122E-005
   9.5226504486229104E-005
   7.7836663898607413E-005
   8.9780647498380269E-005
   2.5826087869697679E-004
   6.1462023440370063E-005
   9.4415567580980069E-005
   5.8966246771713311E-005
   5.4874309582624893E-005
   6.1055997143360439E-005
   8.2136773104036234E-005
   8.5233697861305488E-005
   1.4409580739500118E-004
   1.2941597634561969E-004
   6.2292586339423729E-005
   4.3164360353794102E-005
   7.3898016756992674E-005
   1.6761412330217653E-004
   7.7544127408895786E-005
   6.9795202169099419E-005
   8.6796832330845956E-005
   9.5023117150759933E-005
   1.2588401354714668E-004
   6.4588119874840237E-005
   1.0514027650314625E-004
   1.5619406417296351E-004
   8.2922924500008249E-005
   1.0071821573651015E-004
   1.2043593663755715E-004
   1.1021863049644244E-004
   4.6979443076206657E-005
   9.4223115472191686E-005
   1.1087470764801193E-004
   1.0691888861869708E-004
   7.3203645524021874E-005
   1.0194211428150645E-004
   1.0249315772255523E-004
   1.2205575186468059E-004
   1.0299895436800850E-004
   1.5260491068548837E-004
   4.4871791029425587E-005
   5.2479960057765780E-005
   9.8293150824737481E-005
   6.1768947610911799E-005
   5.2916551055085243E-005
   1.0634871720225693E-004
   8.0415354678882721E-005
   5.0240627304628442E-005
   6.2326174938611190E-005
   6.3956432333570821E-005
   8.7155183964150515E-005
   8.9644292221921720E-005
   1.0551208305460294E-004
   4.7192949027169403E-005
   7.8827372613397327E-005
   1.4186676410746628E-004
   1.0828066765781330E-004
   1.4164994422597425E-004
   1.2335577560305518E-004
   7.8273282730712880E-005
   5.8901462978821856E-005
   1.5091884719810721E-004
   1.0567511299238282E-004
   8.4334213729827059E-005
   8.2426808536895869E-005
   1.0934075855146595E-004
   1.5130667895669396E-004
   1.0530386047784876E-004
   1.3500289286234128E-004
   7.6949714777103348E-005
   2.6661586372895624E-004
   1.4590526652397259E-004
   1.0439373791685983E-004
   7.8571980530616462E-005
   9.1274237118643656E-005
   1.0050726888676926E-004
   1.1673059832539866E-004
   1.2527070080413578E-004
   1.1888108243303271E-004
   1.1106614491375513E-004
   7.1004215478487375E-005
   1.2381634054028744E-004
   1.7886648851665916E-004
   6.5594164044541483E-005
   6.0647907891212260E-005
   7.8546649351521125E-005
   6.8216900622607767E-005
   5.3656797040233980E-005
   1.3406928898971118E-004
   2.0818436077732518E-004
   1.0119767105044357E-004
   1.3184887905095391E-004
   5.9336384438531162E-005
   6.9795917021320714E-005
   6.7966021891394777E-005
   8.5358967132347709E-005
   8.9740568477355052E-005
   1.1110301554945725E-004
   1.0612449927939074E-004
   6.5100800827043917E-005
   9.3736981595641465E-005
   6.1797415555860073E-005
   1.0235465809662394E-004
   6.4584131595356008E-005
   1.6114481754719168E-004
   1.0256036413342282E-004
   5.8603331490396819E-005
   1.0121576568861746E-004
   1.0117366395038877E-004
   7.1331352150696690E-005
   7.1806187109751910E-005
   7.4749935276090826E-005
   8.6184211392981001E-005
   1.0464368208244735E-004
   6.6035839550700594E-005
   5.2047581284042532E-005
   7.8306431172626769E-005
   1.4142288788672206E-004
   8.9804999172181526E-005
   7.5935844495185408E-005
   1.0993452341941929E-004
   6.1129347494270328E-005
   4.7657331141903287E-005
   7.1179446180184749E-005
   5.0267214702735312E-005
   1.1116621610774780E-004
   8.7995361355195834E-005
   5.6917449550504980E-005
   6.8011698545165949E-005
   6.8839495886916188E-005
   1.4335623937015621E-004
   8.4522230806985857E-005
   7.4999849946428524E-005
   1.4216659520123839E-004
   1.0870318344577077E-004
   7.9390575357484350E-005
   9.3922072292616039E-005
   9.4026960779041216E-005
   8.1855118596707888E-005
   7.7236686344295678E-005
   5.9064345432462334E-005
   6.6462337603754551E-005
   8.3380631931837375E-005
   4.8537758730834277E-005
   1.4330394448700147E-004
   1.2006209270814486E-004
   7.3348645388583060E-005
   5.3255598679588391E-005
   6.8709270054585786E-005
   1.1735025016151030E-004
   7.9586815970921968E-005
   8.2674500749207482E-005
   8.0615637979738957E-005
   6.6373256137877330E-005
   1.8899530663161091E-004
   8.4836099825237905E-005
   8.1203485973311453E-005
   7.0194131316748869E-005
   8.3141224068648668E-005
   7.1943809952268231E-005
   8.0121446433897161E-005
   7.4790013759379602E-005
   1.3716596800747961E-004
   1.2719767676211196E-004
   6.6947636099889228E-005
   1.7111044663771884E-004
   7.2054028151323176E-005
   9.8315570674964800E-005
   6.2398904011854708E-005
   1.0117979630872071E-004
   1.7724007568404920E-004
   1.3636739022478980E-004
   8.7266827526344556E-005
   7.6185941072410526E-005
   9.8262036264374413E-005
   1.1514494635202271E-004
   1.1249107274912356E-004
   1.0546670699740906E-004
   9.3593755558966219E-005
   7.6237735463547508E-005
   6.4651088728709535E-005
   1.1060179817730048E-004
   6.8190904488174173E-005
   4.8303049830241687E-005
   4.9953192944668436E-005
   1.0749698001123226E-004
   6.6855112368910125E-005
   5.6089628182544215E-005
   1.4565048240252560E-004
   1.3536011479178443E-004
   5.6925129076118427E-005
   6.2977269595571904E-005
   8.9682926397871947E-005
   9.7203890911477117E-005
   1.0609778174016736E-004
   1.4160261767334799E-004
   1.0305670422245219E-004
   1.9435828635874037E-004
   6.4464416007559901E-005
   1.0047937803310597E-004
   1.1791939386946187E-004
   1.1915175628778005E-004
   4.7596561211677888E-005
   8.4877956762759643E-005
   6.8578591886597033E-005
   7.7520394544640655E-005
   8.6005889655184985E-005
   1.0024758692788987E-004
   1.1014008222408563E-004
   1.4249306209371417E-004
   1.2937354023022246E-004
   7.6723308911752519E-005
   1.6094693386855947E-004
   4.5227221049429045E-005
   7.9103461766290317E-005
   7.9804206966288004E-005
   8.1818670157227477E-005
   8.7684111750518909E-005
   6.0119227605791831E-005
   1.0764858512666859E-004
   7.2213107952536539E-005
   8.8505050923905914E-005
   1.3188146033612342E-004
   1.8515295929983570E-004
   9.9535263467962333E-005
   1.5525757826378590E-004
   1.1711902574715377E-004
   8.1351022001077027E-005
   9.4374937458931597E-005
   5.1383425783238663E-005
   1.1796480101624250E-004
   1.2026359642280283E-004
   1.3621788890802157E-004
   9.7008984836071476E-005
   1.0394956227958283E-004
   9.7079576234039512E-005
   1.3373045619861221E-004
   1.0818122091624359E-004
   1.3336555476608101E-004
   1.2756204473646590E-004
   1.0364199127712211E-004
   1.1150925765012037E-004
   1.5830023680002986E-004
   8.1919866340617815E-005
   8.9117089437906090E-005
   1.2857489979082931E-004
   6.9953364241184278E-005
   8.1366661613420279E-005
   4.2940912847051088E-005
   1.0493901900122028E-004
   1.0638114008678852E-004
   8.2087322745339652E-005
   1.0089865813981609E-004
   6.6631728104406282E-005
   6.3620464767890153E-005
   1.0534853564621054E-004
   5.6288161808343803E-005
   9.7176173880448227E-005
   1.0719181318883600E-004
   8.2860400526394185E-005
   9.6289554110982981E-005
   1.4138212157662218E-004
   6.4535696561713845E-005
   8.4058643945759224E-005
   1.1542779547834647E-004
   8.6211914952825992E-005
   6.6223475204209729E-005
   2.2175278240961109E-004
   6.0728399239971146E-005
   1.5343051952262330E-004
   8.8785987132921111E-005
   1.3840561484337917E-004
   1.2007725409178523E-004
   6.4278514146657890E-005
   1.0992375076539968E-004
   1.0517921043688309E-004
   8.1430076909874558E-005
   1.1747007348411965E-004
   1.6808649092310966E-004
   8.8747583696499103E-005
   3.0545588396829461E-004
   5.7008734725536555E-005
   1.0944297069716887E-004
   1.1386844187107859E-004
   7.0067568389282274E-005
   8.8142237240465172E-005
   7.9729463550832060E-005
   1.3283216111829600E-004
   8.3735217453369734E-005
   5.9007436433068056E-005
   6.1993911203589363E-005
   1.2184230331439797E-004
   6.2698638844822856E-005
   6.9416440171478816E-005
   6.0932336594392643E-005
   8.9664834043137073E-005
   5.4309144077044753E-005
   8.0439670877088671E-005
   1.0615527965338327E-004
   8.2878397353564862E-005
   1.4288558261404006E-004
   7.5108450448379849E-005
   9.3241819793193762E-005
   8.4403198116088257E-005
   1.3959667654884562E-004
   9.7388986362161094E-005
   1.7825240183923043E-004
   5.4240724407068872E-005
   6.6289023704752599E-005
   1.1954500728555133E-004
   9.4364125232184587E-005
   1.0571181976218631E-004
   1.2307473999383239E-004
   7.7414384660954891E-005
   1.0250941357176740E-004
   1.2191917022499011E-004
   1.3664921709438151E-004
   1.0818928162342107E-004
   1.3736215960600157E-004
   9.4948202701331590E-005
   6.1476491988364456E-005
   5.4891086884933168E-005
   1.0378048736181136E-004
   9.7130226866602680E-005
   7.3135350825169178E-005
   1.0799676414914602E-004
   1.0437296421402118E-004
   6.7000966861834019E-005
   8.1503414462903988E-005
   8.0102170686106511E-005
   7.6489077981595891E-005
   5.3957977602818689E-005
   1.2213457431816795E-004
   5.7285871097698285E-005
   3.6107900645362148E-005
   1.3832478114459538E-004
   4.6939170826878338E-005
   1.5667109089109149E-004
   8.5976788160243157E-005
   7.9752389648843022E-005
   5.9125428187534848E-005
   7.6877072814281978E-005
   7.2126849545066084E-005
   7.6532493010790550E-005
   4.4567027338127268E-005
   1.1363272292170346E-004
   6.3667794803659220E-005
   9.7947351388079715E-005
   7.5179038823528857E-005
   8.6422012848640101E-005
   1.0149249013503341E-004
   7.0900059776937674E-005
   6.9662068170276063E-005
   1.5064050306119717E-004
   9.6879452973066735E-005
   6.1836918895920436E-005
   7.1612239418682543E-005
   5.9063044958975704E-005
   4.6994631905359965E-005
   8.4971650800712254E-005
   1.9292723712277713E-004
   1.2267286694032066E-004
   1.0031992824443150E-004
   1.0911663856594905E-004
   6.5329315348625533E-005
   1.2211457018745022E-004
   9.0940531309808913E-005
   1.2984273156307677E-004
   6.8515791594868136E-005
   7.4115967871981215E-005
   8.4850033186816782E-005
   4.9347201673116887E-005
   6.4527115285864921E-005
   8.5582829199229958E-005
   8.5196566752934150E-005
   6.9424660104702525E-005
   8.4987196869762549E-005
   1.3140281687380292E-004
   1.0977414861208098E-004
   1.2359067767658271E-004
   9.2413022227520007E-005
   7.2000666392471575E-005
   8.7228420895941214E-005
   6.8962216636358139E-005
   1.1540543319334052E-004
   1.0148125936269296E-004
   8.8193465146893239E-005
   8.3926748748949448E-005
   5.2099094002404240E-005
   8.9794352254151088E-005
   6.7582774539243876E-005
   7.6872224738019188E-005
   1.2449304928874132E-004
   1.1167160841099783E-004
   9.6327884172014630E-005
   1.0841550241288941E-004
   1.5401272039866035E-004
   6.9073473823589218E-005
   4.6220211175060750E-005
   1.4998464514144879E-004
   7.6924357341330067E-005
   1.3721347886429545E-004
   1.1215447252055674E-004
   1.2214343580933934E-004
   4.7066411664519245E-005
   5.5218265231279673E-005
   1.4241905832215957E-004
   9.7636364614018053E-005
   6.5450923471203565E-005
   8.9362574488426410E-005
   5.7398414433966103E-005
   8.8433135636579169E-005
   1.3885518753484777E-004
   8.8527245945016470E-005
   7.5771616422584096E-005
   6.4090984454060322E-005
   7.1373002944668065E-005
   1.0115491862666051E-004
   1.2978718624536803E-004
   8.3303395389328956E-005
   1.1122898721041720E-004
   5.8000048235218534E-005
   1.3235782413506826E-004
   9.3638114216397394E-005
   8.0316309060505264E-005
   6.1023082159130737E-005
   9.1892207760755493E-005
   1.0347725464922056E-004
   8.6104532670311723E-005
   1.1939358354474832E-004
   8.1842609370999604E-005
   1.2689599025339566E-004
   9.4431929484585956E-005
   6.2987234044619648E-005
   1.0495136086809625E-004
   1.2177338003894317E-004
   7.1082960468723212E-005
   6.8266196417403230E-005
   7.5984534458221247E-005
   1.4823879194813123E-004
   9.0525170241087237E-005
   9.9462207278669479E-005
   9.6237748754468983E-005
   7.2474498845010639E-005
   1.2063030050490087E-004
   6.9734931855666355E-005
   1.1672599643195099E-004
   5.7010154929494667E-005
   8.2071831846187575E-005
   7.7588699010232580E-005
   7.7241262257584818E-005
   1.0197027649372436E-004
   9.0297929940172562E-005
   9.2095560386924993E-005
   7.8242661739568362E-005
   1.2406307649288879E-004
   9.4391249333867935E-005
   1.0855056662960131E-004
   7.7995193876932644E-005
   8.5364343976088408E-005
   1.0961281759665469E-004
   8.1540355753232003E-005
   7.9052545338721827E-005
   1.2416539237844525E-004
   9.7742991069877804E-005
   7.9315125555738111E-005
   1.1775202486285686E-004
   9.0905622882222537E-005
   9.6947863292643635E-005
   1.0452694750556269E-004
   9.2911057743726744E-005
   6.8654512262512760E-005
   1.1505587552598154E-004
   9.5190232746463150E-005
   5.2133226631816101E-005
   6.2147022747293645E-005
   8.0553939982278076E-005
   1.0010330130962215E-004
   1.1502661720206926E-004
   4.9640445225266525E-005
   4.7564497009431814E-005
   7.5970700465693132E-005
   7.8356084556986582E-005
   7.7657177523918165E-005
   1.0364152604181202E-004
   7.8934909168591812E-005
   1.8820292584971601E-004
   1.2137162784441579E-004
   8.4839994081024290E-005
   1.2562038728961266E-004
   8.2603070653409632E-005
   1.1035003501996013E-004
   1.0396775920992679E-004
   9.9556040265063358E-005
   8.1952845742276468E-005
   1.3020733040383065E-004
   8.1937877846818022E-005
   7.8391414949920509E-005
   9.9300017629207191E-005
   1.2266772119379546E-004
   7.7384419616248422E-005
   1.2198136677738986E-004
   7.6435053534537259E-005
   5.4838352931547674E-005
   1.8750649153447875E-004
   9.8151891138673747E-005
   7.9893543784141904E-005
   1.3403863542976572E-004
   7.6965022989239722E-005
   1.1176375340022508E-004
   1.0192811631368852E-004
   1.1702144323050521E-004
   6.7796846134068057E-005
   1.2275980408509994E-004
   1.0281451257529724E-004
   7.8883384444464189E-005
   5.3532303069163653E-005
   1.4010504572470033E-004
   1.0174559324829163E-004
   7.6497180577550982E-005
   8.6957672510842426E-005
   8.5355984303356119E-005
   5.0060691457260771E-005
   1.3615522864006212E-004
   8.7115536232639491E-005
   7.4185719103478812E-005
   9.2443259066485274E-005
   8.9020729476957909E-005
   1.1186359601393371E-004
   1.0285675380671597E-004
   5.8807438571522917E-005
   8.9999057480581862E-005
   7.8638746487617002E-005
   1.2142363118423296E-004
   6.3715462806113375E-005
   6.5863300488168029E-005
   1.2090741056644667E-004
   5.8633630004016640E-005
   7.7032255384753049E-005
   7.5645084787279721E-005
   7.8537427225850194E-005
   8.8614853308460487E-005
   7.6577584055173144E-005
   1.4549999060429472E-004
   1.0599136234030396E-004
   1.7895683465329166E-004
   1.0550423866375998E-004
   8.7408180268497260E-005
   1.1711017352809950E-004
   9.9128851034374825E-005
   1.1939735965313817E-004
   1.0696714426317094E-004
   7.8698270937372212E-005
   1.1669775377104589E-004
   1.4362259940995295E-004
   9.7876911732451224E-005
   1.3563120991471009E-004
   1.2466974602679998E-004
   6.5692955899729577E-005
   6.7597902985327702E-005
   9.4385955251941687E-005
   7.5800528484620960E-005
   6.3926071405955365E-005
   1.0303138059768742E-004
   7.2979370901210116E-005
   7.4374013641819109E-005
   9.6287884644753036E-005
   1.2417549446408442E-004
   5.9576747812121512E-005
   7.0556066065273945E-005
   1.4487587191704915E-004
   8.6619224314490639E-005
   1.1427502705319574E-004
   8.7529422860368569E-005
   2.3844446463688041E-004
   1.0079313591579900E-004
   8.3821347286962313E-005
   1.1238566703494478E-004
   8.8757072008316808E-005
   7.8052956395641154E-005
   1.4350232807704689E-004
   6.4593474472688091E-005
   8.5532262586272896E-005
   1.0303702743419357E-004
   1.1658013414293185E-004
   1.0240054210745671E-004
   1.0831223988580245E-004
   1.2975635155444839E-004
   9.7460331072065926E-005
   5.8806604089660719E-005
   1.1464515533116919E-004
   5.3530861871664787E-005
   9.8815759153972129E-005
   5.6528539986741090E-005
   6.4754867980651516E-005
   8.5598776631007879E-005
   8.5977747838079582E-005
   1.1225825206062897E-004
   1.3849259369148715E-004
   8.6537092333336874E-005
   1.1829549378091705E-004
   7.2146577371342790E-005
   8.7184756358116638E-005
   7.8105131119166277E-005
   1.0499837047824421E-004
   9.1896363179979081E-005
   6.0134871749094092E-005
   8.8852160688838113E-005
   1.1886631712091161E-004
   7.0577467370072221E-005
   8.5916510472916225E-005
   8.4520496227762342E-005
   1.2996710950935670E-004
   5.1431040399440930E-005
   1.1860072780460725E-004
   7.2286155883109635E-005
   1.1408057806583776E-004
   5.6988075054362340E-005
   7.1468905612056849E-005
   6.5382955650149365E-005
   1.3491220824718132E-004
   1.0321509342398374E-004
   5.6563865030832650E-005
   7.0996345038172251E-005
   7.7754895407999118E-005
   8.9197761818116112E-005
   5.7010791377125660E-005
   6.5871515075549981E-005
   1.3384057884387369E-004
   7.3651699994736590E-005
   1.0113328796154070E-004
   1.0542239444075346E-004
   9.1973786900574657E-005
   6.0196046475467759E-005
   6.1408045202828899E-005
   7.5783226745064527E-005
   1.0363015786626254E-004
   1.0025734837767335E-004
   1.0694960579337088E-004
   1.1651246884905344E-004
   1.0789302887490428E-004
   5.4548541005996289E-005
   6.3632897863363699E-005
   1.0700577192382641E-004
   6.4447094075423017E-005
   7.7592255299463128E-005
   9.0410600454444626E-005
   3.9367076290529427E-005
   6.4161084824805909E-005
   7.3971592847438974E-005
   6.9571324935443531E-005
   5.8036461343321826E-005
   1.0881127178985067E-004
   1.0093179056655809E-004
   1.3614353409076578E-004
   1.3788066379696420E-004
   1.1618279153065365E-004
   6.5468010492799599E-005
   9.0680113733757823E-005
   9.0328775058963657E-005
   6.0747990789526499E-005
   5.0532686612150541E-005
   1.0849501395132025E-004
   8.1658433168746582E-005
   1.1138701107255248E-004
   1.7854829256920237E-004
   6.5372299081560662E-005
   7.2514206299915672E-005
   9.6964125064324025E-005
   1.0376212157356891E-004
   9.2455909452573832E-005
   7.8858742175087849E-005
   8.8342762041569822E-005
   5.3561265214810140E-005
   6.7032605728728777E-005
   6.0216501207597290E-005
   5.1467162278678702E-005
   7.0606378396362429E-005
   8.0138896911344671E-005
   1.1346289099992265E-004
   8.7095063687904064E-005
   1.1560620591792897E-004
   1.6318007370653921E-004
   8.0566135731791692E-005
   8.4911060989372475E-005
   1.6648973360725369E-004
   1.9165828317922604E-004
   6.7954754910515305E-005
   7.2074982676983732E-005
   7.5250886328603447E-005
   2.1825022753584931E-004
   6.4914396228002728E-005
   1.0402102079997684E-004
   1.0291582186542787E-004
   7.6821271221562382E-005
   7.2067659763873213E-005
   7.3428076947709505E-005
   1.2241106526428145E-004
   1.1190457072398534E-004
   1.3553813609664618E-004
   1.4235832221965415E-004
   7.5884566964396147E-005
   1.0096231310456070E-004
   8.4235641811932724E-005
   6.4626119836779905E-005
   5.7803805917284929E-005
   7.2347505608670766E-005
   8.6146671600540438E-005
   6.9033453960120093E-005
   6.9823262826529717E-005
   1.6322176087453735E-004
   6.5974436846017858E-005
   5.8384322636912360E-005
   1.1852557282793333E-004
   9.6112081397753057E-005
   1.7546742722088045E-004
   1.3016514206368017E-004
   8.5671810151515860E-005
   1.0563568507501214E-004
   1.1952247832453668E-004
   1.3993367307705128E-004
   8.9459857824496873E-005
   1.1397523569701794E-004
   5.2286819169908867E-005
   1.1075169417209932E-004
   1.1102839403805855E-004
   9.3188254605357579E-005
   7.4849490480488812E-005
   7.3312490640217642E-005
   1.1635716514287958E-004
   1.2022898203910401E-004
