 Z =   6209730.0000000000      dens =  0.14983944175331906     
   6.6848692151204062E-005
   5.3687777204910987E-005
   1.1909718581082831E-004
   1.2661109328404553E-004
   1.1058043467329111E-004
   1.4491542668495236E-004
   6.6885252510659254E-005
   8.8212519658246151E-005
   8.8709961388250903E-005
   8.9347357453644480E-005
   1.0449592479542171E-004
   8.5478940928924223E-005
   7.1324247916703399E-005
   9.6173175446621412E-005
   1.4638740593174250E-004
   4.7148480451329169E-005
   8.9210596555817475E-005
   1.0819355838653770E-004
   8.9746459901993134E-005
   1.0966036959106603E-004
   8.7341314849060197E-005
   8.6878914415308464E-005
   5.9630405550652559E-005
   1.0652220816334757E-004
   6.4240042776268809E-005
   6.4052462458139697E-005
   8.1854113121082941E-005
   9.8541417598540983E-005
   7.5807987104488386E-005
   4.8555994317743035E-005
   8.2098016454599943E-005
   6.1312554928154330E-005
   8.4977850560680735E-005
   7.4659054383140994E-005
   6.4954517574746789E-005
   9.4568066270509567E-005
   9.8042451410583427E-005
   6.0391251222284313E-005
   6.5362101117337812E-005
   8.3653217612977395E-005
   6.0988057943285952E-005
   8.2325725619237367E-005
   9.0168871861166103E-005
   6.7285454827804370E-005
   9.1949786229876096E-005
   1.1235111774485073E-004
   1.0179895731359738E-004
   7.8930432430331646E-005
   1.0703347106384230E-004
   6.5384658347775298E-005
   5.9089131279693784E-005
   7.6106111351768836E-005
   6.7820054313948207E-005
   7.8388840461473660E-005
   8.4086829918720356E-005
   7.7592963628940096E-005
   7.5888347607875538E-005
   7.0314001992492398E-005
   9.5416986714389566E-005
   9.8025453153550136E-005
   6.8890113843713861E-005
   1.3180256559498373E-004
   9.8614230932799198E-005
   1.0101645511459294E-004
   7.7282670018124190E-005
   7.8980001204001938E-005
   6.7165946717904969E-005
   9.2409278603535887E-005
   8.3823733335321301E-005
   7.2310607863010080E-005
   6.7870593475342247E-005
   5.5700593329004870E-005
   9.0376867808450212E-005
   1.0996067236317390E-004
   1.0574550666810755E-004
   9.6867591456598358E-005
   1.3132035802914513E-004
   7.5450543053219761E-005
   1.0595753515099642E-004
   8.0719464048242470E-005
   9.4828399441991250E-005
   1.1243743589146331E-004
   6.5015190216425632E-005
   6.5579525419616185E-005
   6.8127438268515250E-005
   6.6445753492137748E-005
   9.2126380551912335E-005
   7.7671593864389463E-005
   6.9290577139858605E-005
   7.2948322173873009E-005
   8.1518053463743213E-005
   8.7804382621033437E-005
   1.0099414430430698E-004
   1.1446537278467944E-004
   8.1429480678966325E-005
   1.1346046707901961E-004
   7.5307227652393331E-005
   8.6600555199459829E-005
   5.9582960351044232E-005
   8.2029145991933546E-005
   1.3006653863783344E-004
   7.2401987303638625E-005
   5.7024224805504800E-005
   7.3959017774999112E-005
   1.1774959159043281E-004
   5.3502845127680298E-005
   7.1138853067459549E-005
   6.6562976818394771E-005
   7.7616422836535124E-005
   1.1558215891907222E-004
   6.4321879555442256E-005
   8.0223760099718553E-005
   9.4813054480746793E-005
   6.5189134140261929E-005
   9.2678333250505881E-005
   8.0045102663582683E-005
   1.0244475547878936E-004
   7.1655789041254824E-005
   8.2615598776809921E-005
   5.8709963356115972E-005
   7.7147778190367328E-005
   1.0382916841959004E-004
   7.0351613937741470E-005
   9.7278879261420196E-005
   6.2075128746687618E-005
   7.0292797782606900E-005
   7.4417595849061839E-005
   1.0180276500588167E-004
   8.7015699638033576E-005
   1.0072754194660703E-004
   5.5815354986943683E-005
   6.1821351840654691E-005
   8.7043610914526052E-005
   1.1489370872608543E-004
   7.8270060346503166E-005
   5.7778969276702013E-005
   5.0934232239881233E-005
   9.5651899725876250E-005
   1.0023054862253181E-004
   1.1120082703335172E-004
   7.1525883856949615E-005
   1.1210225059007555E-004
   1.1945819820047244E-004
   9.4041624184068638E-005
   5.3252331212343567E-005
   5.5877761903495041E-005
   5.8549467006162106E-005
   6.5814942181879096E-005
   1.2841712611400813E-004
   6.7812207745678469E-005
   7.0726727587522837E-005
   6.6152987047438751E-005
   1.4865037492770334E-004
   9.9999388039641654E-005
   1.2360564589764846E-004
   9.2861826823552771E-005
   6.9762553807729765E-005
   1.1102374493474232E-004
   1.4760376887977642E-004
   7.4246757904562955E-005
   1.0229557709385467E-004
   8.2028972465747599E-005
   7.5871198059024130E-005
   7.6612976460827673E-005
   1.6077981051642852E-004
   7.6016437111304413E-005
   8.7179065173184476E-005
   8.6069234716864033E-005
   8.1522541933589269E-005
   8.7710602021751730E-005
   1.0171672546819574E-004
   6.5166777580261009E-005
   7.2962095867405049E-005
   6.0260796785074154E-005
   1.0747015527182192E-004
   6.8316329148560839E-005
   5.7994087467743871E-005
   8.8865901293547117E-005
   1.0382737475612315E-004
   1.2158115555349534E-004
   7.6636133332187050E-005
   8.3959280305737768E-005
   7.1672312812673091E-005
   6.8495255545780324E-005
   9.1404880694458937E-005
   7.8030619323341861E-005
   5.4197464445995812E-005
   8.6946658085184346E-005
   8.5836717821519858E-005
   8.2254903666292920E-005
   6.8330509849219394E-005
   9.0015051880934673E-005
   1.3637857471093047E-004
   9.4173659585095168E-005
   5.5507234075630463E-005
   7.3106046004500029E-005
   1.1569567542403281E-004
   5.6114171669391584E-005
   7.4875523433468096E-005
   6.7736293011048696E-005
   6.5637603750819313E-005
   8.5495903933581545E-005
   7.5827020840128225E-005
   6.9338650552908966E-005
   1.2004095682799507E-004
   7.2128840737200776E-005
   7.9230985727178713E-005
   7.3847624787165079E-005
   7.1314890845625202E-005
   7.2363911361035072E-005
   8.8767195284102663E-005
   1.1650554365838542E-004
   7.2462185324009595E-005
   9.1034864001916856E-005
   8.5708689877718713E-005
   6.2699262269979894E-005
   1.2186175376880474E-004
   1.0120129113916223E-004
   7.8993965297074323E-005
   8.4659750144475674E-005
   9.0791761866976020E-005
   8.0191527118078588E-005
   9.4702952388467219E-005
   7.8529645999265318E-005
   8.6634038555409066E-005
   1.3692790622660527E-004
   7.4965013105589393E-005
   1.1295292827880194E-004
   9.7760836510130762E-005
   9.1301323881417683E-005
   9.4388448863023388E-005
   9.4154985242607707E-005
   9.8682831828961047E-005
   7.1292530119438074E-005
   5.3704978409068194E-005
   8.2469011849290103E-005
   1.2598011585216869E-004
   6.5254779183963088E-005
   7.7407935763611156E-005
   7.9451601883280407E-005
   6.1591069418452581E-005
   5.8614716322936431E-005
   5.9062033075103289E-005
   9.0807412987151489E-005
   8.7538657477401191E-005
   6.8380112523848372E-005
   1.0164933791767083E-004
   7.3292794841460190E-005
   9.5831918935992619E-005
   6.9220308521809030E-005
   7.8164872592200908E-005
   7.2622639645349583E-005
   5.8281257304943987E-005
   9.4567641723655474E-005
   5.5894120379903390E-005
   5.1658031759051368E-005
   9.8213414336777849E-005
   7.4533591718677650E-005
   7.7788652188782941E-005
   1.0146513317673288E-004
   8.2167156228515315E-005
   8.4773632003412938E-005
   1.4824052175850747E-004
   8.1728340360246823E-005
   6.5704958553093257E-005
   1.0457337456891828E-004
   1.0644814322235458E-004
   6.5322963826745000E-005
   9.0896472897692866E-005
   5.9940838236184151E-005
   9.0662520679728493E-005
   6.3876076524321706E-005
   7.0864549250751168E-005
   6.4369898103989296E-005
   7.2750599854452941E-005
   1.4914416697766841E-004
   7.4949443679633130E-005
   9.7323295094578577E-005
   7.1012047438294602E-005
   8.0119755179950918E-005
   9.7397040876959183E-005
   6.5746137485960432E-005
   8.1729540300177526E-005
   1.0121648003205259E-004
   5.3005036298870266E-005
   6.5068525532638723E-005
   8.0302489124511609E-005
   8.2453760535131080E-005
   4.4093746152583180E-005
   5.2061246430911804E-005
   8.8466735560407806E-005
   1.0795167698042893E-004
   1.1651551739576416E-004
   8.5430235740535694E-005
   8.4385705957333619E-005
   6.0921930867241235E-005
   7.9674773186671721E-005
   5.1927885379215905E-005
   9.0433113998430507E-005
   9.2415000683056573E-005
   7.0404882991587344E-005
   8.4568053136271175E-005
   1.1241528154039309E-004
   9.4103245300743385E-005
   9.6662593516932396E-005
   7.4412664407452048E-005
   9.1535725243238589E-005
   1.0134691562878234E-004
   1.2495778393294409E-004
   8.1746057179541280E-005
   7.7297035763168132E-005
   1.0437343080203020E-004
   9.2066999338697361E-005
   1.0029460763177449E-004
   1.1393612390525893E-004
   6.6612210596488834E-005
   6.4322988929239915E-005
   6.5660362208281073E-005
   1.2073320654621923E-004
   1.0587276200048164E-004
   8.0752512794228157E-005
   1.0046635256990491E-004
   6.9044681097078827E-005
   9.5873588258895922E-005
   1.0165692184758759E-004
   9.5708424542225552E-005
   8.4437740852059541E-005
   8.8966035034927652E-005
   1.0339643356171928E-004
   6.8282290656647033E-005
   7.1993264410598410E-005
   9.0170131036910800E-005
   1.4207900234597013E-004
   6.6134967432298402E-005
   7.5725462468348567E-005
   1.5402378322120717E-004
   6.3953976130040773E-005
   7.4579753214857597E-005
   7.2567364058576713E-005
   8.3549072525983858E-005
   8.2388876135220253E-005
   1.0547327251596724E-004
   6.7973224591287945E-005
   6.4829802972547515E-005
   7.7853168027145842E-005
   8.7629402532227098E-005
   2.0609844653601502E-004
   9.1656345755781229E-005
   6.4633333014322175E-005
   6.7888220773125270E-005
   6.2128245340008128E-005
   7.0041118163720280E-005
   8.9105979077888596E-005
   6.1575157637771874E-005
   1.1858570755570891E-004
   9.0678667992785003E-005
   1.0278017609285192E-004
   6.5848608468217540E-005
   7.9542310616794362E-005
   8.3255616356109842E-005
   7.3378240706512842E-005
   1.3628886916553740E-004
   1.0778188529688764E-004
   8.3307385412032591E-005
   7.6894949247044019E-005
   7.2581437536797376E-005
   8.2468008699392156E-005
   9.5858694201947814E-005
   6.1598630488800995E-005
   5.3486428963303222E-005
   5.6984254762234768E-005
   1.0031095749845331E-004
   7.4265886281493583E-005
   9.0251031160922489E-005
   8.4372846975794660E-005
   4.8618275851533308E-005
   6.2975912553525434E-005
   6.9291242306382408E-005
   9.0810887872458572E-005
   9.3181237150071283E-005
   9.5597067177920981E-005
   6.4132948945873651E-005
   9.6080908650192864E-005
   1.1077006892026226E-004
   7.0560904001679031E-005
   7.2018539310576938E-005
   5.3201631324500118E-005
   5.6292543390161849E-005
   6.7823080157638371E-005
   7.0512110666279897E-005
   9.3286541089858521E-005
   8.3231391565544193E-005
   7.1420112341814376E-005
   8.4460447670678442E-005
   9.5554212522551139E-005
   8.1075318712823703E-005
   9.2643056204956773E-005
   8.0631087893123085E-005
   6.8082588505722293E-005
   9.9241698521370392E-005
   1.0254249305378662E-004
   8.3418655370999880E-005
   1.0707928932150004E-004
   6.2405633649264538E-005
   1.1350482171537919E-004
   8.6250946698394871E-005
   9.1181261297411314E-005
   1.0214550246585433E-004
   9.1988729073083034E-005
   7.7001616948452249E-005
   6.4919512412007187E-005
   6.1019155440583710E-005
   7.4869580816705147E-005
   1.0548786986603465E-004
   1.2956322885360500E-004
   9.3401761812629915E-005
   1.0731646713528217E-004
   6.6480181958452605E-005
   8.2771947775659588E-005
   1.3133042173459243E-004
   7.0812728296750597E-005
   7.3632878470103005E-005
   7.8355765477880861E-005
   9.4346427220373208E-005
   8.9605826380947335E-005
   9.8694960336340290E-005
   7.8520565761116314E-005
   5.6289725473482743E-005
   8.3105897225912637E-005
   7.4018327299379448E-005
   1.1100559705478711E-004
   5.7010735202079986E-005
   6.8160650514742182E-005
   7.6500666475754186E-005
   8.8895681012722853E-005
   8.3311664631325198E-005
   9.9841040089882675E-005
   5.8586260541524381E-005
   7.7745394684695606E-005
   7.8079606924701383E-005
   1.0533745431555307E-004
   6.0181259045193240E-005
   8.5068820154935481E-005
   1.4858738011379555E-004
   8.0228641461446899E-005
   1.1212246778768792E-004
   1.0657388452696705E-004
   8.3710190661960825E-005
   9.4086567867672041E-005
   8.4837914592702829E-005
   9.4739761764240610E-005
   9.7385458578062463E-005
   1.1807704524457313E-004
   9.9833809728586500E-005
   1.4442493613036467E-004
   5.7751418024105270E-005
   8.5147494372294732E-005
   5.9250314630009021E-005
   8.8943229535898472E-005
   7.6760954158166530E-005
   6.0055994275176582E-005
   1.1347598947544989E-004
   8.4714562080479724E-005
   7.2545388704134910E-005
   7.0545195809982523E-005
   8.6797519574191115E-005
   1.1747298873019226E-004
   8.9331704252556624E-005
   5.6886193421697906E-005
   1.2259314217953087E-004
   5.8210080143088428E-005
   8.3735968613632427E-005
   8.6201065429910388E-005
   9.4889407809937965E-005
   8.5566336376937006E-005
   9.9239693990648683E-005
   6.5330789008363323E-005
   1.0675401436637199E-004
   8.3446782134246299E-005
   1.1826536447133131E-004
   6.4790697793775271E-005
   8.6298292333856577E-005
   5.2074818828186221E-005
   1.0511159693891878E-004
   9.3706415992878423E-005
   9.0567035060044103E-005
   7.9719787793587391E-005
   8.2721144036795765E-005
   5.7354346354922099E-005
   1.1656628323184983E-004
   6.4063213755566714E-005
   7.2770091477331118E-005
   8.2747607632012183E-005
   1.2726128842688940E-004
   6.6983437491877895E-005
   1.0294147608468521E-004
   7.9911600194746267E-005
   7.2919067924908954E-005
   8.8207110984171700E-005
   8.0028125201940138E-005
   9.7184501816511613E-005
   1.5079633534490345E-004
   8.7973627434311923E-005
   1.6148847051568788E-004
   6.6560661244010569E-005
   8.7717041732818265E-005
   7.5783245889857645E-005
   1.1264428699207575E-004
   7.0864761955391947E-005
   1.0250536047371999E-004
   1.1615955183488991E-004
   6.6751417380178716E-005
   6.4678894804573366E-005
   9.3478954136582245E-005
   7.9781035021031879E-005
   9.8890642211750627E-005
   8.3539316403690684E-005
   8.7945049571958313E-005
   1.4206084510400089E-004
   1.1228383898614772E-004
   9.1961904281679508E-005
   7.5053182937246678E-005
   8.7207299494834593E-005
   7.4747149280544924E-005
   9.5008031499681684E-005
   1.0291594810168071E-004
   1.0803438889827855E-004
   9.5481650873773189E-005
   7.6472521358944429E-005
   8.0789960401465646E-005
   5.1990662166926680E-005
   6.2886545684973655E-005
   1.1713605468276997E-004
   8.5110804390443214E-005
   7.3497816515000406E-005
   7.8666690417883436E-005
   8.1714093773295848E-005
   8.8150287824366542E-005
   1.4451487588433004E-004
   8.6823628267831455E-005
   7.4331088955968978E-005
   8.2790579106203053E-005
   7.2769269339913647E-005
   9.1318787542192588E-005
   7.6204719945800896E-005
   6.2074941788796081E-005
   6.9918412036269027E-005
   6.5739313739037491E-005
   1.0983981685890519E-004
   7.5897018156955006E-005
   7.4533692641229541E-005
   6.4587378289704761E-005
   7.7973015168526747E-005
   6.4963762552137653E-005
   7.5238768044351249E-005
   5.5682203223824013E-005
   1.0468853297049574E-004
   8.5513959734845029E-005
   9.5164072929177006E-005
   7.2089890334577189E-005
   7.3573849603906943E-005
   7.0860588703659588E-005
   9.0429063356451607E-005
   8.6649422186433223E-005
   9.4554178951058741E-005
   9.2833252542224854E-005
   9.2742837055437118E-005
   5.3056722421977384E-005
   5.8690257359080650E-005
   7.3917250338451727E-005
   1.2355703031057943E-004
   8.4244348912897803E-005
   8.8131864271979098E-005
   1.0331739390907719E-004
   5.3992538718228529E-005
   5.4682048381077508E-005
   7.3901594807148505E-005
   7.8397242959614628E-005
   1.1940918753538825E-004
   8.5736788565067513E-005
   1.1157147584496164E-004
   6.5559949489878283E-005
   1.2414377418844600E-004
   9.5793325656089954E-005
   8.5165908655517570E-005
   1.1638415499041729E-004
   1.1490525338051739E-004
   1.6080777344841020E-004
   7.5064149596816432E-005
   6.9807968312502261E-005
   9.3767878585755823E-005
   9.7108988336064783E-005
   9.1342277677739818E-005
   7.7395294913886050E-005
   9.5288472994773028E-005
   9.9731625167561488E-005
   8.3430160721767173E-005
   8.4016818053941322E-005
   1.1425447354796546E-004
   7.7715347669465873E-005
   9.9260942550016655E-005
   7.6313997881964301E-005
   7.2702169295908167E-005
   7.4816789426029331E-005
   6.4211318518636514E-005
   6.4655670055182180E-005
   7.8393599109206899E-005
   5.7115921913346070E-005
   1.1780895469748813E-004
   9.4467862855076182E-005
   1.2694560833710944E-004
   7.0361348083610993E-005
   9.2771385510513781E-005
   9.1231087969653325E-005
   8.0748930124816313E-005
   1.1207890587662788E-004
   1.1007196624441081E-004
   1.0597046300371453E-004
   1.1165998582502648E-004
   1.0628179851183910E-004
   8.5726495445255689E-005
   1.0483491992688926E-004
   8.7204194564830692E-005
   8.0501777722778302E-005
   1.7143571087954149E-004
   8.7223301460829337E-005
   7.7377838695738335E-005
   8.2579939239922257E-005
   4.7991255579010722E-005
   9.3694446930522513E-005
   9.6105575270543728E-005
   9.2014000258848190E-005
   9.8391065132883570E-005
   1.1822784087565096E-004
   7.3447099098063973E-005
   7.3390184966593542E-005
   1.0760370700201628E-004
   1.2609565163929724E-004
   1.0476880471683379E-004
   1.0047174070479765E-004
   9.7797371033838702E-005
   9.0723138939751447E-005
   9.9673746404517979E-005
   7.3966719139763773E-005
   1.0918178800911130E-004
   7.3425134035313009E-005
   9.0739641489427509E-005
   9.3322233835071530E-005
   8.3429692506927592E-005
   5.5983291465465379E-005
   7.2902177899648057E-005
   9.2826656336406362E-005
   1.0440599531860348E-004
   9.1912367336409863E-005
   7.4655564305877643E-005
   5.9207380343430834E-005
   9.0693820652345850E-005
   1.0042423054710208E-004
   1.1582441629022880E-004
   8.7794389106615194E-005
   7.2012978436561590E-005
   9.3828912017455084E-005
   1.0066175772366187E-004
   9.8121930286617696E-005
   6.2805615018950229E-005
   9.0281622613588749E-005
   8.6517615199389788E-005
   1.0031279581330909E-004
   8.8777194003386442E-005
   8.5255634216654735E-005
   7.3989614527113101E-005
   6.4447747176589359E-005
   6.7283739724440555E-005
   7.0211177955191946E-005
   8.1862351320094269E-005
   7.6214672162981293E-005
   8.0540251216429804E-005
   1.5574683182287532E-004
   6.4276078391135589E-005
   9.1056147059807423E-005
   1.3667093985435426E-004
   6.5025726203322271E-005
   6.2646581601726059E-005
   7.1874534831126391E-005
   8.1474379096055884E-005
   9.4948133938355320E-005
   1.0071738072766916E-004
   1.0421356539112281E-004
   9.2245006141280174E-005
   7.6190774635630381E-005
   1.0118384814494606E-004
   9.2604905192592360E-005
   8.2635965089405118E-005
   1.1086238666585889E-004
   7.7074602355423950E-005
   9.2666449017565652E-005
   1.6858905732512703E-004
   9.9996873757029114E-005
   8.8408470924710168E-005
   6.2237192393407514E-005
   8.8351313910505955E-005
   1.1974764013659879E-004
   9.1941918122464875E-005
   6.5172390436828530E-005
   8.0758699843848537E-005
   7.7234023719639127E-005
   9.0153681698012102E-005
   7.9631711131970852E-005
   8.1551336279502907E-005
   7.4843592323433928E-005
   6.4487955717409449E-005
   8.8570288216603958E-005
   8.2324143413451938E-005
   7.0836009690705728E-005
   9.1189122552344951E-005
   9.3353047115510588E-005
   9.9695916446532553E-005
   5.7697148192181128E-005
   6.9256663779392971E-005
   8.9615100833062184E-005
   1.7921364570241873E-004
   8.4773034338587173E-005
   6.5931281056693004E-005
   9.2848221727615844E-005
   9.7525553481564426E-005
   7.8358206552861740E-005
   8.8520362955630340E-005
   8.6393446771550891E-005
   6.5386516521191541E-005
   7.7932741817724949E-005
   8.1709707035616157E-005
   8.0169137560532963E-005
   8.5486193108901375E-005
   5.1782350304409578E-005
   5.8569564832663430E-005
   1.3616951241182928E-004
   8.2006907113354904E-005
   7.0175939536385674E-005
   8.5857118728647236E-005
   7.3211367126165257E-005
   9.1364937125597962E-005
   8.0349369840603048E-005
   9.0610571069495635E-005
   7.6465999509565385E-005
   7.3920170683798919E-005
   1.0428139105362347E-004
   6.8431952686883168E-005
   1.1628560430228452E-004
   7.7209403348858815E-005
   1.3695452934758695E-004
   5.6565499751437808E-005
   9.5386103147726862E-005
   9.6896448711810874E-005
   9.9424688917756449E-005
   8.7456133631353349E-005
   5.1447814650311758E-005
   5.6059106988731974E-005
   7.6662812454344543E-005
   7.6190078718901285E-005
   1.2598243676172346E-004
   8.5824508100828498E-005
   9.1545514752032305E-005
   4.7529053441690457E-005
   9.5391313387380318E-005
   8.5222684527058888E-005
   8.7971890646184220E-005
   9.4117858966599583E-005
   7.4713682039541043E-005
   6.6580492874844470E-005
   8.2569635171169582E-005
   1.0265827376381153E-004
   1.1654589099280641E-004
   6.2510374668993309E-005
   9.9303958732750369E-005
   1.1315456774750327E-004
   5.9272744764882088E-005
   1.0335230217224710E-004
   1.0320263036772749E-004
   1.0520328928387875E-004
   1.1844737510979579E-004
   7.3763344803014731E-005
   1.0452485361293349E-004
   6.2796375430505111E-005
   9.5261470081423746E-005
   1.0388446007253561E-004
   8.2441896892536631E-005
   8.3109755472331415E-005
   8.0467876032179497E-005
   1.1769400257626757E-004
   8.0249529722450959E-005
   1.2039445587795961E-004
   1.3515180717220797E-004
   8.4945489455443915E-005
   7.1532629383667408E-005
   1.0328608921923550E-004
   9.0809614196581091E-005
   1.2379107380307007E-004
   9.5976104985534539E-005
   9.7476311365040969E-005
   8.8165181815397990E-005
   8.8239428998932020E-005
   8.5176975383939929E-005
   9.3501865822320250E-005
   7.2309276285008477E-005
   8.7976366297183529E-005
   9.6235634633702567E-005
   8.5376675621738369E-005
   6.3620972012154797E-005
   7.5494017013716464E-005
   5.7086857312924206E-005
   7.9479520703204962E-005
   8.7897364814031864E-005
   1.0808534229792608E-004
   9.4670833125460737E-005
   1.0999572215236412E-004
   1.1276299411742356E-004
   1.1511823711641795E-004
   7.2129979689078262E-005
   1.0346835304918366E-004
   7.4455939868573910E-005
   5.7193883921824067E-005
   1.0873595015890943E-004
   9.4725852368256772E-005
   1.0799072386236603E-004
   8.2302050989513270E-005
   8.1311409255688022E-005
   9.7711021716602773E-005
   1.1517399479133481E-004
   7.7122933376840483E-005
   9.4258041122007320E-005
   8.9488426221666909E-005
   1.4044480434574104E-004
   1.0397527036955723E-004
   1.0710801310573838E-004
   8.0224449807058933E-005
   8.4606857843039140E-005
   8.8123364225020325E-005
   7.2539768043999037E-005
   8.9895213125658254E-005
   5.7958974079656714E-005
   6.7719857229332067E-005
   7.1209795194306956E-005
   8.8229913997455925E-005
   1.0590292991398329E-004
   8.9677412608876890E-005
   8.8110736667313544E-005
   8.5909813665323317E-005
   6.2491875514315433E-005
   1.0945974081685094E-004
   8.8719388640419911E-005
   7.3967942403076737E-005
   6.4173960327525479E-005
   9.9290816667845403E-005
   8.0675300671735132E-005
   4.4831979034178020E-005
   6.9139444156864963E-005
   9.8795529524868146E-005
   7.5633040183656030E-005
   5.4539784890219104E-005
   9.5253095950342389E-005
   9.6318697724452374E-005
   5.7797662108483101E-005
   1.1936104930651595E-004
   8.6030357087861546E-005
   1.4077119881856302E-004
   1.4197479691610204E-004
   1.1075829442633166E-004
   1.4478548264721300E-004
   1.2397924336205138E-004
   9.2866562275278138E-005
   9.4673538589181615E-005
   1.0895074955522710E-004
   7.3703517407232397E-005
   8.0883557289284548E-005
   9.9727865255785670E-005
   2.1651984891243382E-004
   5.2366597244883567E-005
   8.8907320982813064E-005
   7.3054972633691749E-005
   1.1745145012698625E-004
   7.3434360512567650E-005
   5.3882791516436226E-005
   9.7414538271084605E-005
   1.0257783298428622E-004
   6.1917918528750764E-005
   6.7806224654587042E-005
   1.1482061234983115E-004
   6.8233788986920484E-005
   8.0279179774537930E-005
   9.9415757935247167E-005
   6.5128256099253570E-005
   7.5193866041285706E-005
   9.0594632579220607E-005
   1.5741476367011497E-004
   1.1462303505303308E-004
   1.0827144218511539E-004
   7.8765536075927229E-005
   9.7397806912380137E-005
   6.8691620942585229E-005
   7.8002338038195556E-005
   7.4470754687760442E-005
   7.5435501869269638E-005
   7.4246846771785293E-005
   8.9769933624836662E-005
   1.6701409683327851E-004
   7.0248176366683772E-005
   6.3518090002452049E-005
   6.8998509571695216E-005
   6.7316694083752852E-005
   8.9490457999346035E-005
   1.1261630166204287E-004
   7.4287328987257130E-005
   8.1258882172448657E-005
   8.2141682245358039E-005
   8.3385980598272235E-005
   8.6525769987169066E-005
   8.9411370006678550E-005
   7.6952022167460079E-005
   6.9398742512469399E-005
   6.5822913451610881E-005
   6.0321432317764067E-005
   8.3573794905941927E-005
   6.0235110258837103E-005
   6.3591765443771065E-005
   9.4623453691160397E-005
   7.1528494990081174E-005
   8.8516492146684819E-005
   1.0479109034439082E-004
   6.7806042358953985E-005
   6.6995291309455472E-005
   1.1213010723225695E-004
   6.3754365325021238E-005
   6.9043156961654838E-005
   8.1434022780560851E-005
   1.1218637190556086E-004
   7.7934663368364095E-005
   7.1250762035027606E-005
   6.7168126943998788E-005
   7.6946496339579617E-005
   1.2946192103951840E-004
   7.7129029784454281E-005
   5.8795376436606416E-005
   8.4761856768918815E-005
   6.2981257010627501E-005
   9.7036315787155144E-005
   7.5051141592862798E-005
   8.4023741684926466E-005
   4.6254036611752266E-005
   7.8182382090658922E-005
   1.3036450252963328E-004
   1.2981268187357422E-004
   7.9874983799926562E-005
   8.0726522143625116E-005
   7.8282031926159613E-005
   8.7466098503071130E-005
   7.2933226346676551E-005
   1.8496340660642270E-004
   6.9698529038855525E-005
   1.4879629120123134E-004
   6.9118210832991254E-005
   6.9117040407069789E-005
   8.6027953013141013E-005
   8.1735618851709558E-005
   4.8832942657927190E-005
   6.6164951250524801E-005
   1.0347402509558467E-004
   8.4172018081517369E-005
   5.7937476886091967E-005
   9.7520063893624361E-005
   7.5205224826502354E-005
   6.8131960795621329E-005
   1.3635354325911925E-004
   8.3962690619997300E-005
   1.4716830780100009E-004
   7.7952455465107106E-005
   6.9484556538319526E-005
   8.9288261170665487E-005
   6.5953481573856662E-005
   8.3778388880288170E-005
   8.8435039806177265E-005
   5.8722869599738183E-005
   5.2139958671488361E-005
   8.1993011604598588E-005
   9.7420146471722703E-005
   8.1054856898252401E-005
   9.5108357492594445E-005
   8.9533637146936866E-005
   9.2896516836126671E-005
   7.3146006314547606E-005
   8.2102200261923100E-005
   9.7453413643187550E-005
   1.1690801491533795E-004
   8.8268373656631219E-005
   8.1185468218155602E-005
   7.0160946552788996E-005
   7.2261073842299264E-005
   8.5144097089178816E-005
   1.0519619295259161E-004
   9.1815058992569619E-005
   1.1394173580144992E-004
   8.2447881767567361E-005
   7.2191139353759842E-005
   7.0002480972342491E-005
   9.4117658300788711E-005
   7.7053872648690893E-005
   9.7584879212460695E-005
   7.3801407101186780E-005
   7.3669831127532969E-005
   5.9218246742901767E-005
   1.0076865742304136E-004
   9.8465670322831218E-005
   5.7905023128005264E-005
   1.2701353072013005E-004
   6.0299552257188988E-005
   5.9114305168305356E-005
   6.1151417348842197E-005
   1.0470087759956517E-004
   7.8352285042883270E-005
   8.4568743828028177E-005
   7.3784528516490579E-005
   7.5334081087220699E-005
   6.1596828641475476E-005
   1.0106755034263336E-004
   8.1183871517387512E-005
   7.9010046697818414E-005
   6.5013900696271292E-005
   7.5758033105492850E-005
   1.0972305738847347E-004
   6.6983520731828919E-005
   5.4944693394524247E-005
   8.2916163161509575E-005
   8.9411576282816838E-005
   7.8213675945247791E-005
   8.3949286240266236E-005
   8.3060006594836881E-005
   8.5515237540074792E-005
   5.1653581872201072E-005
   7.8990312317222053E-005
   1.0899165303412390E-004
   8.4420680842799424E-005
   8.9324000524406216E-005
   6.4146033080009169E-005
   7.8279339652287145E-005
   9.2935134475556521E-005
   5.7791559169259421E-005
   7.3041994130957467E-005
   5.4702748328266303E-005
   8.0027892796726601E-005
   9.9578034881035263E-005
   1.3510464248380242E-004
   1.0091611737362863E-004
   1.8695937283010313E-004
   6.6046240222686738E-005
   8.9847117791347960E-005
   9.2362780931718632E-005
   7.8441697598183771E-005
   9.5952130243209425E-005
   1.1172418953049608E-004
   1.1345559946360864E-004
   1.4636688487063926E-004
   1.0299698679235894E-004
   7.6703111970866661E-005
   6.5766732576116597E-005
   1.0367010114950123E-004
   1.0701545135117236E-004
   7.7102301697299977E-005
   7.2544010700809734E-005
   4.8411587781361345E-005
   9.8452299715625580E-005
   9.5771054432650216E-005
   1.2365057682320777E-004
   5.8232658045620260E-005
   9.5938045728338625E-005
   5.2510060505436528E-005
   5.9716844409756482E-005
   9.8058868459980269E-005
   8.1812653407750698E-005
   8.3975678643046742E-005
   1.0048554380831512E-004
   7.3258663195107130E-005
   7.2834635932737338E-005
   6.9006549700763041E-005
   8.8802187739175234E-005
   8.7193780143352592E-005
   1.1348039067152232E-004
   6.8398440044701678E-005
   1.0199878910029153E-004
   1.1287994473880723E-004
   1.2079123529679582E-004
   7.9442125241530555E-005
   8.8656426589198535E-005
   7.4928057807129809E-005
   6.2849354954937697E-005
   7.7211770910113635E-005
   1.0077008511915688E-004
   6.6553334224516632E-005
   6.7729812123628304E-005
   1.3797629179857079E-004
   7.6362883285386183E-005
   7.5868994934464161E-005
   9.2706391121796358E-005
   7.5817519817698417E-005
   1.1082979078619432E-004
   1.2757045294521993E-004
   1.2242072492541539E-004
   9.9436663854965358E-005
   7.7582981380402822E-005
   1.0257196999585196E-004
   7.5488934361002923E-005
   1.0554822296930422E-004
   7.7165302913547107E-005
   5.7985052310024159E-005
   8.3165467526343480E-005
   6.8282352324920454E-005
   8.1563608472838431E-005
   1.0694935477327572E-004
   6.2066783140573588E-005
   8.8148436195604048E-005
   8.1459277431116390E-005
   9.6098213240727051E-005
   8.7596169577717922E-005
   6.2037850452657938E-005
   6.9725341092274231E-005
   8.4432755367671604E-005
   9.4103799810590401E-005
   6.8373235641908320E-005
   8.6201868524287222E-005
   8.1872994738826213E-005
   7.7388823866378031E-005
   8.3595677633397774E-005
   6.9500261841549482E-005
   6.5902117499696191E-005
   7.2181002395737097E-005
   6.6990456765289919E-005
   1.2838174991655683E-004
   1.3533614398800910E-004
   7.9057720783687509E-005
   8.3353853697459295E-005
   6.6904065757042046E-005
   6.6973721510125717E-005
   9.7112102006745933E-005
   1.5705097678008360E-004
   5.1852827344944234E-005
   6.7426099308486755E-005
   1.1547070325558200E-004
   1.0739902939217056E-004
   8.2439928142297124E-005
   9.6942849995642591E-005
   8.8476049425757904E-005
   5.5279317798338722E-005
   1.1187129645651827E-004
   8.2097659420821817E-005
   1.0398120732317410E-004
   8.1648342622615122E-005
   1.0857871064711420E-004
   1.1023548865691536E-004
   7.0701807713818165E-005
   8.8302393873273456E-005
   8.3893284535878709E-005
   7.3229712874583135E-005
   1.4203716281947442E-004
   8.8347891072065336E-005
   8.3640901192279728E-005
   7.8900277320109239E-005
   6.7080328065235623E-005
   8.4588094091216125E-005
   9.4479136680306099E-005
   6.6092130566616401E-005
   7.5286059714501543E-005
   8.4548005147792922E-005
   8.9314168401431233E-005
   1.1020451870033522E-004
   6.4449838708650605E-005
   8.7352911275644679E-005
   7.3354410081482568E-005
   6.1634921477999604E-005
   1.0652597150041926E-004
   9.2256987321287870E-005
   5.8458355704278954E-005
   9.9142224154019870E-005
   1.2753500368096037E-004
   6.4113444339559519E-005
   7.7986726683466244E-005
   9.4482767739759198E-005
   6.0057889857602112E-005
   7.0478258158379939E-005
   5.9737015920422323E-005
   8.2477025242727494E-005
   9.3373482117308873E-005
   9.4142295365547959E-005
   5.9491078882899470E-005
   6.1457265880260345E-005
   6.8744410809360574E-005
   9.0982832088888491E-005
   8.7851747260862885E-005
   7.6643961510210987E-005
   8.8756147728461857E-005
   8.7673795967179780E-005
   7.0857299551288223E-005
   8.7038866481187449E-005
   6.4622885876883845E-005
   9.9614867936757498E-005
   1.4814763249471573E-004
   6.3465253947205430E-005
   7.3228227690656799E-005
   6.3913602082333855E-005
   7.7694916552648507E-005
   8.5257222118221670E-005
   6.8394986403502915E-005
   6.6205401483512838E-005
   6.2468662803584802E-005
   6.1516333099391249E-005
   7.7419035139818395E-005
   5.6445712362220447E-005
   1.4907850647847431E-004
   7.0532639021436184E-005
   1.2643017047908115E-004
   6.5085710644208672E-005
   8.6005847206099749E-005
   7.9209341149816967E-005
   6.1133553587775324E-005
   7.4844869429354090E-005
   9.8675184934144048E-005
   6.3884387718078617E-005
   6.0542692550979764E-005
   6.6311800365524869E-005
   6.6535059495994881E-005
   6.1466815030674743E-005
   7.6501928324741804E-005
   7.7500920453184104E-005
   1.6961250935369177E-004
   8.9668851162217039E-005
   8.5707569611522607E-005
   9.0740986058891645E-005
   1.2002810312052893E-004
   9.0895786583606534E-005
   7.2165437580546773E-005
   6.1628229648870775E-005
   1.4659687768405299E-004
   7.4187900214892294E-005
   8.0714396941894501E-005
   6.1425231888146626E-005
   5.7471686580617411E-005
   7.5610785569528050E-005
   8.6787329630680886E-005
   1.0897445593159092E-004
   7.3250263553731971E-005
   8.0155802156599236E-005
   6.8662581022633747E-005
   6.9416113087382992E-005
   6.5071033459264955E-005
   9.6792213118980665E-005
   9.0635408190855440E-005
   7.7822171452320983E-005
   1.0991187246537140E-004
   9.5618882204077929E-005
   1.1662785000112685E-004
   8.9811832643816970E-005
   5.0198890632686744E-005
   9.1515453559564222E-005
   7.1131130765819607E-005
   6.7307355234278514E-005
   7.4487447183683861E-005
   1.5951551602493266E-004
   8.0786310716858434E-005
   8.3492398585673154E-005
   7.4262637271465973E-005
   8.5637673151692692E-005
   6.6696000122259651E-005
   8.9759393739465056E-005
   6.2234766324314390E-005
   6.3035863180410729E-005
   8.2464661677894349E-005
   8.7080519267147483E-005
   8.9485755346789661E-005
   1.0849802638610611E-004
   8.0755474258601380E-005
   9.9475960482698806E-005
   7.7233693235259762E-005
   7.5511020003960283E-005
   9.9891315514909077E-005
   1.1452571302906206E-004
   8.6043566129306550E-005
   8.8115421387878143E-005
   8.9385495361410025E-005
   1.0512201919932990E-004
   8.6280266675536072E-005
   1.0584984739741977E-004
   7.3180333299073088E-005
   1.0553229285026218E-004
   1.2034969567287614E-004
   1.0017022173164441E-004
   8.9708968856445730E-005
   5.5870907116949188E-005
   7.8780474634116882E-005
   7.2360563581303091E-005
   8.3945748387282847E-005
   4.2781352508487768E-005
   8.4805517277002426E-005
   8.9612831522561725E-005
   1.0091892351649243E-004
   6.7522604864229648E-005
   1.5449585791849820E-004
   7.3270575493449494E-005
   7.7633158080805953E-005
   8.0801204481207833E-005
   7.9766726769196644E-005
   7.9316404010692371E-005
   8.3141476773353594E-005
   5.6153874638713563E-005
   8.9929845498125423E-005
   7.0267785728157068E-005
   7.7397031170450028E-005
   6.8490695247712689E-005
   7.9967464741860042E-005
   7.2736755627718507E-005
   8.4416487430578050E-005
   8.7928376167613107E-005
   8.3863716366994878E-005
   8.3796965174195594E-005
   1.0657950724501800E-004
   9.3106410713435374E-005
   6.0702119225466775E-005
   8.5023360667502011E-005
   1.1559565070385477E-004
   8.5543783883768149E-005
   6.9609626062254993E-005
   7.1444615258888530E-005
   7.8431205228522200E-005
   4.9713756982852659E-005
   6.5862059521853769E-005
   5.9467893525765800E-005
   9.9378390386230839E-005
   9.7903941839808415E-005
   9.6177460779799757E-005
   9.9454722898618557E-005
   8.0859786193927363E-005
   8.1218497590290539E-005
   1.1123720590422481E-004
   7.1151793883378114E-005
   6.3793214855019915E-005
   7.6851756099339619E-005
   7.1954048393936003E-005
   5.9545298231545911E-005
   8.2301530539004205E-005
   1.0606269107501854E-004
   8.0382251201111714E-005
   1.3119791072322134E-004
   9.8043644889601690E-005
   6.1424143000567496E-005
   8.3697011035091252E-005
   1.2794448095051090E-004
   8.3081939069323956E-005
   1.0469219683213140E-004
   7.2602437864223023E-005
   6.7946090806623630E-005
   6.9555768956862398E-005
   6.2578399435617594E-005
   8.6736503891782864E-005
   1.2466593031843287E-004
   6.6596028194783040E-005
   8.4187313303491778E-005
   8.9282824828627278E-005
   5.2171041069063087E-005
   6.4148968804595192E-005
   1.0481357039955592E-004
   6.1409846008697485E-005
   8.9911486766075188E-005
   9.0388222493074152E-005
   8.6355320109166912E-005
   1.3436013047790095E-004
   7.3841463911326888E-005
   1.0837279003037047E-004
   1.2601880679273243E-004
   7.9182100942195780E-005
   1.4107191760273397E-004
   6.4912256981851480E-005
   7.4835300061206755E-005
   6.2263659651837626E-005
   8.2219222254197041E-005
   1.0743530791398747E-004
   1.1912402999468419E-004
   7.3233007749097217E-005
   8.7108468507338387E-005
   1.1125407529452118E-004
   9.1416099125789710E-005
   5.8886977186377949E-005
   6.5403647800818166E-005
   6.3249124646972055E-005
   7.2494591713155959E-005
   1.1935649591134376E-004
   8.5482629573146009E-005
   8.8005785684673878E-005
   7.4282527712860949E-005
   9.4917106237932242E-005
   1.4684738225607269E-004
   8.4104276063845645E-005
   6.8180110279209946E-005
   7.6976263394224552E-005
   1.2883649430627566E-004
   8.7981593068680371E-005
   6.7044479285914319E-005
   1.0609417908988438E-004
   7.9241121570170999E-005
   7.4586305927803469E-005
   6.4417630006090878E-005
   6.2090029565858195E-005
   7.7830695257035664E-005
   9.3285141696540174E-005
   1.2837518648248371E-004
   7.2165771440544187E-005
   8.9070766240846800E-005
   1.0856336259711945E-004
   7.6658619445451798E-005
   6.4476267761999812E-005
   8.2513166138216778E-005
   8.6221529822430774E-005
   9.4059616862342851E-005
   8.0315467305293426E-005
   1.0604785725223665E-004
   9.4971731453991298E-005
   9.3770754450308588E-005
   7.6824653089472715E-005
   6.9323272399822195E-005
   1.6264781382331365E-004
   7.9575141927106389E-005
   7.8857388948467029E-005
   1.3384601367573431E-004
   9.7754698851925981E-005
   9.4093734638128171E-005
   8.1731866021931014E-005
   8.5605111272484571E-005
   6.9666790042102289E-005
   7.2374578593208089E-005
   6.6085761002581319E-005
   6.0362420226021233E-005
   6.9969816680270008E-005
   7.4341455434823560E-005
   7.4723567783594347E-005
   1.2554070322507127E-004
   1.1699171891533654E-004
   9.9105990175606310E-005
   1.3153587746243117E-004
   8.2853322977830205E-005
   8.0442056377044648E-005
   6.5453382034156546E-005
   9.3810195328923051E-005
   8.6898871042275126E-005
   8.4784981732318628E-005
   8.9877966046430182E-005
   6.0055040233031594E-005
   5.6547896306072018E-005
   6.6987427343649075E-005
   8.8891702550533198E-005
   1.3966388444038719E-004
   9.1657058348747837E-005
   6.6311287900550184E-005
   1.0611469459870072E-004
   1.9572086307246316E-004
   9.9150322666975141E-005
   8.2716441636660672E-005
   1.0324972454907518E-004
   7.4341899302744386E-005
   7.5142214045613800E-005
   8.9791077209058626E-005
   4.8701534087260800E-005
   1.1221653744863572E-004
   8.5988236629729473E-005
   1.1724056615665865E-004
   6.3203055645327170E-005
   6.2674640945156978E-005
   5.0163491006989733E-005
   6.7111430791183150E-005
   5.8301215314000356E-005
   9.0624369412170807E-005
   6.3333124454245383E-005
   5.8610420719485396E-005
   4.4414415192145535E-005
   8.0841570345682013E-005
   9.4164453557702492E-005
   7.6631402146983335E-005
   5.9921897113930883E-005
   1.2104876702082891E-004
   1.2582098547611733E-004
   9.7980189677055103E-005
   7.7807131104778491E-005
   1.2381752135897154E-004
   9.7738933643642790E-005
   8.2394463880165289E-005
   8.0190891937703305E-005
   6.0696504141401202E-005
   8.8870931597208089E-005
   1.1120688937129715E-004
   6.7545944843290173E-005
   7.9843590967742232E-005
   8.4061861440149743E-005
   9.7688197211734496E-005
   8.3535780398826513E-005
   5.1162808354251723E-005
   7.3303856838363566E-005
   9.3868536087725606E-005
   7.1950297746625113E-005
   6.6936842438583083E-005
   9.5579248708912502E-005
   7.2197463299272197E-005
   7.4609129816958104E-005
   6.9749437438490025E-005
   6.2564720942355178E-005
   7.1959361630078781E-005
   8.5124920885483042E-005
   9.1508872815607582E-005
   7.5599236298543143E-005
   8.1714181403379105E-005
   7.9847370559666891E-005
   7.6864395588512185E-005
   1.0813889814667165E-004
   5.8557983349397117E-005
   6.4421310172999209E-005
   1.4825176374005149E-004
   1.0608919066526212E-004
   1.0846662474931207E-004
   1.0975493885654071E-004
   9.3451705173462019E-005
   9.0939592326185446E-005
   9.3095764982603971E-005
   7.7341843097101156E-005
   9.2525253444242385E-005
   7.4043896774397236E-005
   9.2799574500633579E-005
   7.1060641498228575E-005
   1.2751931974445374E-004
   8.1007208824315538E-005
   6.3199908252808821E-005
   1.0304811343638506E-004
   8.6003106802126086E-005
   9.9462412641524741E-005
   6.8291651470965363E-005
   7.7949824438703038E-005
   1.0031065383749308E-004
   7.5460748306186370E-005
   6.6920955679060075E-005
   9.8615902773655612E-005
   5.6580269848992297E-005
   9.3580490650503362E-005
   6.5031712191232632E-005
   5.4273700931776786E-005
   7.2903482611555404E-005
   1.0521946043312314E-004
   6.2210748666394845E-005
   8.3330894800443610E-005
   6.4530994605933495E-005
   1.0281306482817853E-004
   1.7761771799310567E-004
   6.7013298889358024E-005
   1.0790934995841540E-004
   1.0539575121400642E-004
   6.3670760682941799E-005
   7.7549594547424855E-005
   1.0053305902610110E-004
   1.0743529386229046E-004
   6.8485758347218022E-005
   8.3137828762247089E-005
   8.6313528003814063E-005
   8.1509897501256225E-005
   8.4844969646390148E-005
   9.9174088599198178E-005
   7.6106084269614906E-005
   8.8765998490736146E-005
   7.3912584682473261E-005
   7.8530011338331568E-005
   8.3536405406644759E-005
   1.2772078743316018E-004
   5.9453321488182485E-005
   1.3922032962949572E-004
   7.7562941387934687E-005
   6.9051316091590226E-005
   9.9663365226436087E-005
   1.0195768164226717E-004
   7.0051330090171421E-005
   7.2969742253813275E-005
   9.0996388585486008E-005
   8.1528796445929887E-005
   8.1221565180446389E-005
   6.4897717230958109E-005
   1.5331354482032788E-004
   8.6927510457931190E-005
   1.0696083214476388E-004
   1.0328793580936560E-004
   1.2115306538275352E-004
   8.7326565678417977E-005
   5.7287843940468503E-005
   5.0500249585116389E-005
   7.1310720092510109E-005
   7.8949216288560296E-005
   7.1645046179463569E-005
   6.8270007537909433E-005
   8.9554905026642919E-005
   9.8248086882805121E-005
   5.9578413006018007E-005
   1.0279249198546947E-004
   1.0464734836821535E-004
   7.4042437341425871E-005
   9.4969229187805878E-005
   9.1098438992222891E-005
   9.8537791777378981E-005
   8.4517455387719901E-005
   1.1142037908198309E-004
   1.0359269535122297E-004
   7.6751085037530021E-005
   8.1272077386484282E-005
   5.9403588678290251E-005
   6.4789798149639648E-005
   5.5215117216038402E-005
   5.8418929987475066E-005
   6.2302104914296164E-005
   5.3776146328006652E-005
   7.9475127189951056E-005
   7.9906316836457044E-005
   6.4919742331701364E-005
   5.5566924745051011E-005
   8.8783685225455892E-005
   5.0718877915932806E-005
   1.0385546854198130E-004
   8.3961432821872247E-005
   6.0669207279084479E-005
   7.9585452535383072E-005
   9.1051201842516706E-005
   1.2024807015576786E-004
   7.0246229896248175E-005
   7.6233949737320852E-005
   5.6086678738630470E-005
   8.6869607288286727E-005
   8.9713493623628463E-005
   7.7587181144598535E-005
   8.4221943186772884E-005
   6.4262800191074591E-005
   9.3363912238776767E-005
   6.8366352933340989E-005
   6.2120272404119208E-005
   7.9374263474253092E-005
   1.0459145944768628E-004
   8.3444881742546838E-005
   1.0232512318659545E-004
   7.5059157811731349E-005
   7.0869525570097387E-005
   8.2809708282429356E-005
   9.8912539956366854E-005
   7.2416620226711724E-005
   6.2316632970630816E-005
   1.2848993345198091E-004
   5.3915259295442337E-005
   1.3319123182147831E-004
   6.7867530453546667E-005
   8.0521891702934091E-005
   1.0678315937010703E-004
   7.0201101429881503E-005
   7.8817139560524718E-005
   9.1172406058492373E-005
   1.2140737508901875E-004
   8.4314408451701856E-005
   7.7618354571072496E-005
   5.9779200239851323E-005
   7.6283325660821702E-005
   9.4841633626009024E-005
   1.7318448083818277E-004
   9.5760835140487626E-005
   7.4971507757249655E-005
   6.4858092391801873E-005
   8.0475761978208020E-005
   7.0392353371650016E-005
   1.0796582452136327E-004
   5.2385648544059108E-005
   7.5955048796885803E-005
   8.4597014317882481E-005
   7.0969968385851059E-005
   7.1895859817229421E-005
   9.1115317057663975E-005
   7.3896934903865531E-005
   4.3500367970775432E-005
   6.9893934231648710E-005
   9.7181853365665177E-005
   6.8470363302189954E-005
   1.3776016098876611E-004
   1.2151423664934170E-004
   6.5678397463031187E-005
   8.8896845405806027E-005
   7.1768991888907470E-005
   1.0656390786487875E-004
   1.2331822092143880E-004
   7.9271138196911252E-005
   6.9211890953453238E-005
   6.5864982009584643E-005
   8.0356626456517589E-005
   8.0442080487885359E-005
   9.9454820616203110E-005
   9.4246398929828968E-005
   5.6306330329945830E-005
   1.3776477461363527E-004
   1.0357105108115122E-004
   7.4379072685295514E-005
   5.0994727492428461E-005
   5.0157391689937884E-005
   1.0187231732827119E-004
   1.9132777112310402E-004
   5.8154225512429029E-005
   1.1957780831143110E-004
   9.7781580308464494E-005
   9.9417156635727555E-005
   6.9560469374406236E-005
   8.0533913790363618E-005
   6.7148328966951500E-005
   8.1856041787187558E-005
   9.7504476781445142E-005
   1.3036095034251759E-004
   8.2367751350066751E-005
   7.4389932593362177E-005
   9.3721559683490315E-005
   6.5817485388912274E-005
   1.1004300651862715E-004
   1.5693143637962047E-004
   7.2581882552690463E-005
   7.5414250175184110E-005
   9.1858538047501274E-005
   6.1939843421498757E-005
   7.2967008450125549E-005
   9.4598863028168154E-005
   8.6447236601249004E-005
   6.7813212562568576E-005
