   8.4981911012763306E-005
   9.5215805598061366E-005
   1.1663465200609332E-004
   6.6884957264238396E-005
   1.3683315005060689E-004
   1.1560291860163552E-004
   1.1897541156224615E-004
   1.5345162718535932E-004
   8.1847734856548189E-005
   9.2475012533576754E-005
   7.7693600001512317E-005
   7.7627585032427119E-005
   8.1794598902653676E-005
   7.7736851614209750E-005
   1.1509859420115668E-004
   1.2632617059852238E-004
   1.1288677288841875E-004
   7.9687790939477702E-005
   1.0495638923771064E-004
   8.0645956991111869E-005
   8.0889493527740991E-005
   1.1141747362746921E-004
   6.8353081506158039E-005
   7.0114959406158536E-005
   8.0705666563220520E-005
   7.9599709065458294E-005
   8.6128200787631136E-005
   9.9185874645259668E-005
   9.6747086257114340E-005
   7.3587672165188972E-005
   8.7925590566535083E-005
   9.2845748600922201E-005
   1.2449276771351413E-004
   8.7239824575939385E-005
   1.1706607171890281E-004
   7.2169124107285693E-005
   8.5625513773429421E-005
   1.1351279422931988E-004
   8.8226572253490191E-005
   1.1140039419813615E-004
   4.5261001297460660E-005
   7.0011457140112769E-005
   7.1007214342337085E-005
   9.6344762779934672E-005
   9.6467343010972581E-005
   6.3423126404282501E-005
   1.0184207149751507E-004
   1.0182765911630068E-004
   1.2835923827439222E-004
   8.0085649235034945E-005
   9.1871218224110808E-005
   6.9088809596326529E-005
   6.6215434159005448E-005
   1.1689007422137851E-004
   8.0234997269654082E-005
   7.9263949391260096E-005
   9.6896200408025423E-005
   1.0003996103410285E-004
   8.8734367811130763E-005
   7.8503364311777405E-005
   7.4675078399054622E-005
   6.8084503356518448E-005
   7.8967222279622868E-005
   7.4151889294901853E-005
   5.2831329766380323E-005
   1.1456460212436734E-004
   6.3920392620285429E-005
   1.0646622820508012E-004
   7.7090201386085402E-005
   8.7988172595804401E-005
   6.6043324479595229E-005
   6.6881924343571342E-005
   1.0750464871875800E-004
   1.2384057069087000E-004
   7.0143737757481499E-005
   1.1215515817497752E-004
   9.6127317003208998E-005
   1.1717694754903921E-004
   8.3092181270107374E-005
   1.0506006155151832E-004
   8.6359171911148854E-005
   9.1743931554923226E-005
   1.1240910674382301E-004
   8.7659429312368162E-005
   1.0954408112885822E-004
   6.7535051041760726E-005
   8.6777416192533249E-005
   9.5493999510776569E-005
   9.0931390225533379E-005
   8.1576720216802883E-005
   6.5335431862176984E-005
   6.4875461738781641E-005
   8.3400900135029144E-005
   9.9254415269349366E-005
   7.4755777229466481E-005
   6.9001131875277285E-005
   7.2420422296912040E-005
   1.2741634678487462E-004
   5.7188324790198461E-005
   8.5685525103658476E-005
   9.8767711284253527E-005
   8.2376549948089941E-005
   6.7071503629405305E-005
   1.1224066351139978E-004
   7.1928860446440112E-005
   8.2946370283487237E-005
   6.9143511732928708E-005
   7.0891398079082430E-005
   5.9600888659017458E-005
   1.1552690322682151E-004
   1.2094938165112234E-004
   1.1097193458517798E-004
   7.8502895228806249E-005
   9.1820415961691468E-005
   8.5953443233412479E-005
   6.6108186873987691E-005
   6.1623468331545599E-005
   7.0121803239627482E-005
   1.0362131340844152E-004
   7.6778078041114738E-005
   7.7152772184371183E-005
   6.2017493934681187E-005
   7.0744582304445248E-005
   8.1854831474613383E-005
   1.4103354975839282E-004
   7.3024824541861042E-005
   9.0077180602045944E-005
   7.6247464144930678E-005
   7.5366730833128888E-005
   8.7222429285443970E-005
   7.5957311970890952E-005
   6.1371670441274389E-005
   7.8325543727202442E-005
   8.1096114626695570E-005
   8.1234995706079994E-005
   7.5692210990221747E-005
   9.4801693701306131E-005
   6.7179599952399204E-005
   7.5979870046026149E-005
   1.2312125036532978E-004
   8.3910470455637285E-005
   6.8453030486969791E-005
   9.2152895891148588E-005
   7.5537774936023925E-005
   6.6532511525793585E-005
   7.5831927515207636E-005
   7.9853982841990285E-005
   5.2980422527923129E-005
   8.9262071606802668E-005
   7.5670619735996935E-005
   9.5680371240542924E-005
   1.1623853533867413E-004
   1.1096829143179697E-004
   6.2596784587711391E-005
   1.0475319361183969E-004
   8.6825195132740908E-005
   7.2212867173800045E-005
   1.2123528684356984E-004
   8.6139527162609948E-005
   9.0743897798478405E-005
   8.6067812944811228E-005
   5.5246642720873470E-005
   1.1935314453077271E-004
   6.5883846700074439E-005
   7.5374307531624949E-005
   6.3350032442798172E-005
   7.7427542599068543E-005
   1.0807888532486061E-004
   7.9125234846908737E-005
   7.7577353916102743E-005
   5.7756558412438835E-005
   7.6781339968420341E-005
   1.1070501568999739E-004
   8.6763613149671765E-005
   1.2329823001906335E-004
   6.1313874798454393E-005
   1.1583097124986028E-004
   7.8402304405785463E-005
   9.8399866916244850E-005
   1.0502055373401714E-004
   9.1782222098602201E-005
   1.2156297756260278E-004
   7.9296991007786271E-005
   8.5066796130717573E-005
   6.0130480991292736E-005
   5.8170215291357455E-005
   6.8491410701859327E-005
   1.2292624612303610E-004
   7.8016107819193332E-005
   8.1113160163126950E-005
   6.2162348595577106E-005
   1.2476624209755143E-004
   6.2735392851081081E-005
   8.9152360603732397E-005
   7.2675512952861615E-005
   7.6955833363503013E-005
   7.9992225999621255E-005
   9.5035949350382487E-005
   7.6172111010821793E-005
   5.2467811963909104E-005
   7.5471979990051019E-005
   8.0887939784778440E-005
   7.5236300354575205E-005
   9.6579583565696036E-005
   1.1950343784123454E-004
   8.6667524503018778E-005
   8.7885021861980287E-005
   1.0299846150140548E-004
   7.3876549672188905E-005
   9.9385134954350888E-005
   8.7158531456035817E-005
   7.1211616339520389E-005
   1.6059533874396021E-004
   8.0450906438727046E-005
   7.0193615685423472E-005
   9.8492863332744600E-005
   1.0487594364400952E-004
   8.7056369554588836E-005
   1.3607640224967452E-004
   1.3169315318296442E-004
   9.2548930788225828E-005
   6.4253855331874402E-005
   7.2639460086336779E-005
   6.8708077846140213E-005
   8.3390506925640461E-005
   8.8521690427429789E-005
   9.2235790092450802E-005
   7.5478438345391111E-005
   7.7250853852283251E-005
   7.7457532239866113E-005
   9.9190642185631038E-005
   7.2648366599600652E-005
   6.5053281093111016E-005
   8.4928311820601712E-005
   1.1246473189293075E-004
   6.7600828027354395E-005
   6.8216319160152299E-005
   6.4589382145442353E-005
   5.8198645120352762E-005
   6.1780936001454479E-005
   6.9820057697927943E-005
   2.0712945891452139E-004
   6.3540251478918464E-005
   6.9709153668445528E-005
   6.4826155447036867E-005
   1.0735405332326958E-004
   6.8524290304229762E-005
   8.4642757863197173E-005
   8.1250088806890806E-005
   1.1561082971964821E-004
   7.2923489085757130E-005
   6.7294578877904470E-005
   7.4963205150041276E-005
   8.8436079473854504E-005
   9.6447908343795803E-005
   1.0705034311876928E-004
   7.3658459135265294E-005
   1.7013913769121241E-004
   6.5066426701075708E-005
   9.0705389111461849E-005
   7.7818487051781738E-005
   1.0854782296317951E-004
   8.5689232136946220E-005
   9.4253534180483572E-005
   8.0944972028492611E-005
   7.3905388271352886E-005
   5.6488408427280100E-005
   1.2588251595361996E-004
   9.5372686287643096E-005
   1.1480933666061695E-004
   5.2093554434472790E-005
   8.2238025005370639E-005
   1.4037280364682955E-004
   8.7999872684392099E-005
   6.7770122842505939E-005
   6.1466507670006603E-005
   1.6411834061195085E-004
   8.0484291097727341E-005
   6.6706606863508564E-005
   8.5359914359067933E-005
   1.0575408366539065E-004
   1.0580008795230315E-004
   1.0842442074629721E-004
   7.6741044676125662E-005
   1.4115375079789636E-004
   1.6321559773846574E-004
   8.1924339868536170E-005
   8.4081279919359390E-005
   7.4360668657973323E-005
   9.6556778489469586E-005
   1.0039633439363448E-004
   6.6385758072238672E-005
   9.6248270630274651E-005
   6.0270892254502058E-005
   1.1270196601857154E-004
   1.4836103715141404E-004
   8.3214900361028876E-005
   6.3370593715143304E-005
   8.1730562217411236E-005
   5.7137931850886898E-005
   7.8679616694655205E-005
   1.0409724770490894E-004
   1.4283907503378869E-004
   1.3454172420553399E-004
   9.9146650957894253E-005
   1.0004995778180544E-004
   9.3958855941229878E-005
   1.0718809014504872E-004
   9.0730375209188420E-005
   1.4222614644488526E-004
   9.5817460398489672E-005
   6.1376444350184689E-005
   1.0461331101567595E-004
   6.2163646314953726E-005
   6.1958678842705375E-005
   1.4260493378508379E-004
   8.7297327364233663E-005
   7.3709856211320385E-005
   6.6946169435771002E-005
   7.9327833089155449E-005
   9.9606549547044516E-005
   6.6496534488886278E-005
   1.0526970880282428E-004
   8.3482689273825663E-005
   8.1859459348376993E-005
   1.0124043927251448E-004
   9.6008750830146733E-005
   8.9457193036958442E-005
   7.2333992430457774E-005
   1.0910312239008097E-004
   6.0682438866547838E-005
   8.9015795634197212E-005
   5.8352412110770015E-005
   5.6992965874699712E-005
   9.0311314803721580E-005
   8.9721867418986469E-005
   4.8957436393848099E-005
   9.0375522185789442E-005
   9.0127399290821096E-005
   7.2164335614718737E-005
   7.6939349608911770E-005
   6.6089839773633631E-005
   6.2202658950345351E-005
   6.7134442155577571E-005
   8.0422479624312404E-005
   7.0512343080449729E-005
   1.1326979580241492E-004
   1.2202801286280931E-004
   6.5002152484184064E-005
   5.7286493582761116E-005
   1.0984329305584833E-004
   7.8066471595700189E-005
   6.9612630785953659E-005
   7.3152720507761479E-005
   8.2671312770429939E-005
   7.5224620787248318E-005
   8.4487126122194766E-005
   7.3224553241412049E-005
   9.4945801025343162E-005
   6.0002626135815043E-005
   9.6940916143774928E-005
   1.1186676444782805E-004
   7.9023215017508510E-005
   7.4694666562369374E-005
   1.1245372298501965E-004
   8.2594632746976534E-005
   6.1997998897555921E-005
   6.0122261897246441E-005
   9.8555759453596088E-005
   5.2348163562495288E-005
   6.7100451897296389E-005
   1.1335033089645071E-004
   1.1885806901681645E-004
   1.2138822941276512E-004
   8.7631968320308094E-005
   9.7496266545042375E-005
   9.5233256608141434E-005
   7.6607711221347407E-005
   6.9283988336137710E-005
   7.2443682639791507E-005
   7.8420811085242899E-005
   7.9994795894509091E-005
   6.0010452855439498E-005
   6.3889073860694061E-005
   1.0454862290095163E-004
   9.9850118188832677E-005
   6.4519243811135083E-005
   6.8794163404598018E-005
   1.1205249268482933E-004
   6.3435683715707360E-005
   8.6785543235422659E-005
   1.3556313893700120E-004
   1.0907214517541818E-004
   7.7410420177171396E-005
   8.2510508402287142E-005
   1.2130824950239090E-004
   8.9677556049941255E-005
   1.1028095998358086E-004
   8.0160629966271278E-005
   1.0853620103782534E-004
   9.4551657402985032E-005
   2.1951665365415736E-004
   7.0650504298948056E-005
   6.4988693042190824E-005
   2.3881756194758322E-004
   6.4590018570511993E-005
   7.7900468084344230E-005
   9.3205501024146351E-005
   1.2721099735718078E-004
   6.8856907204370443E-005
   9.1852514386662362E-005
   7.0028112310863925E-005
   7.6351566703699892E-005
   8.5450221445701271E-005
   1.5026322472489877E-004
   9.3287098079173435E-005
   6.1435828568048032E-005
   5.8506493178737322E-005
   6.3395469368623394E-005
   7.1935156753736803E-005
   6.0932181592721659E-005
   7.6027589528952547E-005
   7.1915926000136818E-005
   5.8613265134866118E-005
   8.8425093004547472E-005
   7.5157464429284309E-005
   8.3832372902176348E-005
   6.9431649107018251E-005
   8.9163450344454097E-005
   1.1492660596222800E-004
   8.1473556735823713E-005
   1.5673483659422137E-004
   6.8935877981971458E-005
   6.2151191408755865E-005
   8.5514590412123158E-005
   7.8627552672062498E-005
   1.0692994918684426E-004
   1.2884420236561922E-004
   6.8502354689879967E-005
   1.2709988573605157E-004
   1.0576445629031643E-004
   6.0376291600346320E-005
   6.8133595955082192E-005
   1.1546989826455471E-004
   6.9776929015993085E-005
   8.5781735909677662E-005
   1.1353034915198574E-004
   1.0174440203236650E-004
   1.8224802543506875E-004
   5.9085795370717619E-005
   7.3392892757380667E-005
   8.4085460238087989E-005
   7.0305877752428045E-005
   1.0769263711388568E-004
   7.2144768656094848E-005
   9.7636798643242507E-005
   7.6888073899897174E-005
   7.3679373060582938E-005
   8.1150684918047361E-005
   6.9117013432992290E-005
   7.5386213538637618E-005
   8.4234951281821226E-005
   7.0721973447584668E-005
   8.9006482086390848E-005
   9.9123570305194731E-005
   9.5021680478005280E-005
   8.2307475160435639E-005
   8.4707705721697945E-005
   1.4186233599435731E-004
   8.2675220902337442E-005
   7.0000409227827129E-005
   9.5899374430808730E-005
   5.9910959189502972E-005
   1.1241352644309379E-004
   6.3052753694921380E-005
   5.9761240098184687E-005
   9.6324630648357722E-005
   7.8823741000581615E-005
   6.8773405197350947E-005
   1.5645174788823338E-004
   5.4380261813083316E-005
   8.4983801452938733E-005
   8.6346397947384195E-005
   8.7511098807412159E-005
   7.8347549319740019E-005
   9.5253596496512914E-005
   1.0243019748505985E-004
   8.6795399674009923E-005
   7.5087135258790612E-005
   1.1735086248703083E-004
   1.2898554515233999E-004
   7.8866032197562352E-005
   7.3244675147571061E-005
   1.0557459163097403E-004
   7.3873932396837950E-005
   8.6003270079961728E-005
   9.4866550858190940E-005
   1.2370338475013582E-004
   8.1473258580661939E-005
   6.6184563897051830E-005
   7.0740439646382495E-005
   1.0915453370735497E-004
   1.0748340364677056E-004
   5.5918807170012113E-005
   9.0653884738222965E-005
   8.7934048963180558E-005
   8.0237014456802059E-005
   1.1959755817311713E-004
   1.2396185651317510E-004
   1.1534981363444700E-004
   7.9079654090631436E-005
   1.1684021711543975E-004
   8.4356137558396074E-005
   6.5629214931742358E-005
   7.8728440224239978E-005
   6.8678380901498299E-005
   7.1859502994215904E-005
   9.9501900540397591E-005
   7.4835489623322786E-005
   6.0917071620430106E-005
   8.3734314514053861E-005
   7.7154207426119589E-005
   1.2075530412284817E-004
   8.5682218097050792E-005
   8.9944263268224283E-005
   1.1063432361460848E-004
   1.0209339912039317E-004
   8.7833209623041728E-005
   8.3498033736190767E-005
   8.0751593359827418E-005
   1.1253224719744556E-004
   7.5688223938670583E-005
   7.3068052504431588E-005
   8.6669792300037189E-005
   5.1614347046542800E-005
   5.8531698363402249E-005
   6.5399829298875151E-005
   5.4704556729333997E-005
   7.7462442325129091E-005
   1.2410249879604902E-004
   5.2855454101176083E-005
   1.3940003330975852E-004
   8.3645202714521618E-005
   1.0500999956051977E-004
   9.3900996805571928E-005
   7.2939334816188244E-005
   6.2017275686505443E-005
   7.5659732642318830E-005
   7.7078632981669504E-005
   9.6748142809266843E-005
   8.4570604768160991E-005
   5.5890200690947959E-005
   9.5967369255476698E-005
   9.5413046879188576E-005
   9.6843814924786392E-005
   5.8756536344756231E-005
   7.4174284910692368E-005
   6.4353189364528885E-005
   9.2924609644317430E-005
   7.1985084383403662E-005
   5.5796708618866343E-005
   7.2447385181214594E-005
   1.1000658502212943E-004
   7.7163204654368748E-005
   1.5114671202363250E-004
   9.1569317152630307E-005
   1.0470183268586987E-004
   5.8873401237659522E-005
   8.2814042150411129E-005
   7.7515012572223230E-005
   8.5525748720078970E-005
   9.8916915167785561E-005
   1.0060482615735870E-004
   1.2851872041213429E-004
   7.5201443758068974E-005
   8.6188282357443547E-005
   7.0693999233100718E-005
   7.4510485473671168E-005
   1.0516584823642016E-004
   9.5951281388946286E-005
   1.0419126175367537E-004
   8.9830118923980715E-005
   7.5835177203291965E-005
   9.4973009370220325E-005
   1.3958552706244223E-004
   8.9794774458971591E-005
   8.4280181365425349E-005
   9.1284032169049341E-005
   5.9693413127041663E-005
   8.2158410688208371E-005
   8.2739396656124770E-005
   1.5821181785004884E-004
   6.7737367301276571E-005
   8.2596172350182093E-005
   6.1316955933236845E-005
   1.2340331095980693E-004
   6.5982587247408585E-005
   5.9770360215505690E-005
   9.3025172093902915E-005
   9.3678463432116175E-005
   1.0255031433295543E-004
   8.7794962163689237E-005
   5.7588627017816843E-005
   8.2498191119001208E-005
   1.0281628426896621E-004
   7.2221872971154876E-005
   1.8405060063730422E-004
   7.0789539475702123E-005
   1.3614951270755655E-004
   6.9733575132490465E-005
   9.7910541618592779E-005
   6.7776746559318187E-005
   8.9691337160912246E-005
   1.2088831111664465E-004
   6.0737427563288646E-005
   1.1395609439407541E-004
   8.4671061522564241E-005
   9.4101265855592775E-005
   6.8054299984136608E-005
   1.0116432018847515E-004
   9.6788014821513993E-005
   8.1230561051229868E-005
   6.9503832494878482E-005
   5.7382522119729620E-005
   7.8984921868983143E-005
   7.9960021148356842E-005
   9.2335804153626598E-005
   7.7742169804423386E-005
   7.1139270428470549E-005
   9.1040852742765665E-005
   1.8132900038372459E-004
   8.7052114552869475E-005
   6.4254143177253160E-005
   7.3001228532194580E-005
   1.1849501483973797E-004
   9.5340836378174867E-005
   1.1040698458288638E-004
   7.2811406901470137E-005
   1.6235031698230321E-004
   7.8103376988753644E-005
   6.3741865358159369E-005
   7.8818124310778566E-005
   7.6108622316559094E-005
   9.3550751196980078E-005
   7.5980234984767377E-005
   8.0522637496456177E-005
   1.2561416622176264E-004
   5.5572424912450233E-005
   1.2858314487486754E-004
   6.9834380007964544E-005
   1.0252246672205553E-004
   6.1153723939125378E-005
   7.9932651636478657E-005
   6.6723305252421164E-005
   7.8073413146009289E-005
   1.2408648842978444E-004
   8.1861343812929564E-005
   5.1543767822408564E-005
   9.2786428921992693E-005
   5.3208243231368507E-005
   8.0813333058179249E-005
   1.0225532569275189E-004
   8.2709753816771181E-005
   7.6291537161909034E-005
   6.4455250523628757E-005
   1.2129872958550969E-004
   1.0712350926592858E-004
   6.9329228429171073E-005
   1.2915312159102787E-004
   9.0257858746472017E-005
   9.7256955982961919E-005
   1.1248048971815307E-004
   6.2582600534036282E-005
   9.3951533018208979E-005
   9.0703659563361300E-005
   1.1980044584393368E-004
   8.7153515001439522E-005
   1.4877070998306927E-004
   6.7353077730636100E-005
   6.1881183149467840E-005
   5.9139290119741772E-005
   5.0014683194620484E-005
   7.3753937208345338E-005
   6.5908421213770697E-005
   7.4955080118109700E-005
   1.2010227520358633E-004
   7.1352743853426003E-005
   1.2486395484811387E-004
   8.1008000636547165E-005
   1.0443912606647373E-004
   8.1542105862645323E-005
   7.5880916051893424E-005
   6.4396266377490390E-005
   1.6888657046937859E-004
   9.2115847158709524E-005
   1.1119228180504741E-004
   6.4176153103898446E-005
   7.4728731024719525E-005
   1.1041483485487672E-004
   8.1992636119069702E-005
   1.9858732672661174E-004
   1.2828401476641663E-004
   8.4486389920153827E-005
   8.0666479108942545E-005
   1.2925402702230538E-004
   9.6354321298703551E-005
   7.8017464095321806E-005
   8.7393829653067731E-005
   6.9271105544857977E-005
   6.5327508734343843E-005
   1.0020520555411696E-004
   6.1632647692025483E-005
   6.2069527314680803E-005
   7.4760326904806064E-005
   6.7146590816264426E-005
   5.3881399663416865E-005
   7.8918516401978950E-005
   7.8974979974896566E-005
   7.7346167328634145E-005
   6.6125595217380004E-005
   1.1378057087145193E-004
   7.2224292289718326E-005
   1.0663331443164383E-004
   9.5195718336509632E-005
   1.0435358423923087E-004
   9.4120375738275644E-005
   8.7891018958876504E-005
   1.0800655370170121E-004
   8.0331788410707082E-005
   7.0723004074802175E-005
   9.1385280347732747E-005
   6.5256034650642585E-005
   1.1742140493717099E-004
   7.2339175510877682E-005
   8.6554657380518468E-005
   1.0055745690072130E-004
   7.6582083863948656E-005
   8.0639390156937761E-005
   5.9366085701485493E-005
   6.6576370077794711E-005
   1.4148825575794778E-004
   7.2760617966139308E-005
   7.8496171314589754E-005
   1.0320017651279914E-004
   7.1192862351096515E-005
   9.2211248906866352E-005
   1.2355622544617489E-004
   6.4273412136907297E-005
   8.2230493906935645E-005
   5.8892532984965019E-005
   8.4256576489399079E-005
   6.4885204542770281E-005
   7.2680551225804153E-005
   4.7430095562044448E-005
   7.9144594227216559E-005
   1.1360257957179682E-004
   7.9739411555840422E-005
   6.2608651255652929E-005
   9.5938018179642784E-005
   7.6347921971786764E-005
   7.4996313071128793E-005
   8.1746022463238178E-005
   1.0375767650533026E-004
   8.8553610191672476E-005
   1.0673526341605947E-004
   8.9431299373032364E-005
   7.6353120655909897E-005
   7.8588190554116405E-005
   1.3789528186330217E-004
   9.9099849973443023E-005
   6.0896513322477591E-005
   9.9508751085387607E-005
   5.4014666478404219E-005
   6.2909205991406675E-005
   1.3888929261427540E-004
   1.0736354372678653E-004
   6.7487434774584363E-005
   1.1083856131279525E-004
   9.7515720919247290E-005
   9.3509957530495203E-005
   8.3042490800788217E-005
   1.6321086999362191E-004
   1.1611856508934214E-004
   9.7376359711293911E-005
   1.3267714826897139E-004
   4.6064721789269451E-005
   6.0503962899582598E-005
   1.7723592534149855E-004
   6.4088866078632179E-005
   9.1540338107993962E-005
   7.3050892051716620E-005
   6.9719243554291048E-005
   9.3713962960575525E-005
   9.9127665793220159E-005
   1.0232677965313653E-004
   8.5504948098357188E-005
   8.8125789488700110E-005
   8.0109582744585932E-005
   1.1193425802867959E-004
   9.4408947365710533E-005
   6.7205957293121365E-005
   8.3365157469518381E-005
   1.0643527736101297E-004
   1.1273730795060774E-004
   1.1961962674960146E-004
   1.3415214702726464E-004
   1.1330325214119830E-004
   1.6125297382236795E-004
   8.3099738277223357E-005
   1.0279647895020253E-004
   1.5437356919619177E-004
   1.4957759517301102E-004
   6.4588725470904690E-005
   7.9450821577253596E-005
   9.3668793262855155E-005
   1.1968152157435858E-004
   1.0307009541354064E-004
   7.1346488502801284E-005
   1.0888160382278245E-004
   8.7087849311662938E-005
   9.0669695957170090E-005
   4.7429522445276151E-005
   6.9872634226410740E-005
   9.7110495937314013E-005
   6.9627641604579879E-005
   7.2716955494402010E-005
   7.9818859661272832E-005
   1.1455764634089264E-004
   1.2001628829397035E-004
   5.8064012822140944E-005
   4.9457900573564240E-005
   6.7000044834381761E-005
   8.3381716172340175E-005
   1.8286634974048975E-004
   7.1239555763034389E-005
   8.0998689209678341E-005
   1.2430369930103145E-004
   1.1960049427048707E-004
   8.1202443004522402E-005
   9.0667662671034085E-005
   1.0514436608719483E-004
   7.6809605026186746E-005
   9.6448206243983557E-005
   9.3398405717349029E-005
   7.0035331917406838E-005
   6.9044644623457110E-005
   5.2422060461743624E-005
   6.6388598539916200E-005
   8.8404840263477073E-005
   7.4726197009974092E-005
   5.8349984837551692E-005
   9.3967562150911775E-005
   9.5229997986036549E-005
   5.6464657559970504E-005
   9.6481357159359894E-005
   7.1864369066983560E-005
   7.3846161130597388E-005
   1.0287405607289534E-004
   1.0056699988592300E-004
   9.1648417951364816E-005
   6.1549455610853071E-005
   8.0609684506610925E-005
   6.2688421137196981E-005
   1.2362949802239442E-004
   8.8896301654836469E-005
   9.9304954336204351E-005
   7.3748917127539534E-005
   7.0792331410731211E-005
   7.0109132557611388E-005
   7.0957132879484439E-005
   6.1405572322169229E-005
   1.0184840823253863E-004
   7.4953954540352561E-005
   1.4113158004502123E-004
   1.3834382772286822E-004
   6.4339449891266990E-005
   1.0063669427729251E-004
   9.3766606947555647E-005
   8.2743134120767217E-005
   7.8581191746944357E-005
   7.9993515779003998E-005
   6.9450766729017496E-005
   9.3130846772852694E-005
   9.0632471933757016E-005
   7.1743884183224420E-005
   7.0937691377739376E-005
   8.8909504676464788E-005
   8.4590834839853838E-005
   1.2802892651339598E-004
   7.1754540065635880E-005
   8.0127335708411753E-005
   5.5935373026899990E-005
   7.0592015093339262E-005
   1.0034731815914701E-004
   1.4376945468548794E-004
   8.7801661360810648E-005
   9.4362488227049896E-005
   7.5863420513460711E-005
   7.6904565917166828E-005
   1.0965619389307194E-004
   7.5856945853496248E-005
   7.2080816772491141E-005
   1.2822014422295640E-004
   1.0457495541450842E-004
   1.1570700044441625E-004
   9.3831910835947223E-005
   5.7071849757767308E-005
   1.1257580625775220E-004
   1.2600490317802687E-004
   7.4719429269394120E-005
   5.9090351648760341E-005
   9.1198405482640022E-005
   6.9220318126357686E-005
   7.7905972382413515E-005
   8.1045711343855951E-005
   9.0775876488594917E-005
   6.7840993006976479E-005
   5.3043190830833002E-005
   6.8600750838928901E-005
   1.3152827939725336E-004
   5.9195073639627787E-005
   7.3979593327895527E-005
   9.4324580950072933E-005
   7.7712994200280591E-005
   7.4569254635631588E-005
   9.5251967936645305E-005
   6.8681089201138977E-005
   8.8047418860970111E-005
   1.0161634744127562E-004
   9.2106949264245485E-005
   1.3626944051697748E-004
   8.4446856319683142E-005
   8.2217579188290714E-005
   6.9546812121733904E-005
   8.4575302613816000E-005
   8.3585438694028228E-005
   5.0004377871727348E-005
   5.9099177194560956E-005
   6.8177564546786958E-005
   8.8754992442699200E-005
   7.9370250267070747E-005
   8.9870692223390186E-005
   9.6930675191939179E-005
   6.9033936501969494E-005
   6.0636396082532610E-005
   5.9442234494121614E-005
   9.8488428610885671E-005
   1.1584682160821583E-004
   5.4686106213843430E-005
   5.4621239561848567E-005
   6.2008412855642529E-005
   1.1249254566190855E-004
   1.0104738431255709E-004
   1.0712875982385833E-004
   9.0199872989148982E-005
   1.1488027355162521E-004
   4.7423510832905351E-005
   6.2753949905585492E-005
   8.6223828911831187E-005
   7.3675069679130021E-005
   7.1970486534942424E-005
   1.0773015076802954E-004
   8.6064375037872754E-005
   8.9820508907161153E-005
   6.5018347206520960E-005
   5.9006299524791475E-005
   7.9421828924392611E-005
   9.9316112308497892E-005
   8.3543215771887455E-005
   8.7823224898557936E-005
   1.2960120777489451E-004
   1.1497971763130778E-004
   5.2545616079546759E-005
   8.0761127957538386E-005
   7.6532219672646303E-005
   7.5767517667097930E-005
   9.6855948109966303E-005
   9.7998715797733443E-005
   1.1396997694468016E-004
   7.6910566383728838E-005
   6.9854748426646123E-005
   6.4490734240246010E-005
   5.9869996344957065E-005
   8.9342915472521398E-005
   1.3886002950749281E-004
   9.3882054664486892E-005
   8.3233006378235336E-005
   1.3868459520649144E-004
   8.9872437638094122E-005
   9.6378677314870563E-005
   1.0028017639848162E-004
   6.0573318029165039E-005
   8.0387320031857041E-005
   7.9114378316817870E-005
   6.1408063605846141E-005
   1.0304214589249529E-004
   1.0766759624731417E-004
   6.7845697858946749E-005
   1.0873159059484492E-004
   1.0194293841686377E-004
   7.3212012402135610E-005
   1.1034115305578231E-004
   1.0042633561576767E-004
   8.3353427268497763E-005
   1.1629721350054225E-004
   1.2059955060723258E-004
   7.8513988225266388E-005
   9.6169163977569120E-005
   9.5858192833393014E-005
   1.1370885594058385E-004
   1.0029024029640745E-004
   7.8588271497382397E-005
   7.4166154834514995E-005
   1.2042812569526261E-004
   7.1053126429923848E-005
   6.1533117577673111E-005
   8.2698026424912199E-005
   7.8279069189161305E-005
   1.3908094307789117E-004
   7.3462987325666396E-005
   6.7294457151834030E-005
   1.1769685542638459E-004
   9.4417928730584287E-005
   6.6617140198601442E-005
   7.6602456166117977E-005
   9.7474068931366483E-005
   1.0203686147783530E-004
   8.3206848517022164E-005
   9.8250192534944208E-005
   8.2331069181170431E-005
   7.6625516594249114E-005
   1.0747013228260470E-004
   9.0954018364281189E-005
   6.1383267787868748E-005
   7.7464863112492247E-005
   8.0113493371480155E-005
   1.1164234975631687E-004
   6.0388850729059205E-005
   9.7579627711954161E-005
   7.2735913025924519E-005
   1.0011489097698080E-004
   6.1353408511752780E-005
   6.9721877526166050E-005
   7.5053817666852928E-005
   8.0747477522026510E-005
   6.1797729925764028E-005
   8.7530431466202146E-005
   7.9734823727545815E-005
   9.4175566577508189E-005
   7.9676468506426865E-005
   8.4336141513554957E-005
   6.8204910238937636E-005
   1.0451736916151858E-004
   7.7295308447314156E-005
   8.9449539712921277E-005
   1.2393753894965982E-004
   1.0661016162469672E-004
   7.0418043812207228E-005
   8.7136092050872703E-005
   7.9857065773350448E-005
   8.2671789056889592E-005
   8.1463446928922760E-005
   9.4419317669473170E-005
   9.1546027891080064E-005
   6.2148503882995619E-005
   8.8472685957057001E-005
   7.5268959482061251E-005
   7.5680315323028749E-005
   8.1645727243439929E-005
   1.1352065105525296E-004
   7.9921257702856338E-005
   8.7189149154585569E-005
   1.0537176896641251E-004
   6.1290865824802402E-005
   1.3789894876371661E-004
   1.2045719319495102E-004
   8.6357994825504147E-005
   8.9586899701821012E-005
   6.6418329629632861E-005
   6.2387805091386459E-005
   6.9281510009305434E-005
   8.3545643236450107E-005
   6.3502944136269548E-005
   9.0317610401435664E-005
   7.7089598344227633E-005
   5.7266330735226753E-005
   7.1042677290461090E-005
   6.8125390660493405E-005
   7.6600588766180766E-005
   1.3264040515675591E-004
   5.9825511195705352E-005
   6.3454580351992313E-005
   6.9371733518319351E-005
   9.3393921886059209E-005
   8.2515877555410885E-005
   5.5591029932725579E-005
   8.4696220924950877E-005
   1.0492699748890238E-004
   9.8912325089642127E-005
   1.0997944299008273E-004
   6.0100003173181292E-005
   9.4187340999026038E-005
   6.2228142018440086E-005
   9.5047968440683048E-005
   5.2639545955135425E-005
   8.5688045235056786E-005
   9.0399593583886308E-005
   7.0975948737420308E-005
   6.5549443280764382E-005
   6.6903121243746210E-005
   7.7736889671213601E-005
   1.6626791854961999E-004
   7.3179896706012800E-005
   8.7128722046432163E-005
   8.8460178308458564E-005
   1.0853405952323664E-004
   7.1126775375534364E-005
   7.7056947288431320E-005
   7.5458187223059967E-005
   9.3770790671942732E-005
   1.1412206557879530E-004
   8.7259902741693355E-005
   7.6216802375185394E-005
   6.0430682112163115E-005
   9.0792388165502176E-005
   1.0360453689696256E-004
   6.2041767213381243E-005
   8.4558591855076043E-005
   1.1949716896663945E-004
   1.0525213703396754E-004
   6.3229485953483183E-005
   7.5438412341856181E-005
   1.0723926666546429E-004
   7.6475189676268400E-005
   7.4271738632325802E-005
   7.9475360839714493E-005
   7.8072473958125670E-005
   9.2023160549887603E-005
   9.0041277728390538E-005
   1.0718105561560807E-004
   9.5618994850409523E-005
   9.1824606866288132E-005
   9.3876435961983846E-005
   1.0932437899910980E-004
   8.0664992602199679E-005
   8.0714640178927637E-005
   9.3852955576336831E-005
   1.0201085162464696E-004
   7.4084546467862217E-005
   6.9217828482224744E-005
   5.3125732412246598E-005
   6.2524487075896854E-005
   6.3881734870425831E-005
   1.1105880069537789E-004
   1.0661356879865378E-004
   1.2400677798424294E-004
   1.0798840548759701E-004
   1.0424422521304338E-004
   1.0635146534137249E-004
   9.3709079047540371E-005
   1.2875507446293295E-004
   9.4483933626398451E-005
   1.0828273541670470E-004
   7.7264369026364599E-005
   7.3767193775759626E-005
   6.1599150082750526E-005
   1.0350303611994697E-004
   5.6557288669911712E-005
   7.9266800441020441E-005
   7.7566942856715590E-005
   9.3553470998413777E-005
   6.9493395640970391E-005
   8.6867193233554002E-005
   8.2580048431880209E-005
   8.5706390427010568E-005
   9.9450115814073695E-005
   7.7479341425485914E-005
   6.8072748865106124E-005
   6.5197436212556683E-005
   5.9371191355968273E-005
   8.5295935224046198E-005
   6.4746025626315678E-005
   1.0482270736450033E-004
   7.2583210638286360E-005
   1.0325955715403959E-004
   6.0934434212541028E-005
   6.2827901838574942E-005
   9.7224431274271452E-005
   7.0343079002104541E-005
   1.1069555011594807E-004
   8.1610452681576970E-005
   6.9919082933153149E-005
   7.3323300809393049E-005
   5.4339535141482962E-005
   7.0852511081518190E-005
   7.1790959972378122E-005
   7.6467576909739786E-005
   7.7150722950982884E-005
   8.9053099047543499E-005
   1.0470592831317070E-004
   8.7979056871693233E-005
   1.2438340242334854E-004
   6.7730369506435883E-005
   1.0677042089274552E-004
   6.9710201374122342E-005
   1.2570586820437167E-004
   7.5624389217525824E-005
   2.2318467928734108E-004
   9.4747566470097927E-005
   6.8756930795121470E-005
   1.0431261952407026E-004
   8.0868423994946980E-005
   6.1471724131933380E-005
   7.6155161334965602E-005
   9.0538985104929236E-005
   1.2207155316007465E-004
   9.5997167307677338E-005
   6.7392648460142782E-005
   8.0252425881897527E-005
   6.5855250208414018E-005
   1.1465532448344258E-004
   9.6900735345387335E-005
   9.8942174048380853E-005
   1.1797567028192829E-004
   5.9314307115839739E-005
   8.7593967002124072E-005
   7.1338209037915436E-005
   6.7873516429575853E-005
   9.3451638066475561E-005
   6.4163438015352086E-005
   6.7255309018768709E-005
   1.0693215136955717E-004
   9.5500233361463946E-005
   9.5937297404039478E-005
   7.7783841311591869E-005
   6.3175893763883694E-005
   9.3342198965492291E-005
   9.6054900847994019E-005
   9.3579472729463762E-005
   7.5531338722215836E-005
   1.3027851752376554E-004
   7.3274567986974175E-005
   6.9228837070005699E-005
   1.1886591167946301E-004
   7.3699424026948414E-005
   7.7147120261014605E-005
   7.6570718496820356E-005
   9.2985764127342298E-005
   9.3758384013070778E-005
   8.5056069722221249E-005
   7.6878437376112275E-005
   8.8436515345599926E-005
   1.0502573058453490E-004
   8.0325734244787381E-005
   1.1377120167569541E-004
   8.8924654903164269E-005
   6.1971718581764655E-005
   7.4452472595622763E-005
   1.0445566232480312E-004
   7.8141208802592020E-005
   1.0418771891026855E-004
   9.5776639946822828E-005
   6.8610111787949335E-005
   5.8460424697690392E-005
   7.7800292907426890E-005
   6.0429973081197902E-005
   1.0629170275663335E-004
   1.0268639564160357E-004
   5.7663675005037230E-005
   5.8996014741759661E-005
   9.7324484620117302E-005
   6.3896770090519645E-005
   7.5727001800033391E-005
   8.8548284551866993E-005
   9.0477710475637681E-005
   7.2868965768075654E-005
   8.4447872515608333E-005
   7.0027033126056950E-005
   1.0809507035012910E-004
   5.8860571949504429E-005
   7.0266357765046247E-005
   1.1991090069803838E-004
   1.2193440624514314E-004
   6.5303210832017393E-005
   6.8642415656320965E-005
   9.8989783989910735E-005
   7.3067424844071771E-005
   1.1635332866889434E-004
   8.0682167692534444E-005
   1.0757595833904214E-004
   1.2413067086006359E-004
   5.7515643528098615E-005
   6.9062431091684875E-005
   7.3739463802689729E-005
   7.8886958597453711E-005
   8.8529157657445983E-005
   6.9126355119661774E-005
   1.4723788343309202E-004
   1.0930203453594025E-004
   9.7748235548733147E-005
   9.9381392524008512E-005
   6.7310043324250509E-005
   9.6904718986877731E-005
   8.8740169680043149E-005
   8.9305760248168970E-005
   8.6060395606342538E-005
   1.0825874401518508E-004
   9.8460765743539475E-005
   1.1474480855307504E-004
   8.7780153328894845E-005
   8.3369985014526414E-005
   5.9536231387455299E-005
   1.0309966787377610E-004
   6.4301935742690696E-005
   8.0273292130280356E-005
   1.4940004800856473E-004
   7.4460989625231401E-005
   7.7762750543885822E-005
   1.0197405514286985E-004
   1.1281539900400358E-004
   1.1156730033742040E-004
   6.5931610089989002E-005
   1.0917626789915308E-004
   6.8845783346924920E-005
   9.1611184327700917E-005
   9.1592190644404546E-005
   7.9949491466784658E-005
   8.9033172714686492E-005
   6.5573416718113755E-005
   8.1815433699392373E-005
   7.5940878005563024E-005
   8.9883776612752629E-005
   6.9888372677455633E-005
   5.5012112165704609E-005
   1.1518808064331284E-004
   7.0279498021079233E-005
   5.6653579516419154E-005
   6.6116599371145315E-005
   9.1224783514535024E-005
   9.9873514766398274E-005
   8.7121496924615736E-005
   7.7729982215703615E-005
   1.0489692014475140E-004
   7.4671380371864720E-005
   6.4113382276212232E-005
   7.1568385416812130E-005
   9.8126067602179390E-005
   1.1116116995349224E-004
   6.8788673028418945E-005
   1.0780965118340432E-004
   7.7331646805384923E-005
   7.2293780717803212E-005
   8.8624423091376113E-005
   9.0626939508240759E-005
   6.8153454806031347E-005
   8.6748263661654714E-005
   6.8629879148654114E-005
   6.0891585352132376E-005
   8.0861300284964548E-005
   7.1824409017289692E-005
   7.2111714666244357E-005
   7.7968325110744678E-005
   6.9288768591459850E-005
   6.6785420220113025E-005
   9.9817563611455829E-005
   7.3603677469634990E-005
   7.4726759512075129E-005
   7.4891632875373295E-005
   6.5348917610193801E-005
   8.2432373067322721E-005
   6.6406103367748389E-005
   7.0980873500452852E-005
   7.4556775250706061E-005
   1.4550322951292712E-004
   7.2333611045280536E-005
   1.0407352035103404E-004
   8.3476583554643598E-005
   1.0112064622901401E-004
   7.2808444191404658E-005
   6.4720912628261757E-005
   6.2733740106250629E-005
   7.0483081953235752E-005
   9.1473190799040626E-005
   8.0557140828628498E-005
   7.6355440655128973E-005
   9.7534121710232840E-005
   7.9784321494686349E-005
   1.3301661658918898E-004
   9.1194458862757546E-005
   5.6042774424098772E-005
   6.9371602610246910E-005
   8.4607767473689118E-005
   9.6662237200244598E-005
   8.9563539700608202E-005
   8.1203313065475089E-005
   1.0805734962247760E-004
   7.3761919933742207E-005
   7.0321043610640306E-005
   1.1604808223769094E-004
   9.3917177496120262E-005
   8.7109489201588156E-005
   9.3613382944193432E-005
   7.8347427713224878E-005
   8.9575540750949141E-005
   1.1368125514983481E-004
   6.5726652764237439E-005
   6.8647139423534047E-005
   9.2353278540829577E-005
   8.9766798353862654E-005
   7.5881088837959057E-005
   8.0094977964635769E-005
   6.4712640577083524E-005
   8.4154552700590421E-005
   8.3160178668373753E-005
   6.9410611450217364E-005
   6.7551440765557425E-005
   8.3320404604805438E-005
   8.9090833668075073E-005
   9.5652706482615531E-005
   7.9488009962385797E-005
   8.2418761400771394E-005
   8.4880517325315629E-005
   1.0362075877544245E-004
   5.6479321797483143E-005
   1.2097770362179054E-004
   1.0164184589987658E-004
   8.5269987070098115E-005
   1.0843288084595829E-004
   7.8921727909464338E-005
   7.8864489281462618E-005
   9.0247453047583422E-005
   1.0989877757391746E-004
   9.1882828519168649E-005
   6.2690386687983606E-005
   6.6993574346517192E-005
   8.5799602419612820E-005
   9.4396120176121274E-005
   7.7856916919799332E-005
   1.3157195207031010E-004
   8.8556301979631605E-005
   8.4589156289108784E-005
   6.9496735323502757E-005
   6.8345112478347895E-005
   1.0767032530272081E-004
   9.2976358798947840E-005
   1.0238623536960120E-004
   9.6712753223575286E-005
   7.1082723466667645E-005
   6.0854315018369792E-005
   7.7464695459479667E-005
   7.5220894881784941E-005
   9.2937905677570085E-005
   6.5447629471292201E-005
   1.4362818548896780E-004
   7.4535988758131472E-005
   7.2733014807427294E-005
   1.2585564632426426E-004
   8.8691306937552396E-005
   8.0669863412896798E-005
   1.0388635799044592E-004
   1.1211241567026762E-004
   8.1832285379407848E-005
   7.4060064252069003E-005
   6.1784699224918339E-005
   6.9334827141822521E-005
   7.3353192489476494E-005
   1.4357695197998515E-004
   6.7421708356329949E-005
   7.2235682158304713E-005
   1.6267610613024546E-004
   7.9919296588166764E-005
   5.3394662201084641E-005
   7.5414444858297260E-005
   9.2978127493034078E-005
   1.4687748501555103E-004
   1.1186273278738395E-004
   1.1777459338561673E-004
   1.0853450710719155E-004
   1.1800317180173199E-004
   7.3228868731365501E-005
   5.7521069496029327E-005
   6.5287885787255868E-005
   7.3623474279095757E-005
   5.9250295340501333E-005
   1.1487280251208430E-004
   6.9761245707378162E-005
   7.1433809434182717E-005
   1.0464885726533275E-004
   6.9043598384153977E-005
   7.4816282789539855E-005
   9.2200614350091285E-005
   9.9811100296092121E-005
   7.2730992343390596E-005
   8.0051528421567824E-005
   7.8915144246826966E-005
   8.9325621687837877E-005
   8.8867260872113707E-005
   1.0275388075574203E-004
   7.4057492791162544E-005
   7.5058732368151311E-005
   6.9130263166907696E-005
   9.6857756403265975E-005
   9.4764206616589075E-005
   9.4360974961241471E-005
   1.1520563065249032E-004
   1.2613247104396462E-004
   6.1783187816866539E-005
   1.2240609837502431E-004
   8.0160605856038751E-005
   1.0608252762816473E-004
   8.4504500408907863E-005
   7.3286645930740159E-005
   9.7890647130517683E-005
   1.0976180047171840E-004
   7.3516164780140927E-005
   1.0620304708746237E-004
   1.0091617523096863E-004
   1.0972082537057707E-004
   1.1564474621720709E-004
   8.3640170933449827E-005
   1.0726583158676447E-004
   8.3704535960538181E-005
   7.5459939357776362E-005
   6.0136938319639545E-005
   8.9532075319374662E-005
   9.3396993847316318E-005
   7.1944951504514544E-005
   6.9046988605954630E-005
   8.9534243569184123E-005
   6.8299870074626094E-005
   9.8886413284332363E-005
   7.0919031572450712E-005
   1.1068185986832919E-004
   7.6318578967755123E-005
   9.2293716729991186E-005
   7.4877165836125019E-005
   7.2847754073512483E-005
   1.1394420764894623E-004
   9.4234799075015228E-005
   8.8866070261066184E-005
   7.3607570706991365E-005
   7.5167352429927940E-005
   1.0477491004151842E-004
   9.5297252659744667E-005
   1.3275022774217622E-004
   7.6739523547185895E-005
   7.9841079813507227E-005
   8.2467615782943118E-005
   7.4001099762678721E-005
   8.4019647503986460E-005
   8.9878163363466467E-005
   8.2070037116759284E-005
   6.5086162171577687E-005
   7.1731285913138347E-005
   8.6509185857387797E-005
   9.1992400370131196E-005
   8.2866569272942265E-005
   1.0049919728907233E-004
   6.9660782105440409E-005
   6.6173035909649838E-005
   7.3954070789858950E-005
   9.4717384665836044E-005
   6.6281301130334153E-005
   9.0694864719913901E-005
   6.4683038788438394E-005
   8.5759673629250284E-005
   1.1070958703276777E-004
   9.1396305271887484E-005
   8.8970672588684045E-005
   1.2464640874301734E-004
   8.1901781347207584E-005
   1.0228729192560224E-004
   8.2350209911528761E-005
   9.8782018313019169E-005
   9.4615343895223335E-005
   6.0098920002285799E-005
   1.6141868631475357E-004
   8.4309862430654447E-005
   8.9625780444509579E-005
   8.2445495208404693E-005
   1.0301699055294315E-004
   6.1924521595736450E-005
   1.3172386873726722E-004
   9.4231357766451379E-005
   9.4893055266063265E-005
   7.4747351629129115E-005
   1.0447965305344810E-004
   6.0324430730831265E-005
   8.5884368539314578E-005
   1.2751825747795277E-004
   1.2461324076879743E-004
   8.8576658624168835E-005
   6.4393853608164410E-005
   1.0105590453973481E-004
   7.3200502395411111E-005
   9.3184007118064135E-005
   8.8999326049339538E-005
   7.2273652806739523E-005
   1.1774587024007265E-004
   7.0217242356811644E-005
   7.2246796633128034E-005
   1.0984731740416527E-004
   1.3371022566457149E-004
   8.0380716283841809E-005
   6.9087938358780080E-005
   8.0823305427202689E-005
   9.0676379888986612E-005
   6.7604394338898055E-005
   7.7897524533207020E-005
   6.5104554521933964E-005
   9.6160314839982983E-005
   1.1136051317299024E-004
   6.8116526473601188E-005
   7.0662762999462977E-005
   1.0451860038259854E-004
   8.5016722109116860E-005
   7.1178870428320365E-005
   1.0329948800695539E-004
   6.8108518187982303E-005
   1.1711961407605735E-004
   1.2405242079503717E-004
   1.2536185410748970E-004
   9.8813723250939177E-005
   9.4266356110699436E-005
   7.6874427841610850E-005
   9.2481636134020457E-005
   7.7214556202141225E-005
   6.1385624416939591E-005
   7.0681934637428781E-005
   1.0876666716520952E-004
   1.1085430518631899E-004
   7.3100530833227582E-005
   1.3018231571655447E-004
   6.5944434976239412E-005
   6.6356166317340135E-005
   9.9460706897438100E-005
   6.6743640243211442E-005
   9.3532990973342012E-005
   7.0698804943901674E-005
   8.6884483748786271E-005
   1.1040947078102375E-004
   7.3197665802909927E-005
   9.4314508108734766E-005
   7.8232022594662136E-005
   1.1818664604435802E-004
   1.0960427919230205E-004
   7.2629560886494841E-005
   9.6785097761662090E-005
   8.4314108047500274E-005
   7.8652119496958463E-005
   5.8948225120171398E-005
   1.1517067713789743E-004
   7.7430973783770181E-005
   6.8269963562222788E-005
   1.1703749459922162E-004
   9.2539687451843175E-005
   1.2216960565188535E-004
   6.7465997989158129E-005
   7.2947990949515917E-005
   8.6251811053865993E-005
   6.6407109057074762E-005
   1.1286994636999279E-004
   1.0653866990308427E-004
   8.4995891971696220E-005
   8.8635743286010277E-005
   7.4018443466639856E-005
   9.5581953642771960E-005
   9.1783978433849592E-005
   8.0109709435508320E-005
   6.4338481481340644E-005
   1.6038046727403249E-004
   9.7166376289653419E-005
   7.3682676363909613E-005
   7.8072559008577960E-005
   6.2380413256119235E-005
   8.4703521233250861E-005
   8.2592772450307221E-005
   8.1133557528235490E-005
   7.1561280763790799E-005
   1.1436483683242287E-004
   6.7190862858536505E-005
   7.6919411433483338E-005
   9.8805775510193457E-005
   7.2210359543513724E-005
   1.1694605892960714E-004
   9.1464852513346745E-005
   7.0514058920014371E-005
   9.8377334965269725E-005
   7.3651376889195420E-005
   7.6412426041948031E-005
   6.0873362678282973E-005
   1.1553789452835393E-004
   1.3135858426604940E-004
   1.1173671204557001E-004
   1.2674653409184932E-004
   7.7254173491513611E-005
   1.1731004757773614E-004
   7.4453028655995844E-005
   6.9116438697695230E-005
   1.2532977005501718E-004
   6.5022670819495738E-005
   9.6941391220937094E-005
   8.9586038854445342E-005
   8.8000063194778740E-005
   8.2903333195128717E-005
   7.5235372270731000E-005
   1.3011522593963577E-004
   8.5206559845222465E-005
   1.3129438004082976E-004
   1.2122399675548673E-004
   9.5185167036259896E-005
   9.0906763130461289E-005
   5.8503241544624246E-005
   7.4540737022000058E-005
   1.1772835411081192E-004
   8.4688129026399550E-005
   1.0677811878839367E-004
   7.3601298260049107E-005
   9.2445451314653401E-005
   1.3337529321261643E-004
   9.9423032147931656E-005
   9.2839871526092312E-005
   8.2004320959435322E-005
   8.5279007447088378E-005
   1.5584339415788709E-004
   5.6563158215206080E-005
   8.6771874293430418E-005
   9.8723897077313702E-005
