   1.2094596132184480E-004
   8.6585524236018621E-005
   7.8997759813857518E-005
   1.1147848587144760E-004
   6.4862025912684098E-005
   8.2970462330699617E-005
   7.7956166990198887E-005
   9.9439412118645451E-005
   6.9932974490300608E-005
   9.9493464731878120E-005
   8.4729139028357967E-005
   7.5058780687749580E-005
   6.8303568233080679E-005
   6.6348180245973592E-005
   8.1570036703005523E-005
   1.0608217506662254E-004
   7.4933906017985417E-005
   8.3535492511132740E-005
   7.8364429556310373E-005
   8.0202440817876087E-005
   6.4370496735774091E-005
   5.6943325860734080E-005
   5.2173100016582998E-005
   8.0107585200979225E-005
   6.4899439734655403E-005
   1.0696388740647975E-004
   7.7768307256388970E-005
   7.6195097137395483E-005
   6.5131448088182197E-005
   8.2995512482264932E-005
   8.8226873346942730E-005
   1.0884471250917146E-004
   6.3982942040296883E-005
   1.0934680343063517E-004
   9.5923813688392187E-005
   6.0921862759298318E-005
   1.0845045905774864E-004
   1.0271325580268468E-004
   7.7457180074126685E-005
   7.2201923189331657E-005
   1.0845100909920751E-004
   1.1904694040906456E-004
   1.5130193437007817E-004
   8.9368763585014353E-005
   9.2332370538578115E-005
   1.1257972637606033E-004
   1.0457662248255786E-004
   6.6647548011571412E-005
   7.9974734636537113E-005
   7.1281799200419383E-005
   6.7970919325619335E-005
   7.9373136016876934E-005
   9.1956825258156420E-005
   6.9346901880863485E-005
   7.0892418472591457E-005
   9.8178359972153208E-005
   8.5569791263367145E-005
   6.8412842628840640E-005
   8.1358620423707068E-005
   1.4010339500177476E-004
   8.5359788711415481E-005
   8.4887590063957699E-005
   7.8871866596431589E-005
   9.7983936925763427E-005
   1.0453018526886621E-004
   6.8725985896286515E-005
   9.4192539314072793E-005
   8.5662815619248878E-005
   1.1428620467004543E-004
   4.6899318241752144E-005
   1.0318850273508943E-004
   8.6427593988954395E-005
   9.5926329684585936E-005
   1.1008846451721292E-004
   1.1866333730288389E-004
   8.1076269475551446E-005
   1.0450745934299762E-004
   7.6725811454657030E-005
   7.8217566821624874E-005
   7.2401156418992749E-005
   1.5863544476412111E-004
   8.2586877954487538E-005
   6.6583848677390309E-005
   1.0151076587258723E-004
   6.0552745738527895E-005
   1.0084482528344872E-004
   8.3849689452533262E-005
   9.6698326128632781E-005
   8.6247915678834734E-005
   7.5439256003503221E-005
   1.3167305278410102E-004
   7.6328613068037300E-005
   1.0986518948641455E-004
   6.8772305425005177E-005
   8.2742743400043511E-005
   8.6835151654140043E-005
   6.1004081523403785E-005
   8.9646604149735788E-005
   6.7193572081257439E-005
   1.1648864549946837E-004
   6.8513350557572960E-005
   9.3781050697109422E-005
   8.1687651829969346E-005
   6.2072447177399058E-005
   8.4894181476381154E-005
   1.1239666990042040E-004
   9.5713642803622217E-005
   9.9733118216312582E-005
   5.9393144669491778E-005
   1.3462547144652508E-004
   1.1026476150706891E-004
   6.7414005859259531E-005
   1.1187902831046091E-004
   8.4562062944424258E-005
   5.0394982310990842E-005
   5.9606822482779805E-005
   8.4805478132285079E-005
   8.0288131566992260E-005
   1.1955781058112812E-004
   1.1271513334119825E-004
   8.9864253943583452E-005
   1.9414255484380066E-004
   9.1585559206674251E-005
   6.8840325191876341E-005
   1.0187399518408791E-004
   9.5076285598261331E-005
   7.5603044372582066E-005
   9.0780933003724120E-005
   6.3440771074273769E-005
   9.2036150120289217E-005
   9.6498197453889729E-005
   5.4862563127340214E-005
   8.5454891317615511E-005
   6.0584642280661458E-005
   7.9057092667489918E-005
   1.3081513697976531E-004
   1.0324949197451009E-004
   7.7331290521779264E-005
   1.0281961195033839E-004
   1.7735881207237274E-004
   7.2183017100491186E-005
   8.0393269148636444E-005
   8.6382054487929455E-005
   8.6635993131116881E-005
   1.0502690890927405E-004
   1.0859928463196891E-004
   1.0395578868546012E-004
   9.1297912378045487E-005
   6.9450132360402499E-005
   1.0590398013950933E-004
   1.1658616621632321E-004
   7.0568502221653200E-005
   1.1846760911277121E-004
   2.0299257778649230E-004
   1.1687247417075750E-004
   9.5757702242248589E-005
   1.1911917168497256E-004
   7.8799726017676671E-005
   1.2258437366978366E-004
   8.1480911662494478E-005
   6.4650232949589576E-005
   8.0059855851410413E-005
   7.4212057098508092E-005
   9.6508448340696361E-005
   1.4343920554664360E-004
   8.7868591834713554E-005
   8.2580605470427903E-005
   7.3975169683738437E-005
   8.9493399106173706E-005
   6.9024167054759262E-005
   1.0603018347267648E-004
   9.4469619240165729E-005
   9.2475144448621126E-005
   9.9718259844766333E-005
   7.5703424672430132E-005
   1.0365982641379165E-004
   7.8137035966129178E-005
   1.9894345740747383E-004
   6.5153578642893628E-005
   1.0733439963320576E-004
   1.2127417641729432E-004
   5.4587686166351187E-005
   8.2837034805211522E-005
   9.5697030759826193E-005
   8.3418055332882217E-005
   5.0800271547903387E-005
   7.3279426171787382E-005
   6.2839894639605059E-005
   6.9027724498405037E-005
   9.9645927150132817E-005
   6.4489471703718944E-005
   7.6595983028804077E-005
   6.2296219667513754E-005
   8.7744229709756661E-005
   6.6181821977187943E-005
   7.6880963324748038E-005
   4.7951555628916739E-005
   7.1883441437296930E-005
   1.0167150115063661E-004
   8.1002048747696236E-005
   1.0042392983778282E-004
   8.2168876654161647E-005
   4.8608482552343203E-005
   1.0059030179257052E-004
   7.0249270774994967E-005
   8.8966420543783189E-005
   1.1887787390892029E-004
   1.2050104233504544E-004
   6.6479932895512141E-005
   5.1464879662643753E-005
   7.9168740366402244E-005
   9.3894015438020334E-005
   1.1774225899707234E-004
   6.1393999333654077E-005
   9.1120817916275583E-005
   9.1423819340372833E-005
   9.3904489694764001E-005
   1.0331298245619083E-004
   1.0254660578495120E-004
   8.0318105217925680E-005
   6.2391857589931380E-005
   9.5687311357921806E-005
   7.0063931378468581E-005
   9.2103484089263855E-005
   9.1889445116346492E-005
   1.7213046825638662E-004
   8.4233233315110753E-005
   8.3141337940321826E-005
   1.0477702946235422E-004
   9.7285452485649333E-005
   8.9890479765297905E-005
   8.7446587762164503E-005
   6.8130443539830935E-005
   9.0253472686429052E-005
   1.0025926385655086E-004
   7.5311527440635747E-005
   1.1308937700617008E-004
   7.5730553718403209E-005
   6.8376860983239670E-005
   9.4445769036117551E-005
   7.7281562546692477E-005
   8.5240001732101445E-005
   9.9018826709619171E-005
   5.9607795381193532E-005
   1.1024050954083253E-004
   6.4560631746907857E-005
   6.7386267929342932E-005
   8.1935556041344066E-005
   1.0737530600759438E-004
   5.2321406372101872E-005
   1.2141469108367366E-004
   7.4495663067526921E-005
   1.1716771986397374E-004
   1.0658836235271464E-004
   8.3030054470729383E-005
   7.8391476984075964E-005
   1.2530023923289457E-004
   6.7745595404443084E-005
   1.3269201349778604E-004
   7.9484822058805603E-005
   7.9876857651178150E-005
   8.1119727009679665E-005
   8.2555965110380568E-005
   7.4448045361187181E-005
   8.8736208256464779E-005
   7.6522335168228184E-005
   9.2406070070633916E-005
   7.5922071722534876E-005
   7.3621336136665410E-005
   1.4436458850869706E-004
   7.8854029821042812E-005
   9.8471530563048112E-005
   7.5592339129218676E-005
   7.3708223574306739E-005
   8.6066351599856311E-005
   1.4071981153169452E-004
   8.4897991324336120E-005
   8.9759372189174953E-005
   8.2373715605722918E-005
   1.1160988945967624E-004
   7.7906169462162574E-005
   8.1803726646505055E-005
   1.0859460738314608E-004
   1.3444728994243307E-004
   5.9901814398881436E-005
   6.8418225153393523E-005
   1.3673400137222483E-004
   1.2556901845045619E-004
   7.4085626558688890E-005
   1.1387244320599799E-004
   8.3533411190321729E-005
   7.6523145093456265E-005
   6.8928589651835105E-005
   1.0487760992169023E-004
   6.1796779222446864E-005
   9.1339884991071001E-005
   9.4737533661916088E-005
   7.2308752785513110E-005
   6.8796495662751101E-005
   1.3798337576388482E-004
   5.6909552755234501E-005
   1.0458747109557350E-004
   8.1941043757559852E-005
   6.7480125625646913E-005
   1.1708465721135514E-004
   7.5073329408667733E-005
   1.5350619018259309E-004
   7.3157935347217462E-005
   1.0178598464342443E-004
   5.0707219028323650E-005
   5.5820514119264350E-005
   1.1804400862825743E-004
   7.9352416755295213E-005
   6.9639485602115338E-005
   7.7436762050735389E-005
   6.4897682529583089E-005
   9.5723855265830913E-005
   8.2130533209538617E-005
   9.4036933270548698E-005
   1.1262598165267839E-004
   9.8606927971365573E-005
   5.3577731032887618E-005
   7.1831012054322706E-005
   1.0541778303866100E-004
   1.0195786679182359E-004
   8.1414087554944608E-005
   7.6662735154443837E-005
   7.5818884945586413E-005
   9.8554761990581153E-005
   9.3963886442958202E-005
   5.0388764490753864E-005
   6.3560874561837996E-005
   7.3195159777685297E-005
   9.7216280436041060E-005
   1.2148091174560239E-004
   8.4857083250499557E-005
   1.3167862296482389E-004
   1.0031090630857507E-004
   6.8341604657728104E-005
   7.4764573469067675E-005
   6.9790950511307406E-005
   1.1403707580184461E-004
   8.7827883770021626E-005
   8.5592758227905853E-005
   6.2603688139614027E-005
   8.2194224534152101E-005
   6.8680120767881142E-005
   7.9625632679989817E-005
   1.0259996591253213E-004
   1.1455132518643123E-004
   1.1069118288581083E-004
   1.0541096244370894E-004
   1.2504837750183686E-004
   8.2983335927342788E-005
   6.6712531424248961E-005
   1.0944014333720050E-004
   9.2305838593092162E-005
   9.7326016215023827E-005
   8.4831334895945422E-005
   9.5126952548836666E-005
   6.2107083028887605E-005
   7.0473968450461726E-005
   9.7982539685300611E-005
   6.4578175091648907E-005
   8.3647702129585708E-005
   9.5127737253948686E-005
   1.3243208107337000E-004
   6.4426833410429220E-005
   8.4285155963739045E-005
   1.0224351630824368E-004
   1.1289382358912162E-004
   5.4959588989270320E-005
   9.0540636889969512E-005
   1.2640884981810646E-004
   7.1666207730308393E-005
   1.3317603136888350E-004
   7.2781891778096470E-005
   1.1096540568832663E-004
   6.7572048296746589E-005
   8.2811406525725589E-005
   6.0864383021786853E-005
   8.2128291899418777E-005
   8.9386561040999521E-005
   1.1905916607388193E-004
   1.1731780437490496E-004
   1.0673767028109143E-004
   6.6275127232350549E-005
   9.3685317054778531E-005
   1.1779775531285543E-004
   5.8215369021322862E-005
   6.1783139181092840E-005
   7.6894555460705073E-005
   8.9139914143193015E-005
   6.7585817529486230E-005
   1.0701159224465091E-004
   7.7487391008545514E-005
   1.3001885112385502E-004
   8.8544721963669293E-005
   7.2630942366682925E-005
   1.0963441552485628E-004
   8.9225995144195361E-005
   6.2064091762077450E-005
   9.3429359948615459E-005
   1.4480932197373164E-004
   5.7272662098344592E-005
   1.4212095426390878E-004
   9.5250997598607683E-005
   5.7958391104192058E-005
   6.9824360416789174E-005
   6.6800777126891928E-005
   1.1188036742470619E-004
   7.9258863301333272E-005
   1.1379744067903488E-004
   7.4580243032453422E-005
   1.0531138021428877E-004
   1.3751904462063150E-004
   9.5550785501066906E-005
   1.3041414298366012E-004
   1.0718378370652752E-004
   9.5932357349279523E-005
   7.7438465630027590E-005
   6.6916590716387122E-005
   9.0935605499488408E-005
   6.9300005479710534E-005
   9.9222995490901077E-005
   6.9943101623871012E-005
   6.6936239925525937E-005
   9.4825185667988146E-005
   7.4715549996511691E-005
   6.4102939367876715E-005
   8.5574254546884348E-005
   5.9832652187778154E-005
   9.1655137327496342E-005
   6.9213968374632885E-005
   7.3635489043914274E-005
   7.8976887819634010E-005
   6.1228104890676769E-005
   6.2200498777312279E-005
   1.0766108625221128E-004
   9.7264566038639445E-005
   9.5333107832352548E-005
   9.8655880274596891E-005
   9.0220376076564923E-005
   6.9489026445019946E-005
   8.1239939020254822E-005
   7.9465019105112836E-005
   1.0584057260375063E-004
   9.1705098440184935E-005
   8.5583557121317962E-005
   6.1271321306302843E-005
   6.1945481372659253E-005
   8.1036094988769551E-005
   9.7863374133942490E-005
   7.2240097218934725E-005
   7.7847290946506743E-005
   8.2511117814205152E-005
   8.0756765168035484E-005
   7.8518613033005201E-005
   6.7449348846663522E-005
   6.7096095120473831E-005
   1.1002657744446892E-004
   1.0471873480658374E-004
   8.0460347517123800E-005
   9.7843783929263672E-005
   1.1668087346577118E-004
   7.1183615766659368E-005
   8.5317038219152449E-005
   1.2168811185412491E-004
   9.6832709301752896E-005
   1.0334391825947061E-004
   1.1841538628772452E-004
   9.0505262624337223E-005
   7.7854289579928996E-005
   5.7668596488896007E-005
   6.7807528955167288E-005
   9.0667969502982227E-005
   8.5002078055936521E-005
   1.1477365416567768E-004
   6.5599153908682653E-005
   9.5860265179951193E-005
   6.5058151940365305E-005
   6.9105400906770384E-005
   1.0649029132850663E-004
   1.0643578616016115E-004
   6.9598832224856120E-005
   9.8629223133416495E-005
   6.1267435275155134E-005
   6.8586730011440671E-005
   8.2550369929028383E-005
   1.2691817941094284E-004
   8.0539887456920555E-005
   7.0653675861023617E-005
   7.3498737760056368E-005
   6.8204646357888395E-005
   1.0059448586035715E-004
   8.5388156708099327E-005
   1.2030246398121724E-004
   8.7756981625525607E-005
   6.0840932816879946E-005
   1.2142075594858574E-004
   9.5339845176241022E-005
   1.0454039628219769E-004
   9.4327570551102898E-005
   1.1054844836142879E-004
   1.0876709676926601E-004
   1.0128260069382726E-004
   9.3406274188629883E-005
   8.1993056371683281E-005
   7.7100592061483692E-005
   8.7513071372260316E-005
   6.8207903599158340E-005
   8.1569930733726653E-005
   1.0957180492106106E-004
   5.1909666839424209E-005
   6.4252785309594772E-005
   7.4651854576311937E-005
   9.4504166082303023E-005
   8.3922003083638488E-005
   8.0823928420528033E-005
   8.0109529354153029E-005
   6.8756568673868389E-005
   1.4638983324077011E-004
   9.8447531956864518E-005
   1.1945408431611465E-004
   8.2853454539266117E-005
   1.0343913657960965E-004
   8.4981507756288436E-005
   9.2007278407520848E-005
   1.1464876252919618E-004
   8.4018480658396745E-005
   7.7322253654420374E-005
   5.1575067178627881E-005
   6.2944295227592386E-005
   8.3744583590422450E-005
   9.6976694474540064E-005
   9.1726663332131989E-005
   8.7086484517917581E-005
   7.9908371195189286E-005
   9.3305335337007757E-005
   1.1151858225041403E-004
   8.4124542037829968E-005
   7.2556383150460647E-005
   1.0146530462227519E-004
   9.0983690407825087E-005
   8.1346905509752822E-005
   9.3033435404334510E-005
   1.0510878693746177E-004
   1.0578194246861687E-004
   1.1901451715039627E-004
   7.8544027526458772E-005
   1.3197339938469420E-004
   8.2193060165203634E-005
   9.2514335459150586E-005
   1.5683010240182633E-004
   6.5137534217818796E-005
   7.1431732816285858E-005
   9.6219938916724366E-005
   1.0514466255695821E-004
   1.7858332129984202E-004
   7.9933559718205427E-005
   1.2099159749114290E-004
   6.0791719858842763E-005
   1.0081890307743351E-004
   1.1384532758384151E-004
   1.5620542323113682E-004
   1.5022115693371353E-004
   6.2126963776036823E-005
   8.0285510497864773E-005
   9.5809879630523440E-005
   1.5064667786625265E-004
   7.2017254489805502E-005
   1.2337086419092079E-004
   8.0437400285793568E-005
   8.9531053047106510E-005
   8.7242292726752088E-005
   8.1124458498016536E-005
   8.1675350443675523E-005
   8.9873195469913948E-005
   7.3940233745021833E-005
   8.8255323583507551E-005
   5.7940585406134691E-005
   7.0086312434306704E-005
   1.5765964788604347E-004
   6.3719963740579681E-005
   6.9266186780020565E-005
   8.6186270328374653E-005
   8.8141871296952429E-005
   1.1692413589120532E-004
   6.7813925040127298E-005
   7.8622555473497921E-005
   1.0311804126497256E-004
   8.1796108433711325E-005
   1.1325807362111347E-004
   8.5918807465841925E-005
   1.0101633640503941E-004
   1.0258368205240285E-004
   8.0805456587455733E-005
   7.4913413539502954E-005
   6.4090972487294541E-005
   7.4904961681587757E-005
   9.0964679638951744E-005
   6.4899998740808443E-005
   6.8703413299301246E-005
   1.1721161224620930E-004
   7.6136227109693103E-005
   8.9714702212188396E-005
   1.1148192548582154E-004
   1.0383453733183468E-004
   1.0091229851918292E-004
   1.5989013469498459E-004
   6.1384747643573157E-005
   7.1818710689530008E-005
   9.8205229904784269E-005
   7.1098727360730663E-005
   6.2472573345426224E-005
   1.0114838685288774E-004
   1.1346704227626566E-004
   7.5475730409817567E-005
   7.5412603764108983E-005
   7.6908934735182407E-005
   1.1888415263519888E-004
   5.9774399815604446E-005
   8.3225904195065301E-005
   9.4557292605957757E-005
   6.2375011914325319E-005
   9.2176706503688512E-005
   6.5938909208065977E-005
   6.7807748465666882E-005
   1.3014103790585807E-004
   1.2666990898499572E-004
   8.3552980803771413E-005
   6.2959639338170965E-005
   1.2530233771244534E-004
   9.7875550998344384E-005
   8.4122702278659778E-005
   7.1990865902981350E-005
   8.4100485048028785E-005
   9.7808693566933075E-005
   8.4786874782475147E-005
   5.7481010257394876E-005
   7.9866345548068021E-005
   6.4179237135518643E-005
   1.1088976306462573E-004
   8.0971275922255646E-005
   8.8808996670089579E-005
   7.4594238785716282E-005
   9.8595922047852404E-005
   1.0121165241735018E-004
   8.0906571863290379E-005
   1.0761247940537163E-004
   8.8621387277633645E-005
   1.0503165219065976E-004
   6.9905517832450479E-005
   9.3260637761580198E-005
   9.5359010484886417E-005
   6.0991172635559263E-005
   7.8566448404044913E-005
   1.0086054715898409E-004
   1.0357367571278612E-004
   7.0481920275083018E-005
   5.7555383002896156E-005
   8.1937963618020039E-005
   8.4575939250869662E-005
   5.9793533018229348E-005
   8.4266115193438077E-005
   6.6411320800884119E-005
   8.8687518810554386E-005
   7.1633053550801892E-005
   7.8334649823258434E-005
   8.2685048067009789E-005
   7.8816768553033740E-005
   1.2154461944549596E-004
   8.7734358337542267E-005
   9.3061869355948431E-005
   1.0801011319979355E-004
   4.3189253966508220E-005
   9.8375746658920895E-005
   9.3837800813951708E-005
   1.0114985631379056E-004
   6.3929136055247002E-005
   8.2537187293091178E-005
   7.9077914904746258E-005
   5.7269989235220360E-005
   5.6923710504970102E-005
   5.6539182784861657E-005
   7.7844553612123831E-005
   7.7914538354599154E-005
   8.7765845147454771E-005
   7.7815795691031766E-005
   8.1539067680612789E-005
   8.8893214705896634E-005
   1.1327300169551632E-004
   9.8624519201808943E-005
   9.9978059753707378E-005
   6.6390728956055165E-005
   8.6384366314975781E-005
   6.5600282224717536E-005
   1.2622902347830017E-004
   6.1668312672825883E-005
   6.7283128543571172E-005
   8.2944844140504293E-005
   1.0160164274751250E-004
   9.1499187923312016E-005
   9.9398799188929579E-005
   1.0602322663248753E-004
   5.7762959647508526E-005
   9.6100555528901368E-005
   8.4559661550755381E-005
   7.2025252230862054E-005
   9.5873187248648480E-005
   7.4158523959157817E-005
   1.3470792175238893E-004
   7.9290138656261990E-005
   1.1836822203316471E-004
   5.8319049538540603E-005
   8.9048121544534493E-005
   9.9688077106735803E-005
   7.6945162187248403E-005
   1.2421594692741498E-004
   9.4840120579274166E-005
   7.4802576233487948E-005
   7.6684894884416758E-005
   1.2201657454409080E-004
   7.0643960869863582E-005
   1.3535828154407893E-004
   8.7380445915089122E-005
   1.3494607314262552E-004
   1.0994840233047738E-004
   6.8635577174500653E-005
   9.9578396202558054E-005
   9.6336530859919195E-005
   1.0824827467365090E-004
   1.3656391192330466E-004
   8.2022258080315685E-005
   8.8205025607721184E-005
   1.3647953481404662E-004
   1.0513509188575293E-004
   7.3781099760404124E-005
   7.9157803119255345E-005
   1.8751252228269157E-004
   5.8670766253380427E-005
   1.0158111538727333E-004
   7.3690047284541633E-005
   1.2460477243413768E-004
   1.0718961147656264E-004
   5.8079099651497988E-005
   5.3556986397825738E-005
   1.2732693766246295E-004
   9.8224834701177169E-005
   1.1020169292740697E-004
   6.8205000520230697E-005
   8.4892080809545673E-005
   1.0193364368054492E-004
   1.1138526738040390E-004
   7.7392428054936678E-005
   9.5428173656403800E-005
   6.6142586987052394E-005
   6.1228531418553480E-005
   6.6876575395854852E-005
   1.1053499996092420E-004
   1.4526362873403537E-004
   9.0962768336247830E-005
   9.3162465730071926E-005
   7.7202792798279442E-005
   6.8211839681279031E-005
   5.4337897186672216E-005
   1.1789371130068153E-004
   9.4685520013216358E-005
   1.0693439787610998E-004
   6.7076531530196328E-005
   8.0325605696267231E-005
   6.6722173683970176E-005
   1.3055885001863059E-004
   8.1156290306735648E-005
   6.5473753212206813E-005
   1.1532843540411928E-004
   9.0664367744993607E-005
   6.2562088418837087E-005
   8.2080579729884514E-005
   7.0571087829334868E-005
   9.6733086417448539E-005
   5.8212085676693480E-005
   8.9917452619135504E-005
   1.2798147893656762E-004
   9.3078344293761231E-005
   8.2304716547187162E-005
   5.6082604261383493E-005
   5.5362447752065218E-005
   9.7266099113749787E-005
   9.1551749693117730E-005
   8.4561716252313515E-005
   8.3585800498359731E-005
   1.1974963268931315E-004
   1.3274232029236000E-004
   7.6069302406211705E-005
   7.7475270620797282E-005
   8.7773006895684098E-005
   5.1824101589727791E-005
   6.6457687011162116E-005
   8.1052183819762332E-005
   6.5726057087841806E-005
   8.9087626592750609E-005
   8.7162615742527458E-005
   1.0478654414989806E-004
   1.2163612862553351E-004
   1.0972239050746522E-004
   7.7467376262345603E-005
   8.1663078693177565E-005
   1.1099476268980910E-004
   7.8271509144231939E-005
   7.2569192667898118E-005
   1.5485743365282505E-004
   1.5811719447810329E-004
   6.0843636106957073E-005
   5.5717579455512621E-005
   8.7362530930661965E-005
   1.0082757369927177E-004
   8.2368664823910626E-005
   7.8685714341821789E-005
   9.3620248663474348E-005
   7.5752112582804803E-005
   6.7139633463070473E-005
   1.0184278150854838E-004
   9.4081427035822850E-005
   7.9142847283387408E-005
   8.1839281982359541E-005
   1.1873903877022774E-004
   1.6162548894002284E-004
   1.2223188593580683E-004
   6.8631954020881758E-005
   6.1716666367946394E-005
   9.6584282606874868E-005
   1.0783301968900535E-004
   8.6493464384494183E-005
   8.9537650202440574E-005
   1.0242881237051653E-004
   5.3115838976492746E-005
   6.9871996694397488E-005
   9.7035117130947013E-005
   8.6222483677228832E-005
   6.2825727917760704E-005
   1.2008398213063822E-004
   6.9755760112649159E-005
   6.3638317545211794E-005
   5.4168209500306155E-005
   9.1716209445529185E-005
   7.3255719825569908E-005
   1.4194642846557476E-004
   6.3017115163441917E-005
   5.9447061931004496E-005
   8.8654780875817697E-005
   6.2682280825493048E-005
   1.4551014080882766E-004
   1.0865238844944533E-004
   1.0199550001499991E-004
   1.0038384856890266E-004
   9.2436685237426772E-005
   9.9295356787637877E-005
   9.7073687888859126E-005
   5.8771396092338443E-005
   6.7661905729074303E-005
   7.6381330933162194E-005
   6.9899669267712542E-005
   8.1935801582123507E-005
   8.0909553780217342E-005
   5.5822221726948890E-005
   1.0322109441724030E-004
   8.6825652852282701E-005
   9.5583979997944688E-005
   8.8646041378436733E-005
   1.0372894199064626E-004
   8.6264386764489860E-005
   6.3487089004498457E-005
   7.6879883729358023E-005
   1.0493567759228200E-004
   9.4766934202492484E-005
   8.3780855433595054E-005
   7.9732436429885871E-005
   9.9571383584899845E-005
   8.7685693913929326E-005
   1.0266108134320189E-004
   1.4735168968823132E-004
   7.3901651372462312E-005
   6.0745255746094206E-005
   1.0320236001407007E-004
   8.3549451218377179E-005
   8.3170869198257428E-005
   9.4166086831570965E-005
   7.4163953103862219E-005
   1.0182133823353042E-004
   8.9791360714647870E-005
   7.8273855052016984E-005
   7.0914700942286898E-005
   1.2206680585754208E-004
   8.6128737145179721E-005
   6.9086374983430655E-005
   8.0931654339953885E-005
   8.9383388273437512E-005
   6.1325287023184029E-005
   5.1092721443084707E-005
   6.1326144887220631E-005
   9.0556180748865384E-005
   7.5940034836510705E-005
   6.5157799352224250E-005
   1.1321823388999820E-004
   6.9135495694571064E-005
   1.1196103660997221E-004
   8.5768018810673677E-005
   6.9232812373285453E-005
   6.8792825235823403E-005
   8.4967202628228420E-005
   1.0230285833937025E-004
   7.7392648037612091E-005
   8.1093439413610374E-005
   1.2456134845540651E-004
   5.7093195254176668E-005
   7.0932367874066541E-005
   7.6217189568880456E-005
   8.3825095156752952E-005
   9.1869181524447421E-005
   8.7464500590702775E-005
   5.9800357388626407E-005
   7.2385913917470665E-005
   9.4200229672523620E-005
   1.3089186197127184E-004
   7.1683435964547379E-005
   5.4991246098935504E-005
   5.5095832651573789E-005
   5.2061804669455703E-005
   8.5133584322190120E-005
   9.2022218495413908E-005
   6.7962874252690489E-005
   1.1424240282100508E-004
   6.1559711177003163E-005
   8.4982383044230334E-005
   6.7116725428900448E-005
   1.1622442876595470E-004
   8.5861070454465162E-005
   8.2240940276677454E-005
   7.2996003015401612E-005
   7.3082790914640044E-005
   7.8493425654983437E-005
   1.1345255403995722E-004
   8.6408250122926619E-005
   5.5851350737441461E-005
   5.0876691354267074E-005
   7.6710680192864289E-005
   7.1864156642391239E-005
   6.4782249464465650E-005
   6.5975670213547940E-005
   1.0695065558544234E-004
   1.1044627411269046E-004
   9.7780314023573396E-005
   1.0718661457075229E-004
   6.4132868467168232E-005
   8.0332349598456225E-005
   1.2006452712696262E-004
   9.1574554350048112E-005
   9.7198698525350247E-005
   7.7938463921948571E-005
   9.6295735896397068E-005
   1.3767514147646496E-004
   8.7427119735063080E-005
   9.0431023638999072E-005
   5.4510325565782061E-005
   8.2752532911448893E-005
   1.0932156729263304E-004
   7.8192875264344007E-005
   7.6086107804965411E-005
   1.3755667476574013E-004
   5.9292787721285879E-005
   8.7399823209565153E-005
   6.7211350531921961E-005
   8.9922193153751251E-005
   1.0176729235495879E-004
   1.1399701340789984E-004
   5.1729064117099087E-005
   1.1829944403818605E-004
   9.0517287914213129E-005
   5.7897889665401108E-005
   6.8249275907187454E-005
   9.1837942865764910E-005
   7.7846159384568735E-005
   1.0429321437345353E-004
   8.3994075877763324E-005
   9.9892554657872730E-005
   9.4259790676322057E-005
   9.6834187389060488E-005
   6.5044866838454528E-005
   7.7626461127718887E-005
   5.5821864195210184E-005
   1.0357537915138422E-004
   1.7858319230650206E-004
   7.3119658942616267E-005
   7.3467236880381663E-005
   1.0221658901129022E-004
   6.3997491597749613E-005
   6.4003347111991538E-005
   7.3196157176626744E-005
   1.3475680246489364E-004
   7.0281539663758438E-005
   9.4725323451537308E-005
   8.7796271756545826E-005
   7.3957205512453352E-005
   5.5556499166864081E-005
   7.2729820007017408E-005
   1.1194590809539609E-004
   7.2673490231699365E-005
   1.4091442385579856E-004
   8.5455709690278564E-005
   6.8767380748919061E-005
   1.1433241112778504E-004
   6.4148887131373986E-005
   8.3122574507310765E-005
   6.7419698093362793E-005
   9.9722441227659977E-005
   6.4650679813985960E-005
   9.6283233739386908E-005
   7.6485729938432557E-005
   6.6202648784218746E-005
   1.2588701342413933E-004
   1.0033775304117969E-004
   7.3094298641711677E-005
   7.4097136143896848E-005
   8.8201048701092968E-005
   7.9963908164552573E-005
   7.1952141668134788E-005
   8.5409378918048788E-005
   1.4945950107886873E-004
   5.5875203364017205E-005
   1.4787522566925626E-004
   1.0343644464987756E-004
   6.2597242207245902E-005
   1.2073164487107603E-004
   6.4634991092615615E-005
   1.3419873679171738E-004
   8.2502164585688330E-005
   6.2282195996213289E-005
   8.2879871311778902E-005
   1.5322387000460473E-004
   6.5353023684846371E-005
   7.6637052757517449E-005
   8.2936285795384246E-005
   1.0782828420119936E-004
   1.0624097164933762E-004
   8.5086046190266718E-005
   8.8732539434898880E-005
   6.1709435581720054E-005
   1.5113823595549078E-004
   7.1455265823319925E-005
   1.1745544477292485E-004
   9.5769103311191508E-005
   1.1715192068570449E-004
   7.2014327225798736E-005
   8.6078783466070311E-005
   8.6141654345274065E-005
   1.0966996993196539E-004
   6.7915288073785627E-005
   1.2084939587075003E-004
   7.4064883565804913E-005
   1.0050936432513782E-004
   1.4570671027033254E-004
   5.5820035220330644E-005
   1.3689883589200336E-004
   9.9618721740127740E-005
   5.7966323669480066E-005
   7.6878351197822199E-005
   9.2805005342283328E-005
   1.1057143111126405E-004
   9.3764663807169136E-005
   6.2870721215508714E-005
   8.1745214720266955E-005
   6.7722645810261699E-005
   9.5601575426194942E-005
   6.9688970230786975E-005
   1.7407120256705306E-004
   1.4757111075741679E-004
   8.0839330338041755E-005
   1.1545728472687585E-004
   7.9023668927447510E-005
   6.5889109047510705E-005
   6.7850576262118843E-005
   7.4156691068855596E-005
   9.7105465805642443E-005
   1.0676663575490394E-004
   8.4049457742247746E-005
   8.8963684711509451E-005
   1.5536268058991072E-004
   1.1270091876117097E-004
   7.4040705230626476E-005
   8.4323685186583658E-005
   6.0965355088661332E-005
   6.5490703496398354E-005
   1.0713446330707208E-004
   8.8154408690443084E-005
   8.3016290860208375E-005
   9.3547003277382384E-005
   7.7221969499220608E-005
   4.9093540443230199E-005
   7.8026368335699779E-005
   7.7552352571706590E-005
   6.8580503861096262E-005
   1.0123077780790945E-004
   1.0865310205546135E-004
   6.7260075428062779E-005
   1.1171006228681468E-004
   1.2117997780908557E-004
   8.6680481664034589E-005
   1.0902672467562139E-004
   6.4264022863257640E-005
   5.4495394039831477E-005
   7.4560516277145795E-005
   8.6401653969821684E-005
   1.2506693833259016E-004
   8.6652541479915034E-005
   9.2446414209904605E-005
   9.1657726024665782E-005
   6.8786392169024158E-005
   9.8831623858262226E-005
   6.3592657596498397E-005
   7.1241667726084742E-005
   6.8717327053999849E-005
   7.6995986969203133E-005
   7.6671817553551440E-005
   1.0715345871636742E-004
   7.7161337290053921E-005
   6.4551907840601955E-005
   6.0345850393993653E-005
   1.0494309664787806E-004
   9.9888814945624834E-005
   1.4108279700486152E-004
   9.7031189523019741E-005
   6.3064848143584056E-005
   7.8413645661075531E-005
   8.9737724839482786E-005
   6.4398798967549214E-005
   1.0831887032789186E-004
   7.8136616340125677E-005
   8.2493979343974052E-005
   7.2587151106383023E-005
   7.8004703284528779E-005
   9.8204624927622397E-005
   1.0281143271074805E-004
   1.1213452366111754E-004
   1.0253039208467610E-004
   1.3090387132537340E-004
   1.2664160201431682E-004
   8.5887352599236036E-005
   8.1456458170316100E-005
   6.5802898745036825E-005
   9.7657840831422220E-005
   9.3331576264250082E-005
   5.6225117557613998E-005
   1.0186380562594812E-004
   9.3045067214380818E-005
   1.2738995181179545E-004
   6.8905279905683258E-005
   7.8360145492030358E-005
   9.6115961360383699E-005
   8.2583300532598324E-005
   7.7162667457169657E-005
   1.3048530433857055E-004
   7.7880755713547695E-005
   7.5460822433019419E-005
   8.5186236154619142E-005
   7.3516568800850054E-005
   1.3927366616328809E-004
   6.1401742417857230E-005
   1.2530771129607804E-004
   6.6763294236875964E-005
   7.5808305106477629E-005
   9.3697471475480179E-005
   9.6848235535862466E-005
   1.2223723514163034E-004
   1.1834220283997042E-004
   7.0024362220790802E-005
   8.7259485611116585E-005
   7.6313658923030965E-005
   9.2459483914699209E-005
   6.6347512314145242E-005
   8.6549943357221048E-005
   7.1913873018335792E-005
   8.7383489727165504E-005
   8.0781187485369675E-005
   7.0541007913886913E-005
   1.5968727702273607E-004
   1.1161326221476198E-004
   1.6920325467883641E-004
   7.9463644460122686E-005
   8.4721260863182690E-005
   1.0291627903932427E-004
   1.0036301441308395E-004
   6.7549980276526212E-005
   8.7612731610908792E-005
   9.8544486184687992E-005
   1.2105153385502439E-004
   1.0108641071660641E-004
   8.7226451502001376E-005
   7.4293685513422613E-005
   6.3566301776594701E-005
   9.0127850011553372E-005
   6.4079955793880193E-005
   6.0865415216484026E-005
   8.5051265514428311E-005
   8.2318833779972846E-005
   1.2193996470975670E-004
   7.5267427357336540E-005
   7.4685756946586487E-005
   9.3651462887636710E-005
   9.6966340149973895E-005
   7.4153321256960087E-005
   9.7854628401787720E-005
   1.0624661971983418E-004
   8.1824438692837273E-005
   5.7688715503242274E-005
   6.6971025941867001E-005
   5.3240524605834134E-005
   7.1729677567039236E-005
   1.8060469594822606E-004
   1.0772989895823452E-004
   5.9872800972497189E-005
   8.8711008082394371E-005
   6.1271602551604373E-005
   5.0341006686024955E-005
   7.7257720135632315E-005
   6.8757150484329187E-005
   1.0085772713450906E-004
   8.1842773841245999E-005
   6.7709926121585926E-005
   8.5932461474163031E-005
   1.1723061021067359E-004
   7.2800242452344830E-005
   6.9648578637779545E-005
   1.2145334680256306E-004
   8.9921711623753545E-005
   1.0920990627082523E-004
   8.0645458736979133E-005
   1.1363081203622743E-004
   6.1216098221623670E-005
   7.0416893652176332E-005
   7.5385339578897442E-005
   1.3151950036442416E-004
   9.0968238559206691E-005
   5.3945325232250046E-005
   6.5726930974141474E-005
   7.5307916968552375E-005
   6.9557097037118912E-005
   7.1443333841545147E-005
   7.3592632298147837E-005
   7.2388418039569824E-005
   8.9048039165073601E-005
   1.0287912957159888E-004
   6.7667926040778715E-005
   8.6048744923791800E-005
   6.7614461160543827E-005
   1.1949979452423059E-004
   1.1030303734864142E-004
   8.9979772989054479E-005
   9.5342923551196331E-005
   9.2362295224875275E-005
   1.3253928792449126E-004
   9.6945939398542137E-005
   6.5531951215178164E-005
   1.2161344228422074E-004
   6.6878069904344444E-005
   6.4266567361783651E-005
   7.1045386187920708E-005
   1.2812675289378128E-004
   9.1670602925490033E-005
   1.0598574944480444E-004
   7.8503480108732640E-005
   9.3786219529950601E-005
   9.0799226118661958E-005
   7.7207374411879899E-005
   8.8451622776185979E-005
   6.1738854282865867E-005
   6.4438785547789830E-005
   8.0826433747765002E-005
   7.0529028328067284E-005
   7.7953849478168448E-005
   1.2580089278457258E-004
   7.1544324039326165E-005
   7.9253581888002756E-005
   7.4625928102879893E-005
   6.7603413869061346E-005
   6.1690210800990664E-005
   7.5606735752888567E-005
   7.1178380927107432E-005
   8.2093737086441973E-005
   9.5113698121183701E-005
   7.5550826855135908E-005
   7.2352267666723124E-005
   9.4393585625322340E-005
   7.4247166233650254E-005
   6.3152639481347901E-005
   9.2571351301950033E-005
   7.4778049290790194E-005
   7.3988336425914982E-005
   9.6155660740029452E-005
   1.3435228190323249E-004
   8.2918388877514874E-005
   7.9278418618367586E-005
   6.7651753712335836E-005
   7.2780213686572280E-005
   8.2998980743417583E-005
   6.2110429948323837E-005
   9.0346909872943636E-005
   1.2592234473290955E-004
   8.5276294599386418E-005
   8.8919852268558915E-005
   1.1947010889094716E-004
   9.2906866701834983E-005
   7.6277269499125722E-005
   1.2892147761410974E-004
   1.0915933198096689E-004
   9.7560290811146995E-005
   7.9050978153540137E-005
   9.4877393415222078E-005
   8.9652357130787902E-005
   1.0512946339246795E-004
   6.1506709583336117E-005
   8.7941613210457215E-005
   8.0175637808397186E-005
   1.3282381086065860E-004
   8.3650447235431849E-005
   8.3191676944593653E-005
   8.2332949288976647E-005
   6.5453618767480042E-005
   8.6486381659879846E-005
   9.2655867799616725E-005
   8.3527800265406868E-005
   8.0127607606693570E-005
   5.9602534988794330E-005
   7.5929081019928746E-005
   1.0392798306972211E-004
   6.9446469301490544E-005
   7.1557497926082438E-005
   1.1848299921748734E-004
   7.6355481961149684E-005
   8.8677028209031389E-005
   1.1336446512642324E-004
   8.8676279943645335E-005
   8.9122535005293937E-005
   1.4171475612341291E-004
   8.6869925482125179E-005
   6.1856823765844192E-005
   8.0808354171368017E-005
   8.0153540261752236E-005
   1.0286032285570836E-004
   7.8424974882084029E-005
   8.8135294364450698E-005
   7.4896605779561492E-005
   8.2945914945167887E-005
   9.8213731551541217E-005
   1.0921839305684191E-004
   8.2296906264700938E-005
   1.1376847425604134E-004
   6.7057304702908580E-005
   6.9841900377151374E-005
   5.7444919381677886E-005
   8.4317065189011916E-005
   6.4474066658325323E-005
   8.5877054174349310E-005
   7.6973548532979113E-005
   7.8399589857760732E-005
   1.2811759622054504E-004
   7.7982459188334383E-005
   6.2847333654412397E-005
   6.9702916428801637E-005
   7.8315311267150358E-005
   1.0940289650392292E-004
   7.8718369471773869E-005
   1.0981058011418288E-004
   1.0495489270683097E-004
   9.4757778630442986E-005
   1.0544074140100371E-004
   8.1495732110970255E-005
   1.0668824995706406E-004
   1.0869275732366348E-004
   6.9179046392256067E-005
   1.4252451788939358E-004
   8.6560853316696909E-005
   8.1495655758988728E-005
   8.7090607743869140E-005
   6.8943671705957871E-005
   6.7918987695993958E-005
   1.0412354777740259E-004
   1.5581924817193726E-004
   5.2190505389443829E-005
   6.0690474017672841E-005
   7.9664974662399388E-005
   8.2833502993029346E-005
   9.2593997806684905E-005
   6.7679628468053058E-005
   8.2880911484815853E-005
   1.3224686653300844E-004
   1.4551899855605701E-004
   1.1066363885574536E-004
   6.0076183618953422E-005
   6.3330100282260677E-005
   8.2156503451355140E-005
   8.4275630636301577E-005
   8.0006590185845066E-005
   1.1708499693739848E-004
   8.4899450164200080E-005
   9.0972631950007321E-005
   5.0604778958082037E-005
   1.6218475030698300E-004
   6.2623804352555698E-005
   1.7467305965062136E-004
   1.1701638671598814E-004
   8.5337043072222383E-005
   1.0224386066290724E-004
   6.7715790093310477E-005
   1.0214842182789180E-004
   8.3825903697314183E-005
   1.0322311090620200E-004
   1.3713658074351171E-004
   5.3591150860635530E-005
   6.9082945493412811E-005
   6.9131290796746437E-005
   7.7478011625497866E-005
   7.7635074363406313E-005
   8.3096834495793273E-005
   1.2581384930194595E-004
   1.5877856634705751E-004
   8.4573728002301080E-005
   7.8912148115420691E-005
   1.0855807032473066E-004
   1.2731766898592137E-004
   1.0237974562345332E-004
   8.0911177112715890E-005
   1.6460966938177884E-004
   9.8338716704495427E-005
   1.1926725091749934E-004
   7.3464141093687271E-005
   8.4930073254232787E-005
   8.7717682331727375E-005
   8.9842184887806492E-005
   1.1369993634903426E-004
   8.2821250757379961E-005
   7.8076570042150326E-005
   6.6401892782170569E-005
   1.1248596781463149E-004
   1.0574134087693864E-004
   1.1279652489304516E-004
   7.1984050447042018E-005
   9.7128267312344456E-005
   8.4676384774523984E-005
   6.7897761081012019E-005
   7.3921669830616618E-005
   7.9014862337052622E-005
   8.1379030486565876E-005
   7.0876436249171462E-005
   9.8681488798345996E-005
   6.3617107579315164E-005
   8.1460814572172839E-005
   7.1555233099468047E-005
   6.5464848360684852E-005
   7.9754399727993011E-005
   1.0447459434713488E-004
   9.3592777507659866E-005
   8.5528731730385524E-005
   8.6878067579655445E-005
   5.9770584172851733E-005
   8.0645811322747630E-005
   9.4100302242406663E-005
   6.7347227971214393E-005
   6.5916414484920029E-005
   6.6734573620131539E-005
   9.1424680676856240E-005
   7.2998377930271613E-005
   1.2677801179840727E-004
   9.4706643832553823E-005
   7.7188176067982168E-005
   7.6931805852670644E-005
   9.6099858743501170E-005
   1.5921050823694159E-004
   7.3201751003563393E-005
   1.2139036518604613E-004
   7.0596718302856512E-005
   4.9466740340631692E-005
   7.0621238150225574E-005
   9.3765848899131200E-005
   8.6796363729890920E-005
   1.0869262134412888E-004
   1.4476452137205122E-004
   1.1545879382396264E-004
   6.6848710168127641E-005
   8.3521177766167335E-005
   1.1884849672260143E-004
   7.4800683476285471E-005
   1.3131813614762080E-004
   7.1884531574377213E-005
   9.6980016850614352E-005
   6.5459449741803557E-005
   7.0434953006240285E-005
   6.7790216684001457E-005
   9.7913336321593102E-005
   6.2607932077077798E-005
   6.4741726213692123E-005
   7.3982394459030595E-005
   9.0543802401305980E-005
   1.2722459697968183E-004
   1.2024504362131278E-004
   6.1582451381722751E-005
   7.0639077744772275E-005
   1.0763643414763601E-004
   1.0615400384092923E-004
   1.3691575139139774E-004
   1.0618894018610626E-004
   7.3056092884156800E-005
   8.8122651037230617E-005
   9.4181097089512291E-005
   9.0617786720018277E-005
   8.8502419156714682E-005
   6.4794334715613763E-005
   8.1213485499403141E-005
   9.7454829783051968E-005
   8.0134030729813648E-005
   1.0394860727899738E-004
   1.2983321313209001E-004
   9.5437549871938185E-005
   7.2804966974851946E-005
   1.1653127902377705E-004
   8.6399412610142339E-005
   1.1623250142833140E-004
   7.6855521222236360E-005
   7.3445940245782097E-005
   9.4741907852160886E-005
   1.7411124047498439E-004
   8.5760271193354562E-005
   7.0026139112628626E-005
   7.0388720183106813E-005
   1.1099183123903222E-004
   7.6865409894685471E-005
   8.3449287897459175E-005
   8.3481565596087349E-005
   1.1273197948895137E-004
   9.2657420989267702E-005
   7.1186016279262029E-005
   7.8415511183771623E-005
   1.1728223936136994E-004
   8.5492914823453997E-005
   7.0784808998875098E-005
   1.5289184007617504E-004
   4.8442844353833645E-005
   7.4334060083502515E-005
   8.3056044073368733E-005
   1.2427896298421867E-004
   1.0113654183442089E-004
   7.4117764150596351E-005
   8.9360662402929435E-005
   7.3508893812535814E-005
   1.7256243964366576E-004
   8.2393302675481164E-005
   6.8068517611522952E-005
   9.4319729227307150E-005
   8.5277448055664622E-005
   1.0919522431976049E-004
   5.9666582805023413E-005
   7.9800493921111559E-005
   9.7543474472164599E-005
   8.2289319530657736E-005
   7.6347947432554061E-005
   6.5300100459094997E-005
   1.3869288467750166E-004
   7.4679587362662205E-005
   1.0755946515372110E-004
   8.4686456993383804E-005
   7.6260422119539442E-005
   7.3971025889627546E-005
   9.6061784687254126E-005
   7.7909487620479275E-005
   6.8390292027008723E-005
   8.7973487264027120E-005
   8.0671924737558420E-005
   7.6039604203737384E-005
   1.1464586656768092E-004
   5.4014467520739904E-005
   6.1549577182140613E-005
   1.1022592917813933E-004
   7.5462700985209647E-005
   1.0319293842377380E-004
   7.3545442790866461E-005
   9.4376031921158891E-005
   7.9262633388619291E-005
   1.1953379771899039E-004
   6.6304697246493188E-005
   9.7063789093579516E-005
   8.8263029030292403E-005
   9.1951940310443293E-005
   9.6097894170665542E-005
   8.2097125978518263E-005
   9.3920493267636083E-005
   1.0669397248314247E-004
   8.0612438148294264E-005
   7.0869026975231838E-005
   5.5401336881146596E-005
   7.1016909544641493E-005
   8.2834942880220772E-005
   7.5989202911520994E-005
   1.1052196574568825E-004
   6.6169956311900961E-005
   9.5812012822542666E-005
   8.5468907330886289E-005
   9.7315186146698613E-005
   8.3693198178777371E-005
   6.4781602529295854E-005
   7.3769741393243365E-005
   8.5554085350725458E-005
   9.6072938775120979E-005
   8.6275405193992125E-005
   9.6884347048050484E-005
   7.8301975985349133E-005
   8.3227982204947049E-005
   1.1255926893306991E-004
   8.8405149845023940E-005
   7.2020349985192321E-005
   1.1106860384799494E-004
   1.2966946163670484E-004
   1.0343561131576228E-004
   7.3697756609405319E-005
   1.3323559764199212E-004
   1.5277921700283537E-004
   7.1380557890245988E-005
   1.4622740786742578E-004
   8.5863841750465257E-005
   6.0522907594586936E-005
   6.9991666337894978E-005
   7.5132139597333677E-005
   1.5149745077752021E-004
   1.0418818976764567E-004
   7.2072839590195948E-005
   7.1343712327770145E-005
   7.7758979720764148E-005
   9.1771566995696961E-005
   9.8833324708438543E-005
   1.4226956003856350E-004
   9.0376732088472109E-005
   7.8071551540062108E-005
   7.5164002425810652E-005
   1.5456958834946183E-004
   8.8401284805630654E-005
   9.5969451771000982E-005
   1.1950514837287760E-004
   7.2172388284148309E-005
   1.2522094675281546E-004
   1.0301914748204520E-004
   6.9955007687150142E-005
   6.3504371145798862E-005
   6.2538162238754769E-005
   7.3740864601007605E-005
   8.4229296738699404E-005
   9.3175250571614891E-005
   7.4079450050063548E-005
   7.0680664917610034E-005
   9.1395806775405476E-005
   5.7132872441239228E-005
   5.7903512571046355E-005
   6.9151953596120636E-005
   6.9527701350711435E-005
   7.6811430817278845E-005
   8.6511943948425785E-005
   1.3394096251578784E-004
   6.9412444013236015E-005
   7.4655125941494059E-005
   6.0819040641223387E-005
   8.2458437661455324E-005
   1.5915599128417035E-004
   6.8575301423695208E-005
   6.6620251492352736E-005
   6.9101037904426832E-005
   5.9902378348054252E-005
   1.4017763692851740E-004
   8.1528798521599628E-005
   7.4554347370861057E-005
   7.5347546001082558E-005
   1.4550141175285431E-004
   6.0689861064873443E-005
   6.0062736959647687E-005
   1.2498054513343436E-004
   9.5433525209488821E-005
   5.1735849699745581E-005
   6.9127532561659842E-005
   1.3586376904478351E-004
   1.1259083429889061E-004
   8.4089596236232628E-005
   7.5400243351663327E-005
   5.3078363589777564E-005
   7.1015854331518978E-005
   7.7865030138453515E-005
   8.2842161605822587E-005
   6.2139447261295406E-005
   1.5720722907338429E-004
   5.8379943576260621E-005
   1.7170863388369232E-004
   7.7205760963835175E-005
   5.7935730826214839E-005
   5.6164526994262613E-005
   6.6532898855754712E-005
   7.6858249358544448E-005
   6.1299421123722601E-005
   6.6379659404712849E-005
   8.8153246611780592E-005
   9.1640635383143706E-005
   8.5756969257845504E-005
   1.1782284517701965E-004
   7.8730393264325036E-005
   7.0887773647794808E-005
   9.4353492232015343E-005
   8.2687780022422348E-005
   8.7009979000798716E-005
   8.3346781756536348E-005
   1.0449209209974747E-004
   1.0731734327741089E-004
   1.5168149354113431E-004
   8.8545169930087458E-005
   6.8631503432012007E-005
   7.4507779767671423E-005
   1.0036869574682854E-004
   7.4931630889752866E-005
   1.0769940286303835E-004
   8.0943415346815766E-005
   6.7360511790334795E-005
   1.0956612484270379E-004
   6.8683175384202678E-005
   8.5576095018857794E-005
