   8.4787696016342502E-005
   1.3955875702330542E-004
   1.4976217653583706E-004
   8.5457736170169358E-005
   9.3722636302832522E-005
   7.8707158959320943E-005
   9.2057098415441733E-005
   1.2655184655507517E-004
   1.0343893095112711E-004
   8.7491234772341548E-005
   1.0824035284503057E-004
   8.7453629452443257E-005
   6.3535397871182744E-005
   8.5039231199439961E-005
   1.0165141120440810E-004
   1.3294390533933923E-004
   9.6041001585625847E-005
   1.5613035692481022E-004
   8.3401079342913949E-005
   9.1652043931247714E-005
   1.0008044709317434E-004
   6.5605123280336995E-005
   1.0500045986479604E-004
   1.3500905313095781E-004
   1.0596583109739443E-004
   1.2004949546878472E-004
   5.6342296998602121E-005
   7.5633646648385066E-005
   6.9883452262827688E-005
   6.9874126225773990E-005
   8.8970413632433830E-005
   6.3954574688304070E-005
   8.2048084028869093E-005
   8.4175327242412828E-005
   7.9320892651089608E-005
   1.0270176143379158E-004
   1.1648317816276586E-004
   7.8705341016817079E-005
   7.0183081658448587E-005
   7.0446167912552538E-005
   1.2634009435530261E-004
   1.1102638517433603E-004
   1.1637521537908403E-004
   1.2913104969451011E-004
   9.9985213153948958E-005
   8.1289981940396480E-005
   9.6240381277760829E-005
   1.1259779281866260E-004
   1.0130748896447779E-004
   7.0654299993001745E-005
   7.7742870598089485E-005
   1.2107092352544282E-004
   1.0088092402681074E-004
   8.5407982055607696E-005
   1.0076028068856200E-004
   1.0540625894200343E-004
   9.3621595788476880E-005
   1.1704996904915973E-004
   1.4868314381867042E-004
   1.8689085721485153E-004
   1.2399126078063564E-004
   8.2205426993223158E-005
   8.8438978893379071E-005
   1.2462826553377067E-004
   6.5084481004620116E-005
   9.6915787000395492E-005
   1.3089779404124914E-004
   7.1103944747818497E-005
   9.4463485638228694E-005
   8.0847040097835595E-005
   1.0596133438169082E-004
   1.1733897730519202E-004
   9.5105683393608174E-005
   6.9539710250299451E-005
   6.3087581023739010E-005
   7.6356164004335149E-005
   4.8399520921019904E-005
   6.8120581161234376E-005
   7.9610470688617468E-005
   1.1567926253588229E-004
   8.1592055540958145E-005
   8.0366325282341924E-005
   1.0302525356871168E-004
   1.0391306489882837E-004
   8.6195320034282723E-005
   1.1827687153279865E-004
   7.5887406672263072E-005
   7.5657978145513667E-005
   8.3654724259250754E-005
   5.7105904893071549E-005
   1.4751962099822892E-004
   9.0996433112238342E-005
   1.3444993372037315E-004
   8.7906435396706097E-005
   6.3793645245282339E-005
   1.2761243817177188E-004
   9.9372422897898608E-005
   9.2519443024633390E-005
   8.0031170897651248E-005
   1.5734255010706424E-004
   9.3550119705952965E-005
   9.6094303997721681E-005
   1.1210564516160109E-004
   6.7970694724925267E-005
   7.7318841622563654E-005
   4.8018853875433976E-005
   9.8857061830340007E-005
   8.5683828215141338E-005
   7.2918115138432028E-005
   7.2185589520292202E-005
   6.8418224092671754E-005
   5.9534139446536135E-005
   8.9033752735884420E-005
   9.8092007529067236E-005
   1.0041404545720982E-004
   9.5987328924623732E-005
   7.8718969795735715E-005
   5.3180177376559339E-005
   1.0132420643629512E-004
   1.0168224877838637E-004
   9.2376662721306419E-005
   5.6000036027461612E-005
   1.0442433410380329E-004
   6.2379975490840239E-005
   5.9334813065668467E-005
   1.2046997857353843E-004
   7.7868132993084543E-005
   1.2015845348209569E-004
   1.1331893095389400E-004
   9.0101817790831632E-005
   8.9369265450100084E-005
   9.9161064235505893E-005
   1.2445099700947239E-004
   9.3556457101498847E-005
   7.5705599599535707E-005
   9.3219144503443570E-005
   7.5197340795801157E-005
   7.1765414793694443E-005
   1.1079761633710049E-004
   7.2683184562048352E-005
   9.1316919351513108E-005
   1.0512626346199831E-004
   7.7421324858089596E-005
   7.3686288777881286E-005
   7.8434348172876884E-005
   1.8088354610682055E-004
   9.1955712420621597E-005
   9.1137054407664075E-005
   6.4698179848441650E-005
   7.1685950112267848E-005
   8.8094758422191559E-005
   7.4118119290156824E-005
   8.2324071089197483E-005
   6.5867346116962481E-005
   6.2470478187794405E-005
   6.8197439969826411E-005
   8.4645831530931053E-005
   1.1277281354724422E-004
   8.0776411161994195E-005
   8.2245576811077102E-005
   9.2599145491475542E-005
   8.2607114884980344E-005
   1.1363733322919109E-004
   8.9349570277584989E-005
   7.3251091313297480E-005
   6.0122457705039056E-005
   1.7667310458115764E-004
   6.9226174021882182E-005
   8.4508586766989717E-005
   7.4775348688569624E-005
   5.3199693194821860E-005
   9.1168351572976208E-005
   1.1430219804920147E-004
   7.9366519147893875E-005
   1.0424173798391597E-004
   8.8974960257002839E-005
   7.2435922619873275E-005
   8.5558332299911989E-005
   8.1582910506487405E-005
   6.7953396443835881E-005
   1.0153057445236087E-004
   1.5207548982435328E-004
   7.6486692702870229E-005
   8.2718844971457024E-005
   6.0150783441728672E-005
   1.4213901946290983E-004
   5.8520469474736893E-005
   9.5204160045071209E-005
   6.5454656320470777E-005
   6.9270903496189613E-005
   7.7816232905620491E-005
   1.3826151512749015E-004
   6.7242585294700135E-005
   8.2485131754086896E-005
   9.1535932145239140E-005
   1.1969727727950322E-004
   1.1699605622580455E-004
   7.0818107978111653E-005
   7.0265487603498410E-005
   1.0338949516163015E-004
   1.1208383256230666E-004
   8.0890772186475304E-005
   1.3098682041236831E-004
   8.9005601349746494E-005
   8.7018753451058596E-005
   6.9474853751159876E-005
   7.7293316879104533E-005
   1.4157902657723089E-004
   8.0060879697002433E-005
   7.9795018149012110E-005
   9.1005199627464163E-005
   7.0839110583530753E-005
   6.7059014409141004E-005
   1.3622723142076571E-004
   1.1481836297027899E-004
   8.5175889714303774E-005
   1.0748004156980781E-004
   6.4969229145402002E-005
   1.0064496873405351E-004
   1.2845033040717244E-004
   1.2225574010603184E-004
   7.0814159952885752E-005
   1.0630701959963615E-004
   6.3442786574506924E-005
   7.8441564043421131E-005
   7.6275396703706083E-005
   1.3129396806612010E-004
   1.9835736287868427E-004
   7.2475484161455529E-005
   1.4644091263249411E-004
   1.1609845300634308E-004
   9.4885390356837360E-005
   9.2331076454058004E-005
   1.7640274558169578E-004
   1.3857727642748252E-004
   8.9980852844867443E-005
   9.0483587657186809E-005
   1.1450502017494834E-004
   9.3311056970972781E-005
   8.9882722701285024E-005
   8.1388064217077200E-005
   8.4479114464342344E-005
   1.2830209043647564E-004
   1.1930227298037086E-004
   2.1179768528589588E-004
   1.2880636229453771E-004
   6.2336874328095148E-005
   1.0075233195376062E-004
   8.6989815880514587E-005
   1.1109975648682998E-004
   1.1650806892565441E-004
   1.0324151472819519E-004
   5.9697206582550045E-005
   8.4657684450553620E-005
   9.8138224416947117E-005
   7.8103329002262629E-005
   1.1171705929128738E-004
   8.9010659000665699E-005
   1.0041705133128706E-004
   7.5015607254195644E-005
   9.3473021285672136E-005
   9.2943284030868115E-005
   9.9643247574097949E-005
   8.3027472390154639E-005
   1.1333701248626197E-004
   1.1150328945125404E-004
   1.5376852665698162E-004
   7.7594354698960541E-005
   1.1977551348088251E-004
   8.8300045210194914E-005
   8.5287603525246311E-005
   7.6056412383908927E-005
   7.3471644319966035E-005
   7.6954332601578260E-005
   7.6716379571580400E-005
   1.0615428326757778E-004
   8.6334621562935416E-005
   6.6415249640689882E-005
   1.4845789729917437E-004
   1.0313829070817117E-004
   8.8021579934433676E-005
   6.9755978380357903E-005
   9.8509957500712901E-005
   8.2381405883250644E-005
   1.0018822997370085E-004
   1.0572374007084254E-004
   5.7502468025277794E-005
   8.9858790377954416E-005
   6.4049698381313090E-005
   1.1983873574575623E-004
   8.9396604809116264E-005
   8.8325838214187695E-005
   6.3356205973944153E-005
   1.5224441765658973E-004
   9.8377139300685946E-005
   6.0490427575390694E-005
   1.1656827507556015E-004
   8.3736434376814858E-005
   1.2816253624447764E-004
   1.5062675725483442E-004
   6.7182618885479345E-005
   6.0531017544837748E-005
   1.5301275629893340E-004
   1.0239940925484883E-004
   2.0239402399482192E-004
   7.7208175722350662E-005
   1.4287248667254246E-004
   1.0109183340864079E-004
   1.0197928830612952E-004
   7.0153280836316947E-005
   1.4001309596971728E-004
   8.9863598096741367E-005
   6.1761709159598564E-005
   9.4097221541043788E-005
   1.1916744807956727E-004
   8.1226772540417798E-005
   9.8848959742061268E-005
   8.8243836525611735E-005
   1.1279486417522985E-004
   1.1971238275864811E-004
   8.3044140818539202E-005
   6.7572405893700293E-005
   9.3464257536956711E-005
   7.4980471566225634E-005
   6.5921546726524941E-005
   1.1206962365146199E-004
   7.5724460783016393E-005
   1.3200335117554316E-004
   5.3610738207876863E-005
   9.9052859735956756E-005
   7.7624923034799894E-005
   1.0565379398942754E-004
   6.9338270173012833E-005
   7.9456389506867467E-005
   7.6184892712115996E-005
   1.1227716954034266E-004
   6.1629888167003487E-005
   8.4008437490062446E-005
   7.2163733384076890E-005
   8.4157891554046804E-005
   1.0955793458142230E-004
   7.1947286048110255E-005
   8.0190813522343203E-005
   6.3243098533561401E-005
   6.5013208830351621E-005
   1.0683068913522228E-004
   9.0111575140380869E-005
   7.2540708558291447E-005
   9.7387326293178547E-005
   1.1198416195349126E-004
   1.0376921067950650E-004
   8.1077364891503064E-005
   1.2248334451070450E-004
   7.6011298224377947E-005
   1.7049519130181686E-004
   9.5468345012336613E-005
   8.2878363341648125E-005
   8.3688226260273323E-005
   7.4928207414434665E-005
   7.4474075271235133E-005
   7.1008954036655390E-005
   1.1349427078525110E-004
   1.0773651254103499E-004
   6.9479377853167595E-005
   1.3532295141589930E-004
   1.0810770423694064E-004
   7.8138250057298533E-005
   6.0095939600601222E-005
   1.0266982293044677E-004
   1.0066138269461805E-004
   7.3091720341048172E-005
   5.4046840240542742E-005
   1.5848837221231675E-004
   8.5985578966015237E-005
   5.9179760812573861E-005
   1.9876839184098242E-004
   1.3795517056826466E-004
   1.2432715451668672E-004
   8.5528891956714406E-005
   7.6608136076465033E-005
   9.3702348980687208E-005
   6.8782104105003148E-005
   8.2739613479714181E-005
   7.6819627634640018E-005
   8.4720610622531693E-005
   9.8423598420012683E-005
   7.6582952711749504E-005
   8.3050469904200958E-005
   6.0919184885917649E-005
   8.7262529742350848E-005
   7.4069961045088994E-005
   1.2845837884594601E-004
   9.8315074516975947E-005
   8.2786933843131028E-005
   9.6233125865709943E-005
   1.0422120102350905E-004
   1.3202655198611137E-004
   1.7769385595718169E-004
   5.8991453358991744E-005
   1.0637049978659992E-004
   1.0173961389920264E-004
   6.8808965124740376E-005
   1.3264605064273256E-004
   1.1838803381592687E-004
   6.2015309897012506E-005
   8.8350795039383591E-005
   7.2864607728281828E-005
   1.9892639726018694E-004
   1.3524604975177589E-004
   1.3118902788154937E-004
   8.1873810673940839E-005
   1.3506306250662679E-004
   1.2253591364767933E-004
   8.6830080676101928E-005
   1.2015598964906703E-004
   1.1133736185699434E-004
   1.3964237835150742E-004
   7.3954546328964765E-005
   7.2491253038715734E-005
   8.2713394284877689E-005
   5.3591340168707542E-005
   6.9955486051482635E-005
   1.1145023499735550E-004
   1.0827106285340460E-004
   1.1221940657323183E-004
   8.8628369403685435E-005
   7.5618161309877233E-005
   7.7650469051123073E-005
   8.6687548076604533E-005
   1.1353250381404240E-004
   9.5322206660946771E-005
   9.2436654736088161E-005
   8.6608384954258596E-005
   1.0163702135885354E-004
   7.9063373103962966E-005
   6.7448359342194586E-005
   5.6077220235120409E-005
   1.0524108977544990E-004
   7.0763826885635376E-005
   9.7761618449782327E-005
   7.8360392226443912E-005
   1.0499318687082317E-004
   9.8775222304338202E-005
   7.7978586326931781E-005
   1.2329278424815334E-004
   7.4936346452273027E-005
   1.6520577166748694E-004
   1.0076666044963867E-004
   7.5360550143847155E-005
   7.7882502708672159E-005
   1.0518214761431687E-004
   8.7045615204458331E-005
   9.8869622930958896E-005
   5.8350650896322438E-005
   8.2442208981952492E-005
   1.0103508986778561E-004
   8.6502899941105746E-005
   1.1120831646315292E-004
   8.4790688472016206E-005
   1.0105853881686409E-004
   2.0848667699117595E-004
   8.3993262385201694E-005
   7.0744011919911048E-005
   6.1195205700574412E-005
   6.7610291064827878E-005
   1.0413418065137469E-004
   1.0528814411554647E-004
   7.4051250131963386E-005
   7.6797022534908066E-005
   7.8031408370644956E-005
   4.8006320194608038E-005
   1.5614649545079667E-004
   7.5609026812580274E-005
   8.7311512490487864E-005
   9.3112964815763644E-005
   6.1781392582170396E-005
   1.2324987459401730E-004
   8.8454050801643210E-005
   7.3550835763255910E-005
   9.8964284401050233E-005
   9.2571974528019376E-005
   1.3320091415514255E-004
   7.4471204515909889E-005
   1.3092812468148260E-004
   8.2205542081842755E-005
   1.4259511827063496E-004
   1.1655567840394265E-004
   9.5290889109918601E-005
   7.4224640667896555E-005
   9.2743065030635529E-005
   1.0214286016769162E-004
   8.6887846047041084E-005
   9.0703636834489360E-005
   5.9833108371843754E-005
   9.4230128861190216E-005
   7.2706228529842014E-005
   1.0148275631226239E-004
   5.9816553281466552E-005
   5.5608990819784570E-005
   8.2240797600451193E-005
   9.4547945642097723E-005
   1.0845295743177756E-004
   8.0540515380902788E-005
   9.9381237217041558E-005
   9.2866121670027733E-005
   1.5776798051901105E-004
   1.0819118465979434E-004
   7.2800823648669268E-005
   6.7301537049304643E-005
   5.2363816926024501E-005
   8.9185248123651624E-005
   9.1077141251485005E-005
   6.9253161534684415E-005
   8.9155711279150768E-005
   6.6684006892887601E-005
   8.2566352666166840E-005
   7.3646951979259209E-005
   8.6567122535395093E-005
   7.9455653842516863E-005
   8.7468380697730213E-005
   1.2605245291935098E-004
   9.2986622352761916E-005
   1.0049386661475727E-004
   5.8765464338178948E-005
   9.6301769379547483E-005
   7.3924932371683541E-005
   6.8863040898221300E-005
   1.2658210151655496E-004
   1.7153039035904533E-004
   6.3540445378146640E-005
   9.4591944405225439E-005
   5.8501523233714705E-005
   6.6232656338104659E-005
   6.9989649181218503E-005
   7.9865686313523870E-005
   1.0447722287248838E-004
   1.0372892316771550E-004
   9.5084920083290969E-005
   7.6932110465161610E-005
   1.2132281579510959E-004
   1.1641315405073175E-004
   1.0419477599943528E-004
   5.9866185775554898E-005
   6.6746648072096477E-005
   1.1557194367152706E-004
   1.0641703819412364E-004
   8.9308221191067842E-005
   8.5847148530407449E-005
   5.5644552444586081E-005
   7.7745931965497324E-005
   5.6601789849622829E-005
   6.8978233680098210E-005
   7.4216030181797161E-005
   1.1552377123310146E-004
   1.0810775561176601E-004
   7.1114025153207923E-005
   1.0058715733946980E-004
   9.2491774987923952E-005
   8.2250535967211605E-005
   6.6286257716975360E-005
   9.4517285560170687E-005
   9.7660083044947407E-005
   6.2815753220540749E-005
   7.1134088472305965E-005
   5.9790390710245707E-005
   1.0539644919169140E-004
   1.4347423871125003E-004
   5.4890526638912605E-005
   1.0101991497058220E-004
   5.7125948609265913E-005
   1.0805095970514233E-004
   1.3014893975439281E-004
   4.4714330947074032E-005
   1.3528380841787096E-004
   9.4063444604693757E-005
   5.9834333967499282E-005
   1.0283380650160227E-004
   8.7285509620461135E-005
   5.1847880685816842E-005
   7.9722354199103593E-005
   9.5199471886934023E-005
   1.9047921721141819E-004
   8.4520202468942352E-005
   1.0571903189621154E-004
   6.1615374017098704E-005
   8.1729968622812861E-005
   7.8440203212394179E-005
   1.1694819965131888E-004
   8.5793792636087906E-005
   1.1135427307673021E-004
   7.6693927420223347E-005
   1.3672416934349047E-004
   7.0243958457723722E-005
   6.5602925303361858E-005
   8.6612018125129317E-005
   7.5572827538031902E-005
   1.2104246496766531E-004
   8.7800337761823779E-005
   1.0104219360708877E-004
   1.4012120853352614E-004
   1.0764076070992422E-004
   1.1374613461331113E-004
   5.8885003062797509E-005
   1.0032775442573021E-004
   8.7161085059584391E-005
   8.3829515950167708E-005
   1.0847493284800982E-004
   1.2442236592745230E-004
   1.0643212301861281E-004
   1.0151959028724435E-004
   8.7609127065304778E-005
   8.6587340106759002E-005
   9.6032007331895905E-005
   8.3772912553635424E-005
   1.1089028457587913E-004
   8.1520324846642565E-005
   7.9851158826432764E-005
   6.5409439176542853E-005
   8.1779361683563854E-005
   6.0685178118857147E-005
   9.1482857675065466E-005
   9.6419158624545383E-005
   8.1418280542727489E-005
   1.1202647453787797E-004
   6.1603947929090840E-005
   8.0694419146221864E-005
   7.7795459980763517E-005
   8.9200648760313456E-005
   5.5268862139655633E-005
   8.6808020631109031E-005
   1.0970362619484378E-004
   7.7521697684448861E-005
   1.0902134352999083E-004
   5.6546458985115022E-005
   7.4436684163149694E-005
   6.3935162284139892E-005
   7.1886384276592327E-005
   7.3916378678691772E-005
   1.5158550550139840E-004
   1.0425850893661127E-004
   1.6090590259508443E-004
   1.0646606269735635E-004
   1.7526101337122610E-004
   6.2677999969447046E-005
   1.0239902345967477E-004
   9.2798508759102340E-005
   5.9514971168074108E-005
   1.2277536406376155E-004
   8.9180366997695265E-005
   8.3396364731313307E-005
   8.9460950855792663E-005
   1.0432221575225247E-004
   6.9863409652080302E-005
   5.9701842725484593E-005
   1.1156070495936924E-004
   2.0778294628123335E-004
   8.0573822640060986E-005
   1.0067105561227284E-004
   6.3717189690344134E-005
   6.9219397359752079E-005
   7.6825765072684429E-005
   6.0465968735076977E-005
   6.0292011839998239E-005
   7.9757574133545097E-005
   9.6984622728743441E-005
   9.8339203231459705E-005
   1.0008617147895426E-004
   7.6565207845516605E-005
   6.7740304056913828E-005
   1.0208020611284536E-004
   8.9968378654026621E-005
   1.2828523596639628E-004
   5.3039700059591634E-005
   7.0873052001794510E-005
   1.1748601368685386E-004
   1.1707925385167340E-004
   6.6615294008801393E-005
   1.4221380130200725E-004
   1.1618948555424144E-004
   1.0514758968708222E-004
   6.2372025065466729E-005
   8.2816402737006248E-005
   7.5011170283828410E-005
   7.5291349779050228E-005
   7.0026090695046969E-005
   9.1976874158038410E-005
   8.0644477078032240E-005
   9.1797828755594914E-005
   1.1810870008277361E-004
   7.5012747231959379E-005
   5.4519537083466118E-005
   7.0726146786656953E-005
   1.0568486129643507E-004
   8.9284898555993034E-005
   9.6939465254537290E-005
   6.6537401091890688E-005
   1.7279467432126954E-004
   6.9156438170895604E-005
   6.2945124139389579E-005
   9.0311753897739670E-005
   7.1977217558500287E-005
   4.6630725498781296E-005
   9.1700919968075331E-005
   7.6216538835611021E-005
   8.3389362408185056E-005
   6.2193831559836281E-005
   1.1034743738822170E-004
   1.5745957087411888E-004
   6.4072568547677070E-005
   6.1110277603783239E-005
   8.5856103397806931E-005
   8.3516711648951253E-005
   1.0482394818673811E-004
   9.5948630378972705E-005
   7.0853249813156863E-005
   9.9487224740630082E-005
   6.5040406311222529E-005
   1.1576485322573468E-004
   1.0997002932284283E-004
   1.1874074122763993E-004
   1.1827617569973649E-004
   6.7964077704483813E-005
   5.4022217256650494E-005
   7.4375036341208450E-005
   6.6698831567944865E-005
   7.4702846167140985E-005
   1.1735101210195523E-004
   1.3320046477351949E-004
   7.6191077078181771E-005
   8.5201500305771868E-005
   5.9586468554343750E-005
   7.7486514933000777E-005
   1.5718668109765443E-004
   9.7037444672257213E-005
   1.0057997874833572E-004
   1.4719879782346381E-004
   8.7326114600721433E-005
   6.4375460493334605E-005
   1.2000626659907385E-004
   6.4146911126769849E-005
   9.5898619340860074E-005
   8.4896557649795043E-005
   8.4726865774737399E-005
   1.0861048300320166E-004
   7.3467442926510986E-005
   5.7856855504073219E-005
   7.6155945797773452E-005
   6.7443748041841467E-005
   1.4049145381490432E-004
   9.2172368443419882E-005
   1.2252499345278479E-004
   7.2321447921020371E-005
   6.2511234887824426E-005
   7.2878784853538472E-005
   7.7393527062340667E-005
   1.3011587843694456E-004
   7.2077666798013446E-005
   9.1068995236351992E-005
   1.0768770209322489E-004
   1.3824480455180277E-004
   7.2259301418109439E-005
   9.2514771763312927E-005
   9.1535911252019098E-005
   1.1409121164952587E-004
   7.0585993707310789E-005
   6.9002779336442061E-005
   8.3396445421999536E-005
   9.5699454838494945E-005
   5.7123223232764225E-005
   4.9912039745213833E-005
   7.0891282051002382E-005
   7.2669934410806304E-005
   7.1171382287320466E-005
   1.0922216888373997E-004
   6.8720655484372922E-005
   7.1723571308099750E-005
   9.1680062313066711E-005
   9.0113331448461148E-005
   8.5177353663133706E-005
   5.7386204125045638E-005
   6.9540299987015224E-005
   6.8004069221245606E-005
   1.0132510891889706E-004
   1.0677216094330485E-004
   9.4847100639343371E-005
   1.3683153648040810E-004
   6.4488183423068180E-005
   5.4276057031619777E-005
   7.3914421582528392E-005
   8.9774013079175531E-005
   1.0883049967434766E-004
   1.1577797076374584E-004
   1.0247990542057590E-004
   7.7803949786791140E-005
   9.2427148743947648E-005
   9.1051545374636666E-005
   7.7046707161632034E-005
   9.1229197113110885E-005
   7.1781057336244160E-005
   4.9638428356079185E-005
   9.0089834241855444E-005
   7.6314056908498952E-005
   1.0255940856941511E-004
   7.7853258252309689E-005
   1.1972106886967276E-004
   1.4026922604732357E-004
   1.4133706154707454E-004
   1.4414255110442554E-004
   6.5088630113825630E-005
   9.7159632131215383E-005
   1.3428031491247768E-004
   8.1763483312965424E-005
   8.4768845152428279E-005
   4.9801890359993015E-005
   6.4085875039247408E-005
   9.0810120039865871E-005
   8.3015434273428067E-005
   6.8558356700009797E-005
   7.6876914477195141E-005
   6.6284970716783245E-005
   9.3627358080425219E-005
   7.2322939864693373E-005
   8.4859329320200553E-005
   8.2868514675601759E-005
   9.7009358512348585E-005
   7.9744737695575240E-005
   8.9714838681036771E-005
   7.9305240159295120E-005
   1.0394399192819017E-004
   1.1440816050091884E-004
   1.4107395742675062E-004
   6.3859314428752552E-005
   1.0264022130772927E-004
   1.0903680098070040E-004
   1.6145471318824102E-004
   7.2977080037490920E-005
   6.5962973067641535E-005
   9.2612781934186061E-005
   1.1051512464680860E-004
   1.2405004596822272E-004
   8.8895260806229039E-005
   1.0904444517389957E-004
   9.5844324193013634E-005
   7.2178735436561380E-005
   9.2544416394591374E-005
   5.4742135546034912E-005
   8.9253616810661203E-005
   6.3752633433447278E-005
   9.7096100682568748E-005
   9.2093749874628972E-005
   1.2017978687955475E-004
   9.8093670586480439E-005
   1.2236593331268824E-004
   9.1192886057599623E-005
   8.7443314854698448E-005
   5.5511769237140712E-005
   8.5571976693153570E-005
   6.8241081101027288E-005
   9.5830932719382682E-005
   1.1134055702227798E-004
   7.9645104760536875E-005
   6.1426441038911844E-005
   7.7713939659263939E-005
   8.7846892335674128E-005
   9.7577982615681114E-005
   7.7918495330592266E-005
   5.8383967014344650E-005
   1.2131240554378907E-004
   6.2571008704167996E-005
   9.2414459303352404E-005
   8.9202154808436338E-005
   1.2356945318145460E-004
   1.2819715301162752E-004
   8.5057856850012840E-005
   1.1471552518598056E-004
   7.7126869429122440E-005
   1.1485773210696982E-004
   1.4929766732036168E-004
   8.0955562997055971E-005
   6.7634320776508434E-005
   1.6048574997970682E-004
   7.2390739278002344E-005
   7.4881745396103379E-005
   8.8696034864974425E-005
   8.2076247608128179E-005
   1.4550003879007707E-004
   1.0518634832445848E-004
   7.0112327484721939E-005
   7.4655545029979613E-005
   7.5441502289753950E-005
   9.5117985144355311E-005
   8.0160814655972149E-005
   1.0824072561612678E-004
   9.9061439608749758E-005
   1.3690322407667970E-004
   7.9689189709976761E-005
   7.0206270609490381E-005
   6.4277171792147830E-005
   6.8474383767941994E-005
   1.2505341777144656E-004
   1.0237340562039054E-004
   7.8051852514449878E-005
   9.6102729767464620E-005
   8.9261672655201828E-005
   1.0695514011875692E-004
   8.8932458994831937E-005
   7.8396013992922624E-005
   6.9224684700486115E-005
   8.7547308801708956E-005
   7.6165185361289360E-005
   7.4773054153073651E-005
   6.8933673540274646E-005
   1.2743747174302709E-004
   5.7517860496696906E-005
   1.1990445675923410E-004
   5.6631301005220749E-005
   1.3981161312353487E-004
   1.0897932285901960E-004
   1.2595465960122730E-004
   1.4643818384973170E-004
   7.7256365563853962E-005
   1.1749300324811781E-004
   1.3788073496406015E-004
   9.3707265414009810E-005
   9.9801077956720522E-005
   7.8567949602971094E-005
   1.0699727070645834E-004
   7.9894600367586514E-005
   6.4538112042032266E-005
   6.8019833670231454E-005
   7.6857730933132244E-005
   1.0860297862049219E-004
   6.9615256970786653E-005
   1.0533283750204508E-004
   7.4243759456071125E-005
   6.3118346259842306E-005
   9.0629831407204139E-005
   8.8780513833980803E-005
   6.7560503103435265E-005
   1.2848515640260535E-004
   1.5016080373997080E-004
   8.7771761885529028E-005
   9.0823728389382495E-005
   7.5725047459472412E-005
   8.1644527028627018E-005
   8.7605447127400696E-005
   6.7222984542089092E-005
   8.3884387421279938E-005
   1.0866493232121745E-004
   9.9102138293787623E-005
   9.3850763686759479E-005
   6.9282014467005358E-005
   6.9837769450975214E-005
   9.3249569238215349E-005
   5.4164958257447938E-005
   9.1278426794723372E-005
   1.4100946091653266E-004
   1.0932525420192053E-004
   7.7873036369121613E-005
   1.2374799209133755E-004
   1.4074972994926747E-004
   1.1973022734443459E-004
   1.6898133391313164E-004
   1.0819035558700490E-004
   7.6417437187253098E-005
   6.6451165442867622E-005
   1.1792440704147509E-004
   1.1572229852123917E-004
   6.6657565282043379E-005
   9.6202822980306921E-005
   7.2724874332483940E-005
   9.1413598643401493E-005
   8.2135506318798911E-005
   8.1597456884903579E-005
   1.1903929935210510E-004
   8.9144500955548649E-005
   7.7215991028791581E-005
   1.0766950268183193E-004
   6.6832026209903673E-005
   7.7450776381041188E-005
   7.6779110191502683E-005
   1.1611575394574744E-004
   9.1147985254933750E-005
   6.2585865243391798E-005
   9.3667193866645308E-005
   5.8053870281217332E-005
   1.0222423849727473E-004
   1.3061419023014498E-004
   1.0917230456383695E-004
   8.3325425998658420E-005
   7.0674821292243450E-005
   8.2091548461310531E-005
   1.5710069308216281E-004
   1.3257411972085600E-004
   1.1924830810592545E-004
   1.1543763678205689E-004
   1.3449480945560503E-004
   9.5836148196316325E-005
   6.0696802666576993E-005
   1.1985875623970826E-004
   8.5317606262896002E-005
   9.6368718681213495E-005
   7.1698149935048850E-005
   9.7254021095879723E-005
   1.5848523560331245E-004
   1.0012595950020365E-004
   9.3420039074903967E-005
   1.3568580599553984E-004
   7.8105146913918150E-005
   8.6314539478494917E-005
   5.6583416057032736E-005
   1.3426839830928158E-004
   9.4596908466300844E-005
   8.7138174384906341E-005
   5.4762408930825036E-005
   9.1497540295521588E-005
   6.5542619792361738E-005
   1.6172121708322865E-004
   8.2525906882803499E-005
   9.8452836134425286E-005
   6.9928079641433380E-005
   1.0081726981460846E-004
   1.3244232980047250E-004
   8.0318091288710260E-005
   5.4449917214861889E-005
   6.6073206337719293E-005
   8.4429611026529870E-005
   9.2125459823012975E-005
   9.4391042768573525E-005
   6.7550706436112247E-005
   1.1876837200161271E-004
   6.7304208918759616E-005
   8.0763310165239506E-005
   8.4162270909883297E-005
   8.8819140183427547E-005
   9.1937036252562283E-005
   8.3473423752882385E-005
   9.3060717204814005E-005
   8.1217503292700517E-005
   1.0976609159478172E-004
   9.3914679239084705E-005
   8.4501992734546582E-005
   5.6879172792156216E-005
   1.0621482317116041E-004
   1.1535470801021040E-004
   7.7234529499460567E-005
   1.1505383499537749E-004
   7.0578037443866395E-005
   8.6750433985714872E-005
   8.1840798288545174E-005
   5.8339747717031166E-005
   6.4006441011996571E-005
   8.5533750494799210E-005
   1.2464570416711483E-004
   8.6738182016767512E-005
   1.0276530275073667E-004
   7.7329227014950652E-005
   8.0428389849140190E-005
   9.6355606628776422E-005
   6.5290974030732244E-005
   1.0571798639259382E-004
   7.3060456500365634E-005
   6.8139504245641558E-005
   9.4203936808375400E-005
   1.0506728048056431E-004
   6.9450861011535419E-005
   5.9900471433599934E-005
   6.6305852484218412E-005
   1.2927066528273294E-004
   9.3267577374094580E-005
   7.4857333786678166E-005
   7.6018777569785391E-005
   6.4731147426149766E-005
   6.5255147375866703E-005
   6.6588079543606206E-005
   7.1002240866747441E-005
   7.4336621135289783E-005
   9.6212085624144812E-005
   6.9020715805594878E-005
   8.4864075856022099E-005
   8.7472186501991197E-005
   1.5997712694548313E-004
   1.1019297557448221E-004
   1.0907602518062305E-004
   1.4653822691686804E-004
   6.1594946428083345E-005
   8.7270523227775705E-005
   1.1725568115334246E-004
   7.1372560265322749E-005
   9.0943189412215472E-005
   7.8371697709450137E-005
   1.3647398469241660E-004
   1.0274136099139437E-004
   1.0565210888539037E-004
   7.3556079493821395E-005
   6.9877968172376941E-005
   7.0873831586889150E-005
   1.0196140074091931E-004
   6.9131517623510704E-005
   1.2466390173715159E-004
   7.0104451620340902E-005
   1.0401854373969603E-004
   1.0638890842673009E-004
   9.9551533793361261E-005
   6.9195967425414494E-005
   6.8087029085869645E-005
   9.5761856388271678E-005
   8.0448355068372775E-005
   1.5458997763433230E-004
   6.2530433941005795E-005
   7.7817528177684386E-005
   8.9849108941301143E-005
   1.3411154380182095E-004
   1.1929844106321721E-004
   8.5976548278069814E-005
   7.0684935257276548E-005
   9.2679739085143643E-005
   1.0152808221369606E-004
   1.1732414993210052E-004
   1.2713660892025482E-004
   8.7216948455084680E-005
   1.0679425130337930E-004
   1.2752040021402013E-004
   1.0661390990638703E-004
   8.8798528610778264E-005
   6.2923665304301594E-005
   9.1739209397669353E-005
   6.8110069194521623E-005
   1.0685050266556943E-004
   1.3662413488051354E-004
   7.0181823283700840E-005
   7.1533683063295129E-005
   1.0032516327989933E-004
   7.8944715103626645E-005
   6.5764519156428583E-005
   9.0002459120415172E-005
   7.5107208382669421E-005
   6.7462104788812744E-005
   1.0790693347103793E-004
   1.0234476507740507E-004
   9.4951300305198765E-005
   5.7905913997004955E-005
   8.8959693653154203E-005
   1.0978190433063079E-004
   7.8403455523441302E-005
   9.0507961876795803E-005
   7.1954968026557130E-005
   1.2092573270262215E-004
   1.2761977878987166E-004
   1.1172935963491340E-004
   7.2476977901442767E-005
   1.0702460338232983E-004
   1.0937658549494471E-004
   8.3074513190848254E-005
   7.7034803526473502E-005
   8.7196112899619351E-005
   1.0876416014127599E-004
   8.8140529070196256E-005
   6.2920704524015923E-005
   7.0648245758895973E-005
   8.2435097653912198E-005
   7.3235356880052094E-005
   8.6546153070172065E-005
   1.1266563747925990E-004
   4.5481101003973550E-005
   9.2751291598214793E-005
   7.8359714816687531E-005
   9.7498377230716845E-005
   8.1297650039269704E-005
   1.4042072705638454E-004
   1.6322998826758488E-004
   7.9424698669810595E-005
   9.1427659084235678E-005
   8.0686769661504458E-005
   9.9634261173190403E-005
   7.6637237840364636E-005
   1.0218144011137238E-004
   8.8246774646870489E-005
   7.8932103063424137E-005
   6.9313044476432118E-005
   6.7586130441056190E-005
   8.1839804467746989E-005
   9.8305753504548309E-005
   1.1576825876573015E-004
   7.4753963199654470E-005
   1.1079439751530508E-004
   7.5965425028837113E-005
   9.2473727990161189E-005
   8.8175692664744696E-005
   7.9053877235862392E-005
   9.6577591175538556E-005
   7.6928519267859119E-005
   7.0979057462842575E-005
   9.2498066697361821E-005
   9.1197293780872731E-005
   9.5047130902759687E-005
   1.2229740615539865E-004
   1.0134635320639119E-004
   1.0875407722882786E-004
   7.2969642632975573E-005
   1.1732917658541280E-004
   1.5523430086158158E-004
   6.1606613992257528E-005
   1.2568843998701109E-004
   1.1558535567924308E-004
   9.4488125974140415E-005
   7.0582692800542381E-005
   9.7840547150077970E-005
   1.3715521156648143E-004
   1.1409984855901562E-004
   7.0531344905828391E-005
   6.2395969218186626E-005
   7.9370578689617717E-005
   1.8376320086745807E-004
   6.6278950766545644E-005
   8.1538032738903281E-005
   6.1129062407635771E-005
   1.2578805446624138E-004
   6.5811342558338355E-005
   9.0748282636358415E-005
   5.9403869366389140E-005
   8.5637942838654081E-005
   7.5103151482791469E-005
   9.5493170245611149E-005
   8.1363843926892995E-005
   7.0864979525009678E-005
   8.2846084600393178E-005
   8.5072859245948143E-005
   1.0694506126380444E-004
   6.8167081649963740E-005
   7.4618401556388777E-005
   1.0230001822614877E-004
   6.3006629436463671E-005
   6.6487642091271756E-005
   1.4267239350074085E-004
   8.1548679041188512E-005
   8.4873927143694634E-005
   6.8289432323349628E-005
   9.3101604335622983E-005
   1.3491218742753774E-004
   1.5258805602371203E-004
   7.7467414896404093E-005
   1.0198090502837025E-004
   1.1258019694364070E-004
   5.7359123021584311E-005
   1.1433869745194460E-004
   8.8329108441456838E-005
   1.2415879102593383E-004
   7.7668288199681705E-005
   1.5028641475391303E-004
   1.0839130987953425E-004
   9.0940921380413785E-005
   1.1536573231056630E-004
   1.4193159008067199E-004
   8.8610986928492944E-005
   1.1302957928191775E-004
   1.3675019529747989E-004
   7.9377112739946619E-005
   1.0062416527244382E-004
   9.1787996478390126E-005
   1.0436365374234844E-004
   9.2422404309475877E-005
   9.0628217534676687E-005
   6.2059949742357279E-005
   8.5332770275074561E-005
   8.6772778471161708E-005
   6.9391913381232180E-005
   7.9393701482518330E-005
   6.2981469166020662E-005
   5.8183930724577231E-005
   7.4823705813095102E-005
   7.5825535850043428E-005
   7.2196604826782555E-005
   1.0161169506353249E-004
   6.5087533824502528E-005
   8.1178615326690210E-005
   7.5516779871949910E-005
   6.3016945562470859E-005
   6.4977443806848190E-005
   1.2763085539963217E-004
   1.1736324039963312E-004
   1.5646636752519728E-004
   1.0851781328365721E-004
   6.4717425314983845E-005
   7.3652520661712318E-005
   6.4166800693055040E-005
   1.3941077441420035E-004
   1.1152778901518524E-004
   9.3571573290308078E-005
   7.8918737245616463E-005
   1.1212768807985376E-004
   9.0169735378515620E-005
   8.8488625179918614E-005
   1.0824266417448306E-004
   9.3764654534518726E-005
   8.8371674748256331E-005
   7.2616983607500174E-005
   1.1112018211714960E-004
   5.8443534623622075E-005
   1.4243017156713436E-004
   1.4516162746310859E-004
   7.9691685270217273E-005
   1.4242444262416772E-004
   8.8561317530552776E-005
   6.9581386355200691E-005
   7.4788251385493154E-005
   9.6767076317766021E-005
   7.6955802142036317E-005
   6.6149005789728892E-005
   8.2000943320069967E-005
   1.0078849287232276E-004
   1.0785079795659397E-004
   9.7171776607781293E-005
   8.7668073422222093E-005
   1.0354851075973089E-004
   7.3601606679112331E-005
   7.0748442291500632E-005
   9.0750486999527656E-005
   1.1868446193364137E-004
   8.0389949930408929E-005
   9.1036435500818622E-005
   8.9937011001297695E-005
   9.3729566992563736E-005
   1.0749638899102273E-004
   6.7761029949080898E-005
   9.5137082938092653E-005
   6.7927398876754070E-005
   7.1874927124026378E-005
   9.7456829458139404E-005
   9.8481074055192460E-005
   5.4398718304367006E-005
   1.2144329247065458E-004
   8.8187906461917532E-005
   8.7990847881216764E-005
   1.0502581767152761E-004
   6.9717445830898969E-005
   1.5158342376191247E-004
   1.5409945484470719E-004
   5.6472062747207336E-005
   5.1825103801304879E-005
   6.0699176902213333E-005
   1.0209625655277226E-004
   1.1889116507037508E-004
   8.8401110129901221E-005
   6.5544850533036343E-005
   6.9816175137454788E-005
   1.7349218850065427E-004
   8.0420286594227251E-005
   1.1393341755854341E-004
   7.6344042144005800E-005
   1.8302511524456348E-004
   7.1292930120525624E-005
   8.1045962498518299E-005
   9.6278256850898083E-005
   9.1199444850186017E-005
   9.2088445120821376E-005
   9.3155606590539190E-005
   7.8862031758645387E-005
   1.4976610189489832E-004
   8.0467406717115255E-005
   6.6325527351436471E-005
   7.5650413601271581E-005
   1.2007163556929005E-004
   7.9563248478946481E-005
   5.3374095344490747E-005
   8.3146542969039907E-005
   1.1905219144592609E-004
   1.0932636297635994E-004
   6.9340904436429419E-005
   6.8280910344282165E-005
   1.8586979612416607E-004
   8.2654910096243740E-005
   9.3401898861409941E-005
   4.8080537787199512E-005
   8.0093191937593417E-005
   1.1617908398390998E-004
   9.4717876606646709E-005
   8.1518299815021416E-005
   9.3516376092391121E-005
   7.3652364147098196E-005
   9.3665989418099851E-005
   8.1812588892015185E-005
   8.5818065152584307E-005
   6.6711498953877867E-005
   1.0509844953017971E-004
   6.9367011506798364E-005
   1.2089315848820827E-004
   9.4598185862440243E-005
   1.4771094643820356E-004
   5.8479970634888220E-005
   7.6976266733070936E-005
   1.3115570862760165E-004
   6.6703620098885937E-005
   1.0587997145375069E-004
   1.0697248855687054E-004
   9.9767531616367066E-005
   8.2899206212594601E-005
   9.8153666088081522E-005
   9.8191725519923472E-005
   1.1388580357990216E-004
   1.5322542028588755E-004
   7.4733674201217374E-005
   1.2171845170383180E-004
   1.2804091825371338E-004
   1.1177652461701387E-004
   9.3447584258204712E-005
   1.0475573476182871E-004
   1.0814145501607485E-004
   9.3717286425082935E-005
   8.2590472097098671E-005
   1.0712918669969371E-004
   5.8595538281321159E-005
   4.5171080202065243E-005
   7.9252611252724915E-005
   8.5554001864976775E-005
   6.3927438030675614E-005
   1.1020936442800749E-004
   9.6564494216170151E-005
   6.0727144852108108E-005
   8.8256647419303149E-005
   9.2443115837639227E-005
   9.3592710945019104E-005
   1.0264491575700236E-004
   7.7035225767634456E-005
   1.2736977621584229E-004
   8.5142939517498175E-005
   5.9882966943283235E-005
   9.3056227299914335E-005
   8.7854351346884803E-005
   1.4392887764781066E-004
   7.1892371682825748E-005
   8.2028820075084047E-005
   9.5598042677339082E-005
   7.2814002105543981E-005
   7.5384718070100771E-005
   1.2504527889337615E-004
   5.6054542749627138E-005
   1.0820190598043025E-004
   1.6756959402243227E-004
   1.3967400581617049E-004
   7.8109947645562899E-005
   6.9105901554610233E-005
   1.1361824245823588E-004
   8.3070586710566038E-005
   7.4887158818554746E-005
   7.3599317052655991E-005
   1.3165555557244346E-004
   1.2715638854088234E-004
   9.8832145767966198E-005
   7.2180781943404331E-005
   1.3408926515807323E-004
   1.0788035149535698E-004
   8.9099469249727395E-005
   1.3113435966070251E-004
   1.1798314064580555E-004
   1.0290715232268837E-004
   5.6799651100714139E-005
   1.1200613238027392E-004
   1.2169309826221164E-004
   9.4364223684020382E-005
   1.3645459006639995E-004
   9.9246157181838906E-005
   9.6953619079790651E-005
   1.2351818521725598E-004
   7.2171007824495606E-005
   6.2473041998843839E-005
   9.2998580879632772E-005
   6.9046141852654842E-005
   5.4191626388630794E-005
   9.0429040679635046E-005
   1.3061906235117382E-004
   8.6364384338633214E-005
   1.2782584531479259E-004
   1.4357742094265645E-004
   6.5836175019076175E-005
   9.1800213457664991E-005
   1.2266617227991422E-004
   1.1135392151264155E-004
   8.2445980882441921E-005
   1.2563824993325060E-004
   8.6486001039937842E-005
   9.2733290821543139E-005
   1.0328857906529482E-004
   6.5902532203757796E-005
   1.1803758829940714E-004
   1.2534892662177303E-004
   7.4179660881665510E-005
   7.9408959520349090E-005
   6.8302915459921977E-005
   6.9617323972483885E-005
   6.2920877925320211E-005
   7.3556407583430180E-005
   8.7628904816477204E-005
   5.0857851254112993E-005
   1.0008978674736170E-004
   8.1825959616064952E-005
   5.4142816438496614E-005
   6.1554381611848282E-005
   8.9218424733779640E-005
   7.3740035477478332E-005
   9.7124575120563343E-005
   5.7804066242512883E-005
   7.5451313295745486E-005
   1.0053997085717792E-004
   7.7828913943374432E-005
   1.3387979298324702E-004
   8.0126503845003112E-005
   8.6433457340646315E-005
   8.3726268580929094E-005
   9.3817965058267714E-005
   8.2141461163194558E-005
   1.1631608476813595E-004
   9.5152230775228151E-005
   8.5393553885244745E-005
   1.6540174384394759E-004
   7.8214016546621434E-005
   1.0467550627895555E-004
   8.7279209954107772E-005
   8.7996885234720924E-005
   8.3126831609694942E-005
   1.0695198585321792E-004
   7.9645131970338494E-005
   5.0698971989421731E-005
   7.1572604259655549E-005
   7.7325432279712862E-005
   8.8657908773092980E-005
   1.0242467356027553E-004
   1.0247750456643192E-004
   1.0007057255099533E-004
   9.2598573039102454E-005
   1.3485449310264374E-004
   8.2434903357746426E-005
   1.1394645721399550E-004
   9.6344816311162463E-005
   1.0145606294919939E-004
   9.8630735102235928E-005
   7.2616563894041945E-005
   8.9992832189768324E-005
   7.6621594333124338E-005
   9.8864570875450598E-005
   8.5481953972854790E-005
   1.2791039637728406E-004
   1.1694668077016840E-004
   1.0598288490181503E-004
   6.9484241362024701E-005
   1.0805819798917401E-004
   1.9249696368022561E-004
   8.3552025386053681E-005
   1.5590812135333907E-004
   1.2536758987699047E-004
   7.5935633398483928E-005
   7.0433735411373869E-005
   6.3560308200580462E-005
   1.1848659900315669E-004
   5.3391550224959518E-005
   1.0793134820209378E-004
   6.8668800439845780E-005
   1.4341048008580324E-004
   7.7880879420517046E-005
   7.6792208761538038E-005
   7.3944444865262502E-005
   7.2872076487330917E-005
   6.1227831842853621E-005
   6.5652293072025159E-005
   8.5835572250679359E-005
   7.8120814603893215E-005
   1.1086569540576406E-004
   9.6209840032611478E-005
   8.0444553002931985E-005
   9.6445316665936395E-005
   1.1860080680101128E-004
   6.3340041044280239E-005
   7.8127620093924484E-005
   1.0578632536681640E-004
   1.3595880337269347E-004
   8.1603997976815998E-005
   1.1509290626028847E-004
   9.0561680643955696E-005
   5.4770908886423391E-005
   7.4900056515184247E-005
   6.5160992267372319E-005
   5.8117713735713217E-005
   1.0600814462955380E-004
   6.8046989605891650E-005
   1.1670654902226365E-004
   7.4377196847225717E-005
   1.6555384870753806E-004
   1.0160364711542255E-004
   1.3145968033733015E-004
   9.0205302729994821E-005
   1.0879202858095672E-004
   6.8853928220424093E-005
   9.7757513922825092E-005
   1.1081325461894932E-004
   9.6806931498817799E-005
   7.8050929783607216E-005
   6.6278205305562622E-005
   5.6352777446651238E-005
   8.6536837682938219E-005
   1.1517532741001428E-004
   1.4489147739373120E-004
   1.0667935590611050E-004
   6.6932349952351225E-005
   9.4969065076800616E-005
   9.6006050036683864E-005
   9.2085516985946467E-005
   9.5384591145943455E-005
   1.1361916623549173E-004
   6.7514057797402529E-005
   1.2078381875555406E-004
   1.1088074799631117E-004
   9.4191285045807128E-005
   8.9513615055628967E-005
   1.4441939323090396E-004
   6.1137374152927751E-005
   6.0496065461337575E-005
   9.4105166801637601E-005
   6.3839138201831960E-005
   9.7324214866724014E-005
   9.1390438818277333E-005
   8.1218291936206567E-005
   9.6698049358058427E-005
   1.1260529501673082E-004
   8.7148222506750776E-005
   1.1374666206383482E-004
   1.0400700663596655E-004
   8.4408959088333528E-005
   7.0684975532863206E-005
   7.6980476679588690E-005
   1.4448028934358509E-004
   7.1062012276808034E-005
   7.8900307892106376E-005
   8.5641509392177218E-005
   8.7564082297221477E-005
   4.5616916635718499E-005
   8.7168712164345416E-005
   6.4438379543973855E-005
   6.7292381397322042E-005
   1.0801682131997216E-004
   8.2549850387491136E-005
   5.4665765247048616E-005
   7.1794896138839022E-005
   8.7134362995661358E-005
   7.3941146032929228E-005
   6.0167960132728363E-005
   1.1732898139183811E-004
   7.4745156135569538E-005
   1.1863276349324725E-004
   8.8939737836511625E-005
   8.1659193492883593E-005
   1.3329896286126309E-004
   6.3373540385484330E-005
   1.0855415311837549E-004
   1.4898874659998419E-004
   1.4533188785532537E-004
   6.1642903198721330E-005
   7.2081127609240235E-005
   6.2274503476441982E-005
   6.5746466622843328E-005
   7.8700615775021849E-005
   8.9686903739074809E-005
   1.0287726047123715E-004
   1.0724164563993787E-004
   9.9334923769778290E-005
   6.6890423108851739E-005
   9.8285131268333441E-005
   7.6865067042997608E-005
   8.5443760028301838E-005
   8.2535120665773145E-005
   5.9902755475261827E-005
   1.2401519149795754E-004
   1.4458255231122489E-004
   9.1999431155741804E-005
   7.1230271319476076E-005
   1.1858998577776642E-004
   6.7471910819634577E-005
   1.7576809525832041E-004
   6.8127388308986318E-005
   9.3195468670769462E-005
   6.9974471955655239E-005
   1.2924105839294658E-004
   9.1412310316435917E-005
   6.8454069456220254E-005
   1.0237517267618753E-004
   1.6162027633838936E-004
   6.7327981753782017E-005
   1.2306985840987233E-004
   8.6156450084285617E-005
   8.3499840335615120E-005
   5.1061324763417749E-005
   7.1550292582556264E-005
   7.3238027966919978E-005
   7.7742268168892164E-005
   6.0085766097421874E-005
   1.0366772799554462E-004
   8.0673468631490376E-005
   9.2227300897351709E-005
   7.0166556094742607E-005
   7.4040402375301849E-005
   6.9291318560252868E-005
   8.7759643057072487E-005
   6.4652251839582639E-005
   1.0963305705777464E-004
   9.9575015173745230E-005
   1.2617526972791230E-004
   1.1169737457335162E-004
   7.3814073970896691E-005
   1.5089182019069127E-004
   7.8852400842673530E-005
   6.5790245211297128E-005
   8.9347449502640916E-005
   8.7887560765999967E-005
   6.8062681224143962E-005
   1.4457366106480728E-004
   8.8257117673803324E-005
   7.9889641767810912E-005
   8.2746574167672049E-005
   8.7952748758979285E-005
   9.7360612714262034E-005
   7.3877177212558183E-005
   1.4349006938996526E-004
   1.4726715299248429E-004
   9.1007424651547302E-005
   6.6126148827237220E-005
   8.2467416610678622E-005
   9.7695752869545507E-005
   1.2121693113891066E-004
   6.3688921996242202E-005
