   5.7214321525374147E-005
   6.8005711534154672E-005
   9.6126826831707994E-005
   6.3858185349548275E-005
   6.5360570476321589E-005
   5.6212813636630580E-005
   6.9561882631712937E-005
   6.9974082486350098E-005
   8.8527636245789765E-005
   7.6725312280884658E-005
   7.4845034220253685E-005
   1.4731529975253220E-004
   1.3066419135396586E-004
   2.0323495847651685E-004
   7.5591191410446644E-005
   1.1392251736702318E-004
   6.9801963321311790E-005
   1.1861816163878616E-004
   1.2126480673101100E-004
   6.7795812980058975E-005
   9.3753783040094606E-005
   9.1994349480815395E-005
   9.3225374889453915E-005
   8.3562484850504577E-005
   8.4776083195378297E-005
   1.1473706123722166E-004
   6.6746237775011975E-005
   7.9855768041715947E-005
   5.6136370870144619E-005
   7.4491061698635759E-005
   9.8582580131834009E-005
   1.4856904579646792E-004
   7.3979394797211623E-005
   8.7395406929894755E-005
   6.3954536742749684E-005
   5.7220452221700859E-005
   8.9718867672748385E-005
   9.1837522186396576E-005
   1.0785335715342615E-004
   1.0738341534422959E-004
   6.3243728970505952E-005
   1.4067087812681201E-004
   7.6175104296545841E-005
   9.3205338649085228E-005
   6.6778721103421472E-005
   9.6760946156259692E-005
   6.2066955942080836E-005
   1.0834087077268617E-004
   5.3877180866408479E-005
   8.5552415271802660E-005
   6.4355795053887028E-005
   5.5782994190234826E-005
   7.4667140545115390E-005
   9.8707825862517386E-005
   8.0673016118812927E-005
   7.6310247388480991E-005
   9.4456096794866777E-005
   6.5424322317124856E-005
   1.0053273998799311E-004
   6.6307065067930089E-005
   7.8636362712484773E-005
   1.0425641660532954E-004
   6.3894808832761789E-005
   8.4757082671820929E-005
   1.0302623210433457E-004
   6.2105237709905636E-005
   5.8744180045855068E-005
   5.2385171849915233E-005
   9.6998895116101461E-005
   1.2885069357968076E-004
   8.3681647992229103E-005
   6.6078981501878592E-005
   6.6844258298934866E-005
   1.3902572833584653E-004
   7.7483011976960890E-005
   8.5067819340831229E-005
   9.4875781329562087E-005
   1.0298148342141270E-004
   7.3227003929317899E-005
   7.6576543720004912E-005
   7.6340143542930218E-005
   7.1405711621216691E-005
   8.3252042701811618E-005
   9.3300289274794444E-005
   6.4226092129787595E-005
   1.1296457316206280E-004
   5.6274395992526019E-005
   7.8606767380687761E-005
   6.9937743293981301E-005
   7.7462914124968834E-005
   8.8180442083160619E-005
   8.8432987457055763E-005
   8.6523589539751907E-005
   5.8220783624350096E-005
   8.1589697171068849E-005
   6.8657766195801294E-005
   7.4503202339057782E-005
   1.2720160818511047E-004
   1.5491698143809917E-004
   5.3887281671865771E-005
   5.5322276565396530E-005
   6.7317327987694370E-005
   8.8994650617233681E-005
   9.8387706459387807E-005
   7.9742211484628607E-005
   1.1759609117270658E-004
   8.2014775359470657E-005
   7.9761625081123321E-005
   8.4713713566366992E-005
   1.2496088936059127E-004
   6.5443564271423075E-005
   6.4752129872074757E-005
   7.9367847564149453E-005
   7.9922407473853065E-005
   9.4060975977983913E-005
   1.0406204182241705E-004
   1.2444475134423764E-004
   8.6673692197635678E-005
   5.2196430624764640E-005
   1.3527152526658748E-004
   9.7747644599823806E-005
   1.0500952390095318E-004
   1.0224360085558065E-004
   9.0776028100497542E-005
   9.1828508293031636E-005
   7.4372851588298046E-005
   8.0436358873031376E-005
   7.8180980391087920E-005
   6.3875854717266412E-005
   5.9323216114868427E-005
   8.0356795488197111E-005
   9.7008850188387644E-005
   6.2279070348446230E-005
   7.6607499133492452E-005
   7.1065670198791156E-005
   8.4431960048244982E-005
   7.2367446668278516E-005
   1.3436739893257329E-004
   8.3672901067042752E-005
   9.0018639727572691E-005
   1.1178301404373559E-004
   6.9006118696142782E-005
   8.8729869562186603E-005
   7.7452497923473357E-005
   6.8180611418356673E-005
   1.8337307292779967E-004
   1.7431796815604386E-004
   9.2228800990718697E-005
   9.6854182012325165E-005
   1.0293134405955460E-004
   8.2352822591090594E-005
   7.2426720427866750E-005
   6.9598575465588708E-005
   1.0595051338207863E-004
   6.4412242684172026E-005
   9.6730875922450610E-005
   6.2336553870014625E-005
   6.1886330162249506E-005
   1.2289305376868791E-004
   6.9524878926586629E-005
   1.0385461228865151E-004
   6.7283666450860006E-005
   7.4107567806030669E-005
   7.0453047802626601E-005
   5.6854726932022811E-005
   7.4834055926306279E-005
   5.9422611477688119E-005
   1.1057308106336154E-004
   7.4291266544313934E-005
   8.1672040433079180E-005
   7.8956228327901515E-005
   7.2984676313439420E-005
   6.3499596247642794E-005
   7.5396648470469970E-005
   6.0713082971531900E-005
   1.1639476512437748E-004
   5.7745238419904659E-005
   1.6580324871017408E-004
   8.1851317033151182E-005
   8.5616072037048623E-005
   7.2325926132425872E-005
   9.5696325011251094E-005
   5.8113826011405289E-005
   7.0597880662806489E-005
   7.6303604469803290E-005
   1.1318903603462825E-004
   7.7109425056144155E-005
   7.4761243233141593E-005
   1.4315846050049264E-004
   1.0799191327704128E-004
   5.8842569152780363E-005
   1.0952821502290635E-004
   9.6120756696309082E-005
   1.2052130418742012E-004
   1.0453471958585962E-004
   9.2056243176954011E-005
   9.1135005466727508E-005
   8.4030831737087549E-005
   7.7766092203304264E-005
   1.1938204713810722E-004
   1.4289553031036418E-004
   9.7925342060671395E-005
   8.1611178372392664E-005
   8.2054529031274297E-005
   6.0964137290404618E-005
   9.1401024335817393E-005
   8.5362032750768718E-005
   8.7400924994385216E-005
   7.6656837765431090E-005
   7.1530365886496856E-005
   1.1775073159872225E-004
   1.0764393315493424E-004
   1.0457748326172516E-004
   8.8641771490937711E-005
   9.2538553975946225E-005
   7.2579153439295880E-005
   6.0866096353684515E-005
   1.0473696165394291E-004
   7.4303261065277940E-005
   1.4019385571661258E-004
   1.3678759731294561E-004
   6.0779130920841390E-005
   1.2527927990819510E-004
   1.2103037413400431E-004
   8.3311526396663999E-005
   6.0840865366403549E-005
   8.4441488008843093E-005
   8.6231068762542272E-005
   1.0933792366459754E-004
   7.8200234974470440E-005
   5.4906195425437794E-005
   8.6411962160987571E-005
   9.1256420708258306E-005
   8.9665855697351873E-005
   1.1008989983378506E-004
   8.8978303773173432E-005
   9.0363245075903624E-005
   6.8795631861661647E-005
   7.1552775876607789E-005
   8.8075403032026507E-005
   6.7602240266637282E-005
   1.3505319406648713E-004
   6.8495431328019011E-005
   6.6701843004969146E-005
   9.2177376900649628E-005
   1.0442033053976340E-004
   6.9105471105484670E-005
   8.6700285085340446E-005
   7.9367710701149313E-005
   1.0641559820137777E-004
   1.0521504340215504E-004
   8.4809604793107340E-005
   8.3641636586867740E-005
   8.5382552662441381E-005
   7.2502258468360963E-005
   8.3176429246163534E-005
   8.1299896521854837E-005
   1.0481946664271548E-004
   1.3989214525207390E-004
   1.2238440767698002E-004
   8.4768389724980639E-005
   6.3742939059116587E-005
   9.9557059664751054E-005
   8.3872527295975004E-005
   7.5685327688433250E-005
   1.1763212049853858E-004
   5.9356990589624243E-005
   8.1467009019624184E-005
   8.0619586451091568E-005
   9.5107825947688806E-005
   9.0058147761507346E-005
   6.3245059024017521E-005
   9.0141575327614180E-005
   8.9071474187614740E-005
   8.2394063543198966E-005
   1.4287512310235331E-004
   8.7245884775674406E-005
   9.6851562352191274E-005
   6.9853076700980728E-005
   6.8252921954598938E-005
   6.2622030467340955E-005
   8.1648740543505168E-005
   9.1553772420835229E-005
   8.7232269639595300E-005
   1.1684141304048155E-004
   7.5620395786666432E-005
   8.5707890520094051E-005
   6.8554537898337587E-005
   1.0593240286856451E-004
   7.9041002597743775E-005
   6.5040413912026887E-005
   9.8003019737832357E-005
   7.7092243265794417E-005
   7.8688217738809773E-005
   5.7000947433851611E-005
   7.2387680799909011E-005
   7.1604754976222856E-005
   7.8364261345185507E-005
   8.6714295895998401E-005
   1.0170770526845260E-004
   1.0628321374515833E-004
   8.1084901981760534E-005
   7.4356774956885777E-005
   1.0286308068821583E-004
   1.0978116526649714E-004
   9.7663137264931670E-005
   7.3164536865311084E-005
   6.9105655665847689E-005
   2.1152350849144752E-004
   6.8938650214302034E-005
   5.4978160464422018E-005
   9.7148847556236348E-005
   7.9176999668756508E-005
   1.1030433564446020E-004
   9.6624491590356491E-005
   1.1789628611907452E-004
   7.9207786181031831E-005
   8.2209940040052702E-005
   1.2898910866981634E-004
   5.9334736354311562E-005
   7.7334698039240656E-005
   6.6700868722609997E-005
   9.5367589094841766E-005
   6.0703886804974917E-005
   7.6385509646509749E-005
   1.1037161357294234E-004
   1.0341226802852967E-004
   8.3937425495068954E-005
   7.4509800799491362E-005
   9.2465055550979672E-005
   1.1070596863735504E-004
   6.9178050801137894E-005
   6.7032267328425582E-005
   8.6710717022464177E-005
   1.2864842764220930E-004
   5.6834782335823875E-005
   6.6836701195650258E-005
   8.2652824161972942E-005
   7.9598921138165858E-005
   5.4218155788746800E-005
   1.0238379835974775E-004
   9.9330960833560989E-005
   6.7508344158406314E-005
   7.3178861497484674E-005
   1.0787275455431076E-004
   1.1541759108720472E-004
   6.8337841169325092E-005
   1.2554233473593103E-004
   1.5241889854471805E-004
   8.7900285543157135E-005
   8.0406530499447691E-005
   5.8728592545190768E-005
   9.5094155864876081E-005
   1.2273496415421929E-004
   1.2417753239767936E-004
   6.1507837246886830E-005
   9.9098345773448006E-005
   8.3296899481593209E-005
   9.0516725037112120E-005
   9.6653738271277090E-005
   8.7562725057704143E-005
   1.0205212803424939E-004
   7.1258573591111079E-005
   5.7122453885808454E-005
   7.0131096396599900E-005
   8.7413750298612382E-005
   8.0301945984727335E-005
   8.8949215952524422E-005
   7.7616068235787989E-005
   1.0771108811771564E-004
   8.0953952207570587E-005
   7.1825439402437908E-005
   7.5378969356224896E-005
   1.0747681762019534E-004
   1.1896559814461729E-004
   9.1321995158571422E-005
   1.2049651478747256E-004
   1.0345488994716363E-004
   9.2920175323732432E-005
   7.8088798598391709E-005
   6.1631749474147572E-005
   8.9140997482461989E-005
   9.3288044622885213E-005
   1.2974216098710694E-004
   5.6834352410657058E-005
   9.3479612647527359E-005
   9.4925030865992965E-005
   1.1785371710374655E-004
   1.3105401195357512E-004
   1.1851345403201529E-004
   1.0525126174591933E-004
   6.7233265797375603E-005
   8.9075671584718023E-005
   7.8124695634510565E-005
   9.0198697226264468E-005
   7.8850395124307804E-005
   8.0171233376075980E-005
   7.8577878629297807E-005
   9.8820221106835510E-005
   8.9425055684118414E-005
   6.0610992796785561E-005
   4.8007933210774800E-005
   1.0941122630668728E-004
   6.2746884472520328E-005
   7.8496187901980205E-005
   7.6955306260131023E-005
   8.6301695373110546E-005
   1.0778824166477751E-004
   4.7483712693253540E-005
   1.1528955717498033E-004
   5.3478288523423969E-005
   9.2232918651302592E-005
   9.2680752317774375E-005
   7.9880925884868260E-005
   9.7986197961115145E-005
   7.2698577158696813E-005
   8.1497174458514823E-005
   8.7223991347356108E-005
   6.7493485386789720E-005
   7.6626493258740325E-005
   5.5804363907012159E-005
   6.8831688422963226E-005
   6.8138335178711572E-005
   6.8178980607562799E-005
   8.2004221588225168E-005
   8.3589414019709347E-005
   6.6094794490377507E-005
   6.9784377527872375E-005
   7.1612285750378374E-005
   9.4649445297900327E-005
   1.3083854000973209E-004
   7.2295300144188242E-005
   1.0161353593691042E-004
   8.9123614791621739E-005
   1.8528883230679627E-004
   6.7687485322720411E-005
   1.1462793488481773E-004
   5.4136740885245479E-005
   9.3987334903640037E-005
   8.1731979217295093E-005
   6.6746850110224675E-005
   8.3427934653314961E-005
   8.0919579121736910E-005
   7.0970757053181123E-005
   9.6880994197154555E-005
   7.7773740683401117E-005
   6.7869878267214607E-005
   7.8496379224685402E-005
   6.3594453904784040E-005
   6.8751013030172013E-005
   1.1484955910227027E-004
   6.4347302278179727E-005
   1.0797033390750661E-004
   9.9299145113178946E-005
   1.0706134800701498E-004
   1.0917965155672964E-004
   6.2375913405141194E-005
   8.2415338924491028E-005
   8.0440379650849179E-005
   1.0357677949447943E-004
   7.2308581884431006E-005
   7.7274188936368211E-005
   9.6149992557275781E-005
   4.9498974105038262E-005
   9.3354500635793334E-005
   8.3963003428679008E-005
   6.4275900327918627E-005
   1.3922701310380007E-004
   9.1135993897426505E-005
   8.3019206946683598E-005
   9.0530636367507804E-005
   8.3281674696810470E-005
   6.1149627002150280E-005
   7.9140312443885940E-005
   1.1623306037786109E-004
   1.4927883865324245E-004
   9.6534731807493897E-005
   9.5389813298639946E-005
   7.2676945944613540E-005
   8.1560010250943173E-005
   7.1965206198192777E-005
   7.9276998908144533E-005
   6.2202213536301744E-005
   1.0851846746657564E-004
   1.1638401192178329E-004
   9.8193398565069511E-005
   7.0948809976606280E-005
   6.8502394869177113E-005
   9.3424889760142157E-005
   6.3838490573131713E-005
   1.2720216711589798E-004
   1.2778504483363263E-004
   9.4815069115613819E-005
   7.6480569523339580E-005
   8.0407642113991228E-005
   5.9515916308033175E-005
   8.5493192311253581E-005
   7.2986432886067062E-005
   1.2247370447242403E-004
   6.9798325072561234E-005
   8.0353217919554670E-005
   6.0348585965116095E-005
   6.4037565079132558E-005
   7.8789793340592622E-005
   7.1486925882367940E-005
   7.4019477401806615E-005
   7.8933870864741809E-005
   1.1404352466509351E-004
   7.8724964098015926E-005
   7.2798653054498625E-005
   6.1340431331407283E-005
   7.5331276102669320E-005
   7.2970047233863835E-005
   7.7711242829547365E-005
   5.8811300243713616E-005
   5.6443409198141207E-005
   1.6997194612341249E-004
   7.7078092018986502E-005
   7.8699699517249884E-005
   6.6256332808453130E-005
   8.3422818454724948E-005
   1.2034465595216807E-004
   7.9645611952674258E-005
   1.4516745103952057E-004
   7.4081251734905854E-005
   8.9649859300063310E-005
   9.1800178418011751E-005
   6.3061202440785948E-005
   1.0538983411535174E-004
   8.7346193125207572E-005
   1.0069203814141328E-004
   8.5989969848725343E-005
   1.1356190391204735E-004
   1.0931341305924717E-004
   9.7137164998226482E-005
   7.5033171387713779E-005
   8.6491992523403765E-005
   9.6064303818062973E-005
   1.7558562526044779E-004
   7.6923454650849218E-005
   7.2421891316509969E-005
   7.6489374116606813E-005
   8.3539724576644074E-005
   9.3526259789323489E-005
   9.7253056928789399E-005
   1.4456992393378131E-004
   1.3879203275370756E-004
   8.1214597170163605E-005
   8.6577349596477142E-005
   1.0212626530652126E-004
   8.4630055341990398E-005
   8.7603924455181766E-005
   9.2252424531315657E-005
   5.7877004247032632E-005
   6.6724418853356614E-005
   1.1574349032402112E-004
   9.2200704955855834E-005
   7.4257331353191946E-005
   7.9073520164894197E-005
   9.0248829484428471E-005
   7.9174156939976827E-005
   7.6839058707580573E-005
   5.7337770769283335E-005
   1.0023503040012794E-004
   8.9829737709971544E-005
   1.5077419223197871E-004
   9.8194885590594647E-005
   6.5655867592784677E-005
   8.3466175525621575E-005
   9.5510635103692969E-005
   7.4942818987496515E-005
   7.1966726237056002E-005
   6.4971624136910772E-005
   1.1364233169974391E-004
   1.9255804350921054E-004
   9.2032410908203001E-005
   9.3088649141016318E-005
   5.3689186806166395E-005
   9.5787047469254869E-005
   7.8588830498184357E-005
   6.8089538629454533E-005
   6.7194429393636296E-005
   9.7570700147999625E-005
   7.2794004026030168E-005
   6.8744694404245820E-005
   7.1328820066243569E-005
   1.2928310355823642E-004
   5.7156301379195213E-005
   8.7355708466430303E-005
   1.3973961022771908E-004
   6.5798440997713603E-005
   5.8418665655278005E-005
   7.3672567244042572E-005
   8.6734905168326171E-005
   1.3301931041596497E-004
   6.5073777218570703E-005
   9.4090876666302962E-005
   7.3384732099667483E-005
   6.3979815530450617E-005
   8.0727664187197376E-005
   7.3416741685621370E-005
   6.8918113530044354E-005
   6.8794011603319250E-005
   6.9172906084904231E-005
   7.7463866308650887E-005
   7.6005070583696536E-005
   1.0478642477312875E-004
   9.4766767580140962E-005
   8.5625440659445627E-005
   6.9884043453319377E-005
   8.5677712812738861E-005
   8.9684789969165417E-005
   1.0642589945380504E-004
   7.3994292599426591E-005
   8.6633277191031340E-005
   8.9982256296614011E-005
   7.4474781145001390E-005
   1.1837220629371002E-004
   6.5296795816440449E-005
   1.1126620515083015E-004
   6.8683527470322282E-005
   7.2087204143254875E-005
   5.4703337879022153E-005
   1.1203764956640773E-004
   5.5762631276966315E-005
   4.6792090357499710E-005
   6.7666129511086912E-005
   8.3133646138540992E-005
   1.0062271693346121E-004
   1.1068056631729386E-004
   5.1738311003610518E-005
   7.0367899493734243E-005
   1.3921253462292703E-004
   8.9994506566848167E-005
   6.3518664675197732E-005
   7.8029966876883890E-005
   9.7528324073859537E-005
   8.8205536582992760E-005
   1.1983155369989323E-004
   1.0333882075828570E-004
   1.0383767779562518E-004
   7.9326082668959751E-005
   8.0604848831333485E-005
   1.0165635090895449E-004
   9.7385071527505927E-005
   5.9290293609731427E-005
   6.4543785104770050E-005
   8.9422267867694943E-005
   8.7287145717653743E-005
   6.9857877085421116E-005
   8.0963142502104576E-005
   8.5283172798033223E-005
   1.1099946778778649E-004
   7.0344842990200420E-005
   1.0102141950482669E-004
   6.5893578846280194E-005
   8.9611139019899548E-005
   9.0453160255380576E-005
   7.6294483021317196E-005
   7.5178637559065686E-005
   8.9711785847300938E-005
   8.8796110109296933E-005
   8.9299763815407204E-005
   1.1802003948766918E-004
   1.0027099304509608E-004
   7.4657970171693335E-005
   1.1781497688406200E-004
   7.3902110226323835E-005
   6.6927639094710223E-005
   6.6868823024206645E-005
   1.0068649776266837E-004
   7.4433271662447553E-005
   1.1115732656267571E-004
   6.3911544889418544E-005
   7.9783661599892945E-005
   7.1000655065293585E-005
   5.9965480986504619E-005
   5.0378135898932154E-005
   1.0575904711443542E-004
   4.6841583854048524E-005
   9.1909766191873717E-005
   1.0521155531303463E-004
   8.3843003615002832E-005
   9.1936113248718165E-005
   9.2607911212853222E-005
   8.5297249302368524E-005
   8.9779195861207009E-005
   6.8106250046772772E-005
   8.8806127861303159E-005
   1.0630363109108477E-004
   8.9884865859714245E-005
   7.3139111742456629E-005
   1.1334621468474658E-004
   6.0444348541281007E-005
   1.1307263743186863E-004
   1.3459122984927640E-004
   1.1830444175638032E-004
   7.5490838631338768E-005
   6.0002841201395080E-005
   8.6912616048088855E-005
   6.3441791755874030E-005
   7.8091686090897523E-005
   9.6371092178790808E-005
   8.0500763948804409E-005
   7.0010491329164910E-005
   7.2610361072099274E-005
   6.9423817724562274E-005
   9.8123258299884678E-005
   1.2811286195578585E-004
   8.7362963207613124E-005
   8.8853309178543713E-005
   8.9311538779311868E-005
   1.1296626757822819E-004
   8.9312710193011687E-005
   6.8077815478142633E-005
   7.4880174985730998E-005
   1.0423130099389426E-004
   6.6517507507645013E-005
   9.1648072733981992E-005
   6.0954290615336998E-005
   6.4943043278440488E-005
   8.3165301257280116E-005
   8.7584213754407980E-005
   1.0754401485048690E-004
   6.0830938192327333E-005
   6.1844272570896219E-005
   1.0909259976755090E-004
   1.4492179531530326E-004
   9.4512306938276735E-005
   8.2379523524460482E-005
   1.4440280007130586E-004
   9.3680929364162963E-005
   1.0972996178174247E-004
   1.4033708301459428E-004
   6.8465133312131166E-005
   7.2323622162961509E-005
   7.4684717064206493E-005
   1.0225247411498814E-004
   8.2564430309671445E-005
   6.0850118030222425E-005
   7.0413727074607990E-005
   7.6812564512773436E-005
   9.8750707144653423E-005
   8.2056994985418087E-005
   1.4738251142475502E-004
   9.0497896490548542E-005
   6.3070875489672882E-005
   6.5019545212505482E-005
   8.4839208671778443E-005
   9.7069041685907833E-005
   5.3426307272342268E-005
   1.6855075693472600E-004
   1.0387804274898127E-004
   7.2160134116291911E-005
   8.6682021564220198E-005
   6.7196446704467915E-005
   9.4926482838914757E-005
   1.9027849651909607E-004
   6.0814581663911621E-005
   9.5655342512631774E-005
   8.3271300807184875E-005
   6.1636428671380393E-005
   5.0776473388754123E-005
   8.0837950513808882E-005
   8.0340565940887829E-005
   1.2208965322010298E-004
   8.4298494492265614E-005
   6.9613098208448914E-005
   8.9979906161077110E-005
   6.8669419930664151E-005
   5.3262671605257972E-005
   9.2822351939980251E-005
   5.7052279331557297E-005
   7.5592640149887950E-005
   7.1810163160722622E-005
   8.5792824336814542E-005
   8.7673401865152401E-005
   8.1822267178569013E-005
   7.9628337191310522E-005
   6.5342953599488787E-005
   9.1782077935767726E-005
   8.9309025268752987E-005
   7.7143971685345728E-005
   1.2314630984925655E-004
   7.7418275822301275E-005
   9.6330855770546312E-005
   6.7034713002882656E-005
   1.4770977198025784E-004
   9.7846582846633788E-005
   6.9095950502550462E-005
   6.4677410015216160E-005
   6.9021234626263759E-005
   5.9848959178547786E-005
   1.0917355318122249E-004
   5.6541048503849774E-005
   1.4012350295975138E-004
   7.3624091566902700E-005
   8.1943399866775431E-005
   1.0234244333421994E-004
   9.8582560897020493E-005
   9.7285821224899296E-005
   1.2188798290715349E-004
   7.8122868538497669E-005
   7.2047556453159426E-005
   9.7131391205547112E-005
   1.3299909517483521E-004
   6.0753801021299338E-005
   7.3167201436446177E-005
   9.2272859746142063E-005
   1.3321247953417882E-004
   7.5186469364453603E-005
   9.6546022300764568E-005
   1.3200188023229694E-004
   8.7654251363479074E-005
   8.1587647663221072E-005
   9.2015945046620203E-005
   1.1814308351163960E-004
   6.8578569970299561E-005
   6.1268328136669987E-005
   8.4634082124500210E-005
   6.0488666156480009E-005
   6.6021919221300284E-005
   7.5799185023224874E-005
   7.2357733284224532E-005
   9.4276686999665858E-005
   8.0596337557629362E-005
   1.1250970921646297E-004
   8.5387909522235102E-005
   6.7999404175216161E-005
   7.4733693260151018E-005
   1.0888193853517037E-004
   7.6897479699100584E-005
   1.0611771102797601E-004
   9.2655144415880621E-005
   9.6762722530151601E-005
   1.1506673421932583E-004
   1.1800473556540515E-004
   7.9925197065648106E-005
   9.9762670288588995E-005
   6.8559214722321594E-005
   8.8828765316918261E-005
   6.4571229188530773E-005
   1.1125407340281364E-004
   8.5595433505900295E-005
   1.1332405596673079E-004
   7.3291747242805149E-005
   7.8871305229141222E-005
   1.0787939720214402E-004
   7.5935847983273129E-005
   9.4634983695431971E-005
   7.9062591090291740E-005
   6.0882666899832664E-005
   9.6104894057300768E-005
   1.0636483166833006E-004
   1.0181966869880757E-004
   7.3691514861832201E-005
   8.5334467001558944E-005
   7.3962689618272176E-005
   8.4070620534196401E-005
   1.1094014806962413E-004
   9.7337557045062550E-005
   1.0178892027963559E-004
   8.3705384279745502E-005
   7.5296445057240145E-005
   1.3634816153187065E-004
   1.1247454439431211E-004
   9.2680402184027984E-005
   7.0939422491176883E-005
   6.4371729721390055E-005
   1.0293642898942839E-004
   9.5716211806802840E-005
   6.5712723695705424E-005
   8.6134382961331902E-005
   9.4672719064854932E-005
   8.4677250029515825E-005
   7.1942005753718760E-005
   1.4737262935685339E-004
   7.0664011306686977E-005
   5.5113490130603833E-005
   9.2233665035865037E-005
   6.1138938056799674E-005
   7.4995289305022765E-005
   1.2172748377141652E-004
   7.2495970914640220E-005
   9.0832827764550169E-005
   8.4165027505448092E-005
   5.5987197453715600E-005
   8.3867026960930018E-005
   7.5752339171274903E-005
   6.5617263970407170E-005
   5.7657519080513592E-005
   7.7037655020425108E-005
   8.4421361446587501E-005
   8.1133625853221431E-005
   9.5377654949360118E-005
   1.3657184177087573E-004
   1.2711242571786623E-004
   9.5528564244169668E-005
   1.6655859504462661E-004
   5.4338766038774718E-005
   8.4320358437327324E-005
   7.0257498991160364E-005
   1.5392828978173833E-004
   7.8664454283384826E-005
   8.4698972086452032E-005
   1.3728377944223914E-004
   8.3732509083476713E-005
   8.4902438006177871E-005
   9.9530107585822037E-005
   9.7294504638325099E-005
   9.2753248683308251E-005
   5.9638819649272934E-005
   8.5711004566727672E-005
   8.8802526428970980E-005
   7.7699468063208718E-005
   1.0649970878450216E-004
   1.0736746407993276E-004
   8.8991563981655379E-005
   1.1502703829693486E-004
   6.0364765284973128E-005
   7.5816709248595151E-005
   8.7111404225168312E-005
   7.7850721050016876E-005
   7.4348537173955545E-005
   9.2513206577768577E-005
   9.8819963479531906E-005
   5.4586015424917422E-005
   6.1174131442066427E-005
   7.4851710582374739E-005
   6.2872966951423124E-005
   1.1701534051595765E-004
   7.1777260925662899E-005
   1.2681275928368708E-004
   1.1843081510513317E-004
   9.2807234243220342E-005
   1.0160000760798384E-004
   7.6729842175816894E-005
   1.1169900235394490E-004
   1.6350345870891816E-004
   1.1837224275802038E-004
   6.3801479610224970E-005
   7.7810948827947745E-005
   9.9873788315034165E-005
   1.0634945233688919E-004
   6.1588830293589965E-005
   7.0768346514279507E-005
   7.7223742692952130E-005
   7.9405329937210978E-005
   8.2404030932311514E-005
   8.4921535276770576E-005
   7.8581952089655188E-005
   1.3817152551830935E-004
   1.2952512788900520E-004
   9.2601200532027591E-005
   9.4771761135441544E-005
   8.6611642403355284E-005
   7.3301233514536668E-005
   8.2551885957201648E-005
   1.2262826227400487E-004
   1.0256614361660053E-004
   8.8735409725908878E-005
   1.0692035515950380E-004
   8.3224585425452244E-005
   8.9058131824796210E-005
   8.7983048950750911E-005
   8.1077747471480094E-005
   8.4995617449794061E-005
   1.0887384308964946E-004
   6.4287259325855999E-005
   7.0153354201934334E-005
   9.9970594412093677E-005
   7.7644527179316643E-005
   1.4965274515424648E-004
   8.0268790204059194E-005
   1.2609354949042679E-004
   9.2130013305120908E-005
   7.0114501277507296E-005
   7.2984271198569669E-005
   7.8659597775774647E-005
   7.4388597646336994E-005
   8.0142154513568708E-005
   7.8782830417829734E-005
   8.6547708107482206E-005
   8.9528488555673728E-005
   1.8274414873510196E-004
   1.0817404580982871E-004
   1.4617107011336122E-004
   8.1411832032087119E-005
   9.5030113716610770E-005
   1.0462669285310121E-004
   6.6962618324976832E-005
   6.9686557235539880E-005
   6.7615435619583749E-005
   9.2774257368606505E-005
   7.7237717080900199E-005
   8.9372915744499284E-005
   7.5479378269490628E-005
   1.2700635666436963E-004
   8.9633806454597560E-005
   8.2300156833238407E-005
   7.0828728182829282E-005
   7.4668982167403638E-005
   7.6152172990632329E-005
   7.4901830971250285E-005
   6.4219283694203589E-005
   9.1467407089010664E-005
   1.0785751712914274E-004
   7.4066834715650758E-005
   8.6361720633635551E-005
   1.1530542379131634E-004
   6.2542681089930397E-005
   9.0838947419718714E-005
   8.4599383306939907E-005
   9.3449736281970525E-005
   8.2528287682651240E-005
   9.7176425128211910E-005
   1.3374388024890463E-004
   1.0707595535905018E-004
   1.0911228116434461E-004
   8.2777828132935108E-005
   6.4171125309779351E-005
   7.6379404352784296E-005
   1.1156853224208336E-004
   9.7537422733957321E-005
   6.1414975902401335E-005
   7.1152321731586928E-005
   8.1077962509393500E-005
   9.9089957622559916E-005
   7.2382081525518323E-005
   1.3101054959365973E-004
   6.2844298086067735E-005
   6.0639601009715919E-005
   8.5891774012296240E-005
   1.0572718124675419E-004
   5.6838673279973488E-005
   7.3076423184713552E-005
   8.0602879751490297E-005
   7.5731325309428250E-005
   9.8800093389158321E-005
   8.1184176113037389E-005
   7.9711419504790480E-005
   8.2226184454895119E-005
   7.6991153748067224E-005
   7.4215356953389271E-005
   9.9685148208165906E-005
   6.0302515165680866E-005
   6.4598798192750956E-005
   7.8620280147814278E-005
   7.7493615875790875E-005
   7.1810817707082579E-005
   8.0086715755911495E-005
   6.3335592605900335E-005
   8.0384484557849067E-005
   8.0447294223806964E-005
   1.0433927509049866E-004
   9.3478905254410944E-005
   1.2783583201135681E-004
   6.3346673670873236E-005
   8.6256500330167632E-005
   7.4499229323778181E-005
   6.8785457649151119E-005
   8.3097609631925583E-005
   1.0116037664244442E-004
   1.2201182121469711E-004
   7.1664485990726744E-005
   7.0845717750837623E-005
   7.1213110427326934E-005
   5.1992713317918546E-005
   7.5646173322646166E-005
   1.1111157755082073E-004
   1.0344117086708415E-004
   1.1782565852214086E-004
   8.6820904303841904E-005
   1.3106725091490971E-004
   1.1196374753389381E-004
   8.7390528486646659E-005
   8.6176717471839396E-005
   7.8486442897531116E-005
   7.1987553001723841E-005
   7.4889467391947202E-005
   9.5392678983133549E-005
   1.1340875909165017E-004
   7.6432079435783569E-005
   1.1096418305227026E-004
   1.4842580753366574E-004
   8.0316630186449839E-005
   6.4639556497705735E-005
   7.7210010473385357E-005
   9.0682748596581029E-005
   7.4151080115474302E-005
   6.7021915254630325E-005
   7.9540600600315684E-005
   5.8795224643474668E-005
   6.1577430233992052E-005
   8.5690449008556262E-005
   1.3568986918115878E-004
   1.2049146336588473E-004
   1.3609232369217992E-004
   8.1977264089849928E-005
   6.0889039083906446E-005
   6.4715033876770766E-005
   9.2670063492108440E-005
   1.3167225924361100E-004
   7.7909585312583939E-005
   1.2319226488660445E-004
   1.2379740031928031E-004
   6.1959638706724534E-005
   9.2218750219358523E-005
   7.7459382737198547E-005
   6.0118631756350849E-005
   1.6185558192614155E-004
   1.1943739671199488E-004
   6.7099387068969205E-005
   1.1262095633663766E-004
   7.6351082384205131E-005
   7.0771924738360516E-005
   5.9473517355373295E-005
   8.6173689777639659E-005
   8.0853247322192287E-005
   7.0705318846432907E-005
   7.4257996621698597E-005
   1.0463251610929758E-004
   8.4572802276462321E-005
   1.1684941532474708E-004
   5.0007995469614594E-005
   5.1829665890823697E-005
   8.2671819290665064E-005
   1.1296084522961961E-004
   5.5440592622353613E-005
   5.5170240956000834E-005
   7.1450584041968043E-005
   6.7602027814760417E-005
   7.9557119852883542E-005
   6.9550145012507058E-005
   7.4391960126828831E-005
   1.0965315751887152E-004
   9.0538852574485558E-005
   7.7182917209426283E-005
   1.1348253332033446E-004
   6.1536150220432707E-005
   1.0261913785571851E-004
   1.3983477151522511E-004
   9.3706550121770458E-005
   8.5959821206055395E-005
   8.2213208172867528E-005
   6.9627005507424380E-005
   8.4631262753198197E-005
   7.2074502544407226E-005
   6.8350497992152596E-005
   5.5240834067122659E-005
   9.7662604818713939E-005
   6.6366961972997402E-005
   1.4596093120603504E-004
   9.4279501415278150E-005
   1.3831996826540777E-004
   7.7801151178667061E-005
   9.4975786692484544E-005
   8.0846547593736866E-005
   1.0033755782165913E-004
   1.0832286375127940E-004
   8.8015562472817512E-005
   6.4018457293832381E-005
   8.4198630785199501E-005
   7.0941293255005983E-005
   6.5272179805177523E-005
   1.3378462668267197E-004
   7.7373387314106994E-005
   7.6448155119948757E-005
   6.8328371219219711E-005
   6.9385530813603874E-005
   8.3543618718792871E-005
   1.1015247527096727E-004
   1.2741349935682387E-004
   9.4063634887525091E-005
   7.1666607726043793E-005
   6.2099423281227414E-005
   9.0761345338380051E-005
   1.1983082227779068E-004
   6.5241527713045443E-005
   1.0973760742175604E-004
   8.6209857015373260E-005
   1.1735823456466109E-004
   8.5084252139205687E-005
   8.4330171171148708E-005
   8.0657032962200756E-005
   7.7026712808521739E-005
   1.0537171589710129E-004
   5.0628850919292890E-005
   5.8367691730903486E-005
   7.1329387637248236E-005
   8.5944584125229688E-005
   7.8873272400022964E-005
   7.3182310779162840E-005
   7.5605328713987364E-005
   1.5189631296051015E-004
   6.7503704961619713E-005
   7.0217411095711382E-005
   6.8215002413825226E-005
   7.2090959937852361E-005
   1.4003494560483774E-004
   8.3327946106979649E-005
   1.6243042645723853E-004
   1.0058449459039692E-004
   6.7192880962327938E-005
   9.4488417516110519E-005
   1.2906471047915099E-004
   8.3658497218642132E-005
   8.6625238473616835E-005
   1.0710180689782444E-004
   1.1722493005856737E-004
   9.4780189910601660E-005
   1.2800473513863519E-004
   8.1120250292761624E-005
   7.7249600100886550E-005
   1.1916536482360956E-004
   1.2745589248590935E-004
   9.3705861765707634E-005
   6.7907063578338041E-005
   1.1246961389717703E-004
   5.4294697703469908E-005
   7.6466482730287610E-005
   8.7805995571894121E-005
   9.3732587714159149E-005
   1.0882701741808212E-004
   8.3655978902504965E-005
   9.0516200859511924E-005
   5.5830176880648589E-005
   9.0678974873153301E-005
   5.4419202062163397E-005
   8.0179570926726081E-005
   1.0629126930122804E-004
   6.8377360844339976E-005
   8.5823159563026496E-005
   6.4783136431272685E-005
   1.0457026245427611E-004
   7.9072064428132538E-005
   1.2316395557577563E-004
   1.4750964679315496E-004
   8.7273279995274771E-005
   8.4449866993548180E-005
   6.7175231527916596E-005
   6.8339365288731755E-005
   8.8900436810314379E-005
   1.3651213085366065E-004
   6.2010606794249610E-005
   7.7836886328730846E-005
   9.2215324235012263E-005
   7.2939075063994531E-005
   1.2098432713049901E-004
   7.7811245853218254E-005
   9.1928855431891926E-005
   8.4674534005168382E-005
   1.4847111274356246E-004
   5.1784276503965067E-005
   8.6115682468022035E-005
   1.5247308526062655E-004
   7.8343251272673748E-005
   1.1026681646308691E-004
   6.7351871566351601E-005
   1.0833336140050697E-004
   7.4652363956456596E-005
   5.8827488168220051E-005
   1.0049648337370270E-004
   9.3390554672947938E-005
   9.5498124266984330E-005
   6.8792223070705870E-005
   1.0346004765996883E-004
   9.2941813517307057E-005
   4.5271516359209419E-005
   8.6879857701389492E-005
   1.0330738313768197E-004
   9.5966125886353976E-005
   1.0728540175358819E-004
   6.7545810568222343E-005
   9.4561659379357720E-005
   8.9668414949162063E-005
   1.0206111933227031E-004
   1.1579625081696809E-004
   7.8852913950914011E-005
   1.1056609466720594E-004
   7.0500975280748813E-005
   9.0767010403479083E-005
   7.5251596052366862E-005
   7.0616489589318796E-005
   1.0078149696780108E-004
   1.0484135564194112E-004
   1.1195461344537342E-004
   8.8583894290912701E-005
   1.1170180622047141E-004
   7.2751362116838016E-005
   1.2905359150140532E-004
   1.0291667501543030E-004
   7.8178873696789473E-005
   8.4648852983191776E-005
   8.7817746774901102E-005
   7.8038619167539167E-005
   8.7135618158036286E-005
   8.6112680180462997E-005
   9.6426906220058875E-005
   8.5080265706324854E-005
   1.1562844709239476E-004
   9.0242950866335561E-005
   7.1867602575078019E-005
   8.8114525646670766E-005
   6.1817825777866776E-005
   8.6630318622921642E-005
   9.8887173636904771E-005
   5.2187592259280281E-005
   5.9516740951434611E-005
   7.5950071476864862E-005
   1.2733735632930386E-004
   8.3498654137933347E-005
   7.2801038285807328E-005
   1.1198228642769524E-004
   7.2025147355958831E-005
   8.0281706370135614E-005
   6.4497535742487675E-005
   6.9048880188714496E-005
   9.4786338623382464E-005
   8.5406718287691345E-005
   1.1491190262698273E-004
   5.7249738570276037E-005
   6.8896601609587952E-005
   1.0321932790418077E-004
   5.4400503314982954E-005
   1.0039669960392390E-004
   7.3362490488284313E-005
   1.0165773978885579E-004
   6.6495838111991720E-005
   5.4044700956644263E-005
   1.0052066888213903E-004
   8.6726187917691793E-005
   7.5728607666374051E-005
   4.6737425724187684E-005
   1.1161310944619479E-004
   8.0351840467801086E-005
   7.6105795793704294E-005
   1.4515755605377969E-004
   1.9117025486881312E-004
   1.0598804718789174E-004
   7.7683554266191912E-005
   6.3077342864459242E-005
   7.7333179342180456E-005
   7.7827281149185217E-005
   1.0195237566684940E-004
   8.2532114153417854E-005
   6.3228888516610207E-005
   7.4673199141050094E-005
   7.2145825031773498E-005
   8.0180450991473531E-005
   7.9237395358510362E-005
   6.5371444974948864E-005
   1.2318158050564048E-004
   5.9359635400343301E-005
   9.6871105813494741E-005
   8.6799087939085234E-005
   8.4478911364189004E-005
   9.4485268067965626E-005
   6.7945072662231403E-005
   6.3955449368340248E-005
   7.5804008528720192E-005
   9.4358839443394807E-005
   1.2704806358001961E-004
   6.8398184060708438E-005
   8.1594552509738527E-005
   9.8610546856572374E-005
   1.0254063118227479E-004
   6.3788211564891684E-005
   9.7101652184665584E-005
   1.1059090532779813E-004
   1.0317568218134393E-004
   1.9456023295495541E-004
   6.7320352063226797E-005
   1.3053626415785572E-004
   1.0128194565611367E-004
   9.1235327853732799E-005
   1.1671631554879613E-004
   1.0643833058187847E-004
   8.0461420739832379E-005
   8.8650382463715375E-005
   9.4456292281971295E-005
   9.4713439494796824E-005
   8.3528579036376685E-005
   1.0771864415814547E-004
   5.1382025957717072E-005
   7.4429612595461407E-005
   8.3730338840065530E-005
   1.2183777995142466E-004
   9.4905424215368210E-005
   6.6985042496633162E-005
   6.5984423380764729E-005
   8.3722447541426115E-005
   8.4046399724171556E-005
   7.3962653428258382E-005
   8.6344356386764228E-005
   7.6983520749751254E-005
   7.6584093409269330E-005
   6.5470634370898769E-005
   4.7565469527766489E-005
   8.9162630788442148E-005
   1.2003518504458032E-004
   7.4973399967806828E-005
   5.5769416938679051E-005
   9.4841518941533404E-005
   9.4127792198335131E-005
   1.1344000000644241E-004
   8.6248845565085295E-005
   7.8728891517369635E-005
   1.0408585834215495E-004
   9.4808413142844254E-005
   6.8028735968193459E-005
   1.3981009273405162E-004
   1.0869725282125902E-004
   6.8462062869593520E-005
   7.3730465717794015E-005
   9.1788316859048273E-005
   6.6823091082265543E-005
   5.3406985230104690E-005
   6.9259567713766943E-005
   1.1104198318632380E-004
   6.4919295137511564E-005
   1.3759045473391666E-004
   1.2595507387730973E-004
   6.2819837566162540E-005
   6.8523775382345632E-005
   6.1009683011249736E-005
   8.0665631077941560E-005
   1.2703773896560785E-004
   8.0549360609371713E-005
   8.8206476194375980E-005
   9.5602829574767628E-005
   6.6410978079020278E-005
   7.0756018958913119E-005
   7.0330568815739653E-005
   6.2419334581055149E-005
   1.0051631519508348E-004
   6.3967438272907420E-005
   6.9741718057473489E-005
   7.0201929829010406E-005
   7.3989198464284191E-005
   7.9175013285727783E-005
   1.1269482757136613E-004
   7.7570920057325510E-005
   6.1554837016027114E-005
   9.7303421288342021E-005
   9.8984083868456260E-005
   6.1986165862123189E-005
   5.3693913631369699E-005
   9.9766435750749225E-005
   8.3426310329518956E-005
   8.6107783667341327E-005
   8.3240246118821106E-005
   7.4462077743686332E-005
   9.5822700901199647E-005
   7.6146826815960477E-005
   6.7549219888469520E-005
   9.3157646668096732E-005
   1.2413216687245576E-004
   7.7556665414428542E-005
   7.5910707886111081E-005
   1.1957608986699985E-004
   7.0769778853780230E-005
   6.5957152073433211E-005
   7.6267113903626203E-005
   1.0094820773003792E-004
   7.2431722791003412E-005
   8.1688294034763708E-005
   9.0633290110505752E-005
   9.2412291172471939E-005
   7.4327853508818467E-005
   6.3856211832325640E-005
   1.3638938175870212E-004
   1.1752884214770876E-004
   5.8439007879298519E-005
   1.0509127689443666E-004
   6.7941334729065421E-005
   1.3065992498945386E-004
   7.0414087082066690E-005
   6.4015548314774040E-005
   2.2424875384883123E-004
   1.1784677628180266E-004
   6.9218489162776691E-005
   1.2402449676949631E-004
   7.9916276230430983E-005
   7.9584834011062742E-005
   1.0899284665393559E-004
   6.6246223770542110E-005
   9.4653642353053618E-005
   8.3169803516021260E-005
   9.5598355196133223E-005
   8.2995293946789666E-005
   5.8199166419057906E-005
   1.3278716197941706E-004
   1.1352963966668840E-004
   8.8409041859435433E-005
   6.3769824784289306E-005
   9.3209517185427834E-005
   1.0842437172408785E-004
   6.1198487845612790E-005
   1.2164134859020505E-004
   1.4724606800160976E-004
   8.9135423848359384E-005
   1.1582828981471407E-004
   6.2521324914816196E-005
   7.0985118431204350E-005
   6.3819493270578958E-005
   1.0159375027364965E-004
   7.7761890342392196E-005
   8.8353632869624259E-005
   6.8074780193168303E-005
   7.1180560325314867E-005
   7.6647550253874922E-005
   7.1381598279906966E-005
   7.6481691342404035E-005
   1.0580212311700052E-004
   6.5393885192119395E-005
   7.1363989449547497E-005
   7.8631963474110755E-005
   5.7034502802875591E-005
   6.5747441797231766E-005
   6.2760676787447281E-005
   6.4551427622116454E-005
   1.0374896309118255E-004
   1.0750629120509229E-004
   5.8915251120453378E-005
   6.4170588485117547E-005
   6.7334836515754035E-005
   9.8711315928561589E-005
   1.1122485549141849E-004
   9.4820897153326107E-005
   9.0214145959432461E-005
   7.8870610085986229E-005
   8.1158148837265454E-005
   7.2317020177584069E-005
   1.2279544290600872E-004
   1.4615459078618263E-004
   6.8436898894891660E-005
   1.1591050024395266E-004
   1.0640471383597013E-004
   1.2443223359900725E-004
   6.5910915779442592E-005
   8.2033388278375359E-005
   5.2814911540790352E-005
   9.0249689961721514E-005
   1.1447403490524184E-004
   1.1596796701036581E-004
   9.9350531774755756E-005
   1.1814305769629805E-004
   9.8108043893759602E-005
   8.5562796002072326E-005
   1.0512285538507172E-004
   9.6361560293250497E-005
   7.8504368747950841E-005
   1.7589195783546008E-004
   6.7764910797041069E-005
   1.1164232813653071E-004
   1.5705950582103919E-004
   1.0970255209659201E-004
   9.1480307415783650E-005
   7.6977792137358683E-005
   9.2678512267716211E-005
   7.0152296284214694E-005
   9.7412482717138053E-005
   7.3657445761506987E-005
   7.3500820015266990E-005
   7.1719479671013869E-005
   6.9004523528904221E-005
   6.1287357147037121E-005
   9.0815673325711542E-005
   9.8757277577616792E-005
   9.4612483304122507E-005
   6.6599253426556667E-005
   1.0918051600244605E-004
   5.8263107452656366E-005
   9.5322725482315166E-005
   1.0226467517315544E-004
   1.0520142517971611E-004
   1.2885081995669940E-004
   9.6065319673441875E-005
   7.7241770420526082E-005
   8.8001784849728502E-005
   7.8595102366804366E-005
   1.0764345320157845E-004
   9.4701384834747917E-005
   1.1443724572850096E-004
   7.3948083410954431E-005
   1.1661159729163667E-004
   6.4060310086234284E-005
   1.2401096478496093E-004
   6.8473660483265255E-005
   7.4549060433563800E-005
   8.0184842385743602E-005
   1.6710172314705887E-004
   9.7280742967137063E-005
   8.8650546962554702E-005
   6.6730443217433044E-005
   1.0930870202032713E-004
   9.4466733398307050E-005
   5.9352936048591547E-005
   6.3395334571574071E-005
   8.4557736764733136E-005
   6.1131969566350500E-005
   8.3163614299415023E-005
   1.2671887218317966E-004
   1.2305268251925426E-004
   1.2897477810395910E-004
   1.3432542627856621E-004
   6.5774318303330888E-005
   6.8021031811006064E-005
   6.6058594387435169E-005
   6.6806393396165060E-005
   1.1390321480720353E-004
   1.1699654235996124E-004
   9.5107780961714306E-005
   8.7284401606579928E-005
   9.6985355725610027E-005
   8.0628701647905414E-005
   5.9332672973774770E-005
   1.2276488073664679E-004
   5.8183510244335067E-005
   6.7670915316474749E-005
   5.9628473106187397E-005
   6.1162114641699923E-005
   7.9787522420529796E-005
   1.4472535425234142E-004
   6.4047685850723469E-005
   9.1677957892599519E-005
   1.4894144526048114E-004
   1.0137979326831427E-004
   9.9059764931950289E-005
   7.2602635815609832E-005
   6.2595803918334442E-005
   5.8029037593197011E-005
   1.0922063806339800E-004
   6.9804159687686019E-005
   5.5953722082205895E-005
   1.1739509362070824E-004
   1.0881559628977985E-004
   1.1487514247253537E-004
   9.5913651322319444E-005
   6.6490428553895965E-005
   6.6048852510362707E-005
   9.0055565234361287E-005
   1.0060764293291655E-004
   7.3444417803750523E-005
   1.1053177925108109E-004
   8.6408965635469186E-005
   6.8447319385445612E-005
   8.0897776866040283E-005
   8.4414276007671818E-005
   1.5700111966045481E-004
   9.2637302614771879E-005
   1.0960483313194092E-004
   1.1958596116533355E-004
   6.7767903146646950E-005
   1.2637217095426014E-004
   8.8982624036337683E-005
   1.3415707844995173E-004
   6.5190628178812832E-005
   1.0647380293366650E-004
   1.1525541404559363E-004
   1.3116588646446475E-004
   6.7163295491121664E-005
   1.1043227485877072E-004
   1.3010103599719698E-004
   1.1752207908717084E-004
   7.8386149179133664E-005
   1.1248370546707769E-004
   9.3188735115545316E-005
   6.4735467068996187E-005
   4.6996361391495711E-005
   8.1175328981408909E-005
   8.7919329149821476E-005
   1.0597250985904446E-004
   6.7758441554869746E-005
   1.1084165404157718E-004
   6.4728100746984818E-005
   6.2063398493393169E-005
   9.3334578023422296E-005
   8.8827694384597560E-005
   4.1347271885427315E-005
   6.8822136481133428E-005
   8.8294721317028275E-005
   1.0366146329472230E-004
   7.5061584125649277E-005
   1.0588108931181888E-004
   6.4530652038669579E-005
   1.0697650989967642E-004
   4.7799888694236603E-005
   7.5998442036093628E-005
   8.0592157340580591E-005
   6.1815263285951760E-005
   7.2200538072636936E-005
   1.0198357153814400E-004
   4.8230058687029375E-005
   6.5943187922332279E-005
   6.0969532484405837E-005
   8.6152947300481125E-005
   6.8848015814426485E-005
   7.5519339341667701E-005
   8.1366506054630539E-005
   9.3278119566027025E-005
   7.6339442807110805E-005
   1.5803982340020480E-004
   1.2284198335901791E-004
   8.2648716981254057E-005
   7.4900941549259597E-005
   1.2389005325544122E-004
   9.5017798945575390E-005
   1.1986197847381053E-004
   7.7244102412000343E-005
   1.2153072230388083E-004
   7.2269169381969329E-005
   9.2252491196211049E-005
   7.3277760145943040E-005
   4.6065013855096575E-005
   8.4039093202386807E-005
   6.4716390011742772E-005
   7.4152030652067694E-005
   1.8554579933419523E-004
   9.9660661488113177E-005
   9.2888908667433556E-005
   7.4135617544143176E-005
   9.4798950615474083E-005
   9.5757550920984002E-005
   8.3029220233854978E-005
   1.1726906801176646E-004
   9.4551868007112919E-005
