   8.3380780713647394E-005
   8.5920086317096839E-005
   8.7853261327045819E-005
   5.6097748539750646E-005
   9.1998577720249700E-005
   8.9303723810076540E-005
   1.0441088062266523E-004
   9.4657677288575564E-005
   8.6150258958381424E-005
   2.0340500819530366E-004
   7.1722478409359222E-005
   6.3298309798290119E-005
   1.0860537301212303E-004
   9.2590773702992319E-005
   1.5128608013825743E-004
   1.0160615327879652E-004
   6.8175829272510433E-005
   7.2096482941672271E-005
   7.8075370857996453E-005
   6.6833196904297773E-005
   6.2254264032611113E-005
   1.0030663872427395E-004
   1.2030981786444640E-004
   9.5169668337210088E-005
   8.5406247109097374E-005
   6.9598590281769908E-005
   1.1309673677701328E-004
   1.0446143119793946E-004
   1.0931740336731345E-004
   1.4526193617702256E-004
   1.2028583929687567E-004
   1.0977302963837577E-004
   8.6400914738592625E-005
   5.7977243904720982E-005
   5.4858971418073892E-005
   9.9040574244531009E-005
   9.0831734798980029E-005
   7.0293747428762653E-005
   9.6176057495241568E-005
   8.1835156663397239E-005
   8.1828573536800385E-005
   9.1823825206203518E-005
   6.7757795667500414E-005
   8.8466834084566378E-005
   1.0528392224638966E-004
   8.6525321290773841E-005
   1.0218470397617061E-004
   1.0367173997554013E-004
   6.0136959842772343E-005
   1.1851952877063608E-004
   1.1300883909101103E-004
   8.0274006164827123E-005
   6.3809407894083796E-005
   1.2867496936861333E-004
   6.7529776347260956E-005
   1.0061375851385421E-004
   7.8264467606861904E-005
   1.0452736048030015E-004
   8.1643416876728441E-005
   1.0606772570691931E-004
   7.1222474732102455E-005
   1.0177428450796958E-004
   1.5775742893066696E-004
   7.8787722153090653E-005
   1.1953824251650012E-004
   8.9538765135508753E-005
   6.7472727956369359E-005
   1.2328163707333521E-004
   8.3241761753908308E-005
   9.6300739123257129E-005
   8.1162892826508343E-005
   1.1148169252367306E-004
   1.0575937182102146E-004
   8.1026936784572867E-005
   7.1563579031465481E-005
   7.4272818767878254E-005
   1.2717606782569190E-004
   6.9991492302705601E-005
   5.2533651977628312E-005
   7.0418989019079174E-005
   7.1833655290125440E-005
   1.2087448476002580E-004
   5.9286445204471475E-005
   8.0244218634916242E-005
   6.3312546416242703E-005
   7.5782294571918507E-005
   7.8554672049744258E-005
   9.3907995813706283E-005
   6.1072985349946426E-005
   6.1554566822179824E-005
   9.8328250224248275E-005
   9.0803142955320261E-005
   8.6231460874353080E-005
   1.2110855343488968E-004
   1.2189001078219805E-004
   1.1240323299656303E-004
   9.9940501165875423E-005
   1.1749902994573238E-004
   9.5774672173866340E-005
   1.0554137937032813E-004
   7.8230835681666731E-005
   9.6078714421423290E-005
   7.6414792875486841E-005
   6.1837197490706918E-005
   8.1238691148624318E-005
   7.6721448441833444E-005
   1.0134149263401430E-004
   5.9625625186094205E-005
   1.4274161636080061E-004
   8.9985128154624553E-005
   6.9649107658242750E-005
   1.2613753702981359E-004
   1.5813477851425435E-004
   8.8581536871277020E-005
   7.9129869089971072E-005
   8.6831861442293688E-005
   7.7545764787553874E-005
   9.3603781586113407E-005
   8.0439515670309601E-005
   8.8563991638353123E-005
   9.6691256058255816E-005
   9.6307310440889193E-005
   1.0115666891777536E-004
   1.2093640531339352E-004
   7.0664763387896556E-005
   1.1851723284087125E-004
   1.1273581889375604E-004
   9.6980908811945414E-005
   6.6972460401463666E-005
   8.8317203931582262E-005
   1.0561291016920242E-004
   5.4129931235904662E-005
   9.4450403532228119E-005
   1.6954007608922577E-004
   1.6678800689762669E-004
   7.3424674012619840E-005
   1.2984798712561979E-004
   1.5657370363302814E-004
   9.5188375847390276E-005
   6.1105809135240138E-005
   9.5475615670903734E-005
   9.8176677344966211E-005
   1.0781786529123917E-004
   1.2760042932563557E-004
   1.1167134076055208E-004
   1.3240385285978921E-004
   8.4503925262154614E-005
   1.4285389539206499E-004
   7.7456007163544062E-005
   1.7062348661480998E-004
   7.4058165923633490E-005
   9.6945939791550978E-005
   1.0320492626407228E-004
   9.8092108824737452E-005
   8.1685711483729843E-005
   7.2429802634446991E-005
   6.0790998315150943E-005
   5.9032075202932924E-005
   1.5163311491446957E-004
   8.4816958061559783E-005
   8.5157060218458134E-005
   1.3784654825661890E-004
   8.6220639516443651E-005
   8.7342078153763875E-005
   1.0844423513157442E-004
   9.3270471555241611E-005
   1.7060666543881799E-004
   6.7439185091968027E-005
   7.7239800967016112E-005
   5.0519018339707095E-005
   5.4606032704489350E-005
   8.9642236631338080E-005
   8.4578658043316183E-005
   4.8793220806064593E-005
   9.8751836292396936E-005
   1.0541741632245031E-004
   1.1197133457209941E-004
   7.1058031284781972E-005
   8.5652820150693913E-005
   9.3266274072672839E-005
   8.4431428415831692E-005
   9.5024208741501938E-005
   7.1008313815293204E-005
   7.3475436756258300E-005
   6.7988317569472577E-005
   7.9768862170710028E-005
   1.0581142194404938E-004
   1.2778466262937038E-004
   1.1581058830706660E-004
   6.5014104259107517E-005
   1.1393444210787064E-004
   6.7278626095688696E-005
   5.7012694866352109E-005
   8.4083503080716721E-005
   6.7701559642564747E-005
   6.9587960876824271E-005
   8.6002329050272186E-005
   9.5952163733972770E-005
   1.0626094610805830E-004
   8.5357504155827006E-005
   9.1713453068513663E-005
   9.3185559005721171E-005
   9.7738591488830034E-005
   7.8321859524841869E-005
   6.3416195241127956E-005
   8.0900371699907806E-005
   9.3020431252727729E-005
   7.0460725776840929E-005
   8.2267689288937916E-005
   7.8454914493037656E-005
   9.2403262493866991E-005
   7.7673188741560670E-005
   7.1520315144298508E-005
   1.0774089627913959E-004
   7.1047933146996562E-005
   7.9229933990741623E-005
   1.0602221895603936E-004
   1.3852549124163395E-004
   9.3330254663580130E-005
   1.3263061359554485E-004
   8.7120542101783635E-005
   8.7939351975654934E-005
   8.4029684898453386E-005
   5.3808096784816873E-005
   6.4234584567274370E-005
   1.4654768052752167E-004
   9.8071741783491365E-005
   7.3888823584430900E-005
   1.6211216070047705E-004
   7.6904113342311483E-005
   8.6568976232400110E-005
   1.5195600009953016E-004
   1.2699908526487931E-004
   8.2182886408715749E-005
   6.3574922604601086E-005
   9.5109638031499284E-005
   1.0952721859538379E-004
   9.8717746892133587E-005
   9.1248047373635794E-005
   1.0179772877379872E-004
   7.6270514943441227E-005
   2.2138697200200618E-004
   9.5020213814290297E-005
   1.2733679985993794E-004
   1.0200617790896822E-004
   8.8903445404660812E-005
   1.3565600559203655E-004
   9.2113358317629789E-005
   7.5361959345294311E-005
   7.2744197760854669E-005
   1.4440743104860733E-004
   7.7602005789739585E-005
   8.5736794483370823E-005
   8.8519649156148971E-005
   6.7522808142657308E-005
   8.0305785242315125E-005
   1.4321740874551108E-004
   1.2750783711238599E-004
   1.0740713108213175E-004
   1.1394256085222358E-004
   9.2196827643757425E-005
   7.5077991769451814E-005
   1.1197378363466978E-004
   1.0140648297676616E-004
   1.0775278096895282E-004
   1.3962359920983853E-004
   1.1804800258975674E-004
   1.4555901132572429E-004
   7.4916243108402074E-005
   1.2383629642659098E-004
   1.0735742457741104E-004
   6.7581261662885684E-005
   9.2049046616073712E-005
   1.4968006642960665E-004
   6.7065990471159811E-005
   5.6869704797389444E-005
   1.2223908137176177E-004
   6.6100750475947670E-005
   1.3824579828894762E-004
   1.1448817085752215E-004
   8.7170108461233939E-005
   7.7255194643614328E-005
   1.4679487108768243E-004
   7.3769858951929946E-005
   8.9528339289179381E-005
   1.0559424754327833E-004
   9.3477035330540657E-005
   5.2947577969514438E-005
   1.0392030827828908E-004
   7.5231778950953109E-005
   8.9897339794210059E-005
   9.1996091985171993E-005
   6.2910668513551393E-005
   7.6860236205743298E-005
   1.3652552857011175E-004
   1.0231103535120321E-004
   1.1526538966011257E-004
   8.3158217229799110E-005
   1.3074051313589970E-004
   1.3225560378037635E-004
   1.0929220470333167E-004
   7.0095334560707208E-005
   7.1178884910647771E-005
   9.1172421122928047E-005
   1.3260701726755571E-004
   7.4606157024176577E-005
   7.8583079934058182E-005
   9.4620232880041503E-005
   1.2713942651311391E-004
   5.4388093999904494E-005
   1.1327984464354370E-004
   9.8705243123418869E-005
   9.9385133904374620E-005
   7.5135854599663759E-005
   7.4243994922372489E-005
   7.9161181214198903E-005
   5.9754916291170974E-005
   6.4550329887489067E-005
   6.7742057571621112E-005
   6.9570945965713896E-005
   6.1893016945200924E-005
   9.2944055565811511E-005
   9.3011865829878450E-005
   1.4230853536544035E-004
   8.7376033688708681E-005
   9.4291149372329334E-005
   9.5152676161583646E-005
   8.7585045570154227E-005
   6.7434457070238068E-005
   1.2607728704854668E-004
   6.7437665266944680E-005
   1.0334689970042662E-004
   1.2604780053973146E-004
   1.6874391600854379E-004
   8.5431230969269253E-005
   7.4474730657983937E-005
   7.3862821193907761E-005
   8.7623796027779552E-005
   6.3425981373531603E-005
   1.6032512947424394E-004
   7.3662784180146085E-005
   6.2863857597510040E-005
   8.3384073138505750E-005
   9.9590169801571811E-005
   1.2629801169957179E-004
   1.1426561836044278E-004
   6.8068648633606258E-005
   7.4443763314314051E-005
   7.8959097449427760E-005
   6.9978837023465187E-005
   8.7762456679795831E-005
   1.2665451952688979E-004
   9.3044413539822041E-005
   7.0875505487174486E-005
   1.2068101401325316E-004
   1.0665637519457826E-004
   8.9965828478485166E-005
   9.7425178940049867E-005
   7.3345407785007025E-005
   8.0808199596840049E-005
   7.3923591804431175E-005
   6.6859587685778302E-005
   5.1400239049270927E-005
   6.2101384970165128E-005
   6.4334227061182313E-005
   1.5924274124887118E-004
   1.0075841526240584E-004
   7.6406669642701058E-005
   1.1615068098147996E-004
   1.4859059654324285E-004
   8.8381694495087883E-005
   1.1662732602432376E-004
   7.9673123473299653E-005
   1.9863322661818164E-004
   6.2464028109675046E-005
   8.9042193589501558E-005
   1.8780005106667751E-004
   1.5741255974314406E-004
   7.3636523065255169E-005
   7.1426815270115798E-005
   7.3418114235881694E-005
   8.0909734695460835E-005
   1.2630910020197108E-004
   8.1409065921773485E-005
   8.1911954509561975E-005
   1.0281632959397509E-004
   4.8568780785218150E-005
   2.0714594884074875E-004
   1.3360723755313634E-004
   8.0071273229230703E-005
   8.5255491843029801E-005
   5.0436723490612400E-005
   8.8603228221822888E-005
   7.1139842142280049E-005
   1.4835425021982989E-004
   9.4182170797858686E-005
   1.0225288643053558E-004
   1.2545648904065986E-004
   1.9623092566123292E-004
   6.9781692316947926E-005
   1.0416398541507331E-004
   1.0830483174766519E-004
   8.7237532697329910E-005
   1.2305745406267530E-004
   5.5888727936595839E-005
   1.4009732876588569E-004
   9.2035663100657725E-005
   6.8991880745830831E-005
   1.0508431756193539E-004
   9.6904107632803351E-005
   8.1477385527753106E-005
   7.9297997885108363E-005
   5.7322879190195010E-005
   6.9037577822027418E-005
   8.4987802459589315E-005
   9.1204162659224810E-005
   9.0322151989555944E-005
   8.9217645730646291E-005
   9.9599207363905770E-005
   8.5890211045810499E-005
   8.6320189365964899E-005
   1.1518226038862460E-004
   6.4486785950783126E-005
   8.2333821361596886E-005
   7.4769422257232871E-005
   5.1836168234500634E-005
   8.6293605904057350E-005
   6.5193107896170755E-005
   1.2060200313190033E-004
   7.7031458202911731E-005
   7.9417497065401536E-005
   8.0184528544246757E-005
   6.7256286829391233E-005
   7.5951172728909319E-005
   1.3140561061535818E-004
   1.8467933775305904E-004
   7.7540980307911920E-005
   1.0646728328405443E-004
   1.1007421605887239E-004
   9.7412385130301031E-005
   7.5314471521983504E-005
   6.5105884530649444E-005
   9.5456605395133494E-005
   8.3223967888402278E-005
   1.1115444854169370E-004
   1.0883065383915219E-004
   2.0106674678213007E-004
   9.5947687064245634E-005
   1.1570164282111095E-004
   6.8971474762318869E-005
   7.7357999589248937E-005
   5.5161316825809649E-005
   9.0324483817893339E-005
   8.1973159003830890E-005
   1.0778566096703958E-004
   5.5337010852717070E-005
   1.0234343825279304E-004
   6.8943284749200097E-005
   6.7047943584324767E-005
   6.3491835869781409E-005
   6.2504747221085716E-005
   1.0152474077221253E-004
   7.3738355502985303E-005
   9.8785551351597743E-005
   1.0510384669114057E-004
   1.1596880157749141E-004
   6.5101602360832220E-005
   6.5760413983464500E-005
   7.4626181143123830E-005
   8.1943085250715461E-005
   1.6806632913562503E-004
   6.1584363941402716E-005
   9.9984214584697420E-005
   1.0717529637051814E-004
   7.4436001372855744E-005
   1.1267571500651305E-004
   9.8818146558864642E-005
   1.3533094406943140E-004
   5.2427285651149982E-005
   6.4078909675242054E-005
   7.3702125401580416E-005
   8.1441844357751654E-005
   9.9898447949483182E-005
   7.4041967914048612E-005
   1.0840173009228630E-004
   1.0499277743784911E-004
   6.3381471422358692E-005
   7.8052889120623823E-005
   8.1544758812382331E-005
   9.9139512533305497E-005
   7.2578945758583707E-005
   7.5492165699860274E-005
   6.7707058674840642E-005
   1.0063848016409622E-004
   7.3864576050341999E-005
   8.4226650308030898E-005
   5.2124947360441631E-005
   9.1451682875538264E-005
   1.3253060680560474E-004
   1.2847629107221294E-004
   8.1858398744365761E-005
   1.1811450466180930E-004
   8.5724206962777070E-005
   7.2415076761060795E-005
   7.4977809866035857E-005
   6.9764849176007958E-005
   1.4041245437462142E-004
   9.1269720327381357E-005
   6.8129714537338272E-005
   7.5122347253008822E-005
   7.9529292636692226E-005
   9.9866440658418916E-005
   9.3218483665651679E-005
   6.1701664220181824E-005
   1.0269695937832068E-004
   7.0600745641136801E-005
   1.2735070548167883E-004
   7.6278724381086057E-005
   5.7921705956471290E-005
   5.7193148598127068E-005
   8.0830577601494232E-005
   6.5066352343467530E-005
   1.3597881374660141E-004
   7.9220394191643781E-005
   5.5283696260814112E-005
   6.1934644813913399E-005
   6.8528991103976861E-005
   8.7325135051205565E-005
   9.4403506574189169E-005
   8.9979345907012289E-005
   2.0405291704309367E-004
   1.4344823087278374E-004
   7.5698443589661374E-005
   1.1084975759742263E-004
   9.0437475758624975E-005
   7.4412186118360637E-005
   1.3061573269782041E-004
   1.2258729384463803E-004
   1.0734924568774132E-004
   7.6971514657175796E-005
   1.4042067841960669E-004
   1.9307280404711187E-004
   1.5560578136525685E-004
   6.7758976721724615E-005
   2.3851450110157530E-004
   7.4463555749120682E-005
   1.8791498576275866E-004
   6.3500204685726469E-005
   7.7133764401832178E-005
   1.2852508519022894E-004
   1.3056655293511603E-004
   1.0051986744936062E-004
   6.9978606103699429E-005
   1.2384201190190436E-004
   9.7928933398924912E-005
   7.6001951475883033E-005
   1.0030528730119637E-004
   5.5363909545060834E-005
   9.8118934383518609E-005
   1.1291416630932780E-004
   1.0027359607761295E-004
   9.9121110996904378E-005
   9.4463202117320107E-005
   5.3943321038629147E-005
   7.4181126633658231E-005
   1.4408263059808855E-004
   8.1781710110024380E-005
   5.7394446234141557E-005
   7.9670492711668070E-005
   7.3995738249232090E-005
   6.1351812351524620E-005
   9.6589495725364654E-005
   8.0843155140590301E-005
   7.3375312576952462E-005
   6.5608201104191635E-005
   5.9087976958269307E-005
   6.8176733768887427E-005
   9.6624234410883094E-005
   8.0325716046176455E-005
   1.0732841315097766E-004
   2.1646952842191680E-004
   7.0026198274709134E-005
   6.7182343140185315E-005
   9.0949942420056083E-005
   8.1119897995875583E-005
   1.2042797415845786E-004
   9.5644147285264464E-005
   1.2780369022759869E-004
   6.3975571021360482E-005
   7.0838289686928920E-005
   8.5301193731085606E-005
   8.5742062795152941E-005
   1.2387951909716900E-004
   7.6086132268443366E-005
   9.7280119951625839E-005
   1.1702715107930423E-004
   7.2168959193411240E-005
   7.9811411415453977E-005
   1.2928557447682462E-004
   1.0420353902926522E-004
   1.0022477047773716E-004
   1.2864821898759055E-004
   7.4604170254333993E-005
   5.8477582585798054E-005
   1.4806290292298976E-004
   1.7300323107006634E-004
   8.3507275080073478E-005
   9.0151897437599696E-005
   8.2675200508958507E-005
   8.6294493042277806E-005
   9.1221047632313214E-005
   1.2744314776720186E-004
   7.1717519644732671E-005
   7.1758829188023582E-005
   8.3492154160510983E-005
   8.9067167673376844E-005
   1.0507001021749475E-004
   8.5667947900043781E-005
   1.1226487368597649E-004
   1.1600744046792176E-004
   8.3299830106896080E-005
   1.7689475678056723E-004
   1.0499144099156046E-004
   7.6996224793835774E-005
   8.0745902687458365E-005
   1.1433234802082038E-004
   6.7636249147939355E-005
   9.4965249278516445E-005
   9.0175026795703267E-005
   7.6421505195990895E-005
   1.7274432071268523E-004
   1.1262166857173209E-004
   1.0564893204272985E-004
   6.1741571024681103E-005
   1.1363776152576909E-004
   7.4600494274034026E-005
   1.1073156104981721E-004
   1.4811773195297061E-004
   7.3378736625898030E-005
   8.3958802134183401E-005
   1.5126848792670512E-004
   5.7349620605112984E-005
   6.0553861198377769E-005
   9.5460287113566494E-005
   8.3903018612213671E-005
   8.7493854725303417E-005
   1.3470016066988226E-004
   9.7075904339831415E-005
   1.4300737374072438E-004
   7.7864839402889670E-005
   1.4308601831134854E-004
   1.0753656381492522E-004
   8.6254921642490371E-005
   1.2656407158596962E-004
   6.8063301873871754E-005
   7.6506990532984563E-005
   8.9028648500896404E-005
   9.2532681073076735E-005
   1.0559955744724680E-004
   5.9800699600553748E-005
   8.4722043775675433E-005
   1.0112598297942306E-004
   1.0282955830501107E-004
   8.8564476524353276E-005
   8.3213955620724321E-005
   8.0274792885382903E-005
   1.0904755057098157E-004
   8.7683725497955989E-005
   8.8692064193045706E-005
   7.2997448356857655E-005
   5.9919150191877171E-005
   6.5571404373550892E-005
   7.4555931630989022E-005
   7.8697304225655514E-005
   8.9107660329351934E-005
   6.6375452234203848E-005
   1.3223577012809814E-004
   1.2146502247779414E-004
   1.0835267946877508E-004
   1.0699757961931535E-004
   1.0040680775358563E-004
   7.8515852385245913E-005
   6.3102703877847480E-005
   7.9916406416386736E-005
   6.1822592605220421E-005
   7.6045244620471511E-005
   8.3688883151785469E-005
   1.3056421501369896E-004
   1.5123615865762137E-004
   1.5167395540558736E-004
   1.0199453327260740E-004
   6.5575259957883326E-005
   9.2000539819425773E-005
   5.7993551343335589E-005
   1.1511332617727954E-004
   1.0021212687386745E-004
   9.5883305357308954E-005
   1.0397635001378359E-004
   7.2640741715378497E-005
   1.1158061020565525E-004
   1.0940525943839160E-004
   9.5665590665681432E-005
   9.4283073076173956E-005
   7.7014701511709784E-005
   9.3267591956898362E-005
   1.4077770647763705E-004
   1.0858162701996318E-004
   7.8736031247212377E-005
   9.0184288614838411E-005
   9.9877367877107743E-005
   2.0868241695104746E-004
   7.5633165989116602E-005
   9.8516445794790870E-005
   9.4999260415763446E-005
   1.0939172464624047E-004
   9.6810499447129626E-005
   7.8409823657627902E-005
   6.3956546294789471E-005
   1.0563792713984517E-004
   7.2462542429052533E-005
   6.9584439675798404E-005
   2.0132831571112580E-004
   6.6255035384450139E-005
   7.1012664486816066E-005
   8.8483695486977294E-005
   5.6990025530690153E-005
   9.3569079560872781E-005
   6.9983101512445176E-005
   6.0964378762446965E-005
   1.2571215458412178E-004
   1.4575024804039331E-004
   1.1500559382761559E-004
   8.9645313730255465E-005
   6.2900714667741569E-005
   2.1818709743105409E-004
   1.8657227881321815E-004
   7.3792748315697657E-005
   8.3672793256838628E-005
   9.9636146349972688E-005
   9.4444594132101080E-005
   8.7083003384797033E-005
   6.3371838894907303E-005
   6.3380157614275967E-005
   7.8860180127369265E-005
   1.3151808554524139E-004
   1.8733622260248291E-004
   1.1583215631020821E-004
   7.6858761122340868E-005
   7.8322589350293095E-005
   1.4758203646434651E-004
   8.5508125556397712E-005
   9.9247510530196738E-005
   9.1459117179869587E-005
   1.6896369476979302E-004
   1.1056945965993408E-004
   1.7288340181192656E-004
   8.3620040482401830E-005
   6.9692960751567112E-005
   1.2523943976844488E-004
   9.3132581541242342E-005
   6.5580122711761927E-005
   7.3805521185172767E-005
   1.6155175336387154E-004
   1.1232257778367801E-004
   1.7665102409843817E-004
   8.3064218992925020E-005
   1.3666023863656687E-004
   1.0753563732005294E-004
   1.4432020817278492E-004
   6.7015853272816669E-005
   6.5744529673912586E-005
   6.2942311982935222E-005
   8.4760536004122592E-005
   1.1075317397214993E-004
   1.0126229279710739E-004
   1.0559695278839875E-004
   8.5886832959339426E-005
   6.7417381739012019E-005
   8.6035515020368704E-005
   1.4312085736711109E-004
   9.5263252488838267E-005
   7.8591450106686562E-005
   1.2238013651220267E-004
   7.6369820853018668E-005
   6.5020052494905000E-005
   9.9065344320550656E-005
   9.5956206319599359E-005
   8.1474070243852577E-005
   7.2506344986969669E-005
   5.2835170437562574E-005
   1.0951624396769280E-004
   8.2644444994422621E-005
   8.7004667594156709E-005
   1.6204709941290539E-004
   9.5002860415115386E-005
   5.8794989976221476E-005
   7.4846797719759194E-005
   1.2160904065400181E-004
   1.2541445926481502E-004
   1.1069846923928617E-004
   1.1640675322631332E-004
   1.3552551764358520E-004
   1.2285511870814073E-004
   1.0091389686055700E-004
   5.8104428192766290E-005
   6.7088278066539255E-005
   7.5870664745116676E-005
   8.5527790232484005E-005
   6.7765399713086400E-005
   9.0284548139593927E-005
   7.6435068220493120E-005
   1.1140254008272099E-004
   8.0653363294238553E-005
   7.4335331303700605E-005
   5.2251306082222188E-005
   8.9185545270206544E-005
   1.2869412228246020E-004
   1.2729848400819919E-004
   5.2272916862646877E-005
   8.9015996639969907E-005
   1.6889483681189181E-004
   8.0432052892337257E-005
   8.6889279706980262E-005
   7.8705772539886039E-005
   1.3446945617321112E-004
   2.6290509443811192E-004
   6.1968440574621260E-005
   1.3968247737888880E-004
   6.7616046767030404E-005
   1.0793504387823448E-004
   8.9228609588157235E-005
   1.2932837411037533E-004
   1.0433563446735120E-004
   8.0223400953768607E-005
   1.2871656858285410E-004
   8.6641850837810918E-005
   6.4188931560645195E-005
   6.7190473226097305E-005
   9.1021050529113156E-005
   6.1370748200136169E-005
   8.8399618106826497E-005
   1.2521957727498761E-004
   8.6293567582887803E-005
   9.3106866622728358E-005
   1.5676280856995783E-004
   1.1570270423885416E-004
   6.2115539275891952E-005
   7.5458486931249182E-005
   1.3008053813341440E-004
   9.8426681018034035E-005
   1.1540294295419979E-004
   8.8603498436200400E-005
   8.1557398310813496E-005
   7.9399101485537506E-005
   6.9795191713894344E-005
   6.4638575213810557E-005
   1.3093904691243368E-004
   8.5358584246237129E-005
   8.7038561256932019E-005
   8.2795198362609700E-005
   6.6495983684719488E-005
   8.4403056838360974E-005
   1.0198246566115928E-004
   7.4842988892167195E-005
   8.6897208162551722E-005
   7.0820466200293067E-005
   4.9586754785380785E-005
   9.0788747883961140E-005
   7.3149457016429529E-005
   1.0957441594212192E-004
   1.0131518482325448E-004
   8.5477949930598058E-005
   8.0944402457604802E-005
   7.0339726386461335E-005
   5.9231700716696800E-005
   1.3109170797320920E-004
   1.3183085729763288E-004
   9.0300948971936012E-005
   7.7917790849729555E-005
   8.7601815889636780E-005
   1.7361102277849039E-004
   9.3820631908382438E-005
   9.6075199998822751E-005
   1.4349207109256966E-004
   1.2843286440841165E-004
   1.0439861655366885E-004
   9.5181648923250728E-005
   6.1953276372345685E-005
   5.6971693487522657E-005
   8.9382563589364080E-005
   9.4746166959513994E-005
   8.0265087552562698E-005
   7.9590550792001759E-005
   9.0163655444038085E-005
   6.5692268064793122E-005
   1.1151105252097553E-004
   7.2046619354236552E-005
   8.6909610140062461E-005
   1.0848773612510698E-004
   5.9904229607425162E-005
   5.3229453064368311E-005
   6.2263349203255827E-005
   8.7071888322746505E-005
   1.0562081749259523E-004
   9.7988946377435292E-005
   8.9094054878514599E-005
   7.0910240348222699E-005
   6.6073277229739818E-005
   1.1841932107451949E-004
   5.9438358481466079E-005
   1.2776474015394483E-004
   1.8034792706315126E-004
   6.1868790861033669E-005
   1.1887383582166397E-004
   9.8828912823164885E-005
   4.8679830344246268E-005
   1.3352156944368909E-004
   8.0261640463098988E-005
   7.2289912910272820E-005
   8.1906433626773294E-005
   8.0550984014330650E-005
   5.4222234924664693E-005
   1.0901077555030318E-004
   8.6766512728088477E-005
   5.2942344476962670E-005
   5.8621947892804253E-005
   1.4158954386105720E-004
   8.0809147313366182E-005
   8.2331864668827066E-005
   8.8119570145423685E-005
   7.7619668603104173E-005
   1.0310622510722229E-004
   8.7377565144712576E-005
   7.5858495381952071E-005
   9.6609338607771619E-005
   8.4700554124273294E-005
   6.5729725155675261E-005
   1.1184284217274649E-004
   6.8173984848403390E-005
   7.0881730313603633E-005
   1.3776175833886685E-004
   6.9391336291806455E-005
   8.4087452175452134E-005
   1.0097906835752313E-004
   9.6293049673903494E-005
   1.1104360216366894E-004
   8.9152526288608914E-005
   9.0458295874417367E-005
   6.8743475912932397E-005
   1.3879914010999389E-004
   1.1012218450786213E-004
   1.2693916125813305E-004
   9.0771449771958449E-005
   6.7786783689734965E-005
   7.9739646681013606E-005
   8.0676530234874939E-005
   7.4968534811798760E-005
   1.0200365297223233E-004
   1.2353262612769899E-004
   9.8605982890631971E-005
   1.0298709805959175E-004
   1.5248750728396297E-004
   1.0155120553685311E-004
   6.5987558048105722E-005
   1.3328427656000513E-004
   1.2912088319110725E-004
   9.0892634407631161E-005
   1.0025198221813004E-004
   8.4297123827478635E-005
   7.3935657300041086E-005
   1.6458210954590726E-004
   7.4903465821349360E-005
   7.5276238055359336E-005
   6.4749334358005150E-005
   1.5915329282828260E-004
   1.1349211444723911E-004
   1.1939746295949108E-004
   7.6371443965086771E-005
   7.9231897056432609E-005
   8.6702447652568955E-005
   6.9606492625779481E-005
   7.9754459068918373E-005
   1.0135368416336225E-004
   6.4294268179242612E-005
   6.2039503383354565E-005
   9.3427299349669061E-005
   7.9493544780572398E-005
   1.1190537193567253E-004
   1.0874960355148020E-004
   7.7082417627897019E-005
   6.3555974572904769E-005
   6.0775484080410095E-005
   9.9512962592341426E-005
   8.2940703874156187E-005
   8.3231631178227173E-005
   1.1847920538402942E-004
   1.1108615767136053E-004
   8.9865134460291786E-005
   1.1757632098484238E-004
   8.2738640882028063E-005
   7.5712300606711665E-005
   7.9478062479084108E-005
   7.1719723369427030E-005
   8.2719886884061584E-005
   8.3867504571025819E-005
   1.0299165396204122E-004
   8.6331942255238987E-005
   1.3731468025933845E-004
   8.1591036731718306E-005
   9.6606811090430486E-005
   1.0952202074379684E-004
   6.6673405182331931E-005
   7.8754660704907355E-005
   1.0536854446881824E-004
   1.2461824658756648E-004
   8.3783228895992350E-005
   7.8213898902097551E-005
   1.0688993202401766E-004
   5.9953174685331121E-005
   1.0748366892363590E-004
   1.3626105657997041E-004
   8.2179434624584126E-005
   6.0073067840312577E-005
   6.6097757162497523E-005
   1.0034446668163545E-004
   8.7792890062630724E-005
   1.2913552501577801E-004
   9.4061711350502042E-005
   5.7016792308338998E-005
   1.3873547570751531E-004
   8.3109552526979593E-005
   9.0820768727973463E-005
   6.4985869250658665E-005
   7.4129139516869772E-005
   6.5458424899963259E-005
   9.1645124942905923E-005
   1.3388159812176129E-004
   8.5816761768386143E-005
   7.5740191778000141E-005
   7.6432981975972408E-005
   1.2361622249248717E-004
   1.5485154035582973E-004
   1.2623152513508367E-004
   6.4626158040167922E-005
   1.2192717804837022E-004
   1.6995743373328774E-004
   9.0458682456068864E-005
   1.3897569704503235E-004
   1.4405613020534742E-004
   1.1594522329446193E-004
   8.8241590967062176E-005
   5.3428757867546325E-005
   7.1960680731173926E-005
   1.4339229949144575E-004
   5.5175672025040839E-005
   1.5591566962828423E-004
   9.6688280201485122E-005
   6.5147620451950510E-005
   8.9696748824112123E-005
   7.5744190199569146E-005
   7.1481509154799867E-005
   1.3920602172293702E-004
   9.0430940186685802E-005
   9.5363830597170065E-005
   7.5287703525174003E-005
   7.8329861720010467E-005
   1.2973640284495507E-004
   1.3255004685379357E-004
   1.8473720529073065E-004
   6.6689247313779940E-005
   1.0521672794344203E-004
   6.1322537976744065E-005
   5.0267484671100093E-005
   7.7312439126204387E-005
   8.8274819171837461E-005
   8.7820672412991589E-005
   8.0536037769393288E-005
   8.6760668898489091E-005
   8.6313721345779480E-005
   7.1745519486397053E-005
   1.0599648652308989E-004
   1.1339363830516655E-004
   7.2700027165658969E-005
   7.9759429441911847E-005
   7.8474641690714028E-005
   1.0587589829683343E-004
   1.6852766406422239E-004
   6.4553027442257902E-005
   7.8313135458111681E-005
   8.8460299262010928E-005
   7.2392874776223038E-005
   6.3669126332887270E-005
   1.0892058027916048E-004
   7.2969693013209859E-005
   5.8946529068749756E-005
   9.0096823448820632E-005
   1.0529706490066886E-004
   1.0446982152958472E-004
   8.1058688269250900E-005
   8.2278250252503115E-005
   7.0603991563921847E-005
   9.0503602928931320E-005
   8.2069300454062363E-005
   1.1829047479914577E-004
   9.6569326411210333E-005
   1.1649886426864310E-004
   7.4712559485585071E-005
   1.5203699492362871E-004
   6.2663909901242235E-005
   8.6427515719887007E-005
   7.8636347041113400E-005
   1.0633570967919431E-004
   5.6208471575110600E-005
   5.6353704713227173E-005
   9.0754403891904410E-005
   8.1532799677080323E-005
   9.2808259962884942E-005
   6.1867660040558893E-005
   8.4695012857239865E-005
   8.4620310987223399E-005
   1.5501053125517580E-004
   1.1817323158068496E-004
   7.8801142472733013E-005
   9.5747204058922920E-005
   9.5709964794916431E-005
   6.7464735436188988E-005
   8.6308230579027051E-005
   1.0653889048499443E-004
   4.8241564911846638E-005
   6.7083625184427537E-005
   6.3488102046468063E-005
   7.2365996416043346E-005
   9.8522073899722377E-005
   1.2924514660859861E-004
   1.2267882750846226E-004
   7.9651184723741742E-005
   1.0106624522191776E-004
   1.1483864073280636E-004
   7.7939161769540241E-005
   6.2122545379856401E-005
   6.7125373235833900E-005
   8.9006421627895027E-005
   6.9260704084899593E-005
   5.8557958943937124E-005
   1.5304044562086986E-004
   7.8549240877846081E-005
   7.1758087696970264E-005
   1.1366289061464763E-004
   9.5335357544648112E-005
   1.0762944939486683E-004
   9.1511367242461090E-005
   8.7022499221896021E-005
   1.1123704910351993E-004
   6.5354065513166477E-005
   1.3701547778150391E-004
   7.2373803611785169E-005
   7.1967307076593914E-005
   1.1786644483870571E-004
   1.1672268838689755E-004
   8.2662528959611398E-005
   1.0358797790509403E-004
   1.2771417982738596E-004
   9.8028041921218765E-005
   9.9348329365660015E-005
   9.9151508527211836E-005
   6.8941947351118874E-005
   7.2155426329520274E-005
   1.4040909254862645E-004
   1.7025512616367523E-004
   8.3224678140506899E-005
   5.5577043761590407E-005
   1.8624235701712922E-004
   7.7404748432429292E-005
   8.0161043515493475E-005
   1.0595222282615978E-004
   9.3144499268337489E-005
   6.3957753118699996E-005
   5.8522145830214440E-005
   1.1976275777750326E-004
   1.2869498216859745E-004
   8.6823989965135358E-005
   7.4543458927206358E-005
   1.0123732903889602E-004
   7.8845231129578172E-005
   1.2488281111104157E-004
   1.0676820037684453E-004
   1.3777140281829450E-004
   1.0372695323726442E-004
   9.8148911743263186E-005
   8.4300904830340607E-005
   1.1046098875276084E-004
   6.5650054615133227E-005
   9.6865379259897889E-005
   8.1167316609732224E-005
   7.1846301843903743E-005
   2.3372078883736791E-004
   7.3682158220251019E-005
   1.2242745243837893E-004
   5.2669198647698375E-005
   9.8795344467040197E-005
   7.5515128423255264E-005
   8.5485395849523379E-005
   1.1503578867493310E-004
   7.7648983223572505E-005
   1.1994384229898411E-004
   7.1253250309177550E-005
   8.1560350060794112E-005
   7.5923141769364800E-005
   1.0917690276910554E-004
   1.1540855229561884E-004
   9.1609808013566222E-005
   2.1664371159576105E-004
   9.2347134539065790E-005
   1.1578472598617363E-004
   7.8042615531160624E-005
   9.9478395919488233E-005
   6.5071319259831965E-005
   1.2784375624131660E-004
   8.6153560626123961E-005
   5.6453286529406650E-005
   8.6407902245709000E-005
   9.0323621337424920E-005
   6.5578734591676972E-005
   9.2140707564087164E-005
   9.2331882853566167E-005
   7.8723221205185583E-005
   7.5365725740154775E-005
   1.2589930493235623E-004
   8.5254576334132756E-005
   8.7048429813088018E-005
   1.3202439314057110E-004
   9.6715140416967318E-005
   7.4680009741283338E-005
   1.1466046978411904E-004
   1.1075932099263184E-004
   9.0724183607232941E-005
   1.5889028677413134E-004
   1.0262416235238232E-004
   9.2867576595348443E-005
   6.7574605189872161E-005
   9.1521119268508840E-005
   1.0187938137504072E-004
   9.1962677504201881E-005
   7.8128871574014154E-005
   1.0085870296573748E-004
   1.0941168311757715E-004
   7.4196851781798786E-005
   1.0827725097748869E-004
   1.0663642925659319E-004
   8.6875742329511294E-005
   9.9365689621835123E-005
   7.4659025509054848E-005
   5.4636588424758243E-005
   8.9197987218598746E-005
   7.7084999830967052E-005
   8.3578450050598275E-005
   1.1359806545186227E-004
   7.7194880864001416E-005
   8.1592035750391960E-005
   1.5063869025820227E-004
   1.0158103519844293E-004
   7.3865609164819958E-005
   7.0198494857992848E-005
   8.1255511776839542E-005
   8.6808154267977624E-005
   1.0828413123063452E-004
   1.1440393262837403E-004
   1.4864212262949325E-004
   1.0526228641741078E-004
   1.1836383901762760E-004
   8.7158929863152915E-005
   8.0045401879822454E-005
   9.8771506736134966E-005
   9.4121280860701303E-005
   1.2979387061106293E-004
   9.5106489168202249E-005
   7.3736841148277794E-005
   6.9571903167621544E-005
   1.0213658230149191E-004
   8.1416674866544993E-005
   6.7455356294732999E-005
   1.8648052747221542E-004
   7.3695917387050282E-005
   1.0370043120541313E-004
   1.0531335260502440E-004
   6.0625922170515564E-005
   1.2946034278720232E-004
   6.9139425923850974E-005
   6.6822768375720748E-005
   8.6513166869197107E-005
   9.1641938330559613E-005
   1.4876682445941745E-004
   1.0906728458969593E-004
   1.1411283779866852E-004
   7.9552442655048941E-005
   1.5578188923059540E-004
   8.3841332010689638E-005
   1.1597996246452898E-004
   7.0299167969218313E-005
   1.6731375104890651E-004
   9.8126570316929820E-005
   8.0676662433800737E-005
   8.5566840434661020E-005
   5.7579363266737890E-005
   9.6206650861889497E-005
   1.0067255474379592E-004
   1.0866561668063508E-004
   7.6524208714019796E-005
   1.1697261065525629E-004
   7.7054704113743789E-005
   1.5499215782073211E-004
   7.4380094999135500E-005
   9.6990236976550272E-005
   6.7494202707194212E-005
   6.4861906802795465E-005
   1.0729888309542915E-004
   1.3556528074011318E-004
   8.3482520566083144E-005
   7.7031961294098117E-005
   7.6134896784810948E-005
   1.5269344009976761E-004
   1.2518804081760852E-004
   1.0429311325227782E-004
   7.6314699322751618E-005
   9.4173461769501103E-005
   9.0748543244487744E-005
   6.7716693243171622E-005
   8.5769373101537660E-005
   9.9012288783564898E-005
   5.1728325160377156E-005
   6.3211188746050665E-005
   1.0270988492926315E-004
   8.2157288970129786E-005
   7.2369327854309549E-005
   9.3537620431284482E-005
   8.8795429810545627E-005
   1.0686219656958004E-004
   8.9390651443084246E-005
   9.0153427686111680E-005
   1.0306893135316157E-004
   7.9695856067441288E-005
   7.9132973194374399E-005
   5.8906608644403128E-005
   1.2481117303158519E-004
   1.1758191222871333E-004
   8.6954728465650142E-005
   1.0950545851573801E-004
   6.3824474161067320E-005
   9.2862882444059861E-005
   1.1393088287650578E-004
   9.3104936591101545E-005
   7.7405780259669546E-005
   6.7369136947431800E-005
   7.2398979492150779E-005
   9.1655871518624902E-005
   8.1251331199881226E-005
   5.9255146255372181E-005
   6.7087646581874051E-005
   9.5983983749703218E-005
   1.2330840901865763E-004
   4.9632264432398940E-005
   5.9314601813400195E-005
   1.0720202992181360E-004
   1.2800342392483793E-004
   9.2502347910796719E-005
   8.7237713121395328E-005
   7.7747594054380367E-005
   9.3538836504163502E-005
   6.8524391401908222E-005
   8.6009960997526818E-005
   6.8762848225415040E-005
   9.8633355526005434E-005
   1.1272656708128013E-004
   7.7301965687824354E-005
   9.6157860923618048E-005
   9.2729476443392171E-005
   8.8243970117408255E-005
   6.6784894753079140E-005
   1.3063153017347693E-004
   1.1368769978562944E-004
   6.9975074880301809E-005
   9.0556023178262510E-005
   9.6402610936668486E-005
   8.8126357579039745E-005
   8.4263870175832232E-005
   1.0386644690494337E-004
   8.4098017445022959E-005
   8.2072377697035942E-005
   5.6018979522520845E-005
   5.5249887258712721E-005
   6.2111717877203119E-005
   7.6196826584919679E-005
   8.3031330809982555E-005
   6.9671577863449112E-005
   9.2259053149345668E-005
   9.1207637950341963E-005
   9.9419731375335204E-005
   7.1638344505870236E-005
   6.7915849484759611E-005
   6.7566961187612626E-005
   8.6761408480999722E-005
   7.4945901242482873E-005
   1.7092308567293906E-004
   1.0051250353528506E-004
   6.8263310262154788E-005
   1.1349287701895529E-004
   9.5403434564943920E-005
   1.2008331052881377E-004
   1.1917816132436157E-004
   9.3412786662742792E-005
   1.1438083309282640E-004
   8.2876608478247088E-005
   1.5658235185255843E-004
   8.1662613885084563E-005
   9.6969293652145080E-005
   1.4421337136814806E-004
   9.8530695193378619E-005
   7.1960928817407476E-005
   7.7422786858264477E-005
   7.6373199235600791E-005
   7.4029473271404155E-005
   8.2556307996928797E-005
   1.2985434351419693E-004
   6.0109404915195290E-005
   1.1441105954444807E-004
   7.7008924704243981E-005
   6.0367462084207418E-005
   1.2625542169359734E-004
   7.4901548679544649E-005
   9.7928321745951267E-005
   1.0310674752005802E-004
   8.2146157848805068E-005
   7.2194111620571585E-005
   6.6945655126181186E-005
   6.2681990370521722E-005
   6.3989591764885629E-005
   7.4688553100984027E-005
   8.7265598910007809E-005
   7.8671245505035822E-005
   8.8769700293379306E-005
   1.2433833135445810E-004
   6.5653435332157844E-005
   5.2454898710837686E-005
   7.6796774623562439E-005
   9.3085308377789647E-005
   1.0019483624969254E-004
   1.0202242655803014E-004
   8.2540703765960065E-005
   7.4640628386785210E-005
   7.5460422941014282E-005
   6.3597384684921607E-005
   1.0236748883136920E-004
   7.2269317251887882E-005
   1.1854999996813268E-004
   8.8253094286908546E-005
   1.3299351784196221E-004
   9.8346738740206916E-005
   9.5510688595344318E-005
   1.0786547000982354E-004
   5.9471231109438499E-005
   7.6960046210916138E-005
   1.1344035035801616E-004
   1.1263819819035725E-004
   1.1599313368479864E-004
   8.8972188634915144E-005
   1.8724338841655713E-004
   7.8531613983110024E-005
   1.0333558777599294E-004
   9.0514536913192326E-005
   7.2146323145050334E-005
   1.4319167810790591E-004
   7.0955015504272061E-005
   1.0766979802391767E-004
   7.5508825428041222E-005
   1.1461427111427629E-004
   6.4068395107544688E-005
   6.9723266906804461E-005
   6.3985833214010799E-005
   9.1643605203757135E-005
   7.4196227261209342E-005
   6.7100878422342547E-005
   8.0567098272875029E-005
   1.2229402341634740E-004
   7.6236484074103427E-005
   7.3433497276763373E-005
   9.5755390145350577E-005
   8.9876397560882914E-005
   1.0153442440609669E-004
   9.2185059069641335E-005
   9.4105556602999118E-005
   1.2012426750657892E-004
   7.1573102145458162E-005
   8.8374778048025033E-005
   8.8579373300403969E-005
   9.0542609297426777E-005
   8.7677311029684586E-005
   8.2523428841430122E-005
   7.7200859051668958E-005
   9.9507046135229474E-005
   7.4546063627085602E-005
   6.9210156179109030E-005
   5.2967261447431822E-005
   7.4580545100724223E-005
   8.8463929583722575E-005
   6.1581294693055974E-005
   6.7085195585416975E-005
   9.6904175492662251E-005
   9.6174920756888273E-005
   8.7034726115118344E-005
   7.9888303211125117E-005
   8.7652287772063225E-005
   7.8120702825769931E-005
   9.3963252316572781E-005
   8.9613542037775948E-005
   7.4783102315596417E-005
   7.1494859007422326E-005
   7.0964099285947282E-005
   7.5355400129017213E-005
   1.1812704760185061E-004
   7.9121370285555951E-005
   7.5699566751005347E-005
   8.3366322594528538E-005
   1.0540350975866343E-004
   9.3714727392761168E-005
   7.0849884523133488E-005
   8.6408854112691479E-005
   1.3793331463952420E-004
   5.8510055549891537E-005
   7.7815187580395308E-005
   9.0947199278938696E-005
   8.4147647160320036E-005
   7.1754266432741664E-005
   1.1345083430510125E-004
   8.5711310960436213E-005
   7.6782655376881221E-005
   1.0837635850598019E-004
   7.3718344838655177E-005
   1.1048263883698790E-004
   9.4606925173306057E-005
   8.7155113313638015E-005
   6.6674549990075136E-005
   7.8732215033310485E-005
   8.9123040123122036E-005
   7.5949746609411286E-005
   8.0601684993755060E-005
   7.9097065591562948E-005
   9.0012605265500295E-005
   7.6655360449241219E-005
   5.9005219658288427E-005
   1.2294313146763136E-004
   9.9468783524626707E-005
   1.0085448044223302E-004
   1.0427498361926213E-004
   6.4752847201664989E-005
   1.0857759944574726E-004
   1.0338774917082572E-004
   8.0157316663198659E-005
   8.3675206619852508E-005
   9.2838679166865618E-005
   4.9942430523869929E-005
   9.5622852231837482E-005
   1.1190234852198444E-004
   1.0534281626909453E-004
   7.5562083023072337E-005
   1.1738441529029506E-004
   6.7487962468586586E-005
   9.0592489235673460E-005
   6.3012201634819504E-005
   9.5277845237443326E-005
   1.0348592851252662E-004
   1.0057602806231940E-004
   1.1910246596216691E-004
   1.0171213475189368E-004
   1.2908489448375336E-004
   1.5156357942878226E-004
   8.7636208233645021E-005
   9.1072255034335865E-005
   9.6564712615594279E-005
   6.7780461755767322E-005
   1.2766884558944826E-004
   1.4586180315344098E-004
   7.8853052085305021E-005
   5.2582041133734730E-005
   7.1155671432450646E-005
   7.8268308563660059E-005
   1.1118622392127253E-004
   1.0298488499024094E-004
   1.7912997773386638E-004
   8.0866030856472984E-005
   6.7764967558709677E-005
   9.4982856142452173E-005
   9.8884025014832705E-005
   1.3385736654762234E-004
   1.3705010655813419E-004
   7.1707028408724466E-005
   6.9302528549560722E-005
   6.0062186720717964E-005
   1.2564798910296709E-004
   7.7157347269817361E-005
   7.6496719463149126E-005
   6.8311163411679618E-005
   8.5780629422193546E-005
   7.6472073880755621E-005
   6.3893438185316678E-005
   9.9757999940511510E-005
   1.0692759181289273E-004
   8.8411605518504767E-005
   8.2218186398255573E-005
   1.2400569128606117E-004
   1.2644474504239751E-004
   1.7670897901100402E-004
   1.3661265759842356E-004
   8.1372383799871841E-005
   6.3921430876504655E-005
   1.0168702929105502E-004
   5.9701362069467279E-005
   8.1492956387696657E-005
   7.0606179687962488E-005
   1.1847189972455596E-004
   1.1831277845382080E-004
   6.0075558251101721E-005
   7.7254860238123657E-005
   9.4648158039664965E-005
   7.1360051730637672E-005
   9.5194801294877453E-005
   6.3516792729645144E-005
   7.2218904523334629E-005
   5.0669691442908509E-005
   1.1675990970046178E-004
   1.4337379141597716E-004
   6.6195331329409613E-005
   8.8549696663967287E-005
   9.0660951077167301E-005
   1.3067453016200030E-004
   7.6261867821413899E-005
   7.0794564597941492E-005
   1.2476424081066950E-004
   5.8887078118471382E-005
   6.0776376923774861E-005
   7.2840703418425450E-005
   6.5093930251886164E-005
   1.0696902484684049E-004
   7.5488813244378055E-005
   1.3671699144288747E-004
   7.3712050378634981E-005
   6.9595117269712889E-005
   7.5285452314780718E-005
   6.5967795660643505E-005
   6.0153325981823991E-005
   8.8890578820012371E-005
   7.3290408847025596E-005
   8.7922253072961827E-005
   6.5392927257950287E-005
   6.1116566386275326E-005
   1.0434001776899958E-004
   1.0170539886674184E-004
   8.6762878751605642E-005
   1.1805324220786415E-004
   1.0352479783154788E-004
   1.2804198909160215E-004
   1.0517644849420900E-004
   1.1100092588910264E-004
   1.5082885490920117E-004
   1.0034354776497853E-004
   8.4750714604437852E-005
   7.2220311010785779E-005
   5.4654512252030441E-005
   1.0489794844187020E-004
   9.5113915545263770E-005
   1.2027817763537684E-004
   5.9903726411988780E-005
   1.5094304196803003E-004
   1.0521677134345678E-004
   8.9944520416275183E-005
   7.7082095271069250E-005
   1.0913506644183151E-004
   9.1023837937670503E-005
   8.5480555007960720E-005
   8.8299201799122229E-005
   9.8995836511693691E-005
   8.9072852167266836E-005
   8.6994915059515954E-005
   6.8232243702351356E-005
   6.3244905261414190E-005
   6.8173472145779314E-005
   8.3421642413294855E-005
   8.1507241487483850E-005
   8.7498182174457412E-005
   1.6971514085461952E-004
   7.6410667226426882E-005
   1.2569718758039910E-004
   8.8234950012505941E-005
   8.7602075318220755E-005
   7.8925223372403210E-005
   9.8749564846472112E-005
   9.4698312035436518E-005
   7.6325771426484363E-005
   1.0099612890150695E-004
   1.0533392399747248E-004
   1.1061423119403182E-004
   9.2023845946803055E-005
   4.8707454086736013E-005
   8.4326031459123005E-005
   6.2689587789371181E-005
   8.9350392831367387E-005
   1.0138312358751098E-004
   6.7530494239327537E-005
   5.7951561867693622E-005
   7.7459164075294887E-005
   7.9006090892494698E-005
   1.6221275531690666E-004
   6.1959900338039156E-005
   1.1256772431849113E-004
   1.5781058481550178E-004
   9.2731435384168961E-005
   8.7286554689948803E-005
   1.0130905114545593E-004
   1.2572514577024826E-004
   6.9508102456601254E-005
   7.4978609348377433E-005
   1.0331613274840953E-004
   5.7623896360599793E-005
   1.1668343545886114E-004
   6.7615119057676717E-005
   8.5899713915727003E-005
   7.3562746548000663E-005
   1.1746699465566156E-004
   1.4688762690813251E-004
