   1.0831601106878178E-004
   8.6199749463751089E-005
   8.8267868147042197E-005
   1.3198742858741680E-004
   9.5675664833834911E-005
   9.6461223011607753E-005
   1.2499309252323623E-004
   7.0334346226890603E-005
   6.6134320032426843E-005
   5.9562147971104496E-005
   2.1509584428024852E-004
   6.7090003010483203E-005
   8.7492071226395951E-005
   1.1243231933079924E-004
   8.1391638024834646E-005
   8.6970180268687404E-005
   7.0322066561223339E-005
   6.2746642694447776E-005
   1.0653223969940686E-004
   1.2788751740998609E-004
   1.0316636778910857E-004
   9.6993776580680592E-005
   1.1153195226587722E-004
   1.0216856714169784E-004
   8.8326460286092804E-005
   9.2701208873395040E-005
   7.3670425681881689E-005
   6.8339928044132018E-005
   5.6383736147702785E-005
   1.1957275699906859E-004
   1.2904407781045917E-004
   1.0699773794641768E-004
   7.2296025226799667E-005
   1.4178322386531179E-004
   6.9237474543948653E-005
   9.7091589820521386E-005
   9.4915519060796401E-005
   1.4618201706618087E-004
   1.2187043854892170E-004
   7.0737989736687677E-005
   7.8069223776128894E-005
   7.3327618274883003E-005
   6.8093395580603728E-005
   7.1866931360312420E-005
   8.4716761489969178E-005
   6.2431848237068746E-005
   1.4775562652287913E-004
   1.2101727801091847E-004
   1.6768350992033533E-004
   8.1112392502138883E-005
   7.7919100133476893E-005
   9.7584790078201802E-005
   8.7343745798297922E-005
   1.0136091660918518E-004
   6.2708555549980676E-005
   1.0450834451055925E-004
   1.1675696402942366E-004
   1.1339060158471538E-004
   6.3858810193222716E-005
   1.4024535642760284E-004
   7.1806208587489630E-005
   1.4206818825917265E-004
   8.2280748584872548E-005
   1.1347543568903993E-004
   8.6243339499433700E-005
   6.2782113191926423E-005
   1.7108802118109107E-004
   9.3942990455336728E-005
   7.1152991460819706E-005
   1.4917706935055583E-004
   1.3869065888674181E-004
   5.9143602362423666E-005
   8.1565913776177455E-005
   1.1803172604612597E-004
   1.0991312275715054E-004
   1.5763122185147763E-004
   7.6268401787545355E-005
   2.7522208980488650E-004
   7.1005798749125749E-005
   7.9956968539008873E-005
   9.2134240683438263E-005
   8.3678848128026584E-005
   4.0838136587103740E-005
   6.3122515427510930E-005
   9.5985319060256930E-005
   1.0601428850010592E-004
   8.2457326176487255E-005
   1.1472497301288456E-004
   1.4189455518412623E-004
   1.0890704270702092E-004
   7.6301950886068114E-005
   5.7807321746648933E-005
   5.3023194349314647E-005
   1.1866537143313038E-004
   1.0326234026218662E-004
   7.0930194711078099E-005
   1.8179218738846882E-004
   6.8333060285054561E-005
   8.8603659050597548E-005
   6.2651907285430128E-005
   6.0827623446537226E-005
   7.8949560111468470E-005
   8.9531907191188145E-005
   7.3831005279636705E-005
   6.6431028635430779E-005
   5.9642878768334639E-005
   9.7517634999781335E-005
   1.0513787062516057E-004
   9.6525972504773246E-005
   1.2216352357438540E-004
   7.2979009646068348E-005
   1.0769709756086962E-004
   6.6750701750936247E-005
   1.0222297990064982E-004
   7.7941547600598890E-005
   8.8952607664160538E-005
   1.0076839390134562E-004
   8.8923490568709531E-005
   6.6196682844062952E-005
   6.9893288503922307E-005
   9.4644055443334654E-005
   1.1308660838691614E-004
   4.1131075860905302E-005
   7.8268935960038304E-005
   7.8020046050993817E-005
   1.7307117623605273E-004
   7.8491628748482889E-005
   7.1317734442195044E-005
   6.7525824639877178E-005
   5.1683753295560376E-005
   6.3117018328715741E-005
   1.1493575515425114E-004
   8.5279090796185086E-005
   6.9591925299723322E-005
   9.3405020909284183E-005
   1.8185537689030699E-004
   4.6495412168765292E-005
   4.7080644875180894E-005
   7.9544725232749081E-005
   9.6720878607582951E-005
   9.3175120242765846E-005
   6.2487800542328486E-005
   6.4224177810510063E-005
   1.1218417872192616E-004
   9.0174054257098876E-005
   9.1247227548119699E-005
   9.9548380681530694E-005
   5.6148216073412199E-005
   8.7383665862576990E-005
   9.9191966788294514E-005
   4.7011044710001774E-005
   1.1865158734397052E-004
   7.7990368377024011E-005
   7.6174125636376675E-005
   9.4866185124337879E-005
   1.0268275995296501E-004
   5.5662287721314821E-005
   7.6846906036148142E-005
   1.4608146324260874E-004
   6.5499643889143559E-005
   9.6549318685274527E-005
   1.0740198387454375E-004
   9.8788722259821914E-005
   9.5359963738085137E-005
   5.1497638736320039E-005
   1.8340157474690716E-004
   1.4604747158521649E-004
   1.5210807375958793E-004
   7.6566926985490306E-005
   1.3537190868769417E-004
   8.4842700326088786E-005
   6.8502644700598112E-005
   9.1802306164888878E-005
   6.4246278404298118E-005
   7.8178442083915098E-005
   5.9714521791871712E-005
   8.6467736779442263E-005
   1.1905019561839279E-004
   7.7019470056972556E-005
   1.1929271647000703E-004
   5.3105327122300304E-005
   9.4548573616097902E-005
   2.0897927295012513E-004
   9.6905068869206909E-005
   8.5213675387549109E-005
   8.9188579109272838E-005
   1.0013822227612277E-004
   6.4924021967689621E-005
   9.8291820785909248E-005
   1.3695498574338018E-004
   7.6864805874311240E-005
   1.2850858179827134E-004
   1.2220852974744898E-004
   4.7930790100566316E-005
   1.1243155177677695E-004
   1.7239345675121651E-004
   1.0955151496629694E-004
   1.1516130641795025E-004
   8.1307899557155611E-005
   1.0172861578317780E-004
   6.1545050027600153E-005
   7.1445138629204271E-005
   6.0375396157982717E-005
   6.7908385258034500E-005
   8.3177542824261933E-005
   2.2778976976844695E-004
   1.1534021256230033E-004
   7.6514087595705977E-005
   7.3465224090128929E-005
   9.6856560558849388E-005
   1.6241092211116500E-004
   7.4422304678977197E-005
   7.5806611417232679E-005
   8.0735425445280736E-005
   7.4865301874013141E-005
   1.4990628328507503E-004
   8.2162455046796566E-005
   9.2300725451245904E-005
   5.7303792976179102E-005
   9.2333863752791620E-005
   2.9106815917812246E-004
   1.3624762893417488E-004
   7.2323608160443776E-005
   1.0185933094190339E-004
   1.0806933081404427E-004
   9.6073243708888695E-005
   4.7123970976713023E-005
   1.5691180229243529E-004
   1.2986510933970946E-004
   6.3263297045878652E-005
   6.4315788462677523E-005
   1.0730406499612384E-004
   1.1065606918363117E-004
   1.1101604569762991E-004
   7.8030993334547534E-005
   1.2135989534181119E-004
   4.9684100089502801E-005
   6.9020814402310983E-005
   9.6565215689169156E-005
   1.2974810235813895E-004
   7.1482874301883473E-005
   6.6701661968168253E-005
   6.7630600684418413E-005
   8.8671819143986588E-005
   1.2349313586941638E-004
   8.9173036019374544E-005
   6.7102032531509383E-005
   1.8854589994372748E-004
   8.1061092482557123E-005
   8.4470464433063699E-005
   5.3343311509729599E-005
   1.6203981195754368E-004
   5.9540028063221027E-005
   8.3095132732737158E-005
   1.2715344130665736E-004
   9.0959037343329825E-005
   9.4574885176884203E-005
   1.2032808809066619E-004
   5.4433412537469943E-005
   6.0346451767825055E-005
   6.9549755906706486E-005
   7.8536623063688217E-005
   9.0932339747123341E-005
   7.1771795752782543E-005
   8.3186427274423782E-005
   8.1923117893132385E-005
   1.3297697551073348E-004
   1.0816897100182305E-004
   1.2820299862104250E-004
   9.5620334287988522E-005
   1.0771152602415285E-004
   6.1648038935476984E-005
   1.0316718267527844E-004
   1.7496665408504254E-004
   1.0856539529611644E-004
   6.6192013825254139E-005
   9.1824987181390595E-005
   1.1861567182790060E-004
   2.0054750336714395E-004
   1.3404917911873749E-004
   1.6987495945924592E-004
   8.5794512641421228E-005
   7.2775003763895751E-005
   5.7520002728302832E-005
   1.3993474781478479E-004
   8.3809808013628740E-005
   1.1621617553977636E-004
   5.9584698823467427E-005
   7.1081289563089780E-005
   5.9377381784336415E-005
   1.1378824736983139E-004
   8.4614120224713716E-005
   9.1329119733394944E-005
   8.7485830048819480E-005
   8.4983189072149900E-005
   2.4538083121745284E-004
   8.6517885726331375E-005
   1.5523520687028621E-004
   7.3285515088061302E-005
   4.4979283629419875E-005
   5.5395531658506574E-005
   7.0066357066834897E-005
   9.2188586070697959E-005
   1.4710652788751743E-004
   7.7165114005766915E-005
   9.9540158086013802E-005
   1.4295644440890867E-004
   1.1047064297947873E-004
   5.9776707078057412E-005
   1.5697485219429353E-004
   6.3409721024257554E-005
   6.7024113033384086E-005
   1.1620322363975607E-004
   6.4500375108804718E-005
   8.1746882436601451E-005
   9.6188234650248093E-005
   6.4301517832323686E-005
   8.8132974143713343E-005
   8.9938387782564867E-005
   1.1879106940590712E-004
   5.9805196420253808E-005
   5.7958955700104636E-005
   7.9521433784043136E-005
   1.1607946996810832E-004
   6.1693462355771975E-005
   1.0952297579275302E-004
   7.5267575035786291E-005
   1.0475351298583638E-004
   1.0511142009669531E-004
   6.2490671791234871E-005
   6.0261580947027536E-005
   8.1816881717384615E-005
   8.2860355573297575E-005
   9.9561471782160530E-005
   1.0165629568879984E-004
   9.1458180536898857E-005
   1.3684180290689233E-004
   1.3503037598767132E-004
   1.1316943327963556E-004
   7.8804844847437777E-005
   1.7415742498599933E-004
   6.1445087420565719E-005
   7.4288226451657682E-005
   1.2203694404156719E-004
   8.1875559264113845E-005
   9.6130817305681740E-005
   1.6088630682012514E-004
   6.2371454446388862E-005
   1.3120364269360722E-004
   6.7602620796125437E-005
   6.9219005653377468E-005
   1.0578080837425692E-004
   7.9124159782195311E-005
   1.0371699001149254E-004
   1.4430782555047936E-004
   6.7702622745058425E-005
   6.2617739623868662E-005
   1.3686482356114235E-004
   6.7958041346642461E-005
   7.0691728626093588E-005
   7.0544745696867286E-005
   1.0448328043250050E-004
   7.2587107539432994E-005
   1.4083276694446851E-004
   6.0784450470364955E-005
   5.4064481209828904E-005
   1.1746920284675813E-004
   1.3517703384510339E-004
   9.9526495785697770E-005
   1.2670714176991340E-004
   5.2112880337348956E-005
   1.0880558079970039E-004
   6.0624900419920591E-005
   1.9606634285859311E-004
   1.1042347151820267E-004
   4.3654026059775180E-005
   7.7295402048284257E-005
   7.2238700052546350E-005
   8.3279897998364471E-005
   9.6705907053846953E-005
   8.3727027382311337E-005
   6.2646293643693030E-005
   6.2235620819505100E-005
   1.2218351685563933E-004
   5.4062315953147588E-005
   8.8190723215913149E-005
   9.7212478920076059E-005
   6.3786920182630345E-005
   7.8967514316741815E-005
   8.2937669854076987E-005
   9.5192269817016324E-005
   1.5637102623869043E-004
   1.4837087697530733E-004
   6.5297867181868382E-005
   8.7270971133087408E-005
   5.4724888136313001E-005
   5.4660891451660315E-005
   1.3523457570127872E-004
   1.5673353797279719E-004
   1.7231303428351063E-004
   5.2501389257330373E-005
   8.3765139717669693E-005
   6.2140467114611000E-005
   1.4586390573421043E-004
   7.3763645292361190E-005
   6.0765605813737864E-005
   6.6845997566359190E-005
   1.2790488837415118E-004
   7.9997754400011210E-005
   5.2285576208135918E-005
   1.0221333130032457E-004
   7.9513405277997667E-005
   4.3536513384251449E-005
   6.8386117597220582E-005
   5.9358895524928941E-005
   1.2084747086430175E-004
   8.7908590208813950E-005
   4.2849135483513239E-005
   1.0867890227595778E-004
   1.0724149134109212E-004
   5.4261561081597878E-005
   7.0484345052629750E-005
   1.4300996625371727E-004
   6.0207805883899159E-005
   7.6313747961387121E-005
   9.1324800334487846E-005
   8.4800483171637955E-005
   9.2603712615082660E-005
   9.5653011146752128E-005
   1.1006539429072616E-004
   1.0253702634607557E-004
   8.1853780987536364E-005
   7.9014511477671522E-005
   9.8061189688207750E-005
   5.3020357758144368E-005
   9.9163713291672539E-005
   6.5210563988881483E-005
   5.2055592039235862E-005
   7.7669547459190968E-005
   9.2555011008443882E-005
   8.8779850724356288E-005
   9.3094166604218445E-005
   6.6367653496803909E-005
   6.6982582651628052E-005
   1.6166057642708499E-004
   1.6666159453149733E-004
   1.1043020155421470E-004
   6.7416311188701224E-005
   5.5314620086080586E-005
   1.0298073734387637E-004
   1.0957016563383696E-004
   6.4193569385523824E-005
   7.5412956015089916E-005
   1.8771150858201425E-004
   6.6106076833784351E-005
   1.1095211042485228E-004
   1.3489696168533384E-004
   6.2789083709649020E-005
   9.9449037958212517E-005
   6.7277455254727484E-005
   8.0136095095930825E-005
   1.1044998931639421E-004
   5.2472222195983321E-005
   1.0044411019232276E-004
   1.0292503434267036E-004
   1.0311945668560898E-004
   1.0983390829153589E-004
   1.4597275119832511E-004
   5.7697249813375390E-005
   1.3599990877881412E-004
   1.0447659195789319E-004
   1.6661689061089321E-004
   9.7110795791312049E-005
   6.1506058192130006E-005
   5.8378641081659312E-005
   8.8898747775032245E-005
   1.0130313828989894E-004
   9.6633487663938509E-005
   9.5470916594811653E-005
   6.3777268731692914E-005
   8.0268938809565635E-005
   8.2676851861230270E-005
   1.3997275016151405E-004
   4.8242365099315082E-005
   6.9718494756907697E-005
   5.3767787014842933E-005
   1.0729690233975763E-004
   1.1878818474067044E-004
   8.4155879156346935E-005
   1.0164397513379094E-004
   6.2491814872107638E-005
   6.8548001260744745E-005
   5.4014594422837017E-005
   4.3777309991944702E-005
   1.2658557940274632E-004
   4.9579268295931662E-005
   1.1698004330900816E-004
   8.5202667261837420E-005
   9.4791158247624864E-005
   7.1163353536805757E-005
   5.9210674829012925E-005
   6.6996819833965547E-005
   8.8768412084089116E-005
   7.0748104835635948E-005
   7.0783127069330525E-005
   7.9581005080073416E-005
   1.5845660442638651E-004
   6.1734607985188428E-005
   1.2815218511127099E-004
   1.1334744776099859E-004
   6.2391424739233117E-005
   9.9817241685955777E-005
   4.5276255530358210E-005
   7.7971535235041363E-005
   5.5687539864215294E-005
   1.0145710093431252E-004
   7.1597677505942447E-005
   9.9695828929570655E-005
   1.5050690506373914E-004
   6.8029839978410987E-005
   8.7105603285933078E-005
   9.7259727658128073E-005
   1.1907461745645498E-004
   9.5785525655642907E-005
   6.9571204167083591E-005
   9.4845334913319887E-005
   5.3603092204097108E-005
   7.0163110722228463E-005
   8.9550311576922975E-005
   8.9689556288890130E-005
   1.0700163964015231E-004
   1.4306772083045823E-004
   1.2123146292943988E-004
   8.0137891944591694E-005
   4.3672567301810228E-005
   5.3873792926183505E-005
   1.1718534569055219E-004
   1.3637029918441582E-004
   6.9826542456995710E-005
   8.9797453034903572E-005
   6.5847080629631506E-005
   9.4039000046317780E-005
   6.1990057296040330E-005
   7.9723073386696888E-005
   6.1116352868074701E-005
   6.7258067983506830E-005
   5.2628861725013779E-005
   7.7645440124969652E-005
   9.5618172684533128E-005
   9.0917134653039950E-005
   1.3647637642706813E-004
   1.5790059610942472E-004
   5.6212608382013675E-005
   7.2663358951239479E-005
   6.5360363785554060E-005
   8.5820228252696761E-005
   4.4965666165212640E-005
   5.9511813244644803E-005
   1.2920801301828511E-004
   1.7221088262861942E-004
   6.6300385468958821E-005
   6.9808468468548370E-005
   6.7655978016773892E-005
   6.6602210836336424E-005
   7.5018104212461664E-005
   9.4836948939238113E-005
   5.8344764753629891E-005
   2.8091028510344182E-004
   1.1475550271053183E-004
   6.4869198702478874E-005
   1.6049295526820122E-004
   1.2740067117176311E-004
   9.9257862310116461E-005
   8.4312778699944710E-005
   6.1940679146004117E-005
   5.8138492975641209E-005
   1.1713798447860264E-004
   1.0722502316114579E-004
   9.4308374528574108E-005
   1.1748425406337127E-004
   7.3446716213251834E-005
   1.9076520310612043E-004
   4.9220820888773243E-005
   6.2496881696803600E-005
   9.4101931402716251E-005
   5.9888406171731394E-005
   1.0837002072454499E-004
   9.0495870968976445E-005
   8.5152005729908586E-005
   7.1120612127639711E-005
   9.8238091766167301E-005
   9.3652491352655032E-005
   1.1053967248257648E-004
   7.3173220320049137E-005
   7.8057042659462607E-005
   8.9899354739361368E-005
   1.0169513214151509E-004
   5.8007380725983362E-005
   1.2842189037356587E-004
   9.5247111772244771E-005
   4.5606399937089980E-005
   5.0761688355042736E-005
   8.8304587289926462E-005
   7.4010531508454793E-005
   1.0440764792002805E-004
   1.6274610661417196E-004
   7.6492632445630208E-005
   6.0338205550687356E-005
   9.5902384696675954E-005
   1.0289460944449026E-004
   1.1904615024505827E-004
   9.7906012628848007E-005
   8.2619948156330701E-005
   9.2344144529357051E-005
   9.4411945854336112E-005
   8.8405856166950573E-005
   7.0124745601956594E-005
   1.3005008337740062E-004
   1.2291679813768256E-004
   9.7653018958355944E-005
   9.9301756310561071E-005
   1.2009028990467361E-004
   9.9793658300317535E-005
   6.5874793238206836E-005
   8.1124967514263318E-005
   2.3686245498612536E-004
   1.1209046951302434E-004
   1.1840424260470465E-004
   8.6185088293573722E-005
   7.7059751822783806E-005
   6.4437357307916754E-005
   1.1025643466706726E-004
   1.1420159758040337E-004
   1.6480400503731944E-004
   7.4017720779950109E-005
   1.1408582673600206E-004
   1.0246211700072924E-004
   5.2684268901085961E-005
   1.8790959374472447E-004
   1.1848283948348195E-004
   7.0870837698899428E-005
   6.3720856452753870E-005
   7.4923778307180655E-005
   6.9649199342989527E-005
   6.7744824707425595E-005
   9.4010181041737689E-005
   1.0143534400380455E-004
   1.1159890433553647E-004
   1.3096704877574200E-004
   8.2207159379788603E-005
   1.1080818255658563E-004
   1.0986830923131381E-004
   9.8748840894512005E-005
   8.1701029723597833E-005
   6.0377464350843104E-005
   1.0619317037540093E-004
   6.4639453479331887E-005
   1.2888799520094048E-004
   9.3096466937819334E-005
   1.1696834287975201E-004
   1.1670954033173264E-004
   1.0058874646092216E-004
   8.1557117615766836E-005
   5.6639384804678347E-005
   5.7123629495228847E-005
   6.3219997659523617E-005
   4.0960989041436878E-005
   8.9440286540036352E-005
   6.7585605603365779E-005
   7.4041709956963869E-005
   6.9686076133398248E-005
   1.1370381279662768E-004
   7.9966324455351935E-005
   1.0977294878151001E-004
   5.1102867722082487E-005
   5.0193167538787279E-005
   2.2824073970343316E-004
   9.5480544793659269E-005
   6.6216487607760637E-005
   6.9755346687789098E-005
   6.6206535962881331E-005
   8.6336230077045043E-005
   9.9275018742525585E-005
   6.9225135358032348E-005
   1.1202348513262194E-004
   1.1639532103126837E-004
   1.4516720047967532E-004
   7.0077701273889490E-005
   1.2518619836555714E-004
   1.8065206072846184E-004
   1.1749059447960227E-004
   1.0150843185057440E-004
   6.4109142140520835E-005
   5.2376897971403996E-005
   1.2747579639176920E-004
   8.3857722564704867E-005
   1.4588849178087207E-004
   8.6951701517910319E-005
   9.2457344731519249E-005
   3.0548270338583540E-004
   1.2038448267632788E-004
   6.6100542655746504E-005
   7.0102895090372468E-005
   7.8757755672604005E-005
   1.2247537911385463E-004
   7.8654349526359552E-005
   1.2886415947223313E-004
   6.3084451722083792E-005
   1.5563710321033205E-004
   1.2065645738751094E-004
   3.2249341717708224E-004
   9.8116863729616211E-005
   2.1184026620372118E-004
   8.6719378964395164E-005
   8.5671662277307322E-005
   4.6439608185664679E-005
   7.9978294939030893E-005
   6.5319156278779593E-005
   7.1948680977339605E-005
   1.1562695871920353E-004
   3.9447233915097643E-005
   1.2819979573104872E-004
   9.4646574202246990E-005
   1.6484629048030576E-004
   4.6387543574179241E-005
   5.0608565496866016E-005
   8.0213663857722482E-005
   9.0761532643202623E-005
   6.5953838215608072E-005
   9.4166397188400082E-005
   1.2042668656420793E-004
   1.1241096203949761E-004
   8.6133557329016769E-005
   1.5807183854596408E-004
   9.5776462749755668E-005
   8.5438022825821207E-005
   5.1549621658952306E-005
   1.0867311245741231E-004
   8.7298432029842636E-005
   6.7688171893912793E-005
   1.5317968035675827E-004
   4.9877781693427981E-005
   1.0395872965158971E-004
   1.2566877065082490E-004
   5.4524357293929477E-005
   7.8408387845826878E-005
   7.3735236588731311E-005
   9.6449983916510750E-005
   6.7107552378855729E-005
   9.3085812056800012E-005
   1.5830100902057393E-004
   7.4743029815233953E-005
   1.1811943793720782E-004
   1.1427935093742121E-004
   9.5144684609455967E-005
   8.5915842718176105E-005
   5.2177125822485012E-005
   5.3637194586008210E-005
   1.4209979259058536E-004
   1.0820519935134709E-004
   5.5671011919849855E-005
   1.8034260043943177E-004
   7.3025971048028986E-005
   1.0568344140587416E-004
   6.3750407901497740E-005
   9.1548397499249470E-005
   9.3897230554906220E-005
   6.0574274448220870E-005
   6.7849018004460248E-005
   6.4238356313376716E-005
   9.1348688884657740E-005
   1.1155546703176901E-004
   8.1864148415578412E-005
   6.3290801948293090E-005
   5.8540135018936737E-005
   1.2491320956523370E-004
   8.1776073608389509E-005
   8.1159406316015908E-005
   1.5196307596966905E-004
   1.4239363378274180E-004
   1.1307381938236966E-004
   6.8992597476458925E-005
   1.6887645800192267E-004
   5.1687013260279845E-005
   8.4023700489874349E-005
   1.2852636394851006E-004
   9.5808233838124524E-005
   1.3325642948229294E-004
   7.6982340382853999E-005
   9.5752735772011488E-005
   1.1419361573110472E-004
   7.8586908050100589E-005
   7.0926711697439268E-005
   9.0082100286612289E-005
   6.2044334207122132E-005
   7.4459492989692011E-005
   6.9568964817792007E-005
   1.2791024420534051E-004
   7.4323448825573278E-005
   4.6651658366473410E-005
   5.9129349886594696E-005
   8.3417959764631774E-005
   4.1224348023672256E-005
   5.0475713372268389E-005
   7.6510716213154143E-005
   1.0778404436407804E-004
   7.1654977807673415E-005
   5.2649619557820334E-005
   1.0016561567810128E-004
   1.0796415925725788E-004
   6.7798588898443943E-005
   5.0844985955601149E-005
   9.7208793077489390E-005
   6.7974752844568529E-005
   1.3889090589703216E-004
   9.6416811949406696E-005
   1.1718903664376054E-004
   1.2243656852719347E-004
   5.6629851383037051E-005
   2.0345496587556713E-004
   1.6285123283503699E-004
   1.7292952795528707E-004
   5.5080311446324901E-005
   6.6134461486019091E-005
   8.4369349432859619E-005
   7.1440502056605213E-005
   8.1677288834455916E-005
   9.2290324268592662E-005
   8.2149893790386513E-005
   7.9544929578184538E-005
   1.5658776825448921E-004
   6.6302788892984578E-005
   5.9419427407343175E-005
   1.0657535191757759E-004
   8.9470343736364021E-005
   1.0178845213003817E-004
   7.0944716580363464E-005
   1.0107074189286193E-004
   1.5347741695995024E-004
   1.1635844020003326E-004
   1.2333991458746726E-004
   6.2075023496387322E-005
   6.8843810423365343E-005
   4.8211531782059329E-005
   5.8360494289227757E-005
   8.0203917961082491E-005
   9.5924786363379128E-005
   8.1345782344508798E-005
   7.9578614498422554E-005
   1.3872478403154334E-004
   1.4430710595951036E-004
   5.7465867899330379E-005
   1.1679028577076896E-004
   1.0979149381772604E-004
   6.2300286797531507E-005
   7.4960119928342580E-005
   6.5046010465239231E-005
   7.5629101799043794E-005
   2.0492461137813629E-004
   9.9533443076813151E-005
   1.5729144283225047E-004
   1.1719938410384490E-004
   9.0624082641744215E-005
   1.0540592215299796E-004
   5.8079913365879129E-005
   5.9619798312061001E-005
   4.9203517332975872E-005
   1.1453635471436257E-004
   6.9595655063969933E-005
   9.5184883758873986E-005
   1.4266520775329248E-004
   4.6354164232944861E-005
   6.6167192467362867E-005
   8.4666327145687309E-005
   6.7536425655414018E-005
   8.9113004720267646E-005
   1.3376893073251665E-004
   8.2804787837024529E-005
   6.5800580501769403E-005
   1.0688154673483138E-004
   1.8443174778668561E-004
   9.9378743223351619E-005
   7.0946773004399309E-005
   9.9005913588965511E-005
   8.3637782092405214E-005
   8.8874861051030840E-005
   7.5434116977535321E-005
   8.5200664071615525E-005
   8.1687467407333818E-005
   2.9743872007851626E-004
   9.7527222665826020E-005
   1.1650402154603769E-004
   6.1791125469164333E-005
   9.8548926270699037E-005
   1.0311048987942684E-004
   1.1596969226347319E-004
   8.7620671104738843E-005
   1.4124166295493754E-004
   1.1341611973296359E-004
   1.1061688766472570E-004
   5.6510126573278842E-005
   1.4689427314072969E-004
   1.8644544128856429E-004
   6.1450121601848304E-005
   5.3268439764353837E-005
   1.1591176083004933E-004
   6.2159526627752107E-005
   8.7376807376847952E-005
   6.6806415215751955E-005
   6.7761347806192122E-005
   1.4343864132601708E-004
   6.8980247008900537E-005
   1.8931208034130045E-004
   6.9838397037687142E-005
   9.5973647723055839E-005
   1.1159689610819266E-004
   7.2745892095555897E-005
   8.3454554215397808E-005
   1.8188654253624813E-004
   7.6965848352423825E-005
   9.2467030635179947E-005
   9.2042442315061894E-005
   1.2047212243000993E-004
   1.0582746800431973E-004
   8.1963514932103184E-005
   6.3262368128217165E-005
   1.0341826971945905E-004
   7.2334678528485245E-005
   7.6938106772930694E-005
   9.6911110431594581E-005
   1.2576875520016630E-004
   6.6520736045748934E-005
   7.8913668353871658E-005
   8.7989893790725338E-005
   4.7963885625148441E-005
   5.7253910586355479E-005
   1.2687848019011543E-004
   1.1940075972693567E-004
   9.8248255112215693E-005
   1.1078892153087971E-004
   5.0488895066117742E-005
   7.4901346576863759E-005
   9.5964981762866470E-005
   1.4161578572755219E-004
   6.3363091263033788E-005
   1.3370874194207276E-004
   6.2301423440980181E-005
   9.2938528419024002E-005
   5.8697929151769986E-005
   6.6579175085908432E-005
   8.5810812261753402E-005
   5.0611221700439799E-005
   7.4571729188270327E-005
   1.2228908436048448E-004
   9.8484107794143946E-005
   7.2550097198810973E-005
   1.0985579768201892E-004
   6.8975908538988952E-005
   1.2651059678558653E-004
   6.3912811144689713E-005
   1.0270933184265036E-004
   7.6968260680960364E-005
   8.5501030807325217E-005
   8.2258082624059596E-005
   1.1544941238361581E-004
   1.2027782949563062E-004
   9.8694036689867020E-005
   9.7598136660199578E-005
   1.1283120780867027E-004
   6.1265663935825281E-005
   8.6409042718813545E-005
   1.1731981818918641E-004
   6.0501579072549564E-005
   4.4286620243496614E-005
   9.8828435167103805E-005
   5.8979461356514697E-005
   7.6443800782504637E-005
   7.3572467801836432E-005
   4.7992003585856307E-005
   5.0936367651014621E-005
   8.6452329214226211E-005
   2.2256206576750964E-004
   9.1374441871068011E-005
   8.3143579818906294E-005
   1.3080861111497400E-004
   8.0146917699262652E-005
   1.0285024502227591E-004
   6.5659466639878447E-005
   8.0157321732961343E-005
   1.1576859970516676E-004
   6.3310108707564044E-005
   9.1644715301346833E-005
   7.4165370414146369E-005
   6.6247465407686190E-005
   8.9717105620828376E-005
   9.5347054449040702E-005
   6.9365998311832314E-005
   8.3099399169606276E-005
   8.3301373245298188E-005
   7.2830761177352938E-005
   6.4255987219005736E-005
   8.6740062101567256E-005
   7.8063548342539833E-005
   2.0072760812681235E-004
   8.2493483222474890E-005
   7.3721517068510155E-005
   6.9118036559823851E-005
   8.5783214559250414E-005
   1.2100500991741057E-004
   9.4550413496545754E-005
   1.2493566223184904E-004
   2.0152299102397972E-004
   1.1149633586069847E-004
   1.1773961886884605E-004
   5.2582244783635546E-005
   5.0043158463171873E-005
   6.3874316294481998E-005
   1.0293894112012744E-004
   6.8933870884336446E-005
   8.3483978430190940E-005
   7.8591951501703227E-005
   2.2571916518257081E-004
   7.1052703945124804E-005
   7.6794464042713892E-005
   9.4189384396353238E-005
   9.5178976070530935E-005
   6.9038411124254363E-005
   1.1020008411265646E-004
   5.7382319890776303E-005
   6.4750608356758390E-005
   9.9077360077510411E-005
   1.8384094440626765E-004
   8.0521014163356479E-005
   8.3868334675278326E-005
   3.6362350456929321E-005
   1.8268146030438214E-004
   2.0469466259696460E-004
   1.2937178587377494E-004
   5.6604868036808965E-005
   1.1116773456196890E-004
   6.3989094460971881E-005
   1.1771795730997994E-004
   1.0740503469179821E-004
   9.7069312753708513E-005
   8.5963873137421526E-005
   9.9130836053631946E-005
   1.3458908130625221E-004
   5.4067199267923576E-005
   1.1354100937139139E-004
   8.4717970473325611E-005
   5.7672711127123272E-005
   1.4916365052419786E-004
   6.9471678489935919E-005
   7.4030046386474571E-005
   7.9704710966608551E-005
   8.2483926005005181E-005
   1.0114647063530515E-004
   9.0543726644898620E-005
   6.1078336786052971E-005
   9.6803813606335923E-005
   7.8723653498773756E-005
   5.7097269468786747E-005
   4.1773849675314504E-005
   7.1549988518951227E-005
   9.5718419896070043E-005
   7.3513687683075400E-005
   6.5645936516368740E-005
   1.0633321488723236E-004
   6.1976557916500113E-005
   6.3403846762709079E-005
   1.1307726579990468E-004
   8.9384753641960467E-005
   9.8074020863015752E-005
   9.8174475860306291E-005
   6.4915154994363628E-005
   6.8209651445132291E-005
   7.6181460778799523E-005
   9.4960624702614086E-005
   1.1351538869302406E-004
   6.4210309468517649E-005
   1.3149522276110538E-004
   1.0934492939863024E-004
   1.0014969425551029E-004
   9.7283542560865102E-005
   1.1018354320880469E-004
   6.4545150765866818E-005
   1.2011310127365876E-004
   8.4615442317800363E-005
   1.1013262482609837E-004
   7.2929695282749566E-005
   1.2523422660761662E-004
   1.3117655673731285E-004
   8.0827042838183078E-005
   1.0010406792940529E-004
   8.1798982375118419E-005
   7.0522018422303274E-005
   1.0816677311094875E-004
   7.4556922452272928E-005
   6.9392768641957539E-005
   1.3458344372546704E-004
   1.3357513958901082E-004
   1.3288018864685022E-004
   1.0212566818944269E-004
   4.8330217559958750E-005
   9.8646659676479583E-005
   1.1325431706814744E-004
   7.7140258799166745E-005
   6.1274854878192592E-005
   7.6454176982779218E-005
   9.3176273968787656E-005
   7.5620976478698801E-005
   8.3692827740023047E-005
   6.7085028400366991E-005
   6.6791822836448220E-005
   4.9452911034704172E-005
   1.0176491205926557E-004
   1.1550906569031256E-004
   7.6059760981602397E-005
   6.3591010685240217E-005
   6.6190203077945480E-005
   7.9168622388754912E-005
   8.9787276165790160E-005
   4.9004882159286802E-005
   6.1816243648506907E-005
   7.2219035783024012E-005
   1.2606365549752411E-004
   5.5430061047385750E-005
   1.4787311244530177E-004
   1.0350134805134756E-004
   2.2799845997490846E-004
   9.4327785066001160E-005
   1.1558157575320468E-004
   1.1146060606311774E-004
   9.9823861989441545E-005
   1.0887475931420619E-004
   1.7416306030534987E-004
   7.5462199373952911E-005
   5.0113941607426890E-005
   9.0502260173656242E-005
   8.5809320556510323E-005
   9.2313346340229671E-005
   7.1988795315208157E-005
   6.4710441309485058E-005
   6.4924092687731029E-005
   5.6930586435956570E-005
   1.1873574798733831E-004
   9.3846476336862799E-005
   9.5635669801719339E-005
   9.7031003819337777E-005
   6.3436015684965622E-005
   2.3685024511733578E-004
   9.7882731688725283E-005
   8.3931078512327953E-005
   9.7806146335954535E-005
   6.9236788434628971E-005
   6.2059899092183093E-005
   6.7452397538615054E-005
   7.7161686832607040E-005
   9.1005907340898487E-005
   8.5952432215082118E-005
   5.6983490170044033E-005
   1.3083349297396938E-004
   5.8811394647473199E-005
   8.3067936698979608E-005
   7.1265487104432788E-005
   6.2967479221535483E-005
   2.0297587125850478E-004
   9.5948051573095333E-005
   1.5424297118054052E-004
   1.2384050702582961E-004
   9.6191723740372918E-005
   1.1949433869000988E-004
   7.7520429872039837E-005
   7.6770367410444664E-005
   4.7149756529870432E-005
   1.3251050184468177E-004
   1.2546991343546308E-004
   6.9583415005551247E-005
   9.5886142895748711E-005
   1.3385756520651839E-004
   1.1795481718485054E-004
   1.6708815095272579E-004
   9.2563517457502602E-005
   1.2672172168823545E-004
   7.9337344171891971E-005
   1.3293131726046836E-004
   6.5385807103635307E-005
   1.4334259445615501E-004
   1.1434647193551766E-004
   1.5269861743016569E-004
   7.2617864633201123E-005
   4.2486630925775579E-005
   1.1364658847284527E-004
   1.0202185822014811E-004
   1.1043959861768685E-004
   7.9679810559527301E-005
   9.8477335401685347E-005
   6.0287242860151444E-005
   8.8277631692689648E-005
   1.5818670878573612E-004
   1.3170922483962308E-004
   8.8567019750279639E-005
   8.5281564133219372E-005
   8.5064317903123840E-005
   6.0454057612552005E-005
   8.2616304364524791E-005
   7.4614124552408576E-005
   6.2847758330812550E-005
   7.0117213425749777E-005
   1.1714051958147156E-004
   7.6393329346219810E-005
   1.2516182925839076E-004
   7.8872122838218031E-005
   6.2028268623004126E-005
   8.9419328930277702E-005
   5.2846468347772099E-005
   8.4503724440760893E-005
   1.2012309925466678E-004
   1.0492361744520443E-004
   1.2306816697838256E-004
   6.4087537764594938E-005
   1.0177243902731603E-004
   1.2257231839536624E-004
   6.2710462940548540E-005
   9.2976733222679999E-005
   7.6888441383542224E-005
   1.1420742626593203E-004
   8.0650609037095342E-005
   9.8219030709369349E-005
   1.2717551348628928E-004
   8.7364830955505643E-005
   6.6402385637742977E-005
   6.7218563767800868E-005
   7.5718789267244818E-005
   7.7873803836927744E-005
   5.8760082646067703E-005
   7.7504028629613730E-005
   6.6487112556598701E-005
   8.4194561318527399E-005
   5.9057963400952568E-005
   7.8074110743506838E-005
   1.0073638033956810E-004
   9.0576377170952017E-005
   7.6974544140843791E-005
   1.6895669083774047E-004
   1.3677200552368010E-004
   2.0009709973520818E-004
   1.0054746863920525E-004
   9.1626974125093977E-005
   1.1099817612064237E-004
   9.3888329885809417E-005
   8.6586024609410200E-005
   9.1780370204926968E-005
   1.0006471852403584E-004
   7.3272478255353600E-005
   1.1257985530771907E-004
   1.8024628143941974E-004
   6.5833474997534135E-005
   7.7643940324608165E-005
   6.5146076481447805E-005
   7.9212271774605790E-005
   6.9002107477053828E-005
   3.8662769439980619E-005
   6.3104353373662916E-005
   8.2201385360628574E-005
   7.1815441290584846E-005
   1.3386277694567639E-004
   1.3581632217136451E-004
   5.4482185522875868E-005
   1.1577564302438536E-004
   1.0740580629123542E-004
   1.2868140031949902E-004
   1.2454831613510425E-004
   1.5078009539548515E-004
   9.0437427248662463E-005
   1.0801155959526850E-004
   7.0966183089192988E-005
   5.9269004630686904E-005
   8.2856819420063183E-005
   8.3321408136676457E-005
   8.4802390625770451E-005
   1.0419236582097637E-004
   8.3064892463896164E-005
   6.0859337625512686E-005
   9.8195993497826722E-005
   9.1739454203708956E-005
   9.0264032395601408E-005
   6.6505466540224233E-005
   7.6703687962633287E-005
   6.0853257562457163E-005
   8.1661340076652782E-005
   6.5597627847412205E-005
   1.1004639957767428E-004
   5.3452746754891487E-005
   6.5949377241801235E-005
   7.7359169272351713E-005
   9.8559247556323371E-005
   1.3424507738438258E-004
   7.2927318547257191E-005
   1.6226991391371412E-004
   1.2214814256649294E-004
   8.8469608627548353E-005
   1.0974383515719867E-004
   1.3094352349056045E-004
   6.6869674327292897E-005
   1.9043651312763675E-004
   8.2286586197295015E-005
   7.8085101448297010E-005
   7.1308490502434977E-005
   1.0422872498030729E-004
   8.5701005916299336E-005
   1.1181182722147215E-004
   7.1905449386138121E-005
   7.8869699554968674E-005
   8.1023238492427169E-005
   8.8615338926630906E-005
   7.7550677869476874E-005
   9.0273836254028557E-005
   6.3008730490469401E-005
   7.2258041761496847E-005
   9.0849933374194690E-005
   1.1827940839163833E-004
   8.5459922465518586E-005
   1.3464892035146408E-004
   7.3073111252646401E-005
   7.1892480716994459E-005
   6.6322767999914782E-005
   9.9749495006891674E-005
   1.6398234139099600E-004
   1.4334041803063731E-004
   1.0436863155720988E-004
   9.3977294384059743E-005
   1.0436996323760603E-004
   1.0358500593803947E-004
   1.1801828378604416E-004
   7.6498816878106931E-005
   6.3498141440423116E-005
   6.9989530701987466E-005
   7.0280419001810324E-005
   7.3149251900671641E-005
   1.2688097708172364E-004
   1.1187140255893433E-004
   1.5064462088912526E-004
   7.3000681511490388E-005
   1.2041020925425282E-004
   1.5674032616494325E-004
   1.0293686652464831E-004
   1.6482785297168481E-004
   1.1021310254243191E-004
   8.0808602927024174E-005
   5.8280491108050356E-005
   7.2827370043285997E-005
   6.2444742964410182E-005
   4.9909824757950330E-005
   7.5519952331242382E-005
   8.6715584572941932E-005
   1.1336385640266973E-004
   1.7806200295544848E-004
   7.8788642611400444E-005
   6.3453718308206959E-005
   6.9576781584223597E-005
   7.8747278265301396E-005
   5.2005044764291701E-005
   9.6229274802951245E-005
   9.5557329412122098E-005
   6.9661147193424654E-005
   6.0192429376334607E-005
   1.3434316276292733E-004
   7.6055141385810329E-005
   6.6872239542739966E-005
   7.5343775394345249E-005
   9.3235370283279771E-005
   6.2030493310335602E-005
   1.5777909538430178E-004
   1.1534497733167026E-004
   7.9751697236849124E-005
   1.1136388485445702E-004
   6.8212228761701344E-005
   8.9922526987846032E-005
   7.2593364474994891E-005
   9.4030540079660958E-005
   1.0120978862628602E-004
   4.7556739651635651E-005
   1.0111788946027800E-004
   1.0525278123876656E-004
   7.1403604252679164E-005
   1.2423080858592564E-004
   7.6773276437871419E-005
   1.1975843912789754E-004
   6.9378586167396928E-005
   8.1615729152658645E-005
   9.1431342066901537E-005
   1.2345352151826974E-004
   1.0131597680576402E-004
   7.6207709560563555E-005
   1.2741995793390254E-004
   8.8137362792124142E-005
   7.5789471238091370E-005
   7.7361128810813016E-005
   7.5882460476071217E-005
   8.1151733676842528E-005
   6.4681985786975662E-005
   5.7275545514655593E-005
   1.8447783029782193E-004
   1.1848643106749531E-004
   6.7948293285864989E-005
   5.8995872939642094E-005
   7.2151966161550742E-005
   7.5752891630090442E-005
   8.3280470577393949E-005
   1.1640071435182896E-004
   8.2827905600268574E-005
   1.4655940428691969E-004
   1.0351294745079068E-004
   7.0132478027041072E-005
   6.1726045917426692E-005
   8.0388065116406560E-005
   5.3868370921199727E-005
   7.7505141200081898E-005
   1.8107949343641272E-004
   1.1141564230535214E-004
   8.8287635077370972E-005
   7.9230011965808985E-005
   4.0759093466640935E-005
   4.9060919610069465E-005
   9.3119082914059489E-005
   6.3080236415187326E-005
   7.8950666961429968E-005
   1.1794651491750921E-004
   1.0564667262803015E-004
   1.0477251835455147E-004
   9.5243959326277795E-005
   1.3585186581352730E-004
   1.2449082956254430E-004
   7.6509557677032790E-005
   7.7194753467910575E-005
   1.3501906721270532E-004
   5.0471039895896982E-005
   1.0942939155210530E-004
   9.5025669697769237E-005
   1.3494560163943700E-004
   1.0835876419440641E-004
   6.9964491313340648E-005
   1.2286972291381391E-004
   1.0061874890546777E-004
   1.2471175564152437E-004
   1.1133546958689678E-004
   7.7226308941416173E-005
   8.6852402824658315E-005
   6.6656923811584176E-005
   5.0085780986911148E-005
   6.2154465584121822E-005
   1.1075085038582847E-004
   7.7298823738459297E-005
   8.9265282828634705E-005
   5.5415177361698960E-005
   6.7285754023185053E-005
   6.0343179050140174E-005
   6.3636651840115669E-005
   6.3211284093776582E-005
   9.9424052741115649E-005
   1.5011661463067510E-004
   1.2984799084154623E-004
   6.4658782495198930E-005
   5.0737326371120693E-005
   1.0256681007773915E-004
   5.4608960528279727E-005
   1.0427450868826668E-004
   8.3591717771091972E-005
   6.7364802390271902E-005
   4.4684523032419141E-005
   6.2314698571256844E-005
   7.9149796223417057E-005
   5.5675814068862008E-005
   1.5559771083873552E-004
   6.4202095613390367E-005
   1.0199104031539160E-004
   1.0260075409057773E-004
   6.4625641633076584E-005
   6.6426035566889227E-005
   9.9082558878344290E-005
   6.0960301672808640E-005
   7.4565366142425069E-005
   9.2781407770280722E-005
   2.1712973004055041E-004
   1.1130595826542166E-004
   1.0327065797134897E-004
   8.0315426904997917E-005
   1.0066686947971316E-004
   1.5280193979871537E-004
   1.5112307718671597E-004
   7.5208768305969154E-005
   9.2408241921042484E-005
   7.7094529143974423E-005
   8.8217162455209061E-005
   1.2233463903071982E-004
   7.1233034659689141E-005
   5.3967114999746088E-005
   1.8967015162698773E-004
   1.0292402128579179E-004
   1.2891474092599685E-004
   5.9883744116667592E-005
   5.7275016514728417E-005
   5.3438261981586563E-005
   7.6328098373153988E-005
   9.4757660723587429E-005
   1.2196454245495253E-004
   5.2600140286957071E-005
   6.8278852604847169E-005
   1.0329346073008764E-004
   1.1019682068050939E-004
   6.6675612914731739E-005
   8.6289417324912990E-005
   8.8907424634612772E-005
   1.3588113433822928E-004
   1.3143797281604943E-004
   9.6437568782629501E-005
   1.2589571389324858E-004
   8.9772205076853225E-005
   5.7401641691300094E-005
   1.5386892729606400E-004
   6.8603276273070102E-005
   1.0859700580215676E-004
   9.5373571433768478E-005
   1.6393929195726863E-004
   1.5474038583537220E-004
   1.0593961497400761E-004
   1.2058889809027792E-004
   8.3017747260216970E-005
   5.4323979125177212E-005
   5.6545708381279452E-005
   1.1308008367227088E-004
   6.4158607787206893E-005
   6.8081211568975651E-005
   1.0665658177362976E-004
   8.5160358150493764E-005
   6.2865439890961210E-005
   6.1421952551724341E-005
   6.8254662587813542E-005
   6.7643243862799843E-005
   6.4054243544249878E-005
   6.0036448370930647E-005
   5.4767727936075945E-005
   6.6400630334431909E-005
   7.6751149608631050E-005
   1.7278905031969350E-004
   6.4636179446251840E-005
   8.1663915718280331E-005
   5.7900488377594677E-005
   1.2971402680700557E-004
   1.0556530481909529E-004
   1.0311915001736371E-004
   1.1227322151233450E-004
   6.8965696879587661E-005
   8.4053920347401537E-005
   8.9638030141795091E-005
   6.0244233393525502E-005
   1.2648540156426347E-004
   1.2293304324590147E-004
   1.0674190792527500E-004
   8.9206601715114461E-005
   9.1476762497599961E-005
   9.9719401399942024E-005
   1.5893820017345405E-004
   6.6402041869045210E-005
   7.1176079969168858E-005
   1.2912637593506733E-004
   1.0988098100420060E-004
   7.6587215782628071E-005
   1.2342746977988490E-004
   1.5777582805564589E-004
   7.1073774022825748E-005
   6.4733445207774013E-005
   7.8421503099768429E-005
   6.2057665691014335E-005
   6.4750411575016041E-005
   1.3509035610476168E-004
   9.6318226890592951E-005
   1.3710282307064967E-004
   8.9817548329585727E-005
   8.6461794021188708E-005
   1.0986189703178857E-004
   1.6326130887437000E-004
   9.0366636047819253E-005
   7.1758466943189667E-005
   1.0255166395248021E-004
   7.8853717087713413E-005
   7.7086924536764705E-005
   1.4065411312156153E-004
   1.0454289837458770E-004
   9.9047035015571269E-005
   5.7528704540119118E-005
   7.1252475137986398E-005
   8.1338204319703395E-005
   8.6717491568181224E-005
   1.1050555265562612E-004
   1.4222068872761062E-004
   7.0786161577576930E-005
   1.0172663590246622E-004
   8.5846405601656175E-005
   6.3482099901270741E-005
   1.0395421585020009E-004
   9.2145198091872732E-005
   6.3083408543436269E-005
   1.0613295620342782E-004
   1.4632702560502184E-004
   9.4545975253064894E-005
   1.1611086491514199E-004
   6.3568499731838008E-005
   7.9078389705497924E-005
   7.6622437843188097E-005
   9.8578193163853365E-005
   1.2818899788441995E-004
   9.0587942556601825E-005
   1.1420955884998529E-004
   9.3379342318429640E-005
   1.0231632258208070E-004
   1.1091570617696866E-004
   1.3552033681546869E-004
   8.0116808450773100E-005
   1.0955500650067930E-004
   9.5466201553590980E-005
   1.0014031943283478E-004
   1.0044007570685445E-004
   8.2860520954962575E-005
   7.1591321334655620E-005
   8.3996154318295040E-005
   1.0603307489196069E-004
   6.7687836721583652E-005
   2.1846201836581448E-004
   4.9435402004652349E-005
   1.0083071958518127E-004
   9.7878235981963829E-005
   7.3657603967804429E-005
   9.5952050330857475E-005
   8.8648944821883338E-005
   6.4134700753369929E-005
   1.0100442378491203E-004
   9.1730604595681643E-005
   1.0094043573078578E-004
   7.5275865385882854E-005
   1.2549357147143721E-004
   5.6874909684590024E-005
   1.3478398037821681E-004
   1.4170684498734416E-004
   9.1601078490957311E-005
   5.6614652152755799E-005
   5.7881922948855028E-005
   7.6879244201182720E-005
   1.1466927896253735E-004
   5.9338698437476460E-005
   9.4198551238974912E-005
   1.1150349411213830E-004
   8.6255554096207549E-005
   9.1900791202166471E-005
   7.4640906801113545E-005
   2.5974239676931785E-004
   1.1488046630362647E-004
   1.0852795625127821E-004
   8.7507518483347213E-005
   1.3188707454245502E-004
   7.1142259654622907E-005
   7.0788894885464546E-005
   9.9391398964525449E-005
   8.5520919976090067E-005
   7.7073267811230981E-005
   8.8939744738698970E-005
   8.8245906458087742E-005
   8.9569464483387214E-005
   5.8329861327357375E-005
   4.9745199081413463E-005
   6.4154322274506475E-005
   1.1389435916821934E-004
   5.3707468260716571E-005
   1.2586559473825362E-004
   6.0040094792818683E-005
   7.8248242463441496E-005
   7.7853874923050731E-005
   8.5123602043195006E-005
   5.5181132864855002E-005
   5.8987143422633107E-005
   7.6504404183418218E-005
   8.0119923914675733E-005
   1.4005458869002739E-004
   9.3047085172140152E-005
   8.1742138442382210E-005
   1.0956915155181898E-004
   6.9156830264183563E-005
   1.8118501328909180E-004
   1.1664734275965057E-004
   1.1465494124711022E-004
   6.9101169670036445E-005
   5.3421288891440523E-005
   8.4096983334065801E-005
   8.2014205940753564E-005
   7.7250859772475634E-005
   9.8184288071355419E-005
   7.9896316423163938E-005
   8.5440728368495273E-005
   5.4478379993988704E-005
   9.2453102207402187E-005
   1.2255268182889220E-004
   8.8603382630670345E-005
   8.2510294196099917E-005
   1.3055125684073037E-004
   8.5268003611165631E-005
   5.7554426682968009E-005
   8.4514311412470651E-005
   7.6717216737172362E-005
   9.0719630179538906E-005
   9.3038485161981810E-005
   9.1145161412574220E-005
   1.3988540519981868E-004
   8.2362053651400890E-005
   9.5224393245254321E-005
   7.1750934025726211E-005
   8.7485964028314553E-005
   9.9955767239624874E-005
   1.0148266239830094E-004
   1.1482395801022063E-004
   1.2345456920712488E-004
   6.6987263818618089E-005
   8.2751614425872805E-005
   8.5428722893824631E-005
   9.1049523064238775E-005
   1.0961780291769872E-004
   7.1660876797872766E-005
   8.6416940400940368E-005
