   7.7524488433893847E-005
   9.4493692373520053E-005
   1.2786894332555797E-004
   6.5451326970986860E-005
   6.0001245554089605E-005
   5.6808636777455549E-005
   4.9487914491734565E-005
   1.3315311172848603E-004
   8.1783385707934585E-005
   1.0463333796859964E-004
   9.4103042629347497E-005
   8.5154656877784268E-005
   9.5484888770797568E-005
   1.6541173818248432E-004
   7.0569429337366286E-005
   8.1256514898912172E-005
   6.2781001287847684E-005
   8.4663130752853950E-005
   6.4908839728687148E-005
   8.5145916942167105E-005
   1.3469149124244200E-004
   8.1202443092097477E-005
   1.6547839318582365E-004
   6.8198085416118772E-005
   6.0279536111306692E-005
   6.4069084145782193E-005
   1.2779148932885243E-004
   9.2673786082465409E-005
   7.5086625687157730E-005
   8.2587162320245773E-005
   7.5299113331000358E-005
   7.9077207568022695E-005
   1.0846971437858520E-004
   1.0613657824164458E-004
   6.9175185867015044E-005
   9.9455232012910758E-005
   2.0605288613534975E-004
   6.4569212055362823E-005
   9.1129406973517577E-005
   1.1495060718719999E-004
   9.9238956451911962E-005
   5.3031031774664999E-005
   6.6025015776891098E-005
   1.2427363697009467E-004
   5.5258803516696883E-005
   5.2771614835020244E-005
   9.9065147319769259E-005
   1.0749944141250148E-004
   6.2698372924270988E-005
   1.6066318044879321E-004
   9.3227320720685395E-005
   8.7851394147415846E-005
   1.2582024321908773E-004
   7.0103735407691276E-005
   7.0361786444669356E-005
   5.6454072091313264E-005
   7.0194286921227865E-005
   8.8386797213527225E-005
   8.4178738679743857E-005
   6.8643759446665114E-005
   8.0169546815501988E-005
   5.4627864639793164E-005
   4.8969286043137634E-005
   7.4890945060223353E-005
   1.0325102594499956E-004
   1.1057158772806272E-004
   7.6804360250893371E-005
   7.2695670689310832E-005
   7.0062574150371677E-005
   1.1356509882066851E-004
   1.4746276647960616E-004
   9.6599381458722575E-005
   6.9539717901638621E-005
   8.3810278009026714E-005
   1.3603272517815609E-004
   5.8756812650610756E-005
   7.0133915697544308E-005
   8.6795711211016537E-005
   9.6071185982851429E-005
   1.0426161464000283E-004
   8.7092858823995832E-005
   4.8830383342582726E-005
   9.7935441335921018E-005
   7.2901769856994328E-005
   9.1912634254817690E-005
   8.5151602208342409E-005
   1.1448313899299747E-004
   1.4803385759155468E-004
   7.9107690197893020E-005
   5.7881370910280798E-005
   9.1429290446619089E-005
   6.5886752917562009E-005
   9.8375919507570392E-005
   1.0490540441896220E-004
   8.5987925940620132E-005
   9.8176435529309520E-005
   7.6878578643498031E-005
   6.0478221521449106E-005
   9.3198456013427131E-005
   9.4532843859343658E-005
   8.4837833811906646E-005
   7.6235407394039162E-005
   1.3261306972674319E-004
   6.0494230283523994E-005
   6.9501570525941239E-005
   7.4160672061218059E-005
   6.8471813109360105E-005
   8.7992290978113925E-005
   7.7025312716786116E-005
   6.5891192450873444E-005
   8.6057180603588284E-005
   8.0214009420351301E-005
   8.6934446037701692E-005
   9.6581452427345292E-005
   8.6700751053508861E-005
   1.4265074021813003E-004
   8.9033824568744027E-005
   7.4166413376768208E-005
   8.8189077581789875E-005
   1.2376012225459723E-004
   9.5430563620867886E-005
   9.3589016103488959E-005
   9.1733432059963826E-005
   1.3174840318681662E-004
   9.6543673079535765E-005
   8.1973878452714022E-005
   6.7109631045875342E-005
   7.7667389225119258E-005
   1.3059417762918541E-004
   7.6286894322343389E-005
   8.1877628976652448E-005
   8.6461008663779625E-005
   7.1141350345360296E-005
   7.7748370240561017E-005
   1.1654796525284774E-004
   1.2273187547996880E-004
   8.7334149028131430E-005
   7.5926993921661992E-005
   1.0503012413602222E-004
   1.2596868041920523E-004
   6.1375584098893887E-005
   1.3095174544066265E-004
   8.9559976255152891E-005
   1.7002700911159432E-004
   5.5223788370379866E-005
   5.9669623224657239E-005
   7.7334606062009499E-005
   1.4883406809505900E-004
   5.6597483402723815E-005
   6.5073197727291210E-005
   1.5298659236983946E-004
   9.1391236226199510E-005
   9.7720111277058781E-005
   1.6681977795307174E-004
   7.5114072916582968E-005
   5.8119728312449233E-005
   9.1566052420679448E-005
   1.0118319701501695E-004
   5.1644391055860317E-005
   7.3207633360806569E-005
   8.1526091122315617E-005
   1.1832051763274474E-004
   1.0508201314166145E-004
   1.1426946100112845E-004
   1.0734777554991327E-004
   1.0464986099690609E-004
   7.0297315578231537E-005
   9.4446444363751440E-005
   8.3726549056888718E-005
   8.8416297854227002E-005
   5.3661170753209342E-005
   8.6638440598824047E-005
   6.7680070890483644E-005
   8.7665660849068741E-005
   1.3180670764193270E-004
   8.1044134436083785E-005
   8.3090999177953611E-005
   9.7130824072631355E-005
   8.6742480080587958E-005
   7.5073720962874299E-005
   1.0624163391417621E-004
   8.5771789028685788E-005
   1.1353126226625226E-004
   9.5639666109321710E-005
   6.3772515318805652E-005
   6.6682251842867683E-005
   1.0486057084452659E-004
   7.9685686968795021E-005
   6.8233441991378036E-005
   7.0331388052463794E-005
   9.1392868385310500E-005
   7.0588811351559664E-005
   1.0757506493488318E-004
   1.3188866299014660E-004
   9.8479796075501042E-005
   8.5392589361071486E-005
   8.8001277882287981E-005
   1.2201056369589532E-004
   1.0066466269514729E-004
   8.1011844568354814E-005
   7.1577141614545349E-005
   6.2354124543817743E-005
   8.7173721542956121E-005
   8.2140175453373628E-005
   7.5739557550880222E-005
   7.9472440312858684E-005
   9.5555111946153006E-005
   8.1913847730069735E-005
   1.0623311182274537E-004
   1.3024867676073861E-004
   6.9719190134448971E-005
   1.1637089578586725E-004
   1.3068546500163427E-004
   1.2716352847984551E-004
   6.8249118039891965E-005
   7.7224099658658785E-005
   1.2732659615228043E-004
   7.2580655992410769E-005
   1.7245969033903290E-004
   8.7390498109377938E-005
   7.2978386469810694E-005
   6.5451289726047441E-005
   9.9450064226769836E-005
   1.1316634733559751E-004
   8.5614448527698148E-005
   7.7968675977773712E-005
   8.0234509065510562E-005
   7.2285163575801386E-005
   9.7689221221036558E-005
   5.4196760626730438E-005
   5.4104422067257076E-005
   6.3956440524211560E-005
   9.8940285105649008E-005
   8.4440031287235902E-005
   1.1023633546784425E-004
   5.4193938726656853E-005
   1.0190410822970026E-004
   1.2580163170911751E-004
   7.8476179171421256E-005
   7.8471050293057209E-005
   1.0664183346093391E-004
   5.9394715705848435E-005
   8.1683587359994609E-005
   5.3792324493414800E-005
   9.0516564070250698E-005
   6.8350332160748309E-005
   7.2513521445823724E-005
   8.3353710286236836E-005
   1.1095885458593265E-004
   7.7256583207990805E-005
   2.3201595098306128E-004
   8.1043601140098355E-005
   1.8890340016796049E-004
   8.9909716452584159E-005
   8.9989558468962544E-005
   5.2081624466868567E-005
   8.6506395696726594E-005
   1.4052438158288700E-004
   1.4732509774149788E-004
   5.8982545235079449E-005
   6.0145110447065523E-005
   4.7686224945481713E-005
   7.5247068974678867E-005
   5.0881116941175266E-005
   1.0114266619359640E-004
   7.0865116462273290E-005
   6.6033725097019966E-005
   1.0609117796368093E-004
   8.8508627185316486E-005
   7.7723193728987375E-005
   7.6132400270116811E-005
   1.5785316141128533E-004
   1.1183941165369632E-004
   6.6651485770910065E-005
   1.1364993858969766E-004
   8.2732464425599927E-005
   6.1571761946030586E-005
   5.0486211843342026E-005
   5.2412920980427432E-005
   1.0445793018938699E-004
   7.4953220769595353E-005
   8.8372075473446395E-005
   9.2638334443695519E-005
   6.2128877357256791E-005
   6.5969449936687441E-005
   7.5071350872034958E-005
   1.0273519133963612E-004
   9.4003915160607385E-005
   5.9297960572265025E-005
   1.0785023702464074E-004
   1.4017162372323145E-004
   8.9451069775720393E-005
   5.1686662973262131E-005
   7.0862545593084397E-005
   1.2725505559402494E-004
   6.9361781500057934E-005
   9.1783330361255874E-005
   5.8917686561986759E-005
   8.8498236767898722E-005
   5.6237398932064842E-005
   1.0623106059159193E-004
   7.9215923897354813E-005
   5.7439957346217868E-005
   6.3651184508786902E-005
   8.2592709541830060E-005
   7.7401283394564678E-005
   9.9224104833447801E-005
   1.0498977814923466E-004
   1.5910899786102841E-004
   1.1859502777042187E-004
   2.0360629202862841E-004
   7.8490211129836300E-005
   7.9759579236881312E-005
   1.0301425649965680E-004
   1.0302423359419892E-004
   7.7246190891991218E-005
   8.7377289780729076E-005
   7.3042532575258941E-005
   8.3791397571366221E-005
   8.7124392586004004E-005
   9.4569263639270227E-005
   8.0081831502545645E-005
   8.0137058966680722E-005
   1.1062341351555008E-004
   9.3380837620446762E-005
   9.7476584414546202E-005
   6.8190269848143718E-005
   1.0429008140424387E-004
   8.0803447175300538E-005
   6.4917310235268914E-005
   7.9610272300073892E-005
   8.6378034752170426E-005
   9.4486920027293854E-005
   6.1374763412298450E-005
   9.6188066176800186E-005
   8.0719559523724686E-005
   9.9757254149202267E-005
   1.2698867434766012E-004
   7.3929490236464260E-005
   8.7722952494097495E-005
   1.2074288355684684E-004
   8.6308608890086735E-005
   7.6588575983268424E-005
   6.0848985508769620E-005
   1.1208039497645679E-004
   7.9360074071175963E-005
   6.2553707786643201E-005
   6.4065162763738106E-005
   7.2110268753937967E-005
   1.0538504945941320E-004
   5.4624747719935526E-005
   9.7787956778130387E-005
   5.9207315831385246E-005
   6.7398466815211833E-005
   5.7182408895790696E-005
   7.9426666477672348E-005
   9.0813953359389899E-005
   9.0532229589121010E-005
   7.2423711946217645E-005
   1.1660293007683717E-004
   7.5193833347957464E-005
   8.3780885325471477E-005
   5.7604476534568227E-005
   1.0828966507548285E-004
   9.0734141522644761E-005
   1.0183801115836139E-004
   6.8437482700712011E-005
   7.2635155184864130E-005
   7.2207758566612853E-005
   7.5292429922613728E-005
   7.5950945272323594E-005
   1.1331041412288495E-004
   8.2046519566167562E-005
   9.5723913524178143E-005
   9.4638790297619824E-005
   1.2899108825451775E-004
   8.3670917249938754E-005
   7.4195531032193293E-005
   1.2128260467855467E-004
   8.5485103615091956E-005
   8.5379425984095841E-005
   7.7325683052809432E-005
   1.6230325406906807E-004
   8.9454413299536577E-005
   8.0367106030698840E-005
   1.4618172092733579E-004
   5.4363595850454895E-005
   9.3543906163813021E-005
   8.9271759501128608E-005
   1.1578354122035128E-004
   7.6663536546349513E-005
   1.2148714251313238E-004
   7.2935969060056096E-005
   8.6330889186247414E-005
   9.4077089447404169E-005
   6.7113641862261684E-005
   1.4567393538529678E-004
   9.3189784636481214E-005
   7.4683718337403276E-005
   1.0008940978167925E-004
   1.1683313292185318E-004
   8.1078963777971816E-005
   1.0767118445332888E-004
   4.9947797319480433E-005
   9.0673854601140943E-005
   8.1661983808471432E-005
   6.8647140108487023E-005
   2.3207502771035760E-004
   5.7788174641763280E-005
   6.2634541939828460E-005
   1.0058877654168853E-004
   1.4263642727802188E-004
   8.9919197964692251E-005
   7.2132894358755152E-005
   1.2261885909190280E-004
   1.2926186544426506E-004
   1.0747510127593154E-004
   1.1040581547716644E-004
   8.3709053329818434E-005
   6.1998759477231998E-005
   1.2914452886328740E-004
   7.9308450108403247E-005
   1.0230254901776609E-004
   1.0009699420496046E-004
   1.2792269163718433E-004
   6.0636728212315976E-005
   7.8479747628031741E-005
   9.2270885820827439E-005
   6.7781032454750279E-005
   8.5897940191153414E-005
   8.6216180465724317E-005
   1.0347537559861506E-004
   9.3093355065960599E-005
   8.2529059917245775E-005
   6.2746996752852577E-005
   2.1425907636271900E-004
   8.6519873851840473E-005
   7.4158116365610009E-005
   9.6582046049892406E-005
   5.7866339464231625E-005
   9.6538510868971261E-005
   6.3277143894669316E-005
   9.2955097298452044E-005
   1.0439476658274417E-004
   7.8695572270467455E-005
   9.9635132551875133E-005
   8.7129775974128417E-005
   1.3786106842909944E-004
   8.1205018743849279E-005
   8.0127692411969355E-005
   8.3505550600041032E-005
   5.3071376963466112E-005
   5.6516269683371357E-005
   1.0689120910137894E-004
   6.7367739682844659E-005
   1.0737415643028316E-004
   7.4620125202450377E-005
   8.5106141979752792E-005
   8.9090852582560828E-005
   8.8142297943552612E-005
   1.4674716252941839E-004
   1.4405873982680469E-004
   6.4244403089478412E-005
   9.2340556927423382E-005
   7.2296517983159783E-005
   6.8343060655623759E-005
   7.1886612020129464E-005
   7.5243359437044335E-005
   1.3118039840754898E-004
   6.3022527218963657E-005
   1.0355022052912641E-004
   1.3256838443338935E-004
   1.2069779686237703E-004
   8.7465480474071679E-005
   8.0157916642941061E-005
   1.0128896144194491E-004
   8.8416218965737755E-005
   6.4479556145640503E-005
   8.0041349136276085E-005
   1.4279894324587745E-004
   1.0222668293402774E-004
   1.3163796658642959E-004
   8.3349526564374383E-005
   1.1616793127416634E-004
   8.6725526699537155E-005
   8.7808480922822260E-005
   1.2968221700416255E-004
   7.2476398030876625E-005
   9.8768698401374819E-005
   7.6183527184858565E-005
   7.6124357768354660E-005
   1.3055261839584417E-004
   5.4655761112553033E-005
   6.5342987107509039E-005
   7.8278543775931603E-005
   8.0813694897447703E-005
   8.0061545265231070E-005
   1.2466517110870827E-004
   8.1647051706707329E-005
   1.0028094555303007E-004
   1.0822186375219433E-004
   1.0109820228843303E-004
   8.7882667848589293E-005
   6.4146088137783373E-005
   6.1560229815055793E-005
   1.2358793721994860E-004
   8.0914399979993887E-005
   8.8973280804544985E-005
   8.0459476109192229E-005
   9.7913799292291393E-005
   6.1027873283745234E-005
   7.4584650739257621E-005
   7.6597150937513951E-005
   6.4329717744826802E-005
   7.8973078442205847E-005
   7.0386442405012160E-005
   6.1032102485575806E-005
   9.7350838857195168E-005
   1.2848591214144903E-004
   1.2316314589863638E-004
   5.8381369706941848E-005
   7.6784402102463063E-005
   5.4635677220662552E-005
   6.0146675073843373E-005
   7.9782178431579017E-005
   5.9617378116756420E-005
   7.9581036970494370E-005
   9.3084641731056361E-005
   5.5291179077986126E-005
   6.3924464439863528E-005
   7.1680525295080428E-005
   5.8716966939355690E-005
   9.5040030055043183E-005
   8.6313543480838077E-005
   8.9182310260990403E-005
   6.8960186625183261E-005
   1.1043580539986469E-004
   8.0620644403835371E-005
   1.0186081187963602E-004
   6.5723175213444686E-005
   1.0709861161506777E-004
   7.7959370095310020E-005
   6.6582216296126633E-005
   4.8810463657591489E-005
   8.9991544339897158E-005
   7.1500419507247940E-005
   1.3368690782681410E-004
   1.2601929206886746E-004
   9.8372892119792955E-005
   1.0233407756775356E-004
   8.0647844968993960E-005
   1.0267884403669802E-004
   1.7410511555757669E-004
   9.7967339545701389E-005
   6.1179125096798268E-005
   6.7159695260550763E-005
   1.3170626155014324E-004
   9.6902096244665668E-005
   7.9844613067180318E-005
   4.5611529247072011E-005
   8.6574938928773450E-005
   8.7501693875931987E-005
   1.4237747592581420E-004
   8.4870542290679950E-005
   8.6906094313987702E-005
   5.5833874983006526E-005
   7.1364234507551890E-005
   1.0631752782399689E-004
   7.7465853964575409E-005
   6.2771276977124192E-005
   7.7770188935712787E-005
   6.0719305567212645E-005
   7.9926191832248620E-005
   9.3170879936126639E-005
   8.7068982860653922E-005
   6.2940229346256251E-005
   1.0423532708987184E-004
   6.2379489069829143E-005
   4.9814352654993492E-005
   6.9937820883312271E-005
   1.2001041693555066E-004
   1.0985151149032801E-004
   7.3595180017924886E-005
   1.1819111009831265E-004
   8.7409170874784689E-005
   9.2938777354842385E-005
   6.7847678758547336E-005
   6.8035118293674411E-005
   1.0110363326175080E-004
   8.8130936109136142E-005
   5.8274378431491084E-005
   9.8110951168456966E-005
   7.0663654531798292E-005
   1.4162578256105942E-004
   2.1775909029767584E-004
   9.0217971535292557E-005
   6.3355599603659468E-005
   6.1036666487312459E-005
   8.1428783165584854E-005
   1.7087196709752886E-004
   8.1957829444419616E-005
   6.7263987930305647E-005
   8.3353852946629802E-005
   5.7383007929102791E-005
   8.3463836309438853E-005
   1.1584717224395643E-004
   8.6871736152181533E-005
   6.8329774916992502E-005
   4.3562059001509056E-005
   8.4329556053321279E-005
   1.1064032582655065E-004
   1.1790099357924433E-004
   6.1397715386720967E-005
   7.0445145399706415E-005
   7.4023950938392787E-005
   8.8851199353198087E-005
   5.5306296297621802E-005
   8.7806300726443956E-005
   9.2595466290412563E-005
   9.9801625919292025E-005
   1.0565279512641028E-004
   9.3296410767064645E-005
   1.0039137120931728E-004
   7.1865888824808341E-005
   9.2038485372988602E-005
   1.0147703732534440E-004
   7.8439674392054718E-005
   9.9862669649525054E-005
   1.1326467558296733E-004
   1.2723428784173582E-004
   8.6042222122077486E-005
   5.9265835794601554E-005
   4.8032853790664291E-005
   1.8446163119391833E-004
   9.9341334278937358E-005
   1.0444588546924920E-004
   8.3039502289677396E-005
   8.1318410445406662E-005
   8.9975206987646388E-005
   8.4293229741428546E-005
   8.9185637001716018E-005
   9.1802385390592065E-005
   8.3386384936224474E-005
   7.2990057975499758E-005
   7.1794918838010598E-005
   9.3796958803732056E-005
   9.1588952897803325E-005
   1.0551686699352829E-004
   7.8346306325775684E-005
   8.3403147994665514E-005
   8.1170613420672639E-005
   6.8663827835751422E-005
   7.3613400906664110E-005
   7.7492092025398677E-005
   1.0039446493079604E-004
   5.8294590872559520E-005
   8.3656423087063946E-005
   6.2222159341735148E-005
   1.3138239295791651E-004
   9.9854767884107926E-005
   7.1974828788213418E-005
   1.3004472830724235E-004
   8.0879053679300746E-005
   9.0007340649891874E-005
   7.7309984027132444E-005
   8.1310010320102472E-005
   7.7292501036836414E-005
   6.4014398540628519E-005
   6.6925854909357987E-005
   7.3377756839461232E-005
   9.8553236847954325E-005
   7.8253330568350617E-005
   8.9458545351807166E-005
   6.7507528108627158E-005
   8.6908227825083914E-005
   7.4110688596503948E-005
   1.1753047170478369E-004
   8.3449694907713627E-005
   6.0067415169125742E-005
   1.0976765239385672E-004
   9.9351675146799366E-005
   9.5545049541607667E-005
   1.6448031191757602E-004
   7.0771821086459285E-005
   7.7123463573866509E-005
   8.3255335275985335E-005
   9.4338401235772706E-005
   8.0296000880971963E-005
   1.0671470984273393E-004
   9.2836706029846976E-005
   7.7962361058666428E-005
   8.9838152446704568E-005
   6.6987664871435144E-005
   5.9098897303979602E-005
   1.0370537297309772E-004
   9.3757718027939464E-005
   6.8980508556036482E-005
   1.3302772847064053E-004
   6.2093866651681480E-005
   4.4322338387990162E-005
   1.1262310060000913E-004
   7.9878032180496938E-005
   6.3768404507637499E-005
   6.8804779584196542E-005
   6.4860099299254216E-005
   9.2068739882639476E-005
   5.4826714548351003E-005
   8.0313978368050625E-005
   9.9968449767141624E-005
   1.1304834685207242E-004
   8.1113680046508263E-005
   6.9318529729903717E-005
   9.3001367668467055E-005
   6.6110275804917224E-005
   8.1082097901292224E-005
   8.4044315373544171E-005
   8.8762285483286711E-005
   8.5640785291968483E-005
   6.4379674932199337E-005
   1.2912257770291582E-004
   9.6522406439565416E-005
   5.6147468638981655E-005
   8.6117525172972603E-005
   1.2199968508235430E-004
   1.0858440034076487E-004
   9.6642615452057360E-005
   1.1455668282168371E-004
   7.6599461826070607E-005
   1.0085845535609467E-004
   9.2194481840328005E-005
   1.2445164872937730E-004
   1.0336314981199418E-004
   8.3231014427080993E-005
   1.2910295576084731E-004
   8.1028245325335646E-005
   9.3797795609120628E-005
   8.7423163254914734E-005
   6.0222937933695907E-005
   1.1484661303191628E-004
   1.3288081686461061E-004
   9.2010064509372570E-005
   7.8039775964581208E-005
   7.8235261807075462E-005
   8.0618926361293589E-005
   8.5872549686042744E-005
   1.2200382862291074E-004
   8.2349294955620292E-005
   7.1179429525497232E-005
   1.2055563585443509E-004
   8.7642361976898080E-005
   6.3975831644106685E-005
   8.5054735112970010E-005
   1.4836252895801378E-004
   8.9542252642653262E-005
   7.6273031741015909E-005
   5.8976286293261172E-005
   7.5646292179851833E-005
   8.2482368245824283E-005
   1.0074644266395576E-004
   1.8636525338351420E-004
   6.7380914984085916E-005
   1.0362232651197411E-004
   1.0352581906498825E-004
   9.7884570598324341E-005
   9.9161003339029487E-005
   1.1130840134835457E-004
   8.1621754232731538E-005
   8.3750679106459126E-005
   9.4727109861110622E-005
   7.9666412486051737E-005
   1.0496030257742093E-004
   1.0163854969442976E-004
   9.1148836028997565E-005
   6.3797384910041312E-005
   9.3896998978758802E-005
   7.3943582330157111E-005
   6.4277144795038421E-005
   7.5689562059617571E-005
   1.5440298760772340E-004
   8.4286896136214563E-005
   9.3328217690673022E-005
   9.3711674235517689E-005
   1.0239579136528439E-004
   8.5767972851803084E-005
   1.0351979355656647E-004
   9.4744261725579631E-005
   6.9069495668743963E-005
   1.3835047658657796E-004
   8.0993580318173969E-005
   9.9456114260385853E-005
   5.2338683370588144E-005
   1.0058444457754903E-004
   8.8389624501220644E-005
   7.4280552475974556E-005
   1.3182138620536726E-004
   1.3542707289660854E-004
   1.0121596248182632E-004
   1.0531363419985217E-004
   8.2661084150963406E-005
   8.7236113803974453E-005
   1.8799604045866569E-004
   1.0482966207406374E-004
   1.5507639131791024E-004
   9.0959641948367532E-005
   7.2418760084907825E-005
   9.7257458758389438E-005
   7.4572928783317146E-005
   1.3153173094648495E-004
   5.9288923938268625E-005
   7.6798152821071911E-005
   8.4098385715176074E-005
   9.7794392003956116E-005
   1.0340959289012549E-004
   9.0651506808315702E-005
   1.2996618923218371E-004
   7.4286503292525318E-005
   6.8122592742882266E-005
   7.7292017251553476E-005
   6.3299428548626861E-005
   1.2690231234547213E-004
   7.7330780288890243E-005
   1.1124962301046953E-004
   9.6535246756142019E-005
   6.6260795406621840E-005
   9.1552214950884762E-005
   6.9220642826048744E-005
   9.7270932086502865E-005
   8.2645348982356528E-005
   1.0638521737444266E-004
   8.8583310687612710E-005
   8.8915885169606976E-005
   6.4445099354134102E-005
   4.9233865936402967E-005
   1.2834746136773241E-004
   9.3697803586878173E-005
   8.2171132938811689E-005
   6.2269249097230984E-005
   9.3236037406827893E-005
   1.3599944200277104E-004
   9.9042592055902356E-005
   1.3549219707951251E-004
   1.2547858305966120E-004
   1.3676482569248814E-004
   1.1311247472862103E-004
   1.0662252013109200E-004
   8.6772559944502063E-005
   7.3133753410800889E-005
   9.9355273140300715E-005
   1.1951731428172292E-004
   1.0640821274477980E-004
   9.9203483837960167E-005
   1.2484207350605317E-004
   1.0181360176620034E-004
   9.6630012278685706E-005
   1.0496801009415223E-004
   1.0700012840004483E-004
   9.5280648059155909E-005
   7.1180215376435808E-005
   9.6890398293314117E-005
   1.0533350796460703E-004
   8.1058036758205253E-005
   8.0055742531199889E-005
   1.1546888445869541E-004
   8.6123814390662358E-005
   1.0373381677012632E-004
   9.1867306549445204E-005
   9.3509373596635956E-005
   1.0446460441334063E-004
   1.0109416157293958E-004
   7.0316222932360800E-005
   8.5676548012706663E-005
   8.3823682548944136E-005
   8.4402058842550782E-005
   5.7171967268853872E-005
   1.0062430407128810E-004
   8.7142185592913691E-005
   9.6240162116731362E-005
   9.4660258334533512E-005
   7.1505979876975866E-005
   8.3127548554627319E-005
   5.3144365459633657E-005
   7.5719570907652856E-005
   6.3172362603930251E-005
   7.2456375481394497E-005
   7.0718914640935753E-005
   6.9475620033217784E-005
   8.7590687289276767E-005
   7.9032447113788523E-005
   8.7873611337888709E-005
   9.2654649966279323E-005
   7.7536175810598567E-005
   1.1162564787813634E-004
   1.2416956166329650E-004
   1.1348645421658632E-004
   9.6294309825087864E-005
   7.2251959714676216E-005
   6.3411166778495250E-005
   7.8571167663618602E-005
   8.1851710724627425E-005
   7.5883136486368423E-005
   6.9843709680479288E-005
   6.4533307729699050E-005
   7.9318434102936935E-005
   6.9427320636709821E-005
   1.0708495397373653E-004
   1.1345233734578344E-004
   1.1602558522718312E-004
   9.0946624514383153E-005
   6.2620593475410071E-005
   7.7892780759118143E-005
   7.9836257540282299E-005
   5.7914753954768689E-005
   9.6433736185494161E-005
   9.9440020911550022E-005
   1.0927294923226872E-004
   5.9449966576035166E-005
   8.1178627918133411E-005
   1.1154714959239543E-004
   7.2239527841852567E-005
   7.5452932064705238E-005
   7.5221446548016978E-005
   7.5322398445933956E-005
   1.2269648274366624E-004
   7.1664768760453269E-005
   1.1925991867115914E-004
   7.4983615988296229E-005
   6.4483149830789539E-005
   1.3572871126251015E-004
   9.1573450017463343E-005
   6.7473717214102367E-005
   7.2012916147127590E-005
   9.5785393469471460E-005
   8.0499898541439173E-005
   1.7026556376178794E-004
   8.8874238875091152E-005
   7.5715354224233959E-005
   1.5071701212958876E-004
   1.2334043590213372E-004
   9.2649577074696080E-005
   6.1195029592295194E-005
   8.7430558230125273E-005
   7.2132712803193308E-005
   1.1216368384583555E-004
   6.3132445363281930E-005
   6.9698901891774909E-005
   7.8752500308224964E-005
   7.4975940992493960E-005
   7.9066828649556801E-005
   8.4798861340818681E-005
   9.1422809863397447E-005
   7.2022259708393838E-005
   1.1958060019370900E-004
   9.0489699338503943E-005
   5.4106676082406476E-005
   6.3026446628047482E-005
   6.6929911163980931E-005
   1.1477915194347181E-004
   8.4308994061117363E-005
   6.9198183495367241E-005
   1.0863538194428056E-004
   8.8419909126683476E-005
   9.1003037235552785E-005
   7.6198825517273088E-005
   1.0273453887207353E-004
   1.2041350038628384E-004
   1.0531863415719653E-004
   1.1100052890527189E-004
   9.2681781039516159E-005
   8.1185618870841471E-005
   8.0256720423598217E-005
   6.8082334278476620E-005
   6.6150486759456047E-005
   7.7337883392988163E-005
   8.5182870929452497E-005
   1.3289041413648824E-004
   6.0944985975172599E-005
   6.4662567810958271E-005
   1.8516250889228240E-004
   1.2008977279294392E-004
   8.6417837773561281E-005
   6.6564581019574299E-005
   8.9907405461622263E-005
   1.2575993746061169E-004
   9.8040928247159452E-005
   7.0783066861246862E-005
   8.7786298996751528E-005
   7.9142162398384314E-005
   7.3842015169650328E-005
   1.2398945797785469E-004
   6.6810721070151402E-005
   6.1837915736561854E-005
   1.0070563789155013E-004
   5.9015731274152686E-005
   9.2052122223739476E-005
   5.8925488428205849E-005
   1.0097812546878539E-004
   6.9091727845336389E-005
   7.5776239108549625E-005
   8.2570580329581310E-005
   8.0359831652531056E-005
   5.4878870838499855E-005
   6.1322471681723797E-005
   8.8908372900914476E-005
   9.0329708675992288E-005
   9.7191687063318658E-005
   8.6949808429937276E-005
   6.9970422808765127E-005
   4.8930486806137380E-005
   6.6778302431503198E-005
   6.6795820004355040E-005
   1.0409681783023673E-004
   7.8844817881954212E-005
   8.5571849376326202E-005
   6.4445624886314782E-005
   1.1903772597222414E-004
   7.4600700426391485E-005
   1.2680699900311242E-004
   1.0651702350542208E-004
   8.6464884277763702E-005
   1.2443953096959829E-004
   7.0001621812517786E-005
   7.6458043174087629E-005
   8.1161451167858001E-005
   9.3347396777653281E-005
   8.9795563497975105E-005
   1.0328009798154591E-004
   7.4815429395471621E-005
   6.1723397244554164E-005
   6.9990930491813482E-005
   1.0508697605178778E-004
   1.7158012768782945E-004
   5.6614915583322758E-005
   8.4365597873836142E-005
   8.7531323507531201E-005
   9.6446195924097900E-005
   9.2062164008767505E-005
   5.3721498901965201E-005
   8.2450239861121482E-005
   9.2918620928323644E-005
   8.4726164699969457E-005
   8.6697971082197591E-005
   9.3538747173978461E-005
   1.1337219024896159E-004
   7.0816561361086001E-005
   1.2381316762998757E-004
   9.1096085000800815E-005
   7.2702181646939660E-005
   8.6111036989693022E-005
   7.5728524101049009E-005
   6.5647413641665709E-005
   8.1749904450384168E-005
   9.7844923219697231E-005
   6.2958065474807341E-005
   1.5128099051659035E-004
   7.0279854171042161E-005
   8.1064371283850204E-005
   7.3159817102123060E-005
   7.7142828745820763E-005
   1.0203628633701940E-004
   1.2707602844999339E-004
   1.3603658896600067E-004
   9.2219981031338582E-005
   6.9114487832746654E-005
   7.4079797045314101E-005
   8.1894885557452738E-005
   8.3150800390303529E-005
   7.4695133956779523E-005
   1.0497740427651443E-004
   7.1928496484724433E-005
   7.2470311838583495E-005
   9.3529633421275953E-005
   6.5034235619949578E-005
   6.9740685186464647E-005
   9.7145129394130372E-005
   1.0946959493940623E-004
   7.9581274480590786E-005
   7.9247580549208759E-005
   6.9425525517370214E-005
   1.0906642801379712E-004
   8.9358702737309703E-005
   6.1825561533647352E-005
   1.4089896926546732E-004
   9.5562507934564557E-005
   6.1923890621139565E-005
   8.9304460497270887E-005
   1.1913690628968264E-004
   9.3835721830576077E-005
   7.0668534521157813E-005
   1.1461603603984475E-004
   1.1128674968283117E-004
   5.8234317676146448E-005
   1.2886031831860561E-004
   8.6424561649647117E-005
   7.7995307853605389E-005
   1.0582035510098193E-004
   6.3633318425853643E-005
   8.0338036671050964E-005
   9.0495080242768884E-005
   6.4731910597570519E-005
   8.8915242917845708E-005
   7.3207431506047398E-005
   9.3449971399348823E-005
   7.5688347660838646E-005
   6.8341384083968814E-005
   6.6413379198268464E-005
   6.4798573784049203E-005
   1.4599235958218164E-004
   6.0352090157371648E-005
   8.6821735902517107E-005
   8.4183499762197233E-005
   1.0794480097733742E-004
   1.1376248450967592E-004
   7.8507411725001300E-005
   5.0451866508200460E-005
   5.3605761298923803E-005
   5.4820874451572134E-005
   6.2922500111460455E-005
   1.4406708299314618E-004
   8.0630270188897127E-005
   7.1411065633721383E-005
   1.0341026983237685E-004
   9.7776410642189191E-005
   1.0623560159413307E-004
   7.1270144467644729E-005
   8.2020804352108970E-005
   6.5658637449423284E-005
   7.3693478680482907E-005
   8.2605689663886776E-005
   1.6333214963666894E-004
   8.9080339313714747E-005
   9.1818934220531156E-005
   1.7988154023518984E-004
   7.8962697966714800E-005
   1.0245594429240655E-004
   6.7298911723855733E-005
   1.2375215371417017E-004
   5.8003374720852824E-005
   7.1069665009291768E-005
   9.0802141031630156E-005
   7.7129971017583004E-005
   1.3726661227263947E-004
   1.0167972492027306E-004
   7.7868568108796707E-005
   9.1108534886495741E-005
   6.1312533787037519E-005
   6.8666668372797845E-005
   7.2548434870801543E-005
   8.7714619732280461E-005
   8.1586105999916433E-005
   7.4951195467435689E-005
   6.7870248997140586E-005
   1.5229501487308613E-004
   7.9400612686323637E-005
   8.4320243249979383E-005
   1.1165245741789453E-004
   7.5076056083074692E-005
   7.1421965451636191E-005
   1.2894379343132904E-004
   1.0481558474778977E-004
   8.8594026463789086E-005
   6.8014473278067131E-005
   9.6969134633524597E-005
   6.7017240437896615E-005
   7.0135341297058369E-005
   6.3118804991550307E-005
   7.6894259615166875E-005
   6.7672581760407506E-005
   6.3379176380683134E-005
   5.5574411552381428E-005
   9.6029093318278708E-005
   1.0943241099350070E-004
   7.9631009325147381E-005
   9.0428417606710587E-005
   6.9583600745538304E-005
   7.2510881388142655E-005
   1.4245811651848942E-004
   6.9713626212574025E-005
   8.7022662166710225E-005
   8.5668862728649920E-005
   6.6465139428974031E-005
   7.4568914650394698E-005
   7.8105387617367997E-005
   8.7743819907640998E-005
   9.2451662426885792E-005
   7.0849436795820974E-005
   5.8724258724778915E-005
   5.6634445906427918E-005
   7.1026967031803640E-005
   1.0273277952480784E-004
   9.1132026270845641E-005
   6.0193337098893353E-005
   1.4265680418471528E-004
   8.9955470276693457E-005
   7.8516583259349813E-005
   1.2446795219694655E-004
   8.5871265516989897E-005
   6.3222824364538694E-005
   5.2589420317878119E-005
   5.7363617354472251E-005
   8.2909968038254850E-005
   9.8625069946200225E-005
   1.0389697875835215E-004
   7.6022523573669688E-005
   7.2770437456407317E-005
   1.1430126691098987E-004
   1.2282759939214941E-004
   1.0240580575201332E-004
   6.9132835071077393E-005
   1.0917015611886786E-004
   6.6623083829192017E-005
   1.2564089927585015E-004
   7.7691011355400627E-005
   1.0048094530993404E-004
   6.9059319130925114E-005
   1.0887023051961062E-004
   5.4168102518254845E-005
   6.9966908745082643E-005
   1.9923957188617726E-004
   1.4398070987934700E-004
   1.2003482536721230E-004
   1.0698269477617718E-004
   5.6551816030393616E-005
   6.8228690023082006E-005
   6.4553151181428775E-005
   6.3102148713978693E-005
   7.6673039109052506E-005
   1.1482199724559465E-004
   5.5466255304664569E-005
   6.7027716390583473E-005
   6.6212517119646199E-005
   7.5754535827705888E-005
   1.0660605574435438E-004
   1.1859687544577908E-004
   8.1601655848997364E-005
   1.1778731974659105E-004
   1.6234492575787097E-004
   7.9129679653763425E-005
   1.2438250394707266E-004
   1.0057842297305900E-004
   1.1213680160531454E-004
   8.2675413088599911E-005
   1.2907560279604594E-004
   8.4538754888745558E-005
   1.0215017071668957E-004
   1.0928060696793889E-004
   1.2309704785880163E-004
   9.9418838243892039E-005
   9.7061027216034966E-005
   1.2149673832717683E-004
   1.0708245027209145E-004
   6.9322899645435186E-005
   6.7461133905273585E-005
   7.1533696015500450E-005
   1.0376997681458761E-004
   8.2079246609133326E-005
   6.8348852026177059E-005
   1.0849134558666065E-004
   5.0673009166520042E-005
   8.1974450028171234E-005
   1.1709075855277029E-004
   7.6302210225410202E-005
   6.4801071868564788E-005
   8.6238670733531308E-005
   6.6480488597771997E-005
   7.9536610194093352E-005
   5.1314588099392525E-005
   5.9838482534900172E-005
   5.7457857559138625E-005
   1.6654748455084055E-004
   8.0737407856471411E-005
   1.6965353489625768E-004
   8.6290750358020295E-005
   1.1947808476297767E-004
   8.7559885124755099E-005
   1.5463728449691458E-004
   9.8070089402673701E-005
   8.6322435262714453E-005
   6.5407886527086976E-005
   7.4379129998714661E-005
   8.1179705956443968E-005
   8.1889368324033492E-005
   6.9244469114999833E-005
   8.1247901437616477E-005
   7.1567351795595639E-005
   1.2079686144415036E-004
   1.0118087146097619E-004
   8.0049411296425349E-005
   1.5479436137768226E-004
   6.8487194206406013E-005
   1.1382025462262956E-004
   9.6319792587824376E-005
   8.0024589896037079E-005
   7.2593454789726726E-005
   9.0097038409570529E-005
   6.6830802125421025E-005
   7.9586710769451155E-005
   1.0376561538538971E-004
   6.1158169856054460E-005
   1.1541871334257437E-004
   9.1951787389826030E-005
   7.1341164062688558E-005
   7.2362828039841470E-005
   6.3801510467996548E-005
   7.1396140861452079E-005
   5.2734297083159146E-005
   8.0216884612522793E-005
   1.2776413775839399E-004
   8.9202651188056213E-005
   9.4896625734131767E-005
   6.6729083070986712E-005
   1.1505351760035536E-004
   8.6286142400574927E-005
   5.9532086601803465E-005
   8.1834571488866649E-005
   8.9726024040812880E-005
   8.6173430225055806E-005
   1.0070488868029102E-004
   8.6075488844972157E-005
   1.1919872708145425E-004
   1.0845257009411274E-004
   6.6285533129999206E-005
   7.7830022304548933E-005
   7.5556615519738781E-005
   6.7587843764846067E-005
   5.6631161555684351E-005
   1.1498152781551370E-004
   1.0261953069620188E-004
   1.1630814051501224E-004
   7.3569070475102642E-005
   7.1172897231901950E-005
   6.2102216290037241E-005
   8.9034820740799137E-005
   7.1482633131043365E-005
   1.2333258360057867E-004
   7.1348637972097698E-005
   1.2559282377237543E-004
   7.0412818983491758E-005
   1.2133771923011213E-004
   1.4377297006493744E-004
   6.9155145199095610E-005
   7.4238993656977896E-005
   6.7476436116226129E-005
   1.0793896439226027E-004
   1.6987913798852022E-004
   1.2209780430239885E-004
   5.8465946879359504E-005
   6.0138351707921920E-005
   7.4642864419338065E-005
   1.0175495439701835E-004
   9.4182987213566578E-005
   6.1055069528380128E-005
   1.0279615876410597E-004
   1.1323348056729886E-004
   1.1366485141317411E-004
   1.4468962119107396E-004
   7.7393550464138189E-005
   8.2763127196453410E-005
   6.1630017973228270E-005
   1.2846815719179980E-004
   7.8413870641610357E-005
   7.4262101199081546E-005
   6.7263924920862715E-005
   1.0409000655313496E-004
   6.5899081263435434E-005
   6.0043102797664309E-005
   8.7488203413348570E-005
   8.7107668338919246E-005
   1.5096389059203940E-004
   8.2948868340457555E-005
   8.5858947193848234E-005
   1.0740303228197371E-004
   8.6578268497527932E-005
   7.0511912558569851E-005
   4.2877626650126358E-005
   1.0777888449987765E-004
   1.1656116550115453E-004
   9.7896607944751126E-005
   7.1590528982101704E-005
   7.8476812796877938E-005
   8.4333935187870740E-005
   7.4878616503504372E-005
   1.0188364399722283E-004
   8.7494340848830537E-005
   9.9538187293694695E-005
   8.4227811439099187E-005
   1.0471252763247411E-004
   1.3562849712663312E-004
   8.1131969497796774E-005
   5.8592444912835303E-005
   1.1841323981858900E-004
   8.2442155429220988E-005
   9.9752955771441446E-005
   8.9588499447088244E-005
   1.3454328428226590E-004
   7.1967260805885376E-005
   1.0571842202853558E-004
   7.5312685234909518E-005
   1.1161209713934865E-004
   1.0312244993652629E-004
   6.5222899897727428E-005
   5.5426976682557009E-005
   6.8113582998856266E-005
   1.6333104727291007E-004
   1.1219413905081239E-004
   1.0365013172069026E-004
   1.5219645312692875E-004
   1.0261902786283600E-004
   8.5829240559999364E-005
   1.0131893507224451E-004
   7.1829683579123434E-005
   8.8167713042641788E-005
   9.2866578681022332E-005
   8.2144703029828910E-005
   1.0048377153465197E-004
   8.8070201143609136E-005
   7.0440005043955620E-005
   1.1691859832931667E-004
   6.9164114688847439E-005
   9.3291337736436567E-005
   1.1725632831594651E-004
   7.6594308460546716E-005
   7.9431311911854044E-005
   7.1167685134422969E-005
   5.6714776607234859E-005
   8.6628869135711167E-005
   8.9630862055795502E-005
   9.2201959363420120E-005
   7.8669986450757316E-005
   9.3501077782138774E-005
   1.0397112231363723E-004
   1.0400585766599606E-004
   6.2554666987066270E-005
   7.5861856888277129E-005
   6.3253158087837497E-005
   9.7570470899076937E-005
   1.1320759974570010E-004
   6.7864605381698329E-005
   9.7328833861910484E-005
   1.9257403661138042E-004
   9.9080673283799163E-005
   8.5267928482290871E-005
   5.6966934894849839E-005
   5.4875536672451656E-005
   8.7517036820713060E-005
   1.1866815672339568E-004
   6.6698775991518537E-005
   7.5023356307035325E-005
   6.3821238559839984E-005
   8.4878363174178010E-005
   6.7052082230002017E-005
   6.9903815651557266E-005
   9.7728753942711102E-005
   9.5884031200539513E-005
   1.0524350048784615E-004
   7.6558587984195805E-005
   7.7940620948832909E-005
   7.7293167176297660E-005
   8.9277831496413558E-005
   6.6720631230714100E-005
   8.1398285791469492E-005
   1.1525472637306050E-004
   6.2974146180787985E-005
   8.3856518966437645E-005
   6.4566104729704731E-005
   7.2864091576684128E-005
   1.1362204329322830E-004
   6.4307464637323631E-005
   8.2929345227160747E-005
   9.5857765290575174E-005
   7.0453822297523677E-005
   9.5284624192266794E-005
   6.8049954041177573E-005
   1.0952318776629894E-004
   1.2536333497421053E-004
   6.4961313512821027E-005
   7.3384449017736215E-005
   9.2136662760523830E-005
   1.6996846363673241E-004
   7.1468632395728436E-005
   1.3186144855814309E-004
   7.0587163333135801E-005
   6.8461338740132644E-005
   8.6996666445713630E-005
   6.9103552152965743E-005
   7.1168726704972111E-005
   1.2187317318326388E-004
   6.6001419939176539E-005
   6.8527562257293814E-005
   7.1965302054032983E-005
   9.0244903545668324E-005
   1.1363398044249557E-004
   1.0006673778923842E-004
   8.9585628556131477E-005
   8.3296463774264160E-005
   7.1824785234130738E-005
   1.2626056361609433E-004
   9.3787928882106759E-005
   9.7136168004838719E-005
   1.0387467372651696E-004
   5.7199245423487826E-005
   9.6809151511477898E-005
   1.1242705899882876E-004
   8.2409316125579493E-005
   9.3747965427077158E-005
   7.6694802838918766E-005
   9.2983683013316736E-005
   8.8533213770550484E-005
   6.3750017890800079E-005
   7.6610673736333406E-005
   7.3663826790408546E-005
   7.6206161822822010E-005
   1.2959056345177383E-004
   1.4300714305493130E-004
   7.2123628847384864E-005
   1.0032444608525638E-004
   1.5938364414451589E-004
   6.9011811654395326E-005
   6.5551790502275302E-005
   1.5673169913209956E-004
   2.1823266971051188E-004
   1.7428568559731922E-004
   6.7426552919253136E-005
   7.4598618691071038E-005
   6.9383977386284208E-005
   5.6858882741048224E-005
   8.7337168930948583E-005
   6.1781172203421739E-005
   1.1059262698226563E-004
   8.8533778040459019E-005
   1.1640882940084254E-004
   8.3983690025014529E-005
   8.4993300499886209E-005
   8.1411407990574725E-005
   6.5992933655851512E-005
   9.7184463227239603E-005
   4.9785461426357320E-005
   9.1263129368280232E-005
   1.3237856153603707E-004
   7.0362595792143555E-005
   7.2557349728427943E-005
   6.5064481711903926E-005
   1.0313833507892701E-004
   8.9320690745698357E-005
   1.0566716861065940E-004
   1.1375999515240000E-004
   9.6072267749998508E-005
   1.2389388955904340E-004
   9.7237878294398233E-005
   5.1417807866892482E-005
   6.3622513266482750E-005
   1.0751773436170966E-004
   8.8167022618458780E-005
   1.3124793187104799E-004
   7.3726870978038951E-005
   5.6261147286245411E-005
   8.8489784398927931E-005
   1.0403500660463851E-004
   1.0328118289164575E-004
   9.2134338810908998E-005
   6.9043707214872530E-005
   7.4046392355582976E-005
   1.9651800641345014E-004
   9.6465610935912854E-005
   8.4522221568507751E-005
   1.0730859832201831E-004
   5.9473575182208270E-005
   9.4173932815911829E-005
   5.8337063830745262E-005
   7.1063176529771968E-005
   8.7306593100696371E-005
   5.6225705117932309E-005
   1.2823585901466364E-004
   8.3721063784832593E-005
   1.2671773001949791E-004
   8.4846699958045972E-005
   8.9524539631280991E-005
   9.1016008681204488E-005
   1.1906504134170882E-004
   8.2083341513938148E-005
   1.4535381628295681E-004
   7.0334417270857415E-005
   7.4137273133177031E-005
   7.1003709849080718E-005
   1.1786436606444304E-004
   8.5944770594787012E-005
   6.3847230575168225E-005
   6.7482828681564885E-005
   4.8750562703886612E-005
   1.1913300928744168E-004
   6.8913712011025818E-005
   1.4483420431307440E-004
   7.7512507880939303E-005
   6.1057340152448616E-005
   1.0675139283097450E-004
   5.2717128407281360E-005
   8.6481970118775094E-005
   7.5595677375897544E-005
   8.5239640173309940E-005
   7.2834456377301673E-005
   7.3701311827087946E-005
   8.9100396686500946E-005
   7.1871630347165324E-005
   1.0332241384681707E-004
   8.0287711736465932E-005
   9.3079206485911277E-005
   6.5461342649609901E-005
   7.1213256085963576E-005
   8.5586134353012660E-005
   1.1053200970571100E-004
   6.6347110478985139E-005
   8.3268541411217307E-005
   7.9384610472370257E-005
   1.0831733318176079E-004
   9.8837996663118696E-005
   7.3677831445547292E-005
   5.8883464077530811E-005
   7.6610955254106122E-005
   1.1496272990265729E-004
   9.5925418291090784E-005
   7.8294792469931168E-005
   1.0321230447129743E-004
   5.8367659460209549E-005
   4.3501633819976893E-005
   6.6650927729163369E-005
   6.4906682767656979E-005
   8.9199318677476590E-005
   5.9437094669212052E-005
   7.7226068340233004E-005
   5.6306087016688505E-005
   7.0962412941679429E-005
   8.1523935526367296E-005
   1.1746947919284688E-004
   7.7512972438972390E-005
   6.7914186723015143E-005
   8.4826216853449982E-005
   6.5049849512828172E-005
   6.2576423945160056E-005
   6.8546614791972543E-005
   1.2498518316939278E-004
   1.3601991266722622E-004
   7.2663563621280078E-005
   1.0501647490197431E-004
   8.2866327289314725E-005
   9.1354916241766302E-005
   7.6293925954388302E-005
   9.0715648080053627E-005
   1.1016605199505537E-004
   1.0424041443520830E-004
   9.7100696740416977E-005
   6.0279646540569878E-005
   1.2459261095683152E-004
   1.3149485672221047E-004
   7.6597148600932583E-005
   9.7283630496956602E-005
   6.3786325331568368E-005
   7.8704073219032207E-005
   1.0589129648005183E-004
   1.6600529899021940E-004
   9.5141583799319870E-005
   1.1531705687191189E-004
   5.1762804729334490E-005
   7.0043431544957802E-005
   5.4759575295014875E-005
   6.6474015158793790E-005
   9.4064646164738225E-005
   1.0790720394054245E-004
   7.9537666737010553E-005
   8.6582126452964750E-005
   8.5297540252009951E-005
   9.5667884647602356E-005
   1.2913017713637572E-004
   1.0694337986475567E-004
   1.0655917001318617E-004
   7.3139830889864011E-005
   7.0648936380335499E-005
   5.6886794190587383E-005
   1.0968524403269039E-004
   6.4551024586654638E-005
   7.5943229076284703E-005
   6.7662105319795084E-005
   8.2972392956733062E-005
   7.1505865696966492E-005
   1.4783561333791759E-004
   9.9026887530310147E-005
   6.5449297030747373E-005
   9.0510414885146054E-005
   9.4283205182010737E-005
   1.0744477334426274E-004
   1.3265794938701968E-004
   8.2947286331982569E-005
   8.4085998807432275E-005
   1.0574917583571236E-004
   7.1877097479701099E-005
   8.2093327475756447E-005
   1.0758774667059547E-004
   8.3619521695409474E-005
   9.3244176262574120E-005
   6.8371440388674312E-005
   1.1932635323002982E-004
   8.8605702330172396E-005
   8.2583265164392470E-005
   6.9810356527450301E-005
   9.4050877125375880E-005
   9.1373987522479542E-005
   1.2408539607955632E-004
   8.9440275648883721E-005
   8.1518817215562515E-005
   1.0095641357579930E-004
   9.6587568672516197E-005
   7.6540095522853295E-005
   9.4278837783747901E-005
   7.6442978919385410E-005
   8.6170665354541994E-005
   8.8241039441552100E-005
   5.4943073537137431E-005
   7.5230060079605146E-005
   1.0286571878187965E-004
   1.0030952248451571E-004
   9.8223991644328282E-005
   8.7213432644923746E-005
   8.2398208558279187E-005
   6.1583928668245639E-005
   7.6698305513595504E-005
   7.2876920580225546E-005
   8.6018745301012924E-005
   7.4354644017312406E-005
   1.1219128290055376E-004
   6.2237124170671406E-005
