   9.6474948457754973E-005
   7.7320478373231271E-005
   7.1166860302795856E-005
   7.4483594686445092E-005
   8.5506187123580876E-005
   6.5231304748648083E-005
   9.6080950100074083E-005
   1.2421583688499972E-004
   1.5033321344161733E-004
   9.4338816757576723E-005
   1.0934085979715981E-004
   7.2228952727533638E-005
   9.3760268882039149E-005
   1.1512139956444193E-004
   6.3248623311569976E-005
   8.7384314658616670E-005
   9.0550647293540496E-005
   9.3045732461766506E-005
   7.0065949718446383E-005
   7.3642823551851698E-005
   1.0733420784053237E-004
   8.6324267095222373E-005
   1.1602290880254893E-004
   1.0525920722602242E-004
   8.4258363951647240E-005
   1.0791790571781342E-004
   4.6666690149734091E-005
   7.5918121858724094E-005
   8.5088993161069982E-005
   8.6786796031241444E-005
   1.0414231039109127E-004
   7.5219710936251749E-005
   1.0873809358776396E-004
   6.7618971912380426E-005
   6.9663517664829744E-005
   6.0146750049606398E-005
   7.0458272847040028E-005
   8.0847423793029675E-005
   9.4844734542334186E-005
   9.2066293505038683E-005
   7.7042495921379129E-005
   1.1298788647252728E-004
   9.4166074833508388E-005
   9.6717450144522259E-005
   7.1672183585613441E-005
   8.4840166375617867E-005
   6.5128106538617667E-005
   4.9972072636166994E-005
   8.5083933758863442E-005
   9.5347863496352851E-005
   8.9404087214126762E-005
   9.3039050621687562E-005
   1.3437112210582769E-004
   1.0065829115090868E-004
   1.1401470369696426E-004
   8.4177556793295041E-005
   8.6781033276980165E-005
   1.2643649413280432E-004
   9.2485801962681152E-005
   7.2928490476040659E-005
   7.5738965773538357E-005
   5.6051623077521912E-005
   1.0145256233763696E-004
   1.3580351154087651E-004
   1.0352318822341914E-004
   6.8954161670870258E-005
   6.3206385161587700E-005
   6.8905117140518970E-005
   6.2507900451885354E-005
   1.0493547951839772E-004
   8.7170185103264578E-005
   8.9664374492839395E-005
   1.1710151968412630E-004
   9.9777895854377460E-005
   7.4148116890038510E-005
   6.6045728306366776E-005
   8.6409766326406214E-005
   8.8842038455697761E-005
   8.6258940308867852E-005
   1.1776963016155219E-004
   1.0198577335834762E-004
   1.0547295013906005E-004
   1.1679913268392265E-004
   1.0278988547109413E-004
   1.4616028398432891E-004
   6.6275145622460608E-005
   1.0432448700360434E-004
   1.0978197271746361E-004
   9.3859566563413559E-005
   7.4790257997161565E-005
   9.0269129288412996E-005
   1.0622515359056772E-004
   1.0557092102140614E-004
   1.4622712811861337E-004
   8.3108611596679162E-005
   1.7910736946598010E-004
   7.5136436991452335E-005
   5.8872638747636843E-005
   5.9707690800008846E-005
   5.9244090458578579E-005
   8.3623854486265133E-005
   8.3843442865275366E-005
   7.1750628825522939E-005
   8.8063359221436383E-005
   8.0797019852475437E-005
   7.8120200247698635E-005
   5.7341884020480766E-005
   5.1514768512598735E-005
   6.7846491125408761E-005
   1.6552876958137835E-004
   1.6899581209109423E-004
   6.4507883969440368E-005
   1.5647001218659930E-004
   6.0041998982342225E-005
   1.4416361193828094E-004
   9.7334258518827425E-005
   8.9334762859841102E-005
   7.2619449265938366E-005
   9.2345896275950902E-005
   5.9850500442916732E-005
   9.4881925968549750E-005
   1.1210418337810056E-004
   9.1393788850117793E-005
   5.1896079963690142E-005
   1.1197504761186238E-004
   1.1696978361385321E-004
   8.1323249858532688E-005
   7.9929440256662371E-005
   7.3578812926160258E-005
   8.3736544747391617E-005
   1.4507921955321325E-004
   5.8335816835966199E-005
   1.5430832840223257E-004
   9.3590049727356635E-005
   9.0456988341308103E-005
   6.8538213160593018E-005
   1.5268613922593544E-004
   1.1100958239859560E-004
   1.2615824675962092E-004
   8.1544158999451914E-005
   1.4309851489158440E-004
   7.0339622178731325E-005
   1.0707565873927138E-004
   5.4500027051630070E-005
   1.2134609639524496E-004
   7.1700343821642375E-005
   1.1804199579322155E-004
   1.2397586615486148E-004
   1.0058859841571149E-004
   1.1435615985495237E-004
   8.2510992377941495E-005
   7.7198734860062641E-005
   7.4316579097587942E-005
   1.3122759635179394E-004
   5.6701565294131320E-005
   5.5783405174509034E-005
   9.5083963875256314E-005
   1.2845107202340283E-004
   8.4445376470526799E-005
   9.7393764818536025E-005
   7.0629555616886664E-005
   7.9845714808976338E-005
   1.4014077910531989E-004
   6.5631997913039727E-005
   1.2509705545747594E-004
   6.4212173465893018E-005
   7.1076846310910656E-005
   7.3070206816259177E-005
   6.4766021419715851E-005
   7.1499606854525156E-005
   7.9735062386864387E-005
   8.0568484836881572E-005
   6.2963947331219207E-005
   7.2409357718419113E-005
   8.9612258933419921E-005
   7.2921880366534286E-005
   1.3462776448119648E-004
   1.0579553398618280E-004
   9.0078382033121230E-005
   5.9998466246631680E-005
   1.4583817419344051E-004
   8.0098426009474555E-005
   9.9406188350055120E-005
   8.6648952861681757E-005
   1.2534717780845564E-004
   6.8458498185686105E-005
   6.7949654846800777E-005
   9.6874904203005894E-005
   8.7771209817323059E-005
   9.1958462421986420E-005
   6.7260611079992465E-005
   8.2208135926043041E-005
   8.3095053604497919E-005
   9.9544031159867961E-005
   8.0974724772498772E-005
   6.1411857601945959E-005
   9.4098219029680643E-005
   9.8820637037218921E-005
   6.0278759301577703E-005
   6.5412448925049305E-005
   1.0463007226485852E-004
   1.0586836851728468E-004
   8.9965097601710022E-005
   7.7156579308786222E-005
   1.2962814625393167E-004
   7.4212639845860039E-005
   7.5265330529609249E-005
   1.4744066087540677E-004
   7.7421125019802009E-005
   1.2130296217190794E-004
   9.6186651987365359E-005
   5.5785319370736531E-005
   9.2299106397024456E-005
   8.3481670686957044E-005
   1.2031590209730961E-004
   1.0600116818728349E-004
   6.5562636693653278E-005
   1.0037018901425985E-004
   9.3093984334375156E-005
   9.4571634196565109E-005
   1.0124875086884563E-004
   5.9660286897416260E-005
   7.8179309899917548E-005
   6.2401751284332815E-005
   9.7122520061809043E-005
   6.9018693063015475E-005
   1.2738635562252953E-004
   7.3293532626497585E-005
   6.6276304158457847E-005
   8.6645914611336694E-005
   9.3769165849529778E-005
   9.3884484708321980E-005
   1.0836299885902757E-004
   7.4777206403216966E-005
   8.3670532907569557E-005
   8.2395955942595345E-005
   1.3021255124646036E-004
   1.0596161684981122E-004
   1.3572714810213666E-004
   8.3425704094117111E-005
   1.4562267125458442E-004
   8.5653018971035885E-005
   6.5429231426896906E-005
   1.4169635750779813E-004
   1.1154627623222289E-004
   8.9889446061263412E-005
   1.2351974917658884E-004
   6.4386104584324751E-005
   6.9482112127334933E-005
   9.0514417310480044E-005
   1.0572659811058108E-004
   8.3368215608823200E-005
   7.4520252445958680E-005
   9.7426833724890543E-005
   1.8301057858675332E-004
   8.4343271773233965E-005
   7.1157614379102195E-005
   6.2453337972986260E-005
   1.2047975297657224E-004
   1.4000717294629188E-004
   8.0046470948834549E-005
   7.3811321619435865E-005
   1.1820391406068663E-004
   8.9857375097321493E-005
   9.7469203820685845E-005
   1.0386455333674260E-004
   5.2497852705785175E-005
   6.7913216659636194E-005
   9.4260098190046218E-005
   1.2555610815591150E-004
   8.2933234399940105E-005
   7.8515189230209643E-005
   1.0579480826034457E-004
   1.0528340141842692E-004
   1.0514870649592099E-004
   7.4998362482964518E-005
   6.4711251464129858E-005
   8.3244517995616796E-005
   7.8573033052096143E-005
   6.9660748210911678E-005
   9.9616385049773143E-005
   9.5164964902234094E-005
   7.5750563047508247E-005
   1.1029179750903175E-004
   7.8971954392470395E-005
   9.6965947065650747E-005
   1.0682107260762751E-004
   5.9600260683198598E-005
   6.9630097721790345E-005
   6.7395874245199957E-005
   6.0479747209095319E-005
   1.0229118710423167E-004
   1.4631340061981230E-004
   8.0304888913493183E-005
   8.1163890283347107E-005
   7.0202653258949108E-005
   9.6466233332276184E-005
   1.0409867527912742E-004
   1.3075926846453862E-004
   9.1170090265751101E-005
   7.3437860181931348E-005
   9.0975934535061128E-005
   8.9353284298576038E-005
   9.9553491438496221E-005
   9.3862027933924708E-005
   7.6925035572592994E-005
   1.2248657071590503E-004
   1.1571063968176566E-004
   6.7869432939093982E-005
   5.8143867350102956E-005
   1.1165257903024761E-004
   8.1984254355347040E-005
   1.5073761758253255E-004
   1.1881860740148446E-004
   8.9863590622013282E-005
   8.8270050940925422E-005
   8.1022983456533046E-005
   9.7050927738150518E-005
   1.1666402508664052E-004
   7.4047954611522891E-005
   9.3539615437095546E-005
   7.1865657639140075E-005
   7.9206696420664288E-005
   8.6099634032470125E-005
   8.4992591395446288E-005
   7.3466939914791876E-005
   1.0650248156016064E-004
   8.4124175842441366E-005
   8.3933612019448166E-005
   6.0498142373832934E-005
   4.8861872668005389E-005
   8.3551026080933800E-005
   8.6633816283766785E-005
   9.3711537014792712E-005
   9.2270674587726902E-005
   1.1814027921579994E-004
   7.0283898125459153E-005
   1.2287620084665193E-004
   1.3902143531608347E-004
   8.7712751689906788E-005
   8.0687872702138929E-005
   9.4549725135773753E-005
   7.1279535619184117E-005
   1.1862388821414533E-004
   1.2081029899122749E-004
   8.7109079169631011E-005
   7.6724494800851800E-005
   1.2790682959747544E-004
   1.2155909105471994E-004
   6.8175828600963115E-005
   1.2215335952573138E-004
   6.2774009485857892E-005
   6.0826491045956077E-005
   9.8139461302686673E-005
   7.9265003112779112E-005
   7.6530813154914389E-005
   7.0545758979168383E-005
   1.3528825952796979E-004
   9.8382596212402197E-005
   6.9431888669707124E-005
   6.7268145701468869E-005
   7.1423489437482903E-005
   6.0833935054994884E-005
   1.3252522304285912E-004
   8.8619647808825706E-005
   9.9440632031187122E-005
   9.9774099020652379E-005
   8.5947686060371188E-005
   9.4339401146328414E-005
   9.1032522797407828E-005
   8.3332503563072067E-005
   7.3728578477981997E-005
   1.1732957954822412E-004
   1.1583091017749877E-004
   8.5437119953607216E-005
   7.8216412652723445E-005
   9.2899728425546816E-005
   1.0391656370252648E-004
   6.6906239423228042E-005
   7.9986763786755511E-005
   8.1647230708383264E-005
   7.0606180937619713E-005
   1.0722443751101562E-004
   7.5921316782318144E-005
   1.1265391990455892E-004
   7.0199067613233178E-005
   6.7192064553925156E-005
   1.3471346438430969E-004
   9.0592715133578754E-005
   7.6151754119974200E-005
   6.2635205072277586E-005
   6.8724598787506206E-005
   6.8683485405111091E-005
   1.4047727991968285E-004
   7.5313589802037751E-005
   7.5044887706578352E-005
   1.2492961954214645E-004
   7.3706377951286345E-005
   6.2389723600710440E-005
   1.8802691914086232E-004
   7.2777053637509471E-005
   7.5887549266043252E-005
   9.7303623794296721E-005
   6.4418100555981164E-005
   9.8802070710332060E-005
   9.1312488259233970E-005
   9.6163626088499452E-005
   1.0235418190002066E-004
   7.2182459475250119E-005
   8.3756135697807919E-005
   1.1855507414299688E-004
   1.0263872984611062E-004
   7.6912235319314258E-005
   1.4300377624475546E-004
   9.5759522761760166E-005
   7.2449742275311715E-005
   6.4622093239460930E-005
   1.4060823527772606E-004
   1.4611110611354212E-004
   6.9812156414581823E-005
   1.0337376205079650E-004
   1.1367398708530749E-004
   7.5210531910433905E-005
   8.5608668789659094E-005
   9.0909398293373211E-005
   7.8178759806912140E-005
   1.2029606662822820E-004
   1.0492880560770199E-004
   1.0594581938621647E-004
   9.5538529959693607E-005
   5.7790341208594311E-005
   1.5435337693495694E-004
   7.8301933105126892E-005
   1.3687636633343052E-004
   8.0083011440409206E-005
   8.0214434890723098E-005
   8.9289524660065344E-005
   6.6780169314212967E-005
   1.2420145321311580E-004
   1.3433634168350878E-004
   7.0020134695888311E-005
   1.3814593536093015E-004
   1.0780720103996146E-004
   9.3192852852218993E-005
   7.2735313242601332E-005
   1.2970401134215835E-004
   1.1316483741279288E-004
   5.4237309591256307E-005
   1.4521315096474862E-004
   7.0145235404180917E-005
   1.0476630419264970E-004
   1.0126131257576916E-004
   8.5287381051104297E-005
   9.1607924356134542E-005
   5.8924027034817927E-005
   6.7042915301510230E-005
   7.7036439411361151E-005
   1.1330915694954304E-004
   6.7289807837828884E-005
   7.0585130494364313E-005
   8.2390903631852005E-005
   6.0510350076857377E-005
   6.2447480059275054E-005
   1.3435647713769101E-004
   7.1669790540827862E-005
   7.6104016636585218E-005
   6.0815571812083705E-005
   8.7546508176146974E-005
   9.4711262757191895E-005
   5.2253649320445274E-005
   7.8491173253172718E-005
   2.3619837539299440E-004
   7.3742598552793118E-005
   9.1599301697458481E-005
   8.4232245139356936E-005
   1.5435976027312285E-004
   7.3637110769102563E-005
   1.0982395597995178E-004
   1.5651703759384064E-004
   7.4785674833621326E-005
   1.0430562730496721E-004
   8.2006962238460570E-005
   8.8490764502446105E-005
   1.0457898547691315E-004
   7.0357649511597193E-005
   8.6681366845762838E-005
   1.2537238938147135E-004
   8.4189552733231014E-005
   1.0248060591057885E-004
   8.4254656319080094E-005
   6.4175765972547083E-005
   9.4274932393927649E-005
   1.5402409630510067E-004
   9.8884907634679434E-005
   9.5531488100995376E-005
   7.1058959801910025E-005
   8.5963661471526333E-005
   7.9559958227149932E-005
   7.5793817718170680E-005
   9.7477327047843697E-005
   9.0746126957816942E-005
   1.0444664943330926E-004
   1.0315422707974255E-004
   7.4462602019401120E-005
   9.7590795471588331E-005
   1.0136736605350906E-004
   7.4217845665113495E-005
   1.8144715649276907E-004
   1.2982844800457142E-004
   7.8413137642120340E-005
   9.8871995907871059E-005
   8.3188230573398120E-005
   7.9502005215798305E-005
   7.2341352548497032E-005
   6.7164427264289930E-005
   7.7045462502274738E-005
   8.6447278357027702E-005
   7.6325212458520190E-005
   9.4082405029253610E-005
   8.0193954382872085E-005
   1.1780586523482304E-004
   8.1220140177021668E-005
   7.8360594065638792E-005
   8.5096366657573850E-005
   1.6161061613359124E-004
   8.0472221278525435E-005
   8.8673959408872819E-005
   9.2532513102622105E-005
   9.1060052793496719E-005
   9.5609376203078698E-005
   6.0995990209007239E-005
   8.4537958488749491E-005
   8.5511304275073658E-005
   1.0354551921288789E-004
   9.9886752013593458E-005
   1.4568037515289185E-004
   6.1690583426603782E-005
   7.9885570697294881E-005
   9.1508321736524445E-005
   9.0631250867027123E-005
   5.8105187851467136E-005
   7.2847645512664360E-005
   8.0422504144483887E-005
   7.9297512165022480E-005
   5.8503128877894663E-005
   6.7580993030819697E-005
   1.0004907384858151E-004
   1.0316700747124760E-004
   5.3610831517556297E-005
   7.2256148117180922E-005
   2.6617099538932157E-004
   1.9123327617741795E-004
   5.5089140966139112E-005
   1.2512740515045422E-004
   8.3951413866156809E-005
   5.5809201304946603E-005
   8.3835203852469721E-005
   7.6049399699715521E-005
   6.5086920743972243E-005
   6.2509187737548808E-005
   1.3339390557130814E-004
   7.9957519661193587E-005
   6.4849833157922565E-005
   1.4839218295215184E-004
   9.7355574876623361E-005
   7.2639805279223546E-005
   7.3002877763802808E-005
   6.5139059481073903E-005
   6.5125228359841776E-005
   7.2323115539555427E-005
   6.8439490164924640E-005
   5.6462589165338562E-005
   9.1376301358726494E-005
   6.2008421077157524E-005
   7.0659933172711212E-005
   7.0875376828138722E-005
   8.6242268454014639E-005
   1.0644223147944506E-004
   9.1953783269312127E-005
   6.4648679029585322E-005
   7.2171280121134483E-005
   8.8473113093015575E-005
   1.0264271710332038E-004
   9.1683296702331388E-005
   1.0414036665438932E-004
   1.2290339311128051E-004
   8.5157908831354003E-005
   9.3190797037507209E-005
   7.7676047589289693E-005
   8.0939413824065678E-005
   1.1399862918916919E-004
   7.2475389488337253E-005
   1.2031118746583723E-004
   1.1831880821863172E-004
   5.5231360014363414E-005
   1.0328302128998617E-004
   1.3974167020131578E-004
   1.1532891157007590E-004
   7.1830315466483606E-005
   1.0126183276513503E-004
   9.6012987885267040E-005
   1.1706659218266648E-004
   5.0875975735482337E-005
   5.9796782128698492E-005
   1.5077395604629678E-004
   8.1071848636845987E-005
   6.4311971364971804E-005
   7.4652051819314088E-005
   6.7600231426748238E-005
   1.1146947394269447E-004
   1.2547013175022168E-004
   1.0499995682845420E-004
   7.3612903962484469E-005
   7.0403281446638141E-005
   2.4802205041893609E-004
   6.6771436734947009E-005
   9.1711913653027234E-005
   1.0746285602841434E-004
   7.8020132394057524E-005
   1.1736810772620479E-004
   8.6582939054266603E-005
   8.2105266930319131E-005
   7.9573166548769803E-005
   9.0771465589209251E-005
   8.0891110310368352E-005
   8.8115743635337952E-005
   9.0055041853174251E-005
   1.1254802034226584E-004
   9.3793333361716908E-005
   7.1207778942384049E-005
   9.7931208872603751E-005
   7.3118609580707973E-005
   6.4359221762131524E-005
   1.0474745428147075E-004
   1.2333561393799552E-004
   1.0577989776281204E-004
   1.1069269460412348E-004
   9.7598738949653362E-005
   1.3058093960192124E-004
   7.7503921344639803E-005
   6.6636657232275036E-005
   1.4436318012142402E-004
   1.0315500566471746E-004
   1.2537488201285417E-004
   6.5778841834144311E-005
   9.1603012957074890E-005
   8.2264421275256226E-005
   1.2962209800304632E-004
   9.8474133683525600E-005
   6.1469249404287875E-005
   1.0384409213702375E-004
   1.5320547293162003E-004
   6.3837846467238959E-005
   9.9370681607586188E-005
   5.8504925678469763E-005
   8.0051134665574329E-005
   6.1818049111478308E-005
   1.4712399078736394E-004
   6.9244970591105076E-005
   6.5419428531138246E-005
   1.0359545768840535E-004
   7.2454087241435370E-005
   1.1490575690050386E-004
   7.4977293147333472E-005
   1.0973464608294351E-004
   9.5938987725027164E-005
   6.7892922450972940E-005
   6.4831251103529018E-005
   1.1917726696337430E-004
   1.1539044550345599E-004
   7.4054076372266590E-005
   7.8508241420408581E-005
   1.3391021805154616E-004
   9.9931500578526224E-005
   7.1146869865827385E-005
   7.1382312793783363E-005
   8.8556012284817583E-005
   7.4990930991215257E-005
   9.3064373028650302E-005
   7.8882083095474560E-005
   8.8448749364203764E-005
   9.6997729405834092E-005
   1.2563332595628762E-004
   1.2316168820366186E-004
   7.3162499137534556E-005
   8.3974135006714635E-005
   8.6582582694862188E-005
   6.4090852783636436E-005
   1.2262877327879232E-004
   6.2008445219753893E-005
   9.9155044617711457E-005
   5.8321685436145972E-005
   1.1648539794289956E-004
   2.2321591893988143E-004
   8.7897255738817197E-005
   5.7862318585082356E-005
   9.9645070476236350E-005
   9.7527990370054713E-005
   8.5963596735282271E-005
   7.8146957712929625E-005
   7.6293569669631965E-005
   1.2549865816092161E-004
   1.7589887293903796E-004
   7.4046690069839069E-005
   8.3583053874435284E-005
   6.5201561638549986E-005
   6.1428362845453480E-005
   5.0381448079919317E-005
   8.3092508965513408E-005
   6.2971932373238326E-005
   5.9189994318101886E-005
   8.5603394331727956E-005
   1.2056825641006629E-004
   1.1142350322485234E-004
   9.1557391913899152E-005
   7.2221714301667930E-005
   1.0436001284051961E-004
   5.6352368334925154E-005
   1.3765284746527481E-004
   1.4155206586710217E-004
   9.2046582982560399E-005
   1.3695070038961891E-004
   1.1296884020592655E-004
   1.1259352882788822E-004
   8.2723682343146518E-005
   9.0989743550802180E-005
   1.0170490033593825E-004
   6.7837676693709484E-005
   9.4405849090416373E-005
   1.1667787882387257E-004
   1.3945453974389721E-004
   5.7634891221391876E-005
   7.4746031483198473E-005
   5.5993526380678578E-005
   8.7024732821097288E-005
   6.5394258136506722E-005
   6.2271585218119110E-005
   8.4274040191907921E-005
   9.7461372017101417E-005
   1.4733827371199716E-004
   6.7309055174193152E-005
   7.6390244055106804E-005
   9.3925721030560513E-005
   8.8840178522068652E-005
   9.6720630752634783E-005
   1.1326399582797170E-004
   1.1326694077194770E-004
   6.7086152402584518E-005
   9.4547394906761603E-005
   9.7977495070098483E-005
   1.2213938660834942E-004
   8.5090080587072104E-005
   7.3116222879548147E-005
   1.3329422288698930E-004
   1.5006411049547203E-004
   6.0228303074040216E-005
   1.1531579547815510E-004
   9.0933133966494126E-005
   9.5028125543248132E-005
   1.6958388641302399E-004
   1.2919314136152244E-004
   1.0897145773294267E-004
   1.0027331760318925E-004
   1.3424429637824055E-004
   8.1431903094851695E-005
   8.3462576870387269E-005
   7.5093366469173130E-005
   5.9932254752256665E-005
   8.0478578963678917E-005
   7.8704061725969290E-005
   5.0795727820104543E-005
   7.9172306013089523E-005
   8.2236758477131162E-005
   7.2847812518082508E-005
   1.1867545598791870E-004
   8.7773566871548659E-005
   1.0316154001416912E-004
   9.7011460635017350E-005
   7.9892781065282777E-005
   9.6265764040110152E-005
   8.5217504771930872E-005
   1.3820350753407829E-004
   8.1261811693255530E-005
   7.7697298068171190E-005
   1.0414492493617714E-004
   7.8122636143111409E-005
   8.5217124391729753E-005
   9.2820192868273919E-005
   7.1798756254215385E-005
   5.6077423787057230E-005
   7.3602646101844909E-005
   1.0824516804358945E-004
   1.0927095720165780E-004
   4.9128451256264893E-005
   1.5466835421799833E-004
   8.0241357197738787E-005
   8.2200034671976789E-005
   7.1227998712123229E-005
   8.0850905071484189E-005
   1.3347988487463007E-004
   8.1016964372643480E-005
   1.2681623212744105E-004
   8.2662788180991044E-005
   1.2223148053729880E-004
   1.1343801912864101E-004
   8.9959794616532022E-005
   8.5575969208382747E-005
   1.2131748489630000E-004
   1.1864352818344919E-004
   8.1352134903249612E-005
   9.2473819517120364E-005
   1.3687670686970250E-004
   8.8246667543914048E-005
   1.1551137426955185E-004
   1.0934233702842266E-004
   7.7961710132432805E-005
   7.1043810338990791E-005
   1.5094692500406686E-004
   1.6412895152115862E-004
   6.5893646653944802E-005
   7.9530988533554553E-005
   9.0853821528281647E-005
   5.4151092548999006E-005
   7.0653818308633463E-005
   5.4788627965737926E-005
   6.1935153997130256E-005
   1.0651358677188741E-004
   5.0080724715908488E-005
   1.1016456485767326E-004
   1.1868169914808445E-004
   1.4081245231553079E-004
   6.4609234277581714E-005
   7.4910810700711409E-005
   1.1480592919959233E-004
   6.4640465595600165E-005
   9.4329393225796377E-005
   3.0181668391577953E-004
   5.9962203626965576E-005
   9.8151485412600146E-005
   7.1387676614637527E-005
   8.4560353539972502E-005
   6.9433523642961726E-005
   9.1502525578896301E-005
   9.9229001997727079E-005
   1.2613838326958177E-004
   6.3383829126300656E-005
   6.6147088826139968E-005
   8.8647967030041269E-005
   8.9966346251355874E-005
   1.6588336941404753E-004
   6.0987695090679036E-005
   8.8332111904824092E-005
   8.1086368489510799E-005
   7.3489749631639980E-005
   1.9985035886063113E-004
   8.5419554568369244E-005
   7.4079093590055851E-005
   7.7646851480526232E-005
   6.4104586183121880E-005
   1.0160213894743909E-004
   6.8784604678623400E-005
   5.7860946263969937E-005
   8.7519761581729294E-005
   1.1324405975487992E-004
   8.4967046253532242E-005
   7.2711718328242553E-005
   8.0140387392654686E-005
   1.1363951944438129E-004
   8.4991501554938884E-005
   8.6023525664483553E-005
   1.1868445141516369E-004
   1.2633536013440053E-004
   1.1078993701788604E-004
   6.6892716441862239E-005
   1.2271193675552616E-004
   5.7849932824205983E-005
   9.8543451118911156E-005
   6.8350894139234924E-005
   8.0852631279297517E-005
   1.3993462218453849E-004
   7.8458079213123352E-005
   8.2026967793424275E-005
   1.4063743767537496E-004
   1.4570160282954874E-004
   6.9614267438815046E-005
   7.4150653144870857E-005
   8.9276246888129315E-005
   9.0311346134770026E-005
   1.1733244005635798E-004
   8.5585240637343359E-005
   1.3659384416166590E-004
   7.1618194679335997E-005
   1.0137465952279375E-004
   1.5716956140584960E-004
   7.8110125574982022E-005
   1.3181130868527741E-004
   1.2215704038100184E-004
   8.7244411723176094E-005
   7.1825278661715879E-005
   8.5661819518313364E-005
   9.5944009753533838E-005
   5.3528305552520609E-005
   8.8159256640446613E-005
   1.1926339915225399E-004
   9.6783797561829363E-005
   8.9999284510135791E-005
   1.0442349648826097E-004
   6.2036697508307542E-005
   1.6143595892029500E-004
   1.0058546864783252E-004
   7.0270104049279544E-005
   9.2892105548993757E-005
   7.9018002693512901E-005
   1.0624388119602596E-004
   1.0069669240374397E-004
   7.9614140336723213E-005
   9.3336741790499254E-005
   8.0905592486396261E-005
   1.0999729055135203E-004
   8.0393381523648273E-005
   1.0693769107843899E-004
   6.9792206619936098E-005
   8.8196321494259282E-005
   1.1716170349695497E-004
   9.6070818088398789E-005
   9.2239242373380273E-005
   1.1207374702423150E-004
   6.9341825835955229E-005
   7.4311401893338854E-005
   6.8484103365740274E-005
   8.3040083001257009E-005
   7.1811009926768467E-005
   7.9761071508819927E-005
   4.6479030589151912E-005
   1.0587674560501745E-004
   9.4543044196353262E-005
   8.3220042783620823E-005
   8.9372409441999901E-005
   1.0816533580556995E-004
   1.0839941160510105E-004
   1.2858496869875004E-004
   8.2228271574070523E-005
   8.0556625630608130E-005
   1.0979602283997459E-004
   7.7315426221739164E-005
   8.0890258438461352E-005
   9.0897440862514932E-005
   8.1215994153616554E-005
   1.5967652921220014E-004
   9.4578325281420304E-005
   5.5584573218162913E-005
   9.7487238210179660E-005
   8.1694162840507267E-005
   7.1584623815806707E-005
   7.7454241533655443E-005
   1.2807850238913377E-004
   9.5637297758702100E-005
   8.2247449614678388E-005
   1.1502359571675651E-004
   7.1515885809458738E-005
   7.7324662855077569E-005
   9.6284435484501801E-005
   9.6774893656446294E-005
   9.7107427438108105E-005
   7.0266321496243345E-005
   5.5933679880594106E-005
   8.0226383368220172E-005
   6.2522659373263220E-005
   5.1170606155213350E-005
   6.9287274693797374E-005
   6.2832578914401820E-005
   4.9910109730983572E-005
   1.9008139758703994E-004
   5.4275434691800639E-005
   6.2419369988842488E-005
   1.1253832400802104E-004
   7.5849932394981561E-005
   1.1613950078977531E-004
   1.3299645491924152E-004
   1.0248365246901586E-004
   7.4847445614390192E-005
   7.4886776789437177E-005
   1.8693403148444131E-004
   1.2405927597685260E-004
   7.2850506608031779E-005
   6.3189599836268920E-005
   1.0029862256919983E-004
   1.0046214945554947E-004
   1.1498201395558416E-004
   7.2090402981267831E-005
   9.2997391378393809E-005
   8.9341138842334410E-005
   1.0642493695125917E-004
   8.8235110295976818E-005
   1.0330144970661429E-004
   4.9220835304668892E-005
   6.1176010659728402E-005
   7.0722544367531322E-005
   1.4443735822596763E-004
   8.2417539307868458E-005
   1.3646560356138048E-004
   8.1494037308422630E-005
   9.3743050358739490E-005
   1.2576511486430073E-004
   1.0991481758092788E-004
   7.0000797489077739E-005
   1.0616973719823203E-004
   9.2058253349907139E-005
   1.1041994958339575E-004
   9.7087085520182963E-005
   6.6391901164551356E-005
   1.2156996704221181E-004
   9.6855843134947202E-005
   8.4478113889036995E-005
   6.2562924645122040E-005
   5.6312037128097599E-005
   1.0575305680738996E-004
   9.3962821747039995E-005
   1.2552375197891276E-004
   1.0975859770130215E-004
   1.0812768476381385E-004
   9.1491268227188462E-005
   4.8268743300817685E-005
   7.9083402631783750E-005
   6.8310315569091164E-005
   1.1556660103370352E-004
   1.0274124029825827E-004
   8.7097817778615194E-005
   7.7633308894170571E-005
   6.2155033700278398E-005
   6.1268171166236075E-005
   1.1660127921788577E-004
   7.7336664668603894E-005
   1.1458424588103945E-004
   8.4492763397010133E-005
   7.6569208900989340E-005
   6.2808987915259377E-005
   7.5907238399909612E-005
   9.5836516404295202E-005
   1.3402886549700990E-004
   7.5799429785213275E-005
   6.3727224682026126E-005
   8.1426672351089452E-005
   8.9482137875736796E-005
   1.0572845089235243E-004
   1.2919378899582976E-004
   1.1518632080868542E-004
   9.4806561567674347E-005
   8.2857236285024325E-005
   7.5084623994283546E-005
   1.5054195996888389E-004
   6.5307645966485505E-005
   9.1449613567013763E-005
   9.5157794594611744E-005
   8.1192342207730622E-005
   8.0004669492228815E-005
   7.3357040963508717E-005
   6.3346404718911934E-005
   1.0996656540682154E-004
   1.2729992085158239E-004
   9.6741690924139530E-005
   6.3150511572208562E-005
   1.3354093806291315E-004
   1.1102874935062649E-004
   7.7564859125859936E-005
   1.4358037602865955E-004
   1.6199184206315296E-004
   1.0971052208619217E-004
   1.2164973728876709E-004
   5.6404018194653572E-005
   1.3203634532980637E-004
   1.0956095020727667E-004
   7.9889370410642988E-005
   1.2561602174562337E-004
   9.1410667482995681E-005
   1.3633719154675355E-004
   7.6369453271609293E-005
   7.6923303113761652E-005
   1.1974682254914182E-004
   1.0238993883760560E-004
   1.9317762005047179E-004
   8.0409281471385948E-005
   7.5049843023827510E-005
   8.2934279149993610E-005
   7.1352890979502800E-005
   1.2258963016444514E-004
   9.6508729875171564E-005
   7.8491227984008277E-005
   7.0621987291013755E-005
   8.2522914829612543E-005
   9.3784288297919726E-005
   7.8210592509258642E-005
   7.9709864600611055E-005
   8.4878065592635865E-005
   4.6445396415107405E-005
   1.1312145899350197E-004
   9.8745044319550299E-005
   1.0211963967304740E-004
   1.3908265777082797E-004
   9.1290705924273655E-005
   8.4495681583044314E-005
   1.4945945838216174E-004
   1.1846302539325460E-004
   6.9619181350115113E-005
   7.8663003243721727E-005
   7.7776061447977317E-005
   5.8493497084181485E-005
   6.5377020671678312E-005
   9.8753573896755972E-005
   6.6037503713584208E-005
   8.5872747321415126E-005
   7.6512988641813450E-005
   5.2779376440869102E-005
   9.8769840675603596E-005
   1.1834101436471510E-004
   1.1344618567692791E-004
   7.9969185247813311E-005
   5.9801687569867048E-005
   7.2996741300804070E-005
   1.4689614048101743E-004
   8.8505073553984728E-005
   1.0281848931936833E-004
   1.0182948392867050E-004
   1.0009584646107651E-004
   5.9932382100064474E-005
   1.1397185190204528E-004
   8.9849548959267678E-005
   8.4034392201869603E-005
   2.2250548077980194E-004
   4.6521977219649572E-005
   6.2854702394610565E-005
   1.0849428652535282E-004
   7.2970760186668877E-005
   7.3087840805617879E-005
   7.2178657060591007E-005
   1.1404930658844695E-004
   1.2665414496770456E-004
   8.7585200955453594E-005
   7.6386686566666146E-005
   1.0445286477000809E-004
   7.6392682692881701E-005
   6.9815064356121379E-005
   7.8354316063318830E-005
   6.4828422847699018E-005
   1.1478907094993977E-004
   1.2345252073540819E-004
   1.4177465495817770E-004
   1.0203659059332184E-004
   1.0335730580221834E-004
   7.2340574361527742E-005
   9.4552432493637256E-005
   9.2679826149711099E-005
   8.1728537093970984E-005
   1.3943573371593432E-004
   8.3403502092425661E-005
   1.0016785749575250E-004
   9.5794453721320658E-005
   8.3540195899192731E-005
   1.2667115273071807E-004
   1.3282398915040041E-004
   8.6497539196780129E-005
   8.8201552431093632E-005
   8.5071307217843856E-005
   1.0698200620273386E-004
   8.2302636104853496E-005
   8.8017326583892289E-005
   6.9504309383184088E-005
   1.2778589664826993E-004
   6.6012643654344942E-005
   1.0065674126982947E-004
   6.1816824700936426E-005
   6.9209366087276400E-005
   7.8504374193360738E-005
   7.6247789751122548E-005
   1.3028676365897210E-004
   9.4100349560852442E-005
   5.4359046288588352E-005
   1.1833534404858737E-004
   6.0031716914329282E-005
   8.5785420503957073E-005
   1.1066666719686391E-004
   8.9443515655813599E-005
   6.1672847917463525E-005
   1.0360744645832722E-004
   1.3371696109013416E-004
   1.0438824525472830E-004
   1.4372438907232703E-004
   1.4329862838889841E-004
   9.3088989213726680E-005
   2.2210973797733252E-004
   6.3974614192702104E-005
   1.6243926977337471E-004
   8.2633704049765516E-005
   9.6092532458469569E-005
   8.4591915973491693E-005
   6.0930184065837748E-005
   8.0472292845089200E-005
   9.8011893121546589E-005
   8.9639268201297312E-005
   1.2419437702545122E-004
   8.6282988835636879E-005
   1.0306286663475766E-004
   1.0320837565484144E-004
   6.1872292256333805E-005
   9.9311928359761703E-005
   7.0221181715031576E-005
   8.7652837440379053E-005
   7.0954645179919403E-005
   6.8054153393523763E-005
   1.1476420419743345E-004
   8.6023549058031530E-005
   9.2227241218125088E-005
   1.3613508744393508E-004
   1.3796426456030020E-004
   8.0286520263185286E-005
   6.0465958009911632E-005
   8.3083416504629902E-005
   1.2560709611037914E-004
   1.2488385026670880E-004
   1.3681010391437771E-004
   8.8176848254544653E-005
   9.6312091783811409E-005
   1.4861147186711040E-004
   8.5011874013988926E-005
   6.4987609470410344E-005
   8.9315371220709901E-005
   6.9581755371135660E-005
   5.6137135671181363E-005
   8.7578819355636691E-005
   8.7453440372938993E-005
   1.0540914771674901E-004
   8.3521240908625340E-005
   1.5815189022786813E-004
   1.3011637354228719E-004
   8.1881790569567449E-005
   1.4891720519339560E-004
   1.0674450492322185E-004
   1.0258092799743319E-004
   8.3300428682793465E-005
   9.6693683632568216E-005
   8.2393872360857307E-005
   6.9456963072776185E-005
   6.6478105422651575E-005
   9.4319580380661515E-005
   1.2100425978708401E-004
   6.2844121801527601E-005
   9.1062688860861911E-005
   7.0855048357462767E-005
   8.8710102429851570E-005
   1.5339672500068504E-004
   7.5027601967194487E-005
   9.3166705780735378E-005
   8.7763053716829209E-005
   1.1411111896298335E-004
   7.6278121884258387E-005
   8.8085874873135005E-005
   7.0018443738373824E-005
   6.5303750609705028E-005
   7.2164914534642496E-005
   6.6637179471480597E-005
   1.5657650685744375E-004
   1.0085371836430462E-004
   1.1798187588850587E-004
   8.8839644156374218E-005
   6.5964741621244105E-005
   1.1176268980149535E-004
   1.0396840573660034E-004
   1.0435496806127952E-004
   7.4926970260656846E-005
   7.4795877605398676E-005
   9.2588604861529544E-005
   1.1895094615944584E-004
   8.4831423509546281E-005
   8.5923254163507268E-005
   1.0022518789554190E-004
   5.1375101053274000E-005
   9.6359430608513043E-005
   8.0336242697119574E-005
   1.3169450605459763E-004
   8.6141132597909148E-005
   8.6607462431454029E-005
   7.6380620761579493E-005
   9.9033035740287627E-005
   7.9337923680127044E-005
   9.2234405565765878E-005
   7.6706559164216401E-005
   7.8027543033138113E-005
   1.1199886694116975E-004
   9.4652615807426917E-005
   8.6246072568605273E-005
   1.1571978450183031E-004
   1.2116500388967378E-004
   8.2840676436893410E-005
   1.0350363350521323E-004
   7.1156208825109705E-005
   1.0003209606924259E-004
   7.7614475618423368E-005
   6.5008768255668946E-005
   8.0605872234674032E-005
   1.0659454164847281E-004
   1.3719663353716622E-004
   1.0818066926039192E-004
   1.1986104379063922E-004
   8.6137318841756266E-005
   9.0901412357324884E-005
   6.8070231608864741E-005
   1.2825680575265420E-004
   8.5805875198502953E-005
   8.9434467650009047E-005
   8.1139655558968231E-005
   1.3490217634897587E-004
   9.7777042581302046E-005
   1.1937238120464062E-004
   1.0965274997841429E-004
   8.5222398672750620E-005
   9.9140299012187341E-005
   6.3624752760695939E-005
   8.9804034493233176E-005
   9.1659867806754975E-005
   8.2103097980813062E-005
   1.4045281881683817E-004
   8.7640084391889386E-005
   8.0831587341115060E-005
   1.1118123851375676E-004
   1.1612471852707038E-004
   1.0679818340985699E-004
   8.7024619838505228E-005
   8.0135997782763114E-005
   1.1544077284104941E-004
   1.0535667096791733E-004
   7.6659813360628577E-005
   5.7623805576941356E-005
   8.6758388304368936E-005
   9.7646831515106614E-005
   6.3361945832291942E-005
   7.4232610938052782E-005
   8.4068841938919104E-005
   8.0501022278530251E-005
   7.9042999371818962E-005
   1.1539238742951249E-004
   2.6629390146373609E-004
   8.9935867479358988E-005
   7.5757192261947492E-005
   1.0202334443739711E-004
   7.4128320669677775E-005
   5.1858244070207638E-005
   8.1954992869308154E-005
   6.5794416566160771E-005
   1.3854488580496033E-004
   5.6687841260931578E-005
   7.9342224835275398E-005
   1.0089276517180233E-004
   1.1235484103651218E-004
   1.0103081392350029E-004
   1.0112305983968202E-004
   7.4858797889153681E-005
   1.7179127733965859E-004
   9.0601165967236016E-005
   7.9347184536557175E-005
   8.9736874292610256E-005
   7.7084021226716805E-005
   8.2683821106287300E-005
   9.8032085922401273E-005
   1.2919316905239333E-004
   9.0391958573484080E-005
   8.5901718406791632E-005
   1.6785593753721432E-004
   1.1021718669649509E-004
   7.4523443685234445E-005
   8.5638202287627549E-005
   7.3221693274615893E-005
   8.4365605730822417E-005
   1.1299745657012229E-004
   1.0454005127363539E-004
   5.3282712894250118E-005
   6.9483295811994961E-005
   9.4345800939188120E-005
   6.5572727808993223E-005
   9.0648736419659198E-005
   1.2550317782098543E-004
   5.3330045261770493E-005
   1.0333587792712825E-004
   6.1440057868517820E-005
   1.0666551553584642E-004
   8.8479794916382560E-005
   7.1800562102153923E-005
   1.0795595992060392E-004
   1.0433786137725257E-004
   1.2171495078604996E-004
   1.0289507630630194E-004
   1.3731810009228135E-004
   9.7872374043067313E-005
   6.2067910829627772E-005
   2.0185422519807355E-004
   1.3637791118966498E-004
   1.1733840926933407E-004
   1.2851366988280696E-004
   1.2839201157293503E-004
   1.1392686398572559E-004
   1.1797450056869226E-004
   7.5419436973397724E-005
   7.9817771275226694E-005
   7.6502333685596563E-005
   1.1821893283093831E-004
   8.4167722258039965E-005
   8.6782568928786769E-005
   6.8319366865267028E-005
   9.0937983817507889E-005
   6.8271398278873895E-005
   8.8913037087844291E-005
   9.8329241478681113E-005
   9.3330106769300272E-005
   1.2944609203046403E-004
   7.0931429708910167E-005
   1.0604692991239602E-004
   7.2656625375747773E-005
   1.1895381559539834E-004
   9.5187316093780865E-005
   6.4509058477156469E-005
   8.7464820067345846E-005
   8.5185274517585169E-005
   8.6283794901020021E-005
   1.2140504575883674E-004
   1.2394655303689487E-004
   1.7043096451924597E-004
   8.3750669293059237E-005
   1.5029922691121327E-004
   6.8338192949137145E-005
   8.6385658018966010E-005
   7.8380794439729732E-005
   7.7804010758965647E-005
   1.7445742014999302E-004
   7.0956644125441369E-005
   5.9108435430289072E-005
   6.7889850492911598E-005
   1.7341271706137744E-004
   1.2117459563447211E-004
   8.2797912796864001E-005
   7.3358531495786088E-005
   1.0022486239875731E-004
   1.4259082358517166E-004
   1.1488579853074388E-004
   5.5366695239795189E-005
   6.9818460692587771E-005
   1.2409220641672919E-004
   1.5066274430381308E-004
   9.2599857877101522E-005
   7.1047792387924047E-005
   1.1926796681855230E-004
   1.0484998651154368E-004
   8.6480476456781376E-005
   9.7552020072449227E-005
   7.8881075089315373E-005
   1.2114905569813416E-004
   1.2913215464945043E-004
   9.1902071075354439E-005
   1.3048715800785597E-004
   9.9535769796309448E-005
   1.0260746797022453E-004
   7.1057073567350068E-005
   1.0887129662664894E-004
   1.0076306245056093E-004
   1.1342168823306815E-004
   1.7395191460005998E-004
   9.8185146568607561E-005
   7.8650603992316516E-005
   1.0483594431131542E-004
   1.0763349640945703E-004
   8.9194098562310657E-005
   1.1819841331848872E-004
   6.9033745983345342E-005
   8.6685066686668883E-005
   8.0919856837939050E-005
   8.1958276771626590E-005
   9.5972296000086931E-005
   1.0726583887048004E-004
   6.6324712197957520E-005
   1.2148902804624548E-004
   1.7876151938215425E-004
   5.3840637657882483E-005
   8.4489556385298724E-005
   7.5481177709827178E-005
   8.0228234831252661E-005
   1.2156742708115775E-004
   6.1764350702730325E-005
   1.1642903522361747E-004
   1.1294600219310921E-004
   1.1912988360306926E-004
   1.0357951792410510E-004
   1.2066299782846669E-004
   8.5109075046314243E-005
   5.3771694786414854E-005
   8.8817290697462616E-005
   6.9756780017887738E-005
   1.0677478901851919E-004
   8.2735161092245175E-005
   7.9886020859874850E-005
   7.9755463856924955E-005
   1.2437989155651919E-004
   1.2707600535653642E-004
   1.0154235116968910E-004
   1.1534649426571934E-004
   9.1981613183214503E-005
   7.6984147399508459E-005
   1.6095185812319216E-004
   7.9005968997400731E-005
   1.7868008739607187E-004
   9.4814815978309556E-005
   1.0600000201733813E-004
   8.7185066872233147E-005
   8.4403871696470483E-005
   6.2207244958797274E-005
   1.0763757720208674E-004
   1.1388714574150448E-004
   9.0395445841192487E-005
   6.7520702534397821E-005
   1.2380545486399423E-004
   6.8084743399191930E-005
   1.0281528930879603E-004
   5.9081832189671068E-005
   1.1471737039658448E-004
   9.6168027376427980E-005
   1.0823364906201731E-004
   9.4089951101388104E-005
   6.2532970738782344E-005
   9.0848760235346838E-005
   7.5386587419476383E-005
   1.5905194877267103E-004
   5.8473171852764835E-005
   6.6267287663346845E-005
   9.7877394955828945E-005
   1.0482291446664259E-004
   9.3006278307950426E-005
   9.9196070387215062E-005
   8.3909467011344932E-005
   8.3986188302080883E-005
   7.8143079050923224E-005
   5.5015251320043980E-005
   8.4529282827735112E-005
   7.7631592239248381E-005
   8.1188467627207840E-005
   1.5993807337426349E-004
   1.1970658574681441E-004
   7.6351979495142277E-005
   1.0165970147332274E-004
   1.2004850581456425E-004
   6.1872854800859849E-005
   9.5295581277595395E-005
   1.1349201472668495E-004
   9.2432142930932998E-005
   8.0113511265130123E-005
   9.9276953766672278E-005
   6.9413416424448019E-005
   9.9503586053163598E-005
   8.3712178914129416E-005
   1.3955358669040323E-004
   7.6951898595560390E-005
   6.3703625924744052E-005
   7.4014028222462602E-005
   8.6358551522543498E-005
   7.6613096372251291E-005
   9.3392287081094861E-005
   7.7661197019469262E-005
   8.1784636700450028E-005
   8.1844593872297785E-005
   8.7530978476067569E-005
   1.0171926463339069E-004
   1.0318288806325502E-004
   8.1693360420926332E-005
   9.3301370855226635E-005
   8.8491579162873249E-005
   8.0455809361400208E-005
   6.1758023733014971E-005
   8.9165651292377713E-005
   6.8596883714549202E-005
   9.0170383609241282E-005
   8.7923225001081492E-005
   1.4400642183797429E-004
   1.0593761537222969E-004
   1.0184009024628947E-004
   1.0929885204420877E-004
   1.7695560259402119E-004
   8.4918926393402937E-005
   7.1223139510376808E-005
   7.1766960918622427E-005
   1.1791982998459744E-004
   9.3262020206480900E-005
   1.5965292540358209E-004
   5.3791608269416973E-005
   7.0427619816277996E-005
   1.1322814406416239E-004
   7.6136505253409617E-005
   8.5392449853651805E-005
   7.0606749590570111E-005
   7.9311134879886435E-005
   1.0305717673350695E-004
   4.7016689426808074E-005
   1.2187855963178781E-004
   7.3128063963806984E-005
   1.2066610443168914E-004
   7.7459615640469069E-005
   7.1184387994043891E-005
   1.6113063853805907E-004
   5.9750626679658222E-005
   1.3516958630091077E-004
   1.1027103855317368E-004
   7.5384060970345643E-005
   7.6212588520554374E-005
   1.3486874620135560E-004
   1.1643567214526025E-004
   1.0070904008496370E-004
   1.1449716823964721E-004
   9.0820403308875027E-005
   1.1837570745594638E-004
   7.5630385701647357E-005
   6.1220222466358513E-005
   1.5230038852061869E-004
   1.3070074033803017E-004
   1.0546072164581323E-004
   7.1928789603152034E-005
   1.4763712940939268E-004
   2.3285362757981322E-004
   1.1045457970996315E-004
   1.0329381898217724E-004
   8.3044634835098484E-005
   8.1766326076054941E-005
   9.2586720440883692E-005
   9.8442465074444346E-005
   1.1966419963249214E-004
   8.8561456733031937E-005
   1.3514792627633852E-004
   1.0137297467749044E-004
   1.1009065772565370E-004
   1.3302939968494901E-004
   1.3916006125034265E-004
   9.9788111748512747E-005
   8.1671476931743310E-005
   8.7957864164762167E-005
   1.0825807888307735E-004
   1.0399619753270383E-004
   1.0923538716675535E-004
   9.6582412706395281E-005
   9.4886258494527662E-005
   7.3218210238124614E-005
   6.3034456790823706E-005
   7.9162868700763950E-005
   6.8842260447404206E-005
   7.8429263165399524E-005
   8.2568819240547281E-005
   7.6310970832130771E-005
   7.2815848449776148E-005
   8.5826391703708478E-005
   8.0162627145359606E-005
   8.6813552777797112E-005
   1.0292991064691167E-004
   1.0254158567932011E-004
   1.1115374243119695E-004
   9.7863864662102112E-005
   8.9496511242461273E-005
   6.7582687340204140E-005
   6.2630432308209713E-005
   9.0453733454044918E-005
   1.6723782652303595E-004
   8.4036997283761235E-005
   1.0647215862175526E-004
   7.8065375278682565E-005
   6.9880021380967474E-005
   5.9349062315541206E-005
   7.8375416650777255E-005
   8.2464112027723349E-005
   9.0060439391276783E-005
   1.4380162666569553E-004
   1.5538925011304006E-004
   6.6228461717676926E-005
   7.8852398575774338E-005
   9.7638800610136051E-005
   9.6571166472504775E-005
   1.2600184926602983E-004
   1.0850486796640158E-004
   1.5261677971484296E-004
   6.3107886746543440E-005
   8.8576489160271073E-005
   9.7342959505046235E-005
   1.2910198069780707E-004
   1.0687019616659044E-004
   1.1450593396133930E-004
   1.1212244744012748E-004
   8.7047669464817263E-005
   1.2857089944881019E-004
   1.2107197757291615E-004
   7.2449147607626775E-005
   8.1799323215786472E-005
   8.2526515135368013E-005
   1.1282007302006174E-004
   1.0066787875826440E-004
   1.1852206728491476E-004
   9.9675212158261049E-005
   1.2364314492316922E-004
   6.3456862951192218E-005
   8.5538422104217878E-005
   1.0348794310009690E-004
   1.3108824452688858E-004
   9.1646833639018232E-005
   1.2458991688569902E-004
   6.6408012953543191E-005
   6.8746168660188770E-005
   5.2041466866369632E-005
   7.2097998355608725E-005
   8.9173896281506676E-005
   9.6361748663297488E-005
   8.4105930724159765E-005
   9.4644342997524138E-005
   7.0896747322719665E-005
   9.3729463223036409E-005
   6.2549143791208907E-005
   7.9139480900929527E-005
   8.0593195757997681E-005
   8.1630963942343104E-005
   9.1997939597010745E-005
   1.0714449549779242E-004
   8.4476845055389172E-005
   8.2127139930989994E-005
   1.0283380704638047E-004
   6.3123277972809997E-005
   8.3369879570531692E-005
   5.9794553059634863E-005
   8.9068421562356239E-005
   1.2669600842491862E-004
