   1.0207583410010505E-004
   7.9474852499985377E-005
   6.5000330552647843E-005
   7.5701711795340103E-005
   1.9425965928899152E-004
   6.2162150869756431E-005
   1.0758662503173294E-004
   1.1790507276713508E-004
   8.3083955381534888E-005
   9.7063024013429092E-005
   1.3090633197686863E-004
   8.4920464007435604E-005
   9.5228477605612479E-005
   3.3318384485934180E-004
   1.0503268057627847E-004
   1.1330239462395840E-004
   9.5346576949294117E-005
   5.3487140000476183E-005
   1.0429083152461854E-004
   1.5582362058469694E-004
   1.2717439000443708E-004
   6.1583885899315965E-005
   1.1403884612973665E-004
   9.7177549607880306E-005
   2.0050405251618823E-004
   1.1018666949197663E-004
   2.0273617603497836E-004
   6.7868587058181115E-005
   1.2364832110705999E-004
   6.6556359995499913E-005
   9.6096234947346432E-005
   1.3595877825167251E-004
   1.1499613102874238E-004
   7.0323589536006463E-005
   5.7785178221317874E-005
   6.6912100211584716E-005
   9.4765593856952198E-005
   7.9543655364265847E-005
   1.4350545850103942E-004
   7.6287051275719263E-005
   7.5895660433851180E-005
   8.8922624290984400E-005
   6.5266264601015491E-005
   8.5382100012139673E-005
   1.4728306118713064E-004
   8.4102714068885661E-005
   1.0259706136983244E-004
   7.9524736672170916E-005
   9.4786996991521374E-005
   9.3441380710418162E-005
   1.0455867678891230E-004
   6.4968975697117466E-005
   1.0131660637819607E-004
   8.0809454159303269E-005
   8.4661527779238466E-005
   1.2039624805317401E-004
   1.0355237444003055E-004
   9.2554148927253364E-005
   9.2144472225308774E-005
   9.1986646561105989E-005
   7.3085652987594967E-005
   1.0439208383090504E-004
   9.8085221218257898E-005
   5.7681436973038407E-005
   1.0526108589758548E-004
   1.0375514749473994E-004
   6.7027604913108232E-005
   1.3272560470490951E-004
   8.7166183180239462E-005
   7.3583160796696220E-005
   7.9342766203337119E-005
   6.4187750669458506E-005
   9.0643902684628305E-005
   9.9650281318760479E-005
   8.6371363657294860E-005
   5.3614237505353802E-005
   7.6874468331879174E-005
   8.1178966932433238E-005
   1.1736113823107987E-004
   9.7300578571869146E-005
   7.9677913070273499E-005
   1.6096123900546377E-004
   1.1821665014242431E-004
   7.4093507868713471E-005
   8.5642838935616307E-005
   9.0106702779569220E-005
   1.2292347744085515E-004
   1.0283397603757106E-004
   9.8863017687262237E-005
   8.1691422352442463E-005
   1.5866613610289679E-004
   1.1669261150411111E-004
   8.6145232439852558E-005
   7.0879632512519720E-005
   7.8096123506214362E-005
   7.0426126003012555E-005
   9.8007241600092361E-005
   1.5286624211278564E-004
   7.5922072837529190E-005
   1.0202767839303843E-004
   8.7581855208137624E-005
   1.2330937921043900E-004
   1.5026365649261532E-004
   1.2277843124683087E-004
   9.0476643062057752E-005
   7.2376790291409651E-005
   1.0639845565721813E-004
   9.6376863890071756E-005
   1.5674858520457058E-004
   8.5402422293369293E-005
   5.5136545966426842E-005
   8.3514801182023665E-005
   1.8420273321816737E-004
   6.4337036895413676E-005
   7.0127364862488178E-005
   6.9241079239564180E-005
   6.5538901505412172E-005
   7.8692195971714698E-005
   1.0004772968574562E-004
   6.6076271492754882E-005
   1.2874904035326708E-004
   5.1663808781910046E-005
   8.2537694234979385E-005
   1.0252608768712797E-004
   7.8825085988412129E-005
   5.9177549939760559E-005
   9.4922952544188678E-005
   7.7687089320517701E-005
   7.5708252899142452E-005
   6.6647443189772872E-005
   8.3843957002212763E-005
   1.1548601375866082E-004
   1.1791231659230052E-004
   8.7827226947332669E-005
   9.9123870235261449E-005
   9.1721055802793645E-005
   9.0487605428329136E-005
   7.3690727664954599E-005
   1.2558614555831083E-004
   5.7713562040914326E-005
   7.8094945596437050E-005
   8.8001614647299217E-005
   8.1504602085841495E-005
   6.5633564278686968E-005
   9.3979803459018151E-005
   9.2357705781981141E-005
   5.8463222182769503E-005
   6.6678591363778029E-005
   8.1856805191425738E-005
   9.0053801740993446E-005
   1.0063199953320044E-004
   1.0508401311039296E-004
   1.1143763929365768E-004
   6.8058927553571647E-005
   8.3006580175708282E-005
   9.8083343936548989E-005
   1.5151272884085266E-004
   5.8228917795082425E-005
   8.4787446996093893E-005
   9.7611086694492728E-005
   1.1581580277367456E-004
   6.5029918024971854E-005
   9.9692064687122121E-005
   5.4316351226491914E-005
   7.4586741592374065E-005
   8.9148342677406356E-005
   1.3663218074029304E-004
   1.2740089403016872E-004
   1.3777781998681803E-004
   6.2873271169451889E-005
   8.0940584872509250E-005
   6.4965677654381054E-005
   1.3628621132983970E-004
   1.0229046286378624E-004
   8.8205132367311868E-005
   1.1431825318978993E-004
   1.0106911737788017E-004
   7.3742133047723093E-005
   1.0176673604081300E-004
   7.8531875771663845E-005
   7.5717315766854959E-005
   9.2556934002627653E-005
   7.2752643854798250E-005
   8.2585694667960683E-005
   1.1539701280047279E-004
   1.1840997138109391E-004
   8.4914034005896522E-005
   7.5955109675227071E-005
   1.0232290116042029E-004
   4.8752231667475903E-005
   9.3999966161158096E-005
   8.0264833040229533E-005
   7.0671296833136102E-005
   8.0991409849399764E-005
   7.3724267025018661E-005
   9.3779482569158608E-005
   1.2778469650741520E-004
   6.5761611064221707E-005
   7.7190630372768170E-005
   1.2185551538215345E-004
   1.3088698387300946E-004
   1.0181330593225430E-004
   5.9922155795079088E-005
   6.0938859912122369E-005
   9.0984007409734645E-005
   7.6210989240618705E-005
   7.9032278188831466E-005
   7.7956440257915299E-005
   1.5672028573053925E-004
   6.6866790235571539E-005
   1.1595847948371806E-004
   8.9245483461300579E-005
   7.0484289676331734E-005
   7.3315534303709836E-005
   8.5939121608210621E-005
   9.8158507805334164E-005
   5.3337236926997716E-005
   8.4854769800312454E-005
   8.4496686787368375E-005
   4.4540590317573920E-005
   7.1469776898517852E-005
   9.6964821823393885E-005
   7.6883243928154547E-005
   8.9276454741045726E-005
   7.2206133442695336E-005
   9.2115479202325019E-005
   7.2368822665325777E-005
   1.1002165944131228E-004
   7.5490683373595041E-005
   1.4398643204239928E-004
   8.0868783958758329E-005
   8.1650726857749939E-005
   8.8403353983581298E-005
   8.8015409655785466E-005
   8.0591215134328186E-005
   7.4730999064386515E-005
   9.6035033216912237E-005
   7.5827495681335690E-005
   5.7483231168274747E-005
   9.0206714063413023E-005
   8.9585583912754984E-005
   1.1908296332928675E-004
   7.8794350037302263E-005
   8.9347419415136787E-005
   7.1054376137131886E-005
   9.6763589846773036E-005
   6.2823548893178202E-005
   1.3272602749949661E-004
   1.3002679148351614E-004
   7.1005158802059856E-005
   9.2613705920747193E-005
   1.8283994865885122E-004
   9.8751888152634273E-005
   1.2835380525646220E-004
   6.1354473041665879E-005
   8.2864961056142096E-005
   9.8885574332767122E-005
   9.1711143862019509E-005
   6.2315164617958034E-005
   1.1510848658809150E-004
   9.1848118093827650E-005
   9.8390640078561590E-005
   9.3492730588193098E-005
   6.9124176222773459E-005
   9.6782210700036502E-005
   1.2284442035269671E-004
   8.2226108781489576E-005
   1.1094339688651371E-004
   5.8036835673385781E-005
   8.0574314111219963E-005
   7.8034974093920927E-005
   7.8478372383955435E-005
   1.3932973173349307E-004
   8.0180203197386402E-005
   1.4485191046367186E-004
   6.7144459139888523E-005
   5.4577056311820789E-005
   9.7838797538419536E-005
   8.4325972224557212E-005
   1.4600011118670407E-004
   7.9077864956246440E-005
   7.9614412608958299E-005
   7.7032163764558084E-005
   5.4465077911391749E-005
   9.7805922820056647E-005
   5.8661651192591433E-005
   1.0149751999938689E-004
   5.9332128240307947E-005
   8.9381116545587854E-005
   9.4774412492517720E-005
   7.8181983068088647E-005
   8.7243633531318028E-005
   1.5899875963164159E-004
   8.4727881900573812E-005
   1.0186407904720368E-004
   8.9054753342328303E-005
   9.6647571777109165E-005
   8.1453323915905594E-005
   1.2178142393665529E-004
   1.4984192064424411E-004
   9.6126394885017881E-005
   1.3087565717686929E-004
   8.6328742958524893E-005
   9.0337671030116820E-005
   1.0270212778699035E-004
   7.5405950851987141E-005
   1.6525696905601137E-004
   9.8775526122214509E-005
   8.3587855846316449E-005
   1.1758725894596295E-004
   9.9781377570884591E-005
   9.3126839377604412E-005
   1.0263744211505492E-004
   8.7310334085860202E-005
   9.6545753359141798E-005
   7.6580683599227709E-005
   1.4763608112665339E-004
   6.5566294397354153E-005
   8.2039056998651382E-005
   8.1483910251344588E-005
   9.1464664511990698E-005
   8.7662051502094095E-005
   8.1839092917517051E-005
   1.4793593642130294E-004
   1.1950222961664422E-004
   9.7207988914504043E-005
   8.3562425977374750E-005
   8.4800511085319005E-005
   1.2687126322175085E-004
   1.1723515424797310E-004
   7.2703978802874349E-005
   1.3395505400828401E-004
   9.6169593021093149E-005
   1.5498863541665148E-004
   7.3490208888458495E-005
   1.0498075343433187E-004
   8.7694692491874367E-005
   9.8693118802885456E-005
   9.8121234480826958E-005
   1.1194558080042513E-004
   1.7170761163934901E-004
   1.0151914891708464E-004
   6.7137884034366088E-005
   9.5447735246388576E-005
   9.2554322369405999E-005
   6.9140612932439089E-005
   1.1633146764965802E-004
   8.0484495006633974E-005
   1.1026628857025227E-004
   1.2531973766167858E-004
   1.2809442226318859E-004
   8.2373916480722875E-005
   7.2618012567729750E-005
   8.7543663063066989E-005
   6.2970884543042967E-005
   6.0049386166521585E-005
   5.9777282846594142E-005
   6.0503258083786052E-005
   8.5273010269521122E-005
   1.2838842307513868E-004
   9.5116981068124867E-005
   8.5797386216036507E-005
   8.7923463575070941E-005
   6.4898822864580783E-005
   6.5897639348448596E-005
   9.2288002255456748E-005
   1.0029134774091930E-004
   8.5456431565246528E-005
   9.9563919699835625E-005
   5.9524215973195702E-005
   7.0812881084111323E-005
   1.1373104271168911E-004
   8.2107585836728634E-005
   6.3575675578041833E-005
   9.0291250643531869E-005
   1.4542044823652534E-004
   1.1525927929413257E-004
   1.0415560154068218E-004
   9.4242016720045470E-005
   6.5672828154408959E-005
   1.7897628424737037E-004
   1.2012625528617942E-004
   8.1033591800123061E-005
   7.8569908886118181E-005
   8.1525813148431188E-005
   7.3867174628589505E-005
   1.1715233634434310E-004
   7.1401312132320292E-005
   5.2009551824427369E-005
   8.1762795703201741E-005
   6.4128758992770238E-005
   7.9931637260341167E-005
   7.7636141925014479E-005
   6.7450388712542649E-005
   7.1095428894960613E-005
   7.9330728462254833E-005
   1.1728126970524329E-004
   1.1814433830668232E-004
   7.5862507434246762E-005
   1.5112105114362188E-004
   1.0826332968355144E-004
   1.2606651358533215E-004
   1.2806361287122690E-004
   8.5888362156601164E-005
   1.0769542034614562E-004
   1.1660331051518038E-004
   1.4465760646091677E-004
   7.7364654867291064E-005
   9.6122719297880507E-005
   7.7204179056998369E-005
   5.3200860500171402E-005
   5.6878325979202825E-005
   9.1480937029558748E-005
   8.5610116976373034E-005
   6.6029919684058429E-005
   6.3583021303681208E-005
   9.8108238036914862E-005
   4.7556986128840278E-005
   8.1966293565648171E-005
   9.7015418502572378E-005
   6.7505676111111188E-005
   9.3479727456878201E-005
   1.0517742338054755E-004
   7.4498602281565377E-005
   9.4169365922423004E-005
   1.0647840595360605E-004
   9.9302969170873511E-005
   6.2555711954486739E-005
   1.0293325145827114E-004
   6.7849462270834534E-005
   5.5883097083534530E-005
   1.5480751908287277E-004
   1.1136769674382135E-004
   1.0156430377332609E-004
   8.4697091855970210E-005
   1.7342336461929068E-004
   1.2872724064343102E-004
   1.2732058954921955E-004
   7.8880106827420123E-005
   9.6350565505723735E-005
   8.7677900997212800E-005
   1.0888213413375114E-004
   1.0383785924514054E-004
   1.2597697648927659E-004
   1.0725998579096786E-004
   6.7078945035903181E-005
   6.1358524659093085E-005
   7.7387381389515682E-005
   7.4484122951122360E-005
   5.2337325722518704E-005
   8.9630007099195805E-005
   8.9797822785708646E-005
   8.8515693068509486E-005
   8.0678514960425921E-005
   1.2559065957842470E-004
   6.8903198593188471E-005
   6.7550929628403081E-005
   7.9063093696014745E-005
   1.1498602672565351E-004
   1.0996663834923351E-004
   9.4587023675457815E-005
   6.7276961772618168E-005
   1.0173760030747917E-004
   7.9770293922787358E-005
   1.1114244138798507E-004
   1.0708048664503804E-004
   7.8236284085454638E-005
   7.3804531679379180E-005
   9.6890747283132173E-005
   5.8124327716781569E-005
   1.0157579742412363E-004
   6.5249163589955735E-005
   7.1367808724429421E-005
   7.1327115219311268E-005
   1.3115569991290954E-004
   1.1275530915747259E-004
   1.0510369197585610E-004
   8.6550793011029350E-005
   6.8945296914141858E-005
   5.0810371838751247E-005
   9.7757827933940027E-005
   5.0426245168565667E-005
   5.7496722497005697E-005
   5.9191192373995338E-005
   1.0027651812198236E-004
   5.3132526594120921E-005
   1.2488846480762357E-004
   1.3735322107041580E-004
   5.4996676110043074E-005
   7.6068150083231993E-005
   9.9661994461013829E-005
   9.6787922057387128E-005
   8.4495870672718435E-005
   6.5651863588611306E-005
   7.8053097363580705E-005
   8.6859255754458765E-005
   1.1401401274290326E-004
   1.2792835330428765E-004
   8.6232360443910894E-005
   6.3417518129739288E-005
   7.9880089805011369E-005
   9.7848519241104054E-005
   7.3204671968040536E-005
   9.0430802273602179E-005
   1.0043895891411927E-004
   1.1546606846339273E-004
   7.1188979988016175E-005
   7.5842831375977905E-005
   1.1258038540856645E-004
   1.4594557579610521E-004
   9.4938797677769816E-005
   1.3773182490493211E-004
   1.1506693442442024E-004
   8.1172956269595737E-005
   1.2675960190980604E-004
   1.5216482087660995E-004
   1.0108726104370884E-004
   7.2741740648838511E-005
   9.5100942037561884E-005
   8.0253161642671327E-005
   9.8718265743638086E-005
   8.3977778290125123E-005
   1.3595635487824600E-004
   1.0048623490870184E-004
   1.4350253386684423E-004
   6.9841303665869466E-005
   7.9327635934806870E-005
   1.2699084209115720E-004
   6.8304006340275678E-005
   5.8928274181373517E-005
   9.8377911867926217E-005
   7.3215811606015531E-005
   1.1771611835823250E-004
   1.2904410951831380E-004
   5.8008672598912930E-005
   5.8083592653101886E-005
   1.0697619110655842E-004
   7.7933882483543408E-005
   8.9896503834822680E-005
   1.5116136614864436E-004
   9.2015066859614964E-005
   9.7999130326483215E-005
   6.4531665599230309E-005
   8.4012722909297021E-005
   4.6632492381011543E-005
   5.2199548708888323E-005
   9.1299639897426220E-005
   7.5761475930736046E-005
   1.0695417914963890E-004
   7.8125878797614663E-005
   7.5719014412254713E-005
   6.2328699219954645E-005
   1.1271137418417370E-004
   1.2086196480360152E-004
   5.9643393947681908E-005
   8.6359982279054554E-005
   6.6926826017157684E-005
   8.4106840985055179E-005
   1.0087401862969999E-004
   7.6203359748204833E-005
   1.2125244869299779E-004
   1.2541823134081843E-004
   8.0798583273241332E-005
   7.3302133020032771E-005
   1.0252487846571854E-004
   1.1033808077206171E-004
   9.3096790027034289E-005
   9.8583688525921391E-005
   9.2187234098179674E-005
   1.0030268406087097E-004
   7.6752029421824975E-005
   7.4264144357155115E-005
   1.0443133724630852E-004
   1.4138569567052705E-004
   7.0113643061289437E-005
   9.0675633713663300E-005
   6.2331257446611226E-005
   1.0198787983912324E-004
   6.9874137789760371E-005
   7.8613245045729572E-005
   8.1751626886928202E-005
   1.0399842245034904E-004
   8.3297907596156012E-005
   7.8621487098741406E-005
   1.0121305197735412E-004
   1.1076800272331489E-004
   7.7191513468871263E-005
   8.7146765728788247E-005
   9.3001574811613210E-005
   8.3791033425442886E-005
   5.6421496585209436E-005
   1.0483188507262461E-004
   1.5168492793409731E-004
   6.8814033193724877E-005
   9.6060488489739963E-005
   6.6374588179488918E-005
   1.0011602302384780E-004
   9.0902366582669403E-005
   1.4735191196280152E-004
   1.6333324698489935E-004
   1.0597858510973031E-004
   6.4621983443753967E-005
   6.6379933964481094E-005
   7.2306698782452917E-005
   7.5623631999828343E-005
   8.6259010079381396E-005
   1.1455214486440863E-004
   8.8061494194549835E-005
   8.3970631542234752E-005
   6.5415497232850647E-005
   1.5443052319868278E-004
   8.4408214335962155E-005
   1.0243438315791664E-004
   8.4783359501588659E-005
   7.9451523647369913E-005
   5.1541464273307313E-005
   9.6797894418469723E-005
   6.2204967550923146E-005
   5.8924192713564298E-005
   8.5478028798384762E-005
   1.4840258254895941E-004
   7.8769924781406256E-005
   9.7691972491596241E-005
   1.0079626895713295E-004
   8.1232560359150558E-005
   5.0499261681327654E-005
   1.0869074258630412E-004
   1.0631951773520772E-004
   1.4573610264777858E-004
   7.3694848360080037E-005
   1.1067271869838652E-004
   5.9647363320791631E-005
   7.3555842929883035E-005
   1.5722640089973504E-004
   6.5163447266763380E-005
   6.0455476673005263E-005
   1.1796037996766507E-004
   1.0116406109088003E-004
   1.3521991046522801E-004
   1.2767154263271496E-004
   1.4552618221471675E-004
   1.0245154777219803E-004
   1.1997856786459534E-004
   8.6799184816657970E-005
   1.2025384472735315E-004
   9.0460745032294956E-005
   1.0433126220056902E-004
   6.4904287402461395E-005
   1.0818094998865013E-004
   6.8794637221365347E-005
   7.0879833755083769E-005
   6.5925194923501510E-005
   9.9284202883167752E-005
   7.9528371069668348E-005
   8.2496414052835005E-005
   9.4927307735087068E-005
   1.3821222673371665E-004
   7.7825906422663226E-005
   1.2513294343815293E-004
   9.9717773896057949E-005
   8.3184684178516869E-005
   7.6930616819970626E-005
   1.0178303316349583E-004
   1.2640763260012158E-004
   1.2772013023448282E-004
   8.2548842142577783E-005
   8.0274115868611171E-005
   7.9531743637685170E-005
   9.4412410888665272E-005
   6.7799479628755758E-005
   9.1029145504297588E-005
   8.1143119316181168E-005
   1.0770451608291901E-004
   1.0020439060699810E-004
   9.7337870889132761E-005
   9.3152407101377083E-005
   1.1266620586028231E-004
   1.3314979888109671E-004
   7.6437390224226698E-005
   6.7007508303290752E-005
   9.3832118102544067E-005
   9.5900803821742702E-005
   6.5939941220321280E-005
   5.8838016448754056E-005
   7.9498542397566982E-005
   7.6981199067459443E-005
   9.4893904610514603E-005
   5.7570717058491719E-005
   5.7264256427909206E-005
   7.7138097035130750E-005
   7.6934273353737614E-005
   1.0420150976994064E-004
   1.4481683945318966E-004
   9.5949027387730632E-005
   7.7555347815960534E-005
   8.3406575703907080E-005
   9.5154465802332555E-005
   1.2553443870025197E-004
   7.3658606249709158E-005
   1.2057830923741718E-004
   9.9913903683447169E-005
   8.9519122597228452E-005
   1.0196119364543253E-004
   8.7459451686801193E-005
   6.0413291842032758E-005
   1.4852674558447776E-004
   7.2304327737764612E-005
   7.6594477071618151E-005
   1.3720683741643292E-004
   9.9702714212170486E-005
   7.1293168477319969E-005
   7.5069425077025563E-005
   1.3258839325039609E-004
   8.7850752279991482E-005
   1.2197124732317258E-004
   9.4090453296184309E-005
   1.2781809446395543E-004
   1.0283437889455265E-004
   9.8863964473907496E-005
   2.1567392565835904E-004
   6.7939449188492799E-005
   1.0918393820681701E-004
   1.0504050232694837E-004
   9.3762238200952142E-005
   6.5966952428348006E-005
   8.7049022547076185E-005
   1.0044907446000918E-004
   7.6694812253134200E-005
   4.6076244639669380E-005
   6.9637373856469895E-005
   7.0918699898247744E-005
   2.4827749211865326E-004
   7.4818580770148350E-005
   9.7724742123330794E-005
   7.6922787860942156E-005
   1.1711311129880191E-004
   6.4618897746942605E-005
   8.0541728315376419E-005
   7.2435513167200323E-005
   1.0567895752411893E-004
   1.2998917792640254E-004
   1.1976861435063915E-004
   8.6884218303916777E-005
   9.6796147137294251E-005
   6.6925928345566612E-005
   8.0989328696226006E-005
   1.3986318123090848E-004
   1.2050480995867814E-004
   1.0292009828092570E-004
   1.0590836223003595E-004
   1.4855328787616824E-004
   8.3207369862716007E-005
   7.3528027149754509E-005
   1.0090201844330438E-004
   8.4135992420533034E-005
   8.7898324231382158E-005
   1.2423074011160673E-004
   8.5716298489408826E-005
   1.2674405459844068E-004
   8.5070380045353583E-005
   8.7123242531386114E-005
   6.8727777598943401E-005
   8.2224271344325390E-005
   6.0110575397849944E-005
   8.6763891647944263E-005
   8.9211958554259984E-005
   8.3584085412356839E-005
   1.0132037789135579E-004
   1.0559150391853326E-004
   7.8162243712620006E-005
   1.0273165330651650E-004
   5.9688316057318841E-005
   9.0375639284147647E-005
   1.1709960019098407E-004
   7.0341478483651433E-005
   9.0706548821905980E-005
   1.3967777856869687E-004
   7.3495765651259963E-005
   1.1641918774782418E-004
   6.7168693214909932E-005
   1.1557539701426739E-004
   9.4234174162455988E-005
   8.4989451158680695E-005
   7.0784179228520322E-005
   1.4980636789819289E-004
   8.4904539157156609E-005
   1.1672607490871730E-004
   7.4155826674827412E-005
   1.7048537231639991E-004
   1.1528109075370222E-004
   9.6270625622813102E-005
   6.3597049349719306E-005
   1.1335203818541893E-004
   9.5974733263634666E-005
   8.9061835774488848E-005
   5.6247169023513791E-005
   7.5434651107339373E-005
   5.9652783367694264E-005
   1.0546893452195220E-004
   8.2951940471911082E-005
   7.9399222126416466E-005
   1.0700403902779451E-004
   1.2238817666895089E-004
   5.4692994983230312E-005
   7.3547440856456991E-005
   8.2914012094735992E-005
   1.0503224367323962E-004
   8.7824747111273947E-005
   9.9013535450510139E-005
   1.2048142900889492E-004
   7.9051907532259790E-005
   6.4340246829923970E-005
   9.7525101229594774E-005
   1.4354342361290879E-004
   8.2849471711691578E-005
   7.2333196161106117E-005
   7.3475541471925386E-005
   7.9513605715909188E-005
   1.1713469415095542E-004
   1.1695704811271174E-004
   7.6018621507692211E-005
   8.4754837037058191E-005
   1.1788220157810975E-004
   9.4981235843345102E-005
   1.0830700108392478E-004
   8.1353408210886919E-005
   8.4860019284702562E-005
   7.6363070537373591E-005
   5.2318997440480284E-005
   6.2766488520821345E-005
   1.2517135685245043E-004
   8.2159890462179494E-005
   8.2601137460329636E-005
   1.0108023962550515E-004
   6.4756927783987726E-005
   9.9017300583708129E-005
   9.5858834120591340E-005
   1.2238714399050483E-004
   8.2176391467570485E-005
   6.7962205326502190E-005
   8.8727441291328762E-005
   1.1220342226392264E-004
   8.5796431314699698E-005
   1.1444882131815682E-004
   8.3664862949181911E-005
   1.6462753417164689E-004
   7.3772421030919707E-005
   1.3756702558382022E-004
   7.8951649813067243E-005
   1.3869505134118132E-004
   1.5182704201970924E-004
   1.1615704146441647E-004
   6.9296550628325374E-005
   1.1216607520581503E-004
   1.8114858141705299E-004
   8.4262864428712964E-005
   8.1847876831226812E-005
   6.5810893342454531E-005
   1.1784555275944776E-004
   5.7365587792214889E-005
   8.4515359958534184E-005
   1.0860575663662519E-004
   1.1321193940077673E-004
   1.3438677778376573E-004
   6.9817364855160393E-005
   8.4653789986779230E-005
   1.7434175825044017E-004
   1.4333110921058620E-004
   9.8710177338017448E-005
   1.2815745192417075E-004
   1.2220774707625233E-004
   1.2958251626516023E-004
   8.3042664186524514E-005
   9.5473607008754769E-005
   1.0277150629896804E-004
   1.1750188635281457E-004
   9.1000135476705025E-005
   1.5677974341910537E-004
   7.4668712533295615E-005
   8.6522210401571460E-005
   6.2148213678315143E-005
   6.6753801021506492E-005
   1.1698908360939601E-004
   7.0014854001510172E-005
   8.3418842556331338E-005
   8.2649540779564874E-005
   1.3278495998449884E-004
   8.8184101249966942E-005
   1.1095965494321021E-004
   7.7563213860582891E-005
   1.0742537141110017E-004
   7.3468113697269991E-005
   1.5113818762716602E-004
   6.6336533198470073E-005
   1.0617423316918946E-004
   9.5247333294781698E-005
   1.1354216641301342E-004
   1.4268571742309116E-004
   1.2512447416570884E-004
   9.6371263347174298E-005
   7.3712150315185187E-005
   1.3344701941646420E-004
   9.4840185551773850E-005
   1.0539064176511900E-004
   1.1843431779004128E-004
   1.2476777112605688E-004
   1.1222264903358130E-004
   9.5001089329162835E-005
   6.7630019635362036E-005
   1.1391390311477078E-004
   6.9375511628901645E-005
   7.0323666027588709E-005
   8.7965563218150045E-005
   5.5715294853985219E-005
   1.0175693265949290E-004
   6.6748666043601746E-005
   7.8193653321315289E-005
   9.4906588842251166E-005
   9.8654268625144462E-005
   1.9743580244094749E-004
   8.6482807284410832E-005
   7.9522266845675509E-005
   6.3246451072549020E-005
   7.6213418286697959E-005
   1.1169739477743883E-004
   6.0619076145710773E-005
   1.0894947036301234E-004
   1.1676638344361883E-004
   1.1833957498597816E-004
   7.8521188162046385E-005
   9.8337748865828510E-005
   6.6988619482627037E-005
   7.4004876925011168E-005
   6.4619498531497943E-005
   9.9249156709172682E-005
   1.4269159488913981E-004
   7.1803431252780072E-005
   1.4436879591296959E-004
   7.5527000153599596E-005
   6.7920040812115759E-005
   9.9262131773532691E-005
   9.9886231102120512E-005
   1.2349680314749186E-004
   7.7663386604218818E-005
   1.1193272667256638E-004
   6.5079374640832210E-005
   1.1186662623538586E-004
   6.0434719984782600E-005
   1.0121339475535942E-004
   6.2829792452751590E-005
   6.2067847388290763E-005
   5.3754914738721863E-005
   6.3657315303680982E-005
   1.1245428885398563E-004
   1.2530937608144430E-004
   6.4845414302793359E-005
   9.1507746303353036E-005
   7.4543833049274359E-005
   1.2826483928612069E-004
   1.0408613900827748E-004
   8.7261504741925587E-005
   8.2841217474636310E-005
   9.6077618914113558E-005
   7.5789381588857899E-005
   7.4237285583195168E-005
   7.9985751967767243E-005
   8.5159830061968896E-005
   7.4347628015076708E-005
   8.1690714790681911E-005
   7.0424757338333121E-005
   9.4394100393734631E-005
   1.5173421465799146E-004
   7.5581367046514866E-005
   9.1719513614950572E-005
   7.3028669275457028E-005
   8.2656809623853138E-005
   1.0640530162676765E-004
   1.0273586582144457E-004
   9.1189823340145760E-005
   1.1399275790307583E-004
   1.6619376600195848E-004
   5.8874635612331965E-005
   1.9308777305044290E-004
   7.4230460475932720E-005
   8.8544954239546428E-005
   1.0037346381232105E-004
   6.7891206087920524E-005
   8.9787168415120106E-005
   7.5454068608403463E-005
   6.5187977647751882E-005
   1.0802614905088440E-004
   1.0262465620820588E-004
   7.8018254255839728E-005
   6.2879052638634166E-005
   5.9628057511793585E-005
   7.0518783062410777E-005
   6.2261052624233305E-005
   7.8308124715728314E-005
   8.6771028304240828E-005
   5.7526199853800614E-005
   7.3957771238167158E-005
   1.0867434278278956E-004
   1.0082290485520364E-004
   7.3944220925765728E-005
   1.1115072652989811E-004
   9.8643345634626779E-005
   8.8996529906830953E-005
   9.7997619721159877E-005
   1.0938185237556601E-004
   9.3866266816995268E-005
   6.1561418833025745E-005
   1.2960126772933620E-004
   6.6940373302310890E-005
   5.8356566378965309E-005
   1.5564779171598476E-004
   1.1129852778003218E-004
   1.1829888036042146E-004
   7.2358922222986088E-005
   1.3343303421719407E-004
   1.2991116851577913E-004
   1.1631783049496986E-004
   8.1994443227259231E-005
   5.0953014572969748E-005
   8.4675428207856040E-005
   1.3535740829527889E-004
   6.3474284309895202E-005
   1.0785094116822330E-004
   9.1752282732232224E-005
   1.1737270001916548E-004
   1.1866909273470232E-004
   7.0707252295972551E-005
   1.1534098567604491E-004
   6.7364538719372172E-005
   7.4813072944411582E-005
   1.2208032051350224E-004
   6.9590654871992425E-005
   1.0989955110948835E-004
   5.1432188146792239E-005
   1.0905570651181908E-004
   7.8416144730311817E-005
   4.7923067511088247E-005
   6.8665940221093291E-005
   6.9884471903677698E-005
   7.2691643072707985E-005
   8.6680568830652994E-005
   7.0593327069562182E-005
   1.2125327987960601E-004
   8.3687274490338337E-005
   8.0518026905618227E-005
   1.1997733978120134E-004
   9.3980445645443621E-005
   7.8837140422276418E-005
   7.3243750221387675E-005
   1.0044081244569752E-004
   7.9476036858206045E-005
   6.3136047312620618E-005
   9.6731740112684822E-005
   8.3808616121741213E-005
   9.3163989330485958E-005
   1.0340838119822298E-004
   8.9807392898991461E-005
   1.1175399419939562E-004
   8.0370532033480942E-005
   7.9542646601561646E-005
   1.5210021917404410E-004
   7.8093448293419367E-005
   1.0979857324842351E-004
   1.5797763260861104E-004
   2.1691680994872164E-004
   6.4321405971128970E-005
   8.6971219904478190E-005
   1.0968836488613465E-004
   7.3053911239914790E-005
   7.0698427058719340E-005
   1.5045079059464975E-004
   6.5846996987769895E-005
   1.4145792869836316E-004
   7.1564830551516527E-005
   9.9089579652789729E-005
   7.2419636907867401E-005
   7.4153647465028389E-005
   1.2456231444832628E-004
   1.2309733510183546E-004
   1.3610791214323681E-004
   6.8768125035854503E-005
   7.6806927254708871E-005
   7.6146704978859400E-005
   6.2161859930164054E-005
   9.3963526419822401E-005
   1.0816735122635942E-004
   1.0558818499585604E-004
   6.1826831575982472E-005
   1.0914301025304969E-004
   1.6963807119712906E-004
   6.5331935961110565E-005
   9.4669081669082939E-005
   6.4283297825057579E-005
   1.8603901317379207E-004
   9.3969255793796647E-005
   6.2947753929737087E-005
   9.2685425884788682E-005
   1.4288651779804302E-004
   5.7837038030024742E-005
   1.0045611398321700E-004
   8.1613823739933923E-005
   8.5237509172707087E-005
   1.4065817075494083E-004
   1.1061962563188727E-004
   9.0365435230766445E-005
   1.2560430602104482E-004
   6.5536343767890379E-005
   9.9451499405379891E-005
   1.5315383649499182E-004
   6.4995087858533515E-005
   1.1134017401623109E-004
   7.8770397885130679E-005
   6.2223191481804740E-005
   6.7022738083611573E-005
   9.9747926179506263E-005
   1.0016915298107813E-004
   1.8737851571244360E-004
   8.1408728099250166E-005
   8.9643734580170572E-005
   7.2304921703146983E-005
   1.5491476435070765E-004
   9.5625129961830909E-005
   1.2489493910788416E-004
   6.9047909597111991E-005
   1.0862204799686488E-004
   1.0487760346519041E-004
   7.5120736305621751E-005
   1.1063870276137858E-004
   1.2930718819725384E-004
   5.7158044600501017E-005
   1.0021442540927775E-004
   6.3179970532875989E-005
   9.1636969538093122E-005
   1.1277882284163105E-004
   1.0631087011849161E-004
   1.4026129887509384E-004
   5.7666867709620295E-005
   1.1130526111950458E-004
   5.1685144752564343E-005
   6.5741887347748075E-005
   7.1590097389831941E-005
   7.4470038436188785E-005
   8.8153816563890202E-005
   9.5184645343707660E-005
   1.0318985532843749E-004
   6.3406033839096695E-005
   6.7092341393972866E-005
   8.7949865334830261E-005
   9.7648060014730054E-005
   1.6357370230740050E-004
   1.3911983368839116E-004
   6.3736654264926837E-005
   8.3525010113784102E-005
   1.3187174982924127E-004
   6.5665419793139231E-005
   6.4022430783190672E-005
   7.6721743179157198E-005
   7.8928769300183886E-005
   2.1819311530338806E-004
   9.1469895410827300E-005
   6.6534152845656877E-005
   8.6607304745441995E-005
   5.7149033243447631E-005
   1.0129279771525497E-004
   1.6297918552809167E-004
   2.4256770475000839E-004
   7.5361729821610385E-005
   1.1171884237783698E-004
   9.6009878163536729E-005
   8.9239365739105902E-005
   8.7802197454309627E-005
   1.4631573631868571E-004
   1.0250454098154338E-004
   1.0314164738991803E-004
   1.3417911173666745E-004
   9.2201165302043423E-005
   5.6372641514618081E-005
   7.8647502602901756E-005
   8.2106104721081405E-005
   2.0083979431010027E-004
   6.6883268418134023E-005
   1.2041716343132848E-004
   5.7422648845025682E-005
   5.9350420199454265E-005
   1.1709034702126419E-004
   6.9407854659643900E-005
   9.0877446428206811E-005
   6.7610123097234796E-005
   1.1645653270034531E-004
   7.7260668113766651E-005
   8.2928850958019615E-005
   8.6717388948119497E-005
   7.1320579820874312E-005
   1.6819363816645078E-004
   6.2767724929436688E-005
   7.3230433246287264E-005
   8.7081636128469590E-005
   6.9174916642812908E-005
   6.8456590884824424E-005
   1.1306831948706114E-004
   1.2830280135193921E-004
   9.3221030857667002E-005
   7.3183399817465479E-005
   7.7326325302902113E-005
   9.8933289071360649E-005
   7.1914471991484907E-005
   1.1615809445470563E-004
   1.2080385382135047E-004
   1.4189204642073042E-004
   9.2067709807097754E-005
   5.3359158485022017E-005
   6.6341103688705890E-005
   8.1315395373031681E-005
   1.4383773926647335E-004
   1.5776332093759489E-004
   1.0345788529245437E-004
   7.3355163183462353E-005
   8.0194016057435531E-005
   9.9770865488914154E-005
   1.1184607615481875E-004
   7.0524195263563095E-005
   7.5033771583275934E-005
   4.9368497107742244E-005
   6.4686043136975312E-005
   1.3815156210835852E-004
   1.1103861460552936E-004
   8.6194359084953688E-005
   6.0319795185315397E-005
   7.7808442371710035E-005
   8.2086648075205100E-005
   7.5691502907510318E-005
   1.2468190566179222E-004
   6.3872545137849806E-005
   7.1564293631853229E-005
   7.5256485778078759E-005
   1.2923429613690440E-004
   1.0080490317541200E-004
   1.2101763057900356E-004
   1.1610389886125075E-004
   6.6932597440522268E-005
   6.5012214516112522E-005
   1.4313252493749570E-004
   7.4450258502611603E-005
   9.5214471424237131E-005
   7.1096721412131786E-005
   1.1129584961428267E-004
   8.7897202291603325E-005
   1.2639336738652095E-004
   7.4368804390080752E-005
   1.3117185333524635E-004
   9.2179941325222942E-005
   7.3155597927246561E-005
   9.0089777075207523E-005
   9.6144399483139663E-005
   7.5139254164814859E-005
   1.1420277060930028E-004
   6.1595847961412223E-005
   5.2452000938669463E-005
   7.3202173531388255E-005
   9.1168519586425729E-005
   8.2197402861484744E-005
   1.1256486306348396E-004
   9.0264941245354283E-005
   8.3446782080361790E-005
   1.9337028414344109E-004
   7.9851290396198033E-005
   1.1265773728526693E-004
   7.8567130610174580E-005
   1.5088850102302088E-004
   1.2588817576486750E-004
   1.2330200295393906E-004
   8.8571073032430123E-005
   6.6526906146363246E-005
   1.0785666680624410E-004
   1.5465605974820395E-004
   1.0847096386219714E-004
   9.4800285360841063E-005
   1.1815996389211617E-004
   8.1703145621465610E-005
   1.3618957553614586E-004
   1.0892958107551460E-004
   7.7671667341613633E-005
   8.9552406341067035E-005
   2.0227259313820059E-004
   6.1626372357640661E-005
   1.3370488554986950E-004
   7.0516372424175592E-005
   7.8056961953012647E-005
   1.1885305201161302E-004
   7.1883521102452085E-005
   5.6619350085840506E-005
   1.1141744456279429E-004
   9.5237670674775790E-005
   7.7331534299825150E-005
   1.8067023896314605E-004
   8.0575349413127874E-005
   1.6644898797464559E-004
   8.8979821149234495E-005
   1.0341705324021829E-004
   9.5634116866901098E-005
   5.7861801686096604E-005
   7.3492034273875737E-005
   7.9968008376778116E-005
   5.8405297148998225E-005
   5.6605783483068209E-005
   6.1160354592329773E-005
   1.6072458020310239E-004
   1.0257447226707661E-004
   1.5224611985690552E-004
   1.4718125781399484E-004
   7.6330676136989438E-005
   1.0713291617801956E-004
   5.0343193794449003E-005
   9.6190194792429093E-005
   8.4624454395442817E-005
   8.9125048036081296E-005
   1.2853443411749323E-004
   7.2494609368064188E-005
   9.4091650082522892E-005
   1.4019890803187873E-004
   6.9544135588676094E-005
   1.0234206948067794E-004
   9.7714109799255171E-005
   7.1567585847171964E-005
   1.0739426969654779E-004
   1.0890939259337426E-004
   6.2744605183820206E-005
   9.6767836647323338E-005
   9.1887634039310579E-005
   1.7371028719546073E-004
   6.5449235946040378E-005
   1.1701827999244928E-004
   6.7773622895119521E-005
   1.2665736300965520E-004
   8.0848542036396855E-005
   9.1857415292693584E-005
   1.2079925014439819E-004
   7.5674164350835927E-005
   5.9128903575922601E-005
   1.1338817115719858E-004
   7.4505688777147655E-005
   9.3968668232844010E-005
   8.4188459909696821E-005
   7.9135869684304776E-005
   7.2741413554662453E-005
   6.0330359241957898E-005
   1.6111875696210603E-004
   7.0966115202372664E-005
   8.4065660701551347E-005
   6.4375964916584032E-005
   1.2737292776969028E-004
   8.0033661687223376E-005
   8.5286357951160679E-005
   9.3823908965294661E-005
   6.3768556179744638E-005
   9.7625875158195940E-005
   1.0149191578675914E-004
   7.5424489124352960E-005
   1.0338915500437111E-004
   1.0188544318171217E-004
   7.7721086068502054E-005
   9.6304642572038064E-005
   1.1511480518592096E-004
   5.9304589782240888E-005
   1.0157390042130024E-004
   1.0382835940291450E-004
   1.9367716447515258E-004
   1.2360147438340768E-004
   1.4249339829293573E-004
   1.3155373251981867E-004
   9.0225537504209989E-005
   1.2409172110216949E-004
   8.5043838059280547E-005
   8.9180399255692035E-005
   8.5529905622125889E-005
   1.1853408549913213E-004
   6.6182364631801733E-005
   6.6583768780069264E-005
   6.2616604917529857E-005
   6.4387027980067230E-005
   9.4238894056362596E-005
   1.2259697097945398E-004
   1.1113437113285199E-004
   6.2253399833840639E-005
   9.6755072164315489E-005
   1.1037691690393437E-004
   5.0981366459501489E-005
   6.9790202420916191E-005
   2.0969885232905567E-004
   8.0277053879375168E-005
   1.1208730064436070E-004
   1.0510251774469628E-004
   1.6291834285686284E-004
   6.8130805188779773E-005
   4.8250492530070643E-005
   1.0002505935327120E-004
   9.2099010204891335E-005
   8.8401310803633518E-005
   5.8176477837287886E-005
   9.0558835533966500E-005
   7.9923902503162793E-005
   1.2439875645712235E-004
   9.1603297463821326E-005
   1.1182421192582443E-004
   1.7346835546529405E-004
   1.0695391271048734E-004
   8.7955335128152884E-005
   1.7565837703336005E-004
   5.9562618535049266E-005
   8.5844361615965348E-005
   1.1554217368086797E-004
   8.0033550322317391E-005
   1.3574427505371503E-004
   7.7623241356813128E-005
   9.1295674282536530E-005
   4.2845376105735430E-005
   8.9867504861915984E-005
   1.0361274095124384E-004
   1.1898924007928334E-004
   8.9054136477888051E-005
   7.7212402310469639E-005
   8.5890453101948491E-005
   8.6847650970063014E-005
   1.3814405993016832E-004
   1.0085889112947638E-004
   7.3300497929359128E-005
   1.3804690723784609E-004
   7.1778240937211672E-005
   1.2148336298201141E-004
   1.2577275722344238E-004
   7.1793726814425453E-005
   9.0617167749852627E-005
   1.6223548911441766E-004
   7.3869030029809118E-005
   8.0934372987988458E-005
   8.5335991163170617E-005
   1.1204213711600764E-004
   6.9570635689842467E-005
   1.9020965174485139E-004
   4.6333440697550147E-005
   9.9053542649607420E-005
   1.0218820329536129E-004
   9.2664929418389668E-005
   8.2546892528714705E-005
   5.5255744968301225E-005
   1.2507286587449816E-004
   1.3989134547145058E-004
   8.9746631187787574E-005
   1.2505870820615333E-004
   6.2283601834991199E-005
   7.0051955674445881E-005
   5.5906314646220120E-005
   8.4842026845596003E-005
   7.9638226864717684E-005
   1.4188918141658997E-004
   7.3121058297717355E-005
   1.0173372702996220E-004
   1.3342763833692882E-004
   7.8710244264524525E-005
   6.8116605775422903E-005
   7.4563192867481721E-005
   1.4988230715336334E-004
   1.1415705408037115E-004
   5.1513944113065700E-005
   6.7964246587503334E-005
   6.6721566795074200E-005
   1.1124746688992452E-004
   8.7971221242971252E-005
   1.3714239108280198E-004
   1.0371411996222425E-004
   8.3123484886999039E-005
   1.0569633349333082E-004
   8.5829525704934277E-005
   9.9078063169615212E-005
   7.4844316547002739E-005
   1.5125780642420497E-004
   1.1276021353839295E-004
   8.7796089815350603E-005
   6.1047152096655447E-005
   6.1012987549911019E-005
   1.0659628393918875E-004
   5.5413244807590777E-005
   8.5123373518620200E-005
   6.7470382442839309E-005
   8.0208861433498564E-005
   9.4380999431303478E-005
   9.0697257763387745E-005
   9.1838470198828899E-005
   8.8528974289872267E-005
   8.3904472422562728E-005
   9.4642228198098553E-005
   8.9096517069550956E-005
   8.9654124648012851E-005
   5.9966880268550341E-005
   1.2194921760797607E-004
   6.6178166861918477E-005
   9.7514258455547344E-005
   7.3482653625427436E-005
   7.9277189056737950E-005
   6.0920555185532366E-005
   6.8759066391869104E-005
   1.0135577590377200E-004
   7.4806529702740196E-005
   1.0444742956759272E-004
   1.0977754930493006E-004
   8.3127035088451762E-005
   7.8199902787715652E-005
   9.6315581078042835E-005
   6.6733787810636943E-005
   9.2708516484632902E-005
   8.2188138726873962E-005
   1.0677364801091406E-004
   1.5549493444592306E-004
   7.5442757474782551E-005
   9.6527910486047158E-005
   5.5485703483219453E-005
   9.6307997285399158E-005
   1.0460949051704141E-004
   1.1206415582721967E-004
   6.5332126546317469E-005
   8.4467676315138674E-005
   7.9195127314959671E-005
   6.0752967111757909E-005
   9.2291443627718560E-005
   6.0191866002080878E-005
   1.1882109434413008E-004
   1.2615607216268215E-004
   6.7015831655137018E-005
   1.1583648278713059E-004
   1.6157857550977843E-004
   8.4980639796457637E-005
   6.8888472304194867E-005
   8.5419805689666205E-005
   7.4021853686552291E-005
   8.9538661495268469E-005
   1.1492924351925504E-004
   7.0862521795071710E-005
   1.5046421334874026E-004
   7.6926126523573263E-005
   4.9167597188175381E-005
   8.0422397386983207E-005
   6.4638759968304704E-005
   1.0231273907358244E-004
   8.6188847025752769E-005
   6.8582268647676630E-005
   1.0014350294438288E-004
   8.2523995442862900E-005
   7.6174031302117670E-005
   7.1346214379935154E-005
   8.2173941926469793E-005
   8.9961770173311019E-005
   1.1085033253420594E-004
   9.6644294003058964E-005
   1.0342118915836262E-004
   9.4897740728319579E-005
   8.4915492891335774E-005
   9.3983613374892149E-005
   8.6124113885370661E-005
   7.9848378838275581E-005
   9.5894619132675507E-005
   8.2850082403113624E-005
   1.0076310503826117E-004
   5.8861390963779239E-005
   9.5675255740680119E-005
   1.1725083545277816E-004
   1.3056372417708908E-004
   6.9299026778917383E-005
   7.2736886772600950E-005
   7.0161155889313090E-005
   8.4508529512850313E-005
   7.0267870798677615E-005
   1.5624975535860849E-004
   1.1007796018579413E-004
   6.9137473084176623E-005
   8.1366245469100714E-005
   9.2842872102218406E-005
   1.6736582428369956E-004
   7.1705483167362638E-005
   1.3939828115495836E-004
   6.6732681182095929E-005
   8.8406495211895139E-005
   8.1700721783547272E-005
   1.2306542364441648E-004
   1.1013799434633049E-004
   7.2993444402417518E-005
   1.0140061667239776E-004
   9.1428605900868994E-005
   1.1109537934700608E-004
   1.1973618578236468E-004
   1.1733076904367324E-004
   6.8794523223989450E-005
   1.5502634334800891E-004
   1.1035606828171759E-004
   7.2988827522811939E-005
   1.0153505238441667E-004
   1.2593754801809513E-004
   9.1195327514077324E-005
   1.4204301023526913E-004
   1.1792030745940754E-004
   6.6357376995648771E-005
   6.7063220093522568E-005
   7.7731240243915139E-005
   7.2891373109484285E-005
   8.2121361440696636E-005
   1.5623421447073902E-004
   7.0845878156245397E-005
   8.8267783407454915E-005
   5.2497226116855446E-005
   8.8018124136469926E-005
   8.9877766847918194E-005
   1.1253135747221032E-004
   8.2353560848670487E-005
   1.1739781320177237E-004
   1.3859645909569356E-004
   1.3768893714268085E-004
   9.5333856050308633E-005
   8.3881870395657342E-005
   1.0330271771013795E-004
   8.5580853509377124E-005
   6.7212700415103432E-005
   9.8953506175201186E-005
   7.4909044697745394E-005
   9.5817206332889381E-005
   1.0715042951168124E-004
   7.0490710693936357E-005
   6.1165744676740588E-005
   1.4374289396889545E-004
   7.4303873880594593E-005
   1.2101808438652079E-004
   8.6059993264847104E-005
   8.1329078124823661E-005
   9.0851443951912817E-005
   9.8362347232038849E-005
   1.0291565067350165E-004
   1.7523106546686121E-004
   6.9559852763196404E-005
   1.2674788057156984E-004
   6.3584837161561217E-005
   6.1777030885044280E-005
   4.5119684737779403E-005
   6.3535171215124564E-005
   9.3857904593359562E-005
   1.1947536090573141E-004
   6.5392660879656393E-005
   9.2635739819468650E-005
   8.4144231484616563E-005
   7.9677722248344983E-005
   8.9042552791618950E-005
   9.6164229324895332E-005
   6.9830345546177582E-005
   7.8757956097629228E-005
   7.5874768621358101E-005
   7.4230790541900699E-005
   7.6113709494743576E-005
   8.1952662889670406E-005
   1.0105879316286444E-004
   1.0275788537593373E-004
   1.1165264379127800E-004
   8.0021928778633956E-005
   1.1875758044743368E-004
   6.6705464798297933E-005
   7.6293367172514611E-005
   5.6544022031524059E-005
   8.4496876333462406E-005
   8.1698511844300006E-005
   8.2454990026229448E-005
   1.2916524280555015E-004
   1.1215604844715547E-004
   1.0227664224328184E-004
   8.1131497881118840E-005
   8.3115919989168932E-005
   7.2309665506823981E-005
   1.3015574003742516E-004
   1.0420639526622669E-004
   6.0632138721377977E-005
   9.7470852712274570E-005
   6.0377114199630175E-005
   6.1130786369713587E-005
   8.7577112057423865E-005
   5.9241523843819597E-005
   9.0893768166558478E-005
   1.6485991657393066E-004
   1.9867510472647756E-004
   6.2981752610458776E-005
   7.9118606692305779E-005
   6.8752168636575416E-005
   7.9569776787118701E-005
   8.7955763552714092E-005
   5.8050235821276245E-005
   1.1416665891660386E-004
   6.8603641890011596E-005
   9.1945994836064020E-005
   1.4427910836601254E-004
   8.1727229582020521E-005
   1.6824018706336803E-004
   7.9326653407951463E-005
   8.2773698364293452E-005
   9.8862028456520672E-005
   7.2897358299830754E-005
   1.0711205723024240E-004
   9.9806628864523877E-005
   1.0382659722241463E-004
   1.2367390604553193E-004
   7.9561032489025988E-005
   7.2058122049946884E-005
   6.5562913464465683E-005
   1.0609459951450270E-004
   1.2337022346212563E-004
   1.0323934933874804E-004
   1.4424798467111392E-004
   7.5831661255273898E-005
   1.1501215072169214E-004
   8.7328075980687143E-005
   9.1081470365291276E-005
   1.2015371131149953E-004
   1.0800652630663596E-004
   1.4743063005584990E-004
   7.7238387481153237E-005
   9.0677255018238554E-005
   8.6476627881466631E-005
   1.1640888145289945E-004
   6.2219757010689833E-005
   5.8181743066499306E-005
   1.1818405993233632E-004
