   8.8862211701699279E-005
   1.0313655085950207E-004
   7.4903992576487186E-005
   1.1461819929346875E-004
   8.6941850824840195E-005
   7.2328108726020662E-005
   6.8284212778446039E-005
   6.7108502888099959E-005
   8.5915428772225617E-005
   1.1394127531187491E-004
   8.2884796091323899E-005
   9.4052771947367763E-005
   7.3678005125301410E-005
   9.0289459109707827E-005
   1.0326161827371510E-004
   9.0269571525144904E-005
   7.7834611039455200E-005
   8.3024332799097616E-005
   7.6793381903989750E-005
   8.1308594856864696E-005
   9.8736716512750727E-005
   7.3010690274838584E-005
   1.0860752253937756E-004
   1.0475629442146996E-004
   7.7052847781431313E-005
   8.6335931721487770E-005
   7.0064630704589912E-005
   9.1966055085978713E-005
   9.8066555304276404E-005
   7.8805929600573820E-005
   6.2716395043927597E-005
   1.1713826728770341E-004
   9.1992160751837686E-005
   9.0793347448752721E-005
   5.3191344603911419E-005
   8.2323641743892379E-005
   9.6871720920309128E-005
   7.4483888627100477E-005
   6.8236080787506217E-005
   1.1147503803006204E-004
   8.7131705099819518E-005
   8.1169283117631750E-005
   7.5792396865712055E-005
   7.0857761648702959E-005
   5.6641591611353116E-005
   8.6475642057265781E-005
   5.7006162874644682E-005
   1.3274912741236461E-004
   8.0968389690237789E-005
   9.0443171891069346E-005
   1.5682218810804890E-004
   7.1987433571689118E-005
   8.3272126719189393E-005
   8.5630702091410581E-005
   1.5213818783035932E-004
   9.4500012955533774E-005
   6.3382202131258275E-005
   9.1766364313311630E-005
   1.1136525371678996E-004
   1.1372692747789893E-004
   7.1723085086617620E-005
   8.1723650095065362E-005
   7.5349922399528733E-005
   5.5629068416624232E-005
   8.3451343113762823E-005
   7.7632038268408561E-005
   8.9211363014934678E-005
   5.6413477356332248E-005
   5.0460482690088191E-005
   1.0003676566017353E-004
   7.5002932094285799E-005
   8.7481264215954967E-005
   6.6228679805167172E-005
   9.0238000336738178E-005
   7.2440187329896012E-005
   5.3505827949455018E-005
   7.6262901788817295E-005
   1.5500796764257780E-004
   1.0551417676801785E-004
   8.7478351548619254E-005
   7.1416622945096137E-005
   7.6352725203605694E-005
   1.1103704298517265E-004
   8.3393076726611941E-005
   1.0687452493908888E-004
   9.8573751346346352E-005
   1.0230445757077076E-004
   7.9258392014899416E-005
   6.6429339226582395E-005
   8.2596948311941757E-005
   5.8196311651967969E-005
   7.2188818460659212E-005
   6.0626827405912128E-005
   7.8176839089000340E-005
   7.0392963375431850E-005
   8.1785861419316212E-005
   9.4364252070434140E-005
   6.3298134839056034E-005
   8.1159273258655951E-005
   8.8658683630365876E-005
   7.7256112592516630E-005
   7.2423767990834889E-005
   6.9196824313743477E-005
   1.0725369176558372E-004
   1.1400828660539566E-004
   6.9259034522751217E-005
   6.8394622568227463E-005
   8.9879644987471823E-005
   7.9414339972785610E-005
   8.5392845307266863E-005
   6.6082575678452589E-005
   9.8150094692068830E-005
   7.6965940882587166E-005
   1.1927884938816299E-004
   1.0630081670941369E-004
   7.5329192577244593E-005
   6.9728937141757378E-005
   8.9682595057828993E-005
   6.5462097246140046E-005
   7.6275448864115131E-005
   8.1510007325134162E-005
   5.9167867474394500E-005
   7.1602577335355531E-005
   9.7020173497726646E-005
   1.3815919975466117E-004
   1.0484433466138826E-004
   1.0087736896728828E-004
   8.7332406131045105E-005
   6.8627063008878909E-005
   1.0301274494545432E-004
   7.3806795119895453E-005
   6.1160978357407408E-005
   7.8400884737134230E-005
   6.7509854906512885E-005
   7.0226640550208973E-005
   1.2399078658926631E-004
   6.8297324728341588E-005
   1.1891199626558946E-004
   1.0560918659616426E-004
   1.0643875426328195E-004
   1.1735078212957448E-004
   8.1529431416839357E-005
   1.3035901145325182E-004
   9.0410256549017636E-005
   1.0376062125951354E-004
   9.5350482430280728E-005
   9.5955799028997628E-005
   6.6380446650809164E-005
   1.2401108462032460E-004
   8.2825532206349893E-005
   6.7218475837734753E-005
   1.0716954127016023E-004
   6.1361854423695123E-005
   9.9668266204541004E-005
   7.4746230029665135E-005
   1.1295436903710224E-004
   7.3708482677500799E-005
   6.3641225807629928E-005
   1.3200376847788140E-004
   7.8985020014425193E-005
   8.7097606959740643E-005
   8.2256598721558815E-005
   1.2049819854605874E-004
   1.3071876148470948E-004
   6.2928296044579630E-005
   5.8297170195190733E-005
   9.0401008811426161E-005
   1.3691868333395453E-004
   1.0979174143153952E-004
   1.1584764189130295E-004
   1.1931054790495985E-004
   7.5765457835500025E-005
   6.8988790195679409E-005
   9.3597316435631907E-005
   7.0937552441288735E-005
   9.4074876628632404E-005
   6.0389770438751595E-005
   9.0297248472999140E-005
   7.5372703621486728E-005
   1.5209117829257957E-004
   7.0207404092685258E-005
   9.8522597806427004E-005
   8.8665006753511371E-005
   9.4614854058485255E-005
   6.6852526419527262E-005
   8.5848941749240313E-005
   7.6475157431974401E-005
   7.3573474974443750E-005
   7.8745564980725756E-005
   8.9954004392964494E-005
   1.0717797430437208E-004
   9.9354107312775187E-005
   7.5145674796770910E-005
   7.4635730550305694E-005
   1.3579070859189458E-004
   9.6559978095340582E-005
   9.1389594792712101E-005
   9.7432394603012129E-005
   7.3601557905299055E-005
   8.6580209701893506E-005
   1.3008979583543402E-004
   9.7191560073850116E-005
   7.7665202067344325E-005
   1.2562009913994591E-004
   7.6750508660217390E-005
   1.0284860813589447E-004
   5.8498661359495660E-005
   7.5548436790088150E-005
   1.0557510797913962E-004
   7.9596584964577985E-005
   6.0912808068811194E-005
   1.0817966900138791E-004
   7.7520130072324239E-005
   7.4991904333098655E-005
   6.0834996565629539E-005
   8.7214190397546249E-005
   5.2425958003520283E-005
   6.5660664787565605E-005
   1.2216349165527834E-004
   1.0579798849054489E-004
   1.1126406715652479E-004
   9.5891913922519539E-005
   7.0299830205359942E-005
   9.9977068187759484E-005
   8.3353108628381924E-005
   1.1297198388586736E-004
   1.0261328453409397E-004
   7.3329532749976569E-005
   8.6968280695094838E-005
   7.4397737210478020E-005
   1.0042191081983131E-004
   7.7813924060773302E-005
   8.9042126157668885E-005
   6.1040023500850095E-005
   7.0104956172687921E-005
   6.4875730468629274E-005
   6.1941675375808903E-005
   8.7051282370155528E-005
   8.0277049392563055E-005
   8.5081688477121471E-005
   7.7121484377337362E-005
   7.4758204188842421E-005
   1.0929675929537942E-004
   6.6492687910536761E-005
   6.4038578185556601E-005
   7.6354712299341791E-005
   1.4355168114770826E-004
   8.3573533029035211E-005
   8.4797075705705805E-005
   8.7316047527884313E-005
   9.3062508514413884E-005
   1.0952374608541264E-004
   1.1450513361983684E-004
   6.2586208174726657E-005
   8.4780480022173918E-005
   8.0960073099482844E-005
   1.1826035689341494E-004
   9.2541787243970364E-005
   8.2587901961644737E-005
   6.7717192385220644E-005
   7.5286086063586092E-005
   7.9036213793343902E-005
   9.9751028584568808E-005
   1.4659567345555184E-004
   6.3895881009589281E-005
   8.0988446733224026E-005
   8.6882829748882991E-005
   7.6161988941207901E-005
   8.1448510045491285E-005
   5.5605852389373081E-005
   9.0585421382018784E-005
   7.8118140434914240E-005
   1.0370202354741111E-004
   9.9578698679336853E-005
   8.7207684020930236E-005
   8.1469488821339691E-005
   1.0059669571451628E-004
   1.0436188352847954E-004
   1.1195880191022514E-004
   6.3334819095792075E-005
   5.8825558892283920E-005
   7.3416429443771223E-005
   1.1273969631580752E-004
   9.7489115993224020E-005
   5.8929118739509915E-005
   6.5745273396329313E-005
   1.1256041855630700E-004
   1.0629822202033226E-004
   7.4483463042960256E-005
   8.5153479540631192E-005
   7.1204964206867741E-005
   7.3776593827867623E-005
   1.5318417217075032E-004
   8.7902842412938980E-005
   1.0456166870151580E-004
   5.6818075676093407E-005
   7.0308385737086646E-005
   6.9146000972016458E-005
   7.1572384552637806E-005
   1.2497147029724928E-004
   8.9224349870994127E-005
   7.1743286825004212E-005
   8.0535948004042699E-005
   1.0222153361227699E-004
   9.2888240245433393E-005
   9.8703620231784992E-005
   1.5776108326869798E-004
   7.4888587279592909E-005
   7.4328028080777216E-005
   8.7131028815652680E-005
   1.1188983547828895E-004
   7.3078088907845693E-005
   7.0771527013543635E-005
   8.5943288667239689E-005
   6.3644201179735633E-005
   8.2734191667651610E-005
   7.0799501826187048E-005
   8.6868901975711835E-005
   8.7614308158172162E-005
   6.9540707609463403E-005
   9.6511117305591359E-005
   1.6418607893244186E-004
   9.4845693765253962E-005
   7.7445961297261195E-005
   8.9296131173684538E-005
   5.6345331866844901E-005
   5.6970114519245532E-005
   7.0253702767124476E-005
   6.8752421269610309E-005
   8.5342873495394069E-005
   7.1173058359118093E-005
   9.1888649978108769E-005
   5.9982208321243735E-005
   6.2201362780757227E-005
   1.0987751105469092E-004
   9.3901366905146911E-005
   5.5020699080705100E-005
   9.7662370387647312E-005
   1.2491070510151260E-004
   6.7982777521383974E-005
   7.7827677876337594E-005
   7.6400837574713972E-005
   1.1857544837370528E-004
   7.4317440919089935E-005
   5.2100867057037170E-005
   7.1971494311026050E-005
   9.4452338700512918E-005
   1.2014418093199259E-004
   9.9935190942994608E-005
   9.6976702661393847E-005
   6.8579165124385148E-005
   7.5944874419860945E-005
   1.2119577012118601E-004
   8.3643707379637815E-005
   9.7426565528000621E-005
   6.8073455695084122E-005
   6.6101115511868025E-005
   1.1891706262059545E-004
   8.0915106365385284E-005
   8.2822660715610059E-005
   1.0669897280182606E-004
   7.5005808999259934E-005
   7.5611282302810202E-005
   6.3759196870670086E-005
   1.2381719729145083E-004
   5.5152536478235930E-005
   6.1317641595761094E-005
   7.2262000470682460E-005
   1.1770487624994349E-004
   7.6932832131418880E-005
   6.4322734427486273E-005
   5.0987434015579462E-005
   6.6557068565323524E-005
   1.3128071978239577E-004
   1.3018411631179747E-004
   7.3210880347293476E-005
   9.3647904898743725E-005
   6.4089016593318031E-005
   6.7479204181372719E-005
   8.4356115308145346E-005
   8.6857892134697306E-005
   1.4762764142467119E-004
   8.0939178347253312E-005
   6.4254171339504229E-005
   4.7406029136739089E-005
   9.6049934534074273E-005
   5.9553756972380771E-005
   5.8206849979071791E-005
   1.0006087209750768E-004
   7.6494977818907837E-005
   7.5593535596184773E-005
   5.9226628336106024E-005
   9.1808533582346451E-005
   8.9201341905294267E-005
   5.9158904375557676E-005
   1.0260899960013702E-004
   7.3527725079726284E-005
   6.9862585018270307E-005
   1.0546989350377828E-004
   7.2958997200349058E-005
   9.9771388486764273E-005
   1.3932197472659214E-004
   7.4500996451813648E-005
   7.0321285051249823E-005
   6.9644178757627203E-005
   6.3610018292613148E-005
   7.3873159375116297E-005
   9.2380406899736920E-005
   6.6131984935151458E-005
   6.7119570925080614E-005
   6.0966830389632217E-005
   8.1023725174547283E-005
   5.9541424589907718E-005
   5.0187578447355281E-005
   7.0222198934618608E-005
   8.0250499589164497E-005
   7.6799645379810758E-005
   1.0868284657364388E-004
   5.6163022419384943E-005
   1.3681820151048674E-004
   5.6754563719326778E-005
   9.1327817555631133E-005
   1.2257421954919287E-004
   8.1227656082907078E-005
   5.9595059353860993E-005
   8.5255587130566478E-005
   6.2057098649597367E-005
   1.1471586861869627E-004
   8.5597278288476411E-005
   6.2909939756118725E-005
   6.3437027711635594E-005
   8.3674430163954098E-005
   1.0044611568695021E-004
   9.7589130623734272E-005
   1.3034365573443097E-004
   9.7326124539459823E-005
   8.7279983431340176E-005
   1.0357059196216745E-004
   5.9215503388519319E-005
   7.3131701814779782E-005
   1.2390923869373053E-004
   1.1603262086687383E-004
   1.0884929908199112E-004
   6.4700876774032880E-005
   9.1991730277101141E-005
   9.8007598283488315E-005
   9.5551712336944646E-005
   7.1216879413776003E-005
   9.6116975374616645E-005
   1.0233442034298798E-004
   9.3751249850813640E-005
   7.0558978437353746E-005
   1.3617461300680691E-004
   5.6240906327957139E-005
   8.4687487650224831E-005
   1.1874319775756874E-004
   8.8650320866421933E-005
   9.1100222297279995E-005
   8.2022566499423741E-005
   7.8222906227718014E-005
   1.0308265407704708E-004
   7.5172814896950338E-005
   7.4288676563982455E-005
   7.6454799559347777E-005
   1.5954138984175254E-004
   7.4088065755899328E-005
   5.9439880553195692E-005
   8.8074670973490172E-005
   1.2009004752556988E-004
   8.9823895757079497E-005
   8.4574169217827881E-005
   8.0546983674125469E-005
   1.1558959740507057E-004
   7.5717559431919036E-005
   1.0301856920377188E-004
   1.3848682902558240E-004
   7.2489204784801248E-005
   6.7133245250489238E-005
   5.7184886207636050E-005
   8.1607820912156035E-005
   5.5035862325099541E-005
   7.7284972701359035E-005
   1.1414102802564163E-004
   9.4832954404450317E-005
   5.5337363784858867E-005
   8.5623918364708204E-005
   6.6951293876524966E-005
   7.4246730424369379E-005
   6.9801000171063038E-005
   1.2955853464373420E-004
   7.7911168944346611E-005
   6.8862078606086991E-005
   1.0722827854034619E-004
   7.5381066648011995E-005
   1.1436426511999392E-004
   8.9117332361775343E-005
   7.3944798883156482E-005
   8.2327022683869905E-005
   7.3175034519923395E-005
   8.5466695534910480E-005
   8.2376533605806241E-005
   7.4678483243427593E-005
   6.1388361941431527E-005
   8.8384286999337625E-005
   1.3561779414539675E-004
   6.4016831716506395E-005
   9.8157249882717480E-005
   4.5526951630245190E-005
   9.6800245421410552E-005
   7.8402431838550080E-005
   7.6386293408737800E-005
   9.6249050074784318E-005
   1.1136937472272245E-004
   9.3744529689059882E-005
   7.1206606110602838E-005
   9.9491451736692066E-005
   1.1808208894369454E-004
   8.7849506538548118E-005
   7.9790765339453847E-005
   9.7681604227145845E-005
   8.4587524966865221E-005
   7.0598552965593173E-005
   8.2861038483052037E-005
   9.8689602508367975E-005
   7.7359183072756393E-005
   5.8403260291965780E-005
   5.8621185630476173E-005
   8.5206962894882071E-005
   6.7755456774977086E-005
   8.1527947136290303E-005
   9.1523476797528418E-005
   1.2012094641465026E-004
   9.1479728008533241E-005
   8.5220663471446105E-005
   9.8885762070376502E-005
   9.6397758831040192E-005
   7.2057934664163426E-005
   5.9286754665532872E-005
   1.1338172145716992E-004
   1.0972685031924792E-004
   6.8450224194714656E-005
   6.9672705607973830E-005
   9.0202118213384205E-005
   8.4733596198680015E-005
   7.5481627359125930E-005
   9.3509425408767717E-005
   6.5933506571816863E-005
   8.9783595383837505E-005
   7.7251237257080894E-005
   8.3302688210652335E-005
   8.6576198510318161E-005
   7.1715401707779468E-005
   9.8064969169364853E-005
   7.2275148873848113E-005
   6.6958491309173986E-005
   7.5353525132588450E-005
   8.2227636353320838E-005
   1.2585681400438713E-004
   7.9232412916176636E-005
   8.1267546466666168E-005
   6.4900562088933956E-005
   8.9210120464784003E-005
   8.4146208787617990E-005
   9.4655373150291178E-005
   7.5250776949286415E-005
   5.5216457252848955E-005
   5.8612425121301857E-005
   8.2350267519347965E-005
   7.0208094661302264E-005
   7.7616182938964267E-005
   8.0733222433963258E-005
   8.0790239379015393E-005
   5.5677738859804471E-005
   7.9390631048370782E-005
   7.6231614531565144E-005
   9.0014658850622777E-005
   9.5288663466495325E-005
   8.8303518605967223E-005
   7.4485564017694449E-005
   1.3879212894078803E-004
   9.2555181180145320E-005
   9.9451057889932655E-005
   1.1614312108507785E-004
   9.1257503765309968E-005
   1.1146450610574115E-004
   1.2235623832193226E-004
   9.3552169439604113E-005
   9.4381382542991604E-005
   7.4085149114255496E-005
   7.0930298493625325E-005
   8.1601868012330138E-005
   9.9393322606959242E-005
   8.0854524747243239E-005
   7.2199929110815835E-005
   6.7002445589149528E-005
   7.4885777539885923E-005
   9.9068663636273953E-005
   1.2259949233426438E-004
   6.0703835937629893E-005
   1.0902141904355269E-004
   7.7618113123947412E-005
   6.3863699171350354E-005
   7.8233147977947124E-005
   8.8329711412777674E-005
   7.7967311938964535E-005
   5.9569450065263112E-005
   7.4202311682423325E-005
   7.3924687417591632E-005
   6.9986546648547463E-005
   1.0136504541828709E-004
   1.0887385627049295E-004
   9.6086759939839627E-005
   9.1826842285361302E-005
   9.7820239331749130E-005
   1.3341485014699679E-004
   6.3306085758730148E-005
   8.3303063532615744E-005
   8.1812059041740567E-005
   1.1553529640970484E-004
   9.2060261750353579E-005
   9.8759011248186784E-005
   9.4988587100795178E-005
   7.9065017198150526E-005
   1.0497253047155547E-004
   6.5679247069402920E-005
   5.9925152527614806E-005
   9.8336933296329287E-005
   9.3717937202793356E-005
   6.9788525218462245E-005
   7.4289709732303249E-005
   9.9991120929070697E-005
   6.3289731937860917E-005
   9.2733587589164060E-005
   8.6558678126982106E-005
   8.2758095774167239E-005
   9.3424738180082915E-005
   1.0296428580914054E-004
   6.5040572438281700E-005
   6.7198258317499934E-005
   1.0697318953928975E-004
   9.2497161266558422E-005
   1.5881966133131240E-004
   9.7983258820434228E-005
   6.8356221370336525E-005
   1.5937713013515042E-004
   8.2002116572952604E-005
   1.4584328917155480E-004
   1.4534075435615682E-004
   6.5058464068259148E-005
   8.7977665218250996E-005
   9.7306203090372502E-005
   1.1158561367020372E-004
   6.8232399113655963E-005
   1.0946304549783123E-004
   7.8779684602582142E-005
   7.0009566407730519E-005
   1.0884751440481258E-004
   1.0496674974216731E-004
   1.1458947879344815E-004
   8.2766559493844497E-005
   5.5004638356593203E-005
   7.0437847001892062E-005
   5.0227473119413579E-005
   9.4612060635744115E-005
   8.3482482860721470E-005
   9.7103233590360239E-005
   9.1567801521498952E-005
   1.2012554617461383E-004
   1.1203398272078303E-004
   5.9929279335171417E-005
   9.0526961833774851E-005
   1.0216899539127171E-004
   6.5930474577572675E-005
   8.5046244894572515E-005
   5.7224974699160453E-005
   8.0582381466368363E-005
   8.6829119704915514E-005
   8.5852496036682816E-005
   7.0667290134256280E-005
   8.8120785755981185E-005
   1.1542744012629704E-004
   5.9663766453592659E-005
   7.9865485875075940E-005
   1.1611531777008747E-004
   7.0911114692464103E-005
   8.0294738159455829E-005
   7.5879520396139751E-005
   6.3453304637438733E-005
   8.7180092212860464E-005
   1.0648474536157595E-004
   9.2494439274813870E-005
   5.8287628131554521E-005
   9.7371758875284051E-005
   1.2560227398207514E-004
   9.1707383067545425E-005
   8.6520054461811896E-005
   8.0269071433519446E-005
   7.6841766905056378E-005
   9.8452707958091956E-005
   8.8170190664466845E-005
   6.4648039018323994E-005
   8.3600406682714712E-005
   1.0483170051026890E-004
   9.0283661963175873E-005
   7.6412193549830893E-005
   6.4397298652670289E-005
   1.4184095783625628E-004
   6.7380529175747162E-005
   8.4549962461154564E-005
   9.2503421521796599E-005
   7.2497626532173480E-005
   1.6374945412943117E-004
   5.9016748762918677E-005
   7.2890621272539912E-005
   6.7753915056500719E-005
   1.0138992876698639E-004
   6.4445464799292435E-005
   9.8674483535403758E-005
   7.8953014619516943E-005
   7.8550794915351952E-005
   6.2667676235688270E-005
   6.9933496743808897E-005
   8.6426729801069229E-005
   6.4436756786811594E-005
   5.5723857353080676E-005
   1.0005194785070996E-004
   8.3014182157045769E-005
   6.3111025726658433E-005
   1.1568280915947190E-004
   9.1788290437263482E-005
   1.0125592855938028E-004
   6.3025293360436692E-005
   6.1533097394796623E-005
   8.0884571695565122E-005
   6.7520266598572595E-005
   1.1857778156015920E-004
   6.7630634473090644E-005
   9.2982218006849361E-005
   6.0811410512857280E-005
   9.8485278775370359E-005
   7.3791266677128810E-005
   9.0190115661717416E-005
   1.0689772972535316E-004
   7.4175031935849378E-005
   6.8912173301116737E-005
   8.9794105678444241E-005
   1.0556477418782647E-004
   9.4117101970202417E-005
   9.0277470714973635E-005
   1.4348839258964831E-004
   6.9809669498618012E-005
   9.9254830991662697E-005
   5.9238480269414750E-005
   7.5826134890150308E-005
   1.2747620857652973E-004
   5.3997925906715954E-005
   1.6881220896170973E-004
   6.5038000297055996E-005
   8.2897384696671656E-005
   1.0672103291693630E-004
   5.3941843724160725E-005
   6.3901531673687590E-005
   7.5337272851600255E-005
   6.2808654731439297E-005
   1.2136547459117631E-004
   8.6884357566435191E-005
   9.4968321531478596E-005
   8.4065665129795170E-005
   9.5564669767733471E-005
   4.6943685422829979E-005
   6.5688127743851072E-005
   6.1032836790946506E-005
   7.0671908569086599E-005
   7.1835319619662963E-005
   1.2800103661752353E-004
   1.0543703577189460E-004
   6.1219905615577576E-005
   1.3672711413366680E-004
   1.2162264502664306E-004
   5.1041876861741279E-005
   9.9770357444717273E-005
   1.0111991645828744E-004
   7.4152569688179447E-005
   1.0225951477433936E-004
   1.4003563564202401E-004
   7.7068795131871317E-005
   1.2823733184730342E-004
   1.0388475022615221E-004
   1.4017476566958897E-004
   7.6743611114619080E-005
   7.3160625894101369E-005
   7.4230137179790313E-005
   1.3013968477073567E-004
   8.9842260251654020E-005
   7.9232295640256081E-005
   7.0020797417765537E-005
   6.0803124784551094E-005
   5.3414657677832212E-005
   6.4012190672120613E-005
   7.7782634823686384E-005
   6.9201872333841952E-005
   5.6995697104572945E-005
   7.7499102423465405E-005
   6.9701111254868208E-005
   7.4907086162497269E-005
   8.0577840825895574E-005
   7.0295571502352634E-005
   6.8365734281045540E-005
   9.1406356106476499E-005
   7.6443229793307402E-005
   8.3598972497842585E-005
   1.0862221507798379E-004
   9.8754463315779266E-005
   9.1108756583790785E-005
   7.7017678519043466E-005
   1.4098299289608772E-004
   6.6472598406774866E-005
   1.0820686910182607E-004
   1.2708812578188656E-004
   1.7828906291073084E-004
   5.1249410640504128E-005
   1.0025040765551306E-004
   4.9276009286246055E-005
   6.3068501846290801E-005
   7.9621556280930894E-005
   8.1133740587570203E-005
   6.9928832038336204E-005
   7.4195380284497404E-005
   5.1894838800169264E-005
   9.1102295132360888E-005
   8.3874363810578685E-005
   7.0083483914734144E-005
   9.1863486677518609E-005
   6.8269652682069652E-005
   5.0142898847974582E-005
   1.2357152016275648E-004
   8.8333696019622372E-005
   9.4034078006201489E-005
   6.4478142071788133E-005
   1.2027057332073966E-004
   7.6872815201504261E-005
   8.1681187386181895E-005
   9.4348769182806477E-005
   1.0941782665351170E-004
   9.1596992706161518E-005
   1.9796835982103953E-004
   7.0559521703526516E-005
   8.1630112264640783E-005
   9.9548709973610125E-005
   6.6277827081365841E-005
   5.8274735790155276E-005
   6.2348921560858840E-005
   8.2903065378786263E-005
   6.6797457385229061E-005
   1.2957659367075189E-004
   1.2144044231143198E-004
   6.4727440279082756E-005
   1.1641221455371814E-004
   7.0564525972239772E-005
   7.2812153895662971E-005
   9.4502067440804010E-005
   6.8795438171663810E-005
   7.1613394540258178E-005
   9.4782295313904937E-005
   1.1268901925928256E-004
   7.1379069138252085E-005
   1.2408192082194141E-004
   1.1241813626613304E-004
   5.3747503489728261E-005
   6.3908337544182016E-005
   8.8110561938048402E-005
   6.5354992159964142E-005
   8.6991300001590242E-005
   9.6489348965874295E-005
   8.4475235770824596E-005
   1.1888866231368030E-004
   9.1097143632897282E-005
   7.9498760923493191E-005
   9.9333496787385554E-005
   1.0364097846152916E-004
   5.9776249406867153E-005
   1.3057465975529627E-004
   1.1442441092146099E-004
   8.6640055227204954E-005
   8.6229269621528978E-005
   7.2573905801463673E-005
   8.4687073441987664E-005
   1.0251736136418067E-004
   1.1082494331478691E-004
   9.8689834769042983E-005
   1.0502788642256256E-004
   1.1342135057890308E-004
   1.0411312895444175E-004
   9.5938690271491877E-005
   8.0439198442727603E-005
   6.8854543191231458E-005
   6.2095085627427194E-005
   1.0361815379660582E-004
   1.0060028813831648E-004
   7.7401554999609204E-005
   8.5980857094943968E-005
   7.4365826441829993E-005
   8.1235385176582311E-005
   5.6744065305578020E-005
   1.1811796589636327E-004
   7.5021016116513586E-005
   7.0764504414266827E-005
   6.4713286418730274E-005
   6.7780482275139019E-005
   7.4316213931664889E-005
   1.3754309216931678E-004
   1.1417735634676930E-004
   8.4417738294238233E-005
   9.7223069052942984E-005
   8.1360872639166392E-005
   6.7845844632272636E-005
   6.4862309330799070E-005
   8.2949134352795268E-005
   8.0060344791431885E-005
   1.1446577750497368E-004
   7.9820413113850452E-005
   7.2512330106154108E-005
   7.1231907947679588E-005
   8.7682336950051497E-005
   8.6913597298682600E-005
   7.6980483734304727E-005
   7.6011063070940372E-005
   1.6088334343846667E-004
   1.0594993568157021E-004
   9.1567757365229179E-005
   8.1419103683231340E-005
   7.4913908407571529E-005
   1.0382629960490219E-004
   8.6029232357004472E-005
   1.4119668990738871E-004
   9.9843574762400677E-005
   9.7545862327785311E-005
   6.7627345226004964E-005
   7.0171972227951401E-005
   8.6620686723791460E-005
   8.7667732453130279E-005
   6.5548450995189006E-005
   1.4792273712820289E-004
   6.8712335895362850E-005
   9.7138913547674063E-005
   7.4368710739219299E-005
   6.8847774727739914E-005
   5.1273830824323525E-005
   6.9048705268200645E-005
   6.6787036196128203E-005
   8.3867684843561406E-005
   9.6259005064971637E-005
   9.4839117271303323E-005
   7.5058419905980984E-005
   1.1602892090744292E-004
   7.0366939598395979E-005
   1.0390368606150082E-004
   6.3520255835270600E-005
   1.0435081086784974E-004
   1.1895514359781395E-004
   8.9144776152542057E-005
   1.0135130332539625E-004
   7.2094881262851137E-005
   6.8968272164965472E-005
   5.1536536484952135E-005
   6.3828191719036764E-005
   7.9056634168309727E-005
   6.1106023790657887E-005
   6.2605893990717312E-005
   8.4285574897561045E-005
   8.9369969310868297E-005
   7.2912554016055684E-005
   9.1151401207558545E-005
   1.1451030469861095E-004
   6.6235431776026817E-005
   6.9537437923181003E-005
   5.5721596420597098E-005
   1.1690666979931717E-004
   1.9747003492511848E-004
   1.0697081906633863E-004
   8.8010093072475284E-005
   8.3946912446861488E-005
   1.1323574350618359E-004
   9.6879038957658543E-005
   7.4335242792568398E-005
   9.4063489902521989E-005
   7.5524282400665316E-005
   7.3026213949349409E-005
   6.1162433145212170E-005
   7.1798015184946961E-005
   1.1091778787136476E-004
   6.5675494899606888E-005
   1.5925500424409620E-004
   8.6931171297654052E-005
   8.5171468469414399E-005
   8.2551422762492741E-005
   8.7403826502469685E-005
   8.8570479097618417E-005
   9.2408125327718229E-005
   1.0577039125150709E-004
   7.4485219372864725E-005
   8.7402490097257578E-005
   5.7780648061402975E-005
   7.1735074120257231E-005
   9.4224867119163213E-005
   9.2256912055123976E-005
   1.1370694462261065E-004
   6.9031182922903696E-005
   5.7071306393513991E-005
   6.7946681817329500E-005
   1.2200389743510693E-004
   7.0752801604131478E-005
   7.7548243865142540E-005
   7.2631910505993182E-005
   6.1445848775240188E-005
   1.1934922840458626E-004
   7.7597300894217199E-005
   7.3539026749973454E-005
   8.8984579954767492E-005
   9.9159183508931294E-005
   7.6989671777766611E-005
   6.4605638262803174E-005
   8.3664936130868289E-005
   6.2571914764149379E-005
   7.6802809150611857E-005
   9.0411572335864369E-005
   7.4077578521236195E-005
   6.9097929713395537E-005
   8.3433053431318342E-005
   6.8431119745244017E-005
   9.8049197161612390E-005
   9.5886008973622934E-005
   5.5217210940929522E-005
   1.0758797644147188E-004
   6.8413805681031179E-005
   7.1546751090533839E-005
   1.3644140482262977E-004
   7.7540590243911343E-005
   7.3810705804682481E-005
   9.0129071651552032E-005
   7.8582663403533253E-005
   1.2756845342357415E-004
   6.4508383245693522E-005
   5.0505791580501768E-005
   5.3634519819433505E-005
   1.2964877631272263E-004
   9.0646303092364275E-005
   1.2156409908393083E-004
   6.8665192335275128E-005
   1.1541374584250186E-004
   8.0401009924629550E-005
   1.0816677770073124E-004
   7.7761056547723348E-005
   1.0759713494564310E-004
   7.5964542901530203E-005
   5.7350285266168263E-005
   9.0272303393417478E-005
   9.3692749939886568E-005
   8.5644418687051916E-005
   1.1502114032603926E-004
   7.8188209632458112E-005
   7.5004750378904983E-005
   6.8306082672073390E-005
   1.6085116167268026E-004
   8.1603606725606535E-005
   5.7693648096473133E-005
   9.2644491189175951E-005
   5.4008448561666261E-005
   1.0370580493375050E-004
   1.1633858931646792E-004
   7.9383571154019583E-005
   7.0352463341716347E-005
   1.0180161318954823E-004
   9.2757496416498368E-005
   8.8092331796986583E-005
   9.2674973965438560E-005
   5.7552475876654441E-005
   7.6862706099734926E-005
   9.2965777577099567E-005
   1.2897652039725886E-004
   1.3138633124567812E-004
   6.7126745806775611E-005
   1.0431815756234119E-004
   6.6022278762345468E-005
   1.0985675535684261E-004
   7.4080452004023683E-005
   8.2295991363780791E-005
   7.7359905318640708E-005
   6.8581726850903521E-005
   6.6189818766068304E-005
   8.4779597313385489E-005
   1.3893748660601262E-004
   1.2581566647963368E-004
   1.2769429305721985E-004
   1.0594797434084842E-004
   5.5846404777089912E-005
   5.6954222223117604E-005
   7.8359118626028474E-005
   8.7805412725023676E-005
   6.2959121343058219E-005
   1.2776026538300473E-004
   1.1582632756767359E-004
   1.1228177335681853E-004
   8.4483395881573939E-005
   7.5769685368156500E-005
   6.9890414481709449E-005
   5.6946894007954932E-005
   1.0783071873410639E-004
   9.3896814030805108E-005
   1.0246446471171961E-004
   7.7869313597951219E-005
   6.2989380423889279E-005
   1.4941004422012631E-004
   9.8833817217522027E-005
   8.5827007088351272E-005
   8.1455897960233092E-005
   9.8194487393578529E-005
   1.2161766104678775E-004
   6.3216895765395208E-005
   7.5985025271806903E-005
   1.0578439025441611E-004
   1.0067246293517761E-004
   9.4240768696062511E-005
   5.9441379599410162E-005
   6.2405243325679778E-005
   7.4452889036367431E-005
   1.0262584894866808E-004
   9.6556504184245272E-005
   9.0107098884497063E-005
   1.0963794110250052E-004
   5.4133503509382888E-005
   1.2234239646235774E-004
   1.4781295103836152E-004
   7.2823997396888812E-005
   6.4032499868406365E-005
   8.1404374092446319E-005
   7.5067367281525835E-005
   7.9622960679717801E-005
   7.5246875878661338E-005
   9.7866740019502234E-005
   1.0085517231447039E-004
   5.5170315149213694E-005
   5.3616127148057724E-005
   6.5096080192049454E-005
   5.2328751181785697E-005
   6.0993044884904357E-005
   9.9405143762511852E-005
   1.6259161756366054E-004
   9.1263307067347024E-005
   8.7380803960713222E-005
   6.9331084295710309E-005
   6.5588531614933345E-005
   5.9229511020647752E-005
   8.2966704295428284E-005
   8.8031474670821093E-005
   9.2961024074874384E-005
   7.4268506421884057E-005
   1.0688058710521169E-004
   5.6583942165037763E-005
   8.0571450838415359E-005
   6.1762464529817020E-005
   7.8510337642150992E-005
   7.8126992396483882E-005
   7.9193719830947858E-005
   8.9378859515634349E-005
   1.0871595389436288E-004
   7.4225125472976750E-005
   6.2904102114719017E-005
   6.6012450839196112E-005
   6.7291951277565444E-005
   7.4574747555752159E-005
   1.1323529190192458E-004
   5.8686289553984522E-005
   5.2317089018139635E-005
   1.3476909343919564E-004
   9.5765659448599218E-005
   9.4423889656415459E-005
   1.2577650307838900E-004
   7.5577904212976437E-005
   8.1946008115443584E-005
   1.1238564660170992E-004
   1.0006459509189100E-004
   8.2661418494086309E-005
   7.8672442290683050E-005
   9.1576103888814616E-005
   8.2792216150636496E-005
   1.0769501517915327E-004
   9.9753616305117812E-005
   1.0104097052194381E-004
   7.5198975702161190E-005
   7.6200665412335904E-005
   1.2418107615751691E-004
   4.5812481945854205E-005
   9.3627460674883172E-005
   1.0377637475440117E-004
   9.4310485945310314E-005
   7.9862093061279401E-005
   8.6972517172783799E-005
   1.0590718816810121E-004
   1.2516276534458752E-004
   8.5164234452281672E-005
   1.1181463850759361E-004
   1.3465698581221130E-004
   5.9401876745432937E-005
   1.0331592668141399E-004
   5.9365318731252767E-005
   8.2112127758529507E-005
   6.6948689128771324E-005
   5.5348179942189932E-005
   1.0356156410102840E-004
   1.0216097311604567E-004
   7.9567358364499390E-005
   9.8704374300652697E-005
   5.4397452874157596E-005
   5.4235528633605082E-005
   5.0791304432856510E-005
   8.8877526954721879E-005
   8.9387141464388167E-005
   1.5181287271620654E-004
   1.2256229571622472E-004
   5.5156113016814452E-005
   7.7791109493010200E-005
   9.1510294065019849E-005
   6.3836945230117190E-005
   1.0309054209928795E-004
   6.5817654805481047E-005
   6.7612748564180425E-005
   7.2142620428609030E-005
   9.3183546721604097E-005
   1.4285654033534034E-004
   7.2994995593595886E-005
   2.1322210254280167E-004
   8.9466826938235390E-005
   6.3628650329782777E-005
   1.4808996329211934E-004
   6.7719693151819504E-005
   6.2981051501310146E-005
   6.5180947379845671E-005
   5.5997274018085667E-005
   9.4449889701433068E-005
   7.5993170690302742E-005
   5.3395073032556808E-005
   9.7293722856676865E-005
   7.0875841825730654E-005
   9.2754249339613897E-005
   5.9865884425057920E-005
   1.1981569620756193E-004
   7.9796426602322525E-005
   9.6566678400241646E-005
   9.3707617335865657E-005
   9.6990502637398098E-005
   8.9335861375648514E-005
   9.1054988461779509E-005
   1.2033908347977728E-004
   9.8509089896959548E-005
   6.9888844483614960E-005
   1.0233428962117222E-004
   9.9039118880066745E-005
   6.5360392445722089E-005
   1.0412983424527353E-004
   6.7497449235648567E-005
   6.5701167390838197E-005
   1.3218206825770112E-004
   7.8479137814555224E-005
   8.6761775542032156E-005
   8.3602095194113243E-005
   8.2680527468260274E-005
   7.0764624646214801E-005
   1.0511762184081172E-004
   1.0946703422512593E-004
   7.3670160776697312E-005
   7.8948735994993267E-005
   6.7618458831784662E-005
   9.8406974073692643E-005
   8.5153408498880463E-005
   1.2500337407034452E-004
   5.2371268504531824E-005
   1.1297498553596549E-004
   8.9419792978680690E-005
   7.1249222292430972E-005
   4.8463631542778231E-005
   7.4418987697822095E-005
   8.4275872250484977E-005
   7.6834101567711696E-005
   1.3545679380549136E-004
   9.0313823317419165E-005
   7.0476302804879106E-005
   1.4030577880122280E-004
   7.0746257015447394E-005
   9.5328277082862981E-005
   6.5398514113164638E-005
   8.4376677753567454E-005
   5.9245496705235827E-005
   8.7388666753364689E-005
   9.1947478374471524E-005
   9.6751302899411386E-005
   1.1256703559240857E-004
   8.4358700744847532E-005
   5.2371488758487910E-005
   5.3707261941712576E-005
   1.0053927112850464E-004
   8.8962750508533460E-005
   7.1328600293476594E-005
   7.1338788435241045E-005
   5.2737418857770245E-005
   8.9359698225852877E-005
   6.6685971832432768E-005
   7.4076765468118985E-005
   7.1794381588380940E-005
   1.0023631490253982E-004
   6.5582007592802739E-005
   8.3042161727038210E-005
   1.6900821877588795E-004
   1.2295306055432552E-004
   5.8777137107156788E-005
   9.0028329509492038E-005
   9.5357818656351926E-005
   9.1356954040977740E-005
   9.0231697351739272E-005
   9.4688954669175742E-005
   9.2392521316845668E-005
   1.0008865498779909E-004
   1.1561061472500119E-004
   7.7840135213899620E-005
   6.5801739131000168E-005
   7.4054392701520139E-005
   1.7087263120064075E-004
   6.7922791154389673E-005
   6.7850171326619730E-005
   6.9207870976392263E-005
   1.1614549157311310E-004
   8.3417133577635977E-005
   7.3298711913164747E-005
   6.4308533070883057E-005
   9.1909437966056654E-005
   5.7273340525477958E-005
   5.7651885924044338E-005
   1.2523773378507388E-004
   6.4669451101127102E-005
   7.2467682334684911E-005
   6.7806690881955453E-005
   9.9987668069836285E-005
   1.0458628464867050E-004
   1.1639625002827883E-004
   6.8531547191473622E-005
   9.0000181527902280E-005
   6.6786637313153051E-005
   7.7195460277459290E-005
   8.5675609396633208E-005
   9.1543086041120505E-005
   1.5530351148241087E-004
   1.0790768676065786E-004
   8.5205077029953835E-005
   1.0494512510654323E-004
   7.5576688702354283E-005
   7.6046914475128309E-005
   8.2685413769988729E-005
   9.9052966247593398E-005
   5.9635725766995663E-005
   6.3511411840918365E-005
   8.2688892640454492E-005
   8.3256191739163003E-005
   8.0632627512538063E-005
   9.7336307537170715E-005
   9.4826780151561845E-005
   1.3270117867935990E-004
   6.1847501733532358E-005
   8.4977560753328127E-005
   1.1851569627004101E-004
   1.2089925574785236E-004
   1.0575277507294154E-004
   7.0403092134459252E-005
   9.2041252681994640E-005
   1.3042774504750003E-004
   6.7645354187667700E-005
   9.5793587270380365E-005
   8.8465419427891182E-005
   7.1346072899350596E-005
   1.1172104259454895E-004
   6.3084366203482612E-005
   9.8760617705581953E-005
   1.1337675627600746E-004
   7.4622318229419492E-005
   4.8290906095153064E-005
   7.5312408293845781E-005
   7.5002518591939205E-005
   1.1969850810034720E-004
   9.3607128705425414E-005
   9.4670535127027664E-005
   5.5843099867370518E-005
   7.6602620412369885E-005
   1.2870406100650464E-004
   1.0362271771738528E-004
   9.1650136662739886E-005
   1.1455280922434946E-004
   6.5065187238938372E-005
   7.9053387664117269E-005
   6.5093748281590616E-005
   6.5904313357569938E-005
   8.6143675142111886E-005
   9.8159917253572338E-005
   8.8676551631388926E-005
   9.1142351892463142E-005
   8.5702273646838276E-005
   7.3872450418462470E-005
   6.4115782321520735E-005
   6.8593060497520729E-005
   6.6323593467292353E-005
   8.6863807993804146E-005
   7.8415042625024428E-005
   8.6087512157748738E-005
   8.3415336733507153E-005
   8.7515547880061555E-005
   1.0184677640313185E-004
   7.5912678250039819E-005
   7.4995001736811618E-005
   5.9524145139123262E-005
   6.7615725826604883E-005
   7.6284240326065760E-005
   1.0548456766798538E-004
   8.6622226319808839E-005
   9.1240970314699927E-005
   6.6401914248127714E-005
   7.5904978598191248E-005
   9.1501667934806873E-005
   9.3280944434376151E-005
   7.2539926125337841E-005
   1.1522516063369043E-004
   9.8172166216953404E-005
   7.8650242543405418E-005
   5.3931399791602536E-005
   7.0789393509907957E-005
   8.6808913898305949E-005
   1.1117519631501342E-004
   6.2222619340155145E-005
   7.9030925296089309E-005
   8.7621840095781860E-005
   1.0334669135918410E-004
   5.6974679648584245E-005
   1.0033807626529467E-004
   7.2034242762691387E-005
   6.7918964339665721E-005
   6.7139362983858041E-005
   6.4595277830740213E-005
   1.1066266719349632E-004
   1.1415275481594370E-004
   1.1509434737620269E-004
   1.2046917820976877E-004
   9.1181756279334425E-005
   1.2677680431957798E-004
   8.1737246767964224E-005
   5.3443383365476079E-005
   1.1731050875456654E-004
   6.4529185439876703E-005
   7.2853275020607377E-005
   7.3202467887237914E-005
   7.2031580711073685E-005
   1.0129698836036504E-004
   1.0162535355588951E-004
   1.1159805866140421E-004
   7.9784739127375007E-005
   6.2746266879988702E-005
   5.9711100702213412E-005
   9.9128360087939599E-005
   8.5455392614294253E-005
   8.4214718166768164E-005
   1.0585541448617786E-004
   8.0649101858330194E-005
   9.6495393615532695E-005
   8.3284798967513660E-005
   6.4884447457222530E-005
   1.2297323404203406E-004
   6.9920340728712560E-005
   6.3977942924168068E-005
   8.2184913519189301E-005
   1.6324693060583610E-004
   7.7745721625952633E-005
   1.2282498811393210E-004
   8.6861652995980714E-005
   7.4967632995095931E-005
   1.0732174623172153E-004
   1.0785379718936634E-004
   9.0267381290684852E-005
   1.0994855062116358E-004
   6.9039702660592486E-005
   7.1553373390175886E-005
   9.4343551798956829E-005
   5.9555839732586629E-005
   7.1611968409947464E-005
   6.0814944922048848E-005
   6.6253793479095936E-005
   1.4484829777439349E-004
   8.2097803253226260E-005
   6.0725785211777312E-005
   7.7642316950780942E-005
   9.2457049847289883E-005
   6.4655372175368361E-005
   6.4594314565861110E-005
   9.5932601492059477E-005
   1.3671765277209979E-004
   6.7151944137726165E-005
   7.3395899264396195E-005
   6.9645522593663820E-005
   6.2659097185897944E-005
   8.1101361656771108E-005
   5.4965345879372648E-005
   6.6222209567026524E-005
   6.9355848832046917E-005
   9.8073809794385622E-005
   1.0150260170812203E-004
   7.6746117282610002E-005
   1.2059729996736564E-004
   8.7138992407151823E-005
   7.3867255100801014E-005
   1.1674509245870524E-004
   8.1525619165145359E-005
   6.9402463110851829E-005
   7.0991247257074067E-005
   1.2872592183647757E-004
   7.3480068206436953E-005
   8.0966789308076876E-005
   7.6100345871975435E-005
   5.6520070075657077E-005
   8.5384175686949832E-005
   9.7862538691064391E-005
   5.2503538925440165E-005
   1.1690172644171241E-004
   1.1105154770265995E-004
   1.1638935525927915E-004
   7.8946213248707198E-005
   9.8026432632762202E-005
   6.7364032202965745E-005
   6.7940019928503987E-005
   9.3718659929678503E-005
   1.0376702317658924E-004
   7.2392893054639497E-005
   5.6606585164942116E-005
   7.6262340763965462E-005
   9.4390491321686714E-005
   1.0269826500660834E-004
   1.3658060092109963E-004
   4.5340795063526981E-005
   7.3535919098227098E-005
   7.8164598565860118E-005
   8.3416386438138422E-005
   8.8278813655388925E-005
   8.7508073860594984E-005
   7.4502776979191787E-005
   9.1623815785687429E-005
   7.0590937458286861E-005
   6.8460673486247936E-005
   8.8869669252272530E-005
   1.1764213614358790E-004
   5.8062550867723149E-005
   5.5062296689514769E-005
   1.0560791185357783E-004
   8.7491583846175541E-005
   1.2495559974316981E-004
   1.3280692912780561E-004
   1.0490942271639670E-004
   5.8929303327164924E-005
   1.0479657047441321E-004
   9.8067785514782636E-005
   8.5204372279611143E-005
   7.1068143277021884E-005
   9.1763716664085751E-005
   9.1784544118048551E-005
   1.0398148092957318E-004
   1.4124534552648369E-004
   8.1623836320758009E-005
   1.1421296234991687E-004
   6.6643443548074224E-005
   1.4302331588158471E-004
   7.7663496155073073E-005
   8.4899971004897054E-005
   7.4518562556009744E-005
   6.4931488377314872E-005
   6.9509550141205162E-005
   1.4516602942488520E-004
   9.3685932623529492E-005
   6.0106282700315553E-005
   7.0510389491131297E-005
   5.0807303352854260E-005
   1.0611189937061128E-004
   8.0795959429874430E-005
   8.4288232962011325E-005
   1.1829942678298596E-004
   6.4928435051842952E-005
   7.5756575545490293E-005
   7.1252091826650601E-005
   6.8624921956558066E-005
   5.3512666217553311E-005
   1.0026090009887058E-004
   1.1527405933190048E-004
   7.5350841197659884E-005
   1.5682788917772571E-004
   7.9734780307996744E-005
   6.4605442579089068E-005
   1.1717696115363161E-004
   8.1008060546372272E-005
   8.4428208397851153E-005
   8.5721020591952488E-005
   9.0543496645905747E-005
   6.6739700882238653E-005
   7.5381669552583924E-005
   7.9671416188288182E-005
   1.2973075152988722E-004
   9.3023940185022304E-005
   8.5421951991785351E-005
   1.0114686211236736E-004
   8.2099205330260974E-005
   5.7157189380840818E-005
   6.8440944303853701E-005
   1.1905920312556715E-004
   1.3835726839810615E-004
   9.5169057663270138E-005
   6.3535336056634486E-005
   1.0998803487085390E-004
   1.1951718240759902E-004
   9.4212600841670497E-005
   8.5374741446085328E-005
   8.2546773626722232E-005
   2.6309147123164465E-004
   7.0183654563549944E-005
   1.1943229786069706E-004
   8.1521255364533590E-005
   8.9537505146356853E-005
   9.9727708344317964E-005
   4.8956951445574538E-005
   8.4190305189272920E-005
   9.1389559915985716E-005
   6.7222322280497768E-005
   8.1930580949622701E-005
   8.9154959556074755E-005
   1.1671654023770049E-004
   6.8573593143628678E-005
   8.5563832128600475E-005
   6.4165031106383697E-005
   6.3852535734265230E-005
   7.9597660508118947E-005
   1.2408346241695923E-004
   8.5821808360046290E-005
   1.0144870322006038E-004
   7.5725932611421626E-005
   7.0211017763027319E-005
   1.1674560440086171E-004
   7.2316953099766201E-005
   7.1427492824773319E-005
   7.7542391597489418E-005
   6.9771145294407195E-005
   8.3588301528746999E-005
   7.4027179826543062E-005
   9.2640488480091792E-005
   1.1303575681155965E-004
   6.5381677613606600E-005
   8.0625608912000257E-005
   7.4732832314121353E-005
   9.3715223768885115E-005
   1.0160231661376932E-004
   8.3583814592242620E-005
   8.0561412915902035E-005
   8.3379926169059349E-005
   1.0655616802872128E-004
   1.0956294695767985E-004
   1.1194205286016250E-004
   1.0042195391042241E-004
   6.4418015351708571E-005
   9.4687526417853789E-005
   7.2322494053279519E-005
   1.0961811523381458E-004
   1.3297060088132419E-004
   7.3933048467941071E-005
   1.1356330701680072E-004
   7.2046934059939551E-005
   6.9050591133205046E-005
   8.2239332171260654E-005
   1.2327315508880977E-004
   8.5887156246720423E-005
   9.0032992690861391E-005
   8.7537542990266939E-005
   6.6651145763721334E-005
   1.0326997433218337E-004
   7.6592965548607852E-005
   6.8981845128602445E-005
   1.1100933559085770E-004
   5.4279735963927679E-005
   9.1558506421055976E-005
   1.0121013042929180E-004
   9.3535483964843940E-005
   8.2778992662619461E-005
   6.9414816036752897E-005
   9.4744767679492566E-005
   6.8395273631541374E-005
   7.3310394661218556E-005
   8.2608875755797978E-005
   9.9542656037033295E-005
   7.5764513362806504E-005
   1.0724952394012290E-004
   1.5242533369221454E-004
   5.8296145164465916E-005
   7.9964252567174066E-005
   7.6439353672161549E-005
   7.2714246142293975E-005
   7.8574335934475872E-005
   9.1415147638309379E-005
   8.7914005651517786E-005
   1.2225477693590743E-004
   8.0603042423394645E-005
   5.3144719219307718E-005
   1.3205869944310869E-004
   1.1436393821095351E-004
   8.6537346051794318E-005
   8.9526856710600095E-005
   6.3480939110230439E-005
   8.4787424672909319E-005
   8.7586430705412346E-005
   8.9291259865943145E-005
   7.2561124660410818E-005
   7.1786674911597875E-005
   7.7628592816323072E-005
   8.4726417156546016E-005
   8.2048776557733127E-005
   9.2031880192161304E-005
   8.2937393264966174E-005
   1.3764341084799444E-004
   1.2213446111028061E-004
   1.0576521878244987E-004
   7.4273998168171190E-005
