   1.0464306368363968E-004
   9.6138956411176568E-005
   8.4572601112801587E-005
   7.1431247106352281E-005
   7.2780065964355808E-005
   5.9646206774140017E-005
   6.5279968879193261E-005
   8.9638070530990917E-005
   1.0688748243381118E-004
   1.0177703637652096E-004
   6.4566809791978500E-005
   7.6537570243483729E-005
   1.1707345754551700E-004
   6.4780213740966278E-005
   1.2251864184902858E-004
   7.8319322343377678E-005
   7.9350070582379830E-005
   1.2553085560487617E-004
   7.7603759426659642E-005
   5.6793126232953218E-005
   7.0967768494455450E-005
   7.0065560249809328E-005
   1.0797569370789641E-004
   9.2908285896774149E-005
   1.0318645099857137E-004
   7.8135641207514287E-005
   8.6140985097228520E-005
   7.1067654038513915E-005
   9.7042340857396206E-005
   7.8354283038135954E-005
   8.0344139214295408E-005
   1.0186774376388413E-004
   1.0514981718392532E-004
   1.1461663091078554E-004
   1.2320519821946483E-004
   7.5612570273536178E-005
   6.9287834304471377E-005
   7.0226858835378223E-005
   8.1583565420703051E-005
   1.4677406155078724E-004
   1.3931159903887640E-004
   1.1910855982322745E-004
   1.1476199979177149E-004
   8.4189992768062084E-005
   7.7445433704986056E-005
   7.1525773486565003E-005
   5.9895413736916155E-005
   6.2848434880233785E-005
   1.1537444579467751E-004
   7.5174494786636598E-005
   7.3001478404191941E-005
   6.4649711816967332E-005
   8.4290314860154843E-005
   5.9705229792866442E-005
   5.7485673803767199E-005
   6.7106752159147036E-005
   6.9290490338228959E-005
   9.3605321179955172E-005
   8.2988350560644558E-005
   8.9025421720883226E-005
   7.5540581416976994E-005
   1.0917971403426907E-004
   9.8226956113087904E-005
   2.0456574609722930E-004
   7.8251288891693709E-005
   6.7391379386450945E-005
   9.0420545847427687E-005
   6.8980165968896240E-005
   1.3162093257121431E-004
   7.6768622738936502E-005
   6.8001250767078111E-005
   1.2473305392667682E-004
   5.8662226009789349E-005
   1.6719923320511105E-004
   9.4386469304670633E-005
   8.9685288208950648E-005
   6.6413614409690757E-005
   7.0189824512932012E-005
   8.4249822900000189E-005
   7.6670515918821942E-005
   7.4755386480267248E-005
   1.0328387119943130E-004
   1.0560006626751847E-004
   9.1913222511401027E-005
   6.7653740321827223E-005
   6.6387848660415488E-005
   5.7692402153828992E-005
   6.8671458846633724E-005
   6.2005439012632129E-005
   6.6777143212005014E-005
   6.7993219229928019E-005
   1.3357450015224221E-004
   8.2397194388524175E-005
   6.9588519918282457E-005
   1.3907160994128037E-004
   1.1990078674059856E-004
   8.8786870239582490E-005
   8.0780320316972120E-005
   7.4685498096768008E-005
   8.4220497422393995E-005
   6.9766580761630487E-005
   6.4427165395256977E-005
   1.1765337412919340E-004
   1.3762656259293807E-004
   5.0501662647503163E-005
   7.7924633468315599E-005
   8.3991496268832875E-005
   8.7961852456261877E-005
   8.8831180406698576E-005
   8.2983235536661181E-005
   6.6629123247325406E-005
   6.9571910085364940E-005
   7.6813886713201574E-005
   7.3293024004803439E-005
   6.8999315515891281E-005
   1.6366015817066443E-004
   8.3841764620853625E-005
   6.5189376099654216E-005
   7.5355756406817674E-005
   9.3824040844630007E-005
   7.8626539445048597E-005
   7.7053886391878363E-005
   5.6045901159450423E-005
   8.0542430716758743E-005
   7.1122183202529754E-005
   7.3462684764657665E-005
   6.4368592949595868E-005
   8.3625495967366961E-005
   1.2308510948973511E-004
   6.2998598804359378E-005
   8.8357985171835787E-005
   8.9372017416434232E-005
   1.4935364067272203E-004
   6.6948705781543990E-005
   7.7459643476159717E-005
   6.1040921989497361E-005
   8.5254180385709537E-005
   9.2500831475941930E-005
   8.6896584294302682E-005
   6.0359162710659381E-005
   5.7767224469637686E-005
   6.4413335872372525E-005
   1.1461135040654832E-004
   9.1914677956015316E-005
   7.9308106245411347E-005
   1.0259491711618017E-004
   1.0278791119221821E-004
   9.8371458191585568E-005
   1.1570186886063811E-004
   1.0375474296593782E-004
   1.2326910699313271E-004
   1.4726824249517158E-004
   8.2052900464122340E-005
   8.3701360206642390E-005
   7.5249035374158596E-005
   1.0884817951204730E-004
   8.2542008042247949E-005
   1.0921925762349284E-004
   7.8943505142135999E-005
   6.3537518241047771E-005
   8.4569834058844447E-005
   1.0149245146998819E-004
   1.3767676694667182E-004
   6.1954098435286814E-005
   1.1195346803880124E-004
   7.5726293398778823E-005
   1.4151265481534132E-004
   9.4180426836907463E-005
   9.4856095286375810E-005
   5.7891205364376443E-005
   1.1888696201819065E-004
   7.6315941814986341E-005
   7.8129687618101249E-005
   8.3805796594403642E-005
   7.9749008433341588E-005
   8.0583483579833862E-005
   9.7848947147779859E-005
   9.1206690372781587E-005
   9.3093804157389629E-005
   7.5615408687361988E-005
   7.7825722513689469E-005
   6.3978967970792309E-005
   9.9318577474955536E-005
   1.0721146839914423E-004
   7.6539646993204556E-005
   8.8682791359505936E-005
   9.3221752330323020E-005
   7.0994249561452143E-005
   1.1246135109565611E-004
   9.5111646511483649E-005
   1.0023623625522191E-004
   9.0463237164998473E-005
   8.2361115069046136E-005
   7.0040909562975543E-005
   6.5374688692808214E-005
   8.0408947647875990E-005
   5.9257645223724376E-005
   7.2206210849909994E-005
   7.2617424689662750E-005
   1.1398933450332708E-004
   1.3364534483785179E-004
   9.2666768205374350E-005
   8.8764127941403476E-005
   7.9082147196792989E-005
   1.1032039449099693E-004
   4.8565505905769263E-005
   6.3135654990069030E-005
   7.4891082043590277E-005
   7.2248522711236250E-005
   1.1480856607233468E-004
   8.4339526231790883E-005
   6.6055661098933670E-005
   9.1201281136531071E-005
   5.0011925206457210E-005
   7.7825876960674632E-005
   9.6668181955774900E-005
   9.0974649629263957E-005
   1.6330164172932883E-004
   8.6488006485589819E-005
   6.8600439161174400E-005
   1.1106218255409696E-004
   7.6749300944255200E-005
   1.0156986629165938E-004
   6.2768052483126439E-005
   1.1132753830789103E-004
   6.9649253760768133E-005
   7.9925747276079643E-005
   6.3938810648159626E-005
   8.9511067087389264E-005
   7.1587889562940891E-005
   6.0675452489334207E-005
   6.3082684057009039E-005
   1.2195216924528943E-004
   9.9166998866748041E-005
   1.2577954268549354E-004
   6.9822625884218771E-005
   1.2800480994868121E-004
   7.1121783502332023E-005
   6.5171227086731299E-005
   6.9657890869589484E-005
   1.0111110198875449E-004
   6.9732626341950462E-005
   1.0429313295880018E-004
   1.0147668049449259E-004
   1.1444029911873727E-004
   6.0076212886153935E-005
   1.3095893480978655E-004
   9.8426524016200328E-005
   1.0405827610147626E-004
   9.3203562556638854E-005
   6.6260816512000190E-005
   1.2948112130369748E-004
   6.3068852922145753E-005
   7.3636702421106453E-005
   7.9082633440072028E-005
   8.4156095023752971E-005
   7.1090884958368669E-005
   5.8853170238048390E-005
   7.6757052297731857E-005
   6.2393324237663381E-005
   9.9911657416608076E-005
   8.5633454764025765E-005
   1.1534151013386468E-004
   7.5923213156997381E-005
   6.3949184452456530E-005
   1.0249466682333998E-004
   9.8545367118966424E-005
   9.0650961441883797E-005
   9.0126058125574690E-005
   8.6526971219048020E-005
   8.3792739608784956E-005
   9.5409291969759643E-005
   7.9588156455965924E-005
   5.7582219368504649E-005
   6.9104567934217065E-005
   8.8980935308678467E-005
   1.2290914505393396E-004
   9.1297813654973194E-005
   1.0364966202814419E-004
   8.1014194763113793E-005
   7.5029790795442167E-005
   1.1304352637453454E-004
   6.1849204346395528E-005
   1.2588909407648883E-004
   5.5907066160745101E-005
   5.9830766879928377E-005
   8.1115998551232056E-005
   7.6589472023594820E-005
   1.2217453943584705E-004
   7.4039774391615923E-005
   8.3956736827253529E-005
   1.3316807014388443E-004
   8.7184590688817274E-005
   5.7209711328445305E-005
   7.9180533186029966E-005
   1.0837874309355983E-004
   6.9081182381619801E-005
   9.3590250062168187E-005
   9.5845062367771973E-005
   8.7203534735726739E-005
   7.8794679773346599E-005
   5.8340191620222667E-005
   6.5561661844835845E-005
   9.5929526802323995E-005
   6.9477627024488049E-005
   8.4392095172616059E-005
   8.4917895371140078E-005
   1.0932387008452962E-004
   8.7801923982567821E-005
   1.2767720350954993E-004
   7.7915070020847981E-005
   6.9525911285523573E-005
   1.0074442683851212E-004
   7.7923289947008059E-005
   9.0918941424875853E-005
   6.9239333768957357E-005
   6.7238342592082628E-005
   8.7485234722449044E-005
   1.2384943386637703E-004
   1.1293352578928643E-004
   6.6913048337724504E-005
   1.2645991375994181E-004
   7.8700900744104591E-005
   1.2910738849802379E-004
   6.5615927654697932E-005
   1.0283170084831594E-004
   7.7476477727391881E-005
   7.3883218320937619E-005
   9.1221526735439214E-005
   6.7679022623666870E-005
   1.1764008752760380E-004
   9.9134643414483777E-005
   7.6074162300437606E-005
   8.2702141570724499E-005
   6.8745477080233087E-005
   1.0893331483329161E-004
   7.7383213636999260E-005
   8.3164526690208460E-005
   1.0326262536973174E-004
   1.0332295928375855E-004
   8.1995590549335185E-005
   1.0687766461131122E-004
   7.0569046609541660E-005
   6.7407698679202750E-005
   7.5117677788488034E-005
   9.3874019068787120E-005
   7.9200680185593071E-005
   8.1147645224020155E-005
   8.4072215529397082E-005
   1.1499111259602035E-004
   6.1424312476746193E-005
   9.6176004912048316E-005
   1.0976648190625083E-004
   7.4445198201932131E-005
   7.9521734883220493E-005
   1.0680342721795712E-004
   9.3277043410803836E-005
   8.9223154574310162E-005
   7.0643695092670279E-005
   6.9603753553289555E-005
   9.5084774857054116E-005
   1.0217959699450781E-004
   9.9310829363419395E-005
   8.7925125407001633E-005
   7.6193882456719277E-005
   6.0976972814689454E-005
   5.4201353460015764E-005
   7.9357235552438780E-005
   7.4127576742804506E-005
   1.0250377150273465E-004
   1.1927234488509307E-004
   6.5505875196756149E-005
   8.6195916527681194E-005
   6.4285400229824297E-005
   1.1149504111656584E-004
   1.3095475510717031E-004
   1.5959263095546668E-004
   5.8800093733909611E-005
   8.3458821446260391E-005
   5.7614992255160728E-005
   5.3296221950507031E-005
   6.6705678073992835E-005
   7.4910116268745350E-005
   1.0790592051378650E-004
   8.7495843759073286E-005
   8.3842890865648789E-005
   8.1322183705898968E-005
   7.8888579960871775E-005
   1.5211323511560602E-004
   8.6016702057411254E-005
   1.1490645881827938E-004
   7.1213727139853657E-005
   6.7003022665543564E-005
   8.0186826929344533E-005
   1.3681523157161267E-004
   1.0816887818933634E-004
   9.6678856610235339E-005
   1.0734396209558502E-004
   1.1443776152697875E-004
   1.0409118065237465E-004
   1.0816824969135181E-004
   8.4881536261305709E-005
   6.2421156209361355E-005
   9.1526752296621473E-005
   7.5027909066128213E-005
   8.0758323311697146E-005
   6.7407681901232962E-005
   1.0870008241221984E-004
   5.9571009321895174E-005
   9.5429099470004848E-005
   6.3036354892867302E-005
   7.5478780393030536E-005
   9.2135642045782423E-005
   9.5800159439633802E-005
   1.1656740459569146E-004
   7.8682288534577812E-005
   8.7336925677979329E-005
   9.6151383762912353E-005
   8.4733340746332168E-005
   5.9784728967539912E-005
   6.7902121031510783E-005
   8.3466279944866256E-005
   1.0695251959150195E-004
   7.0640953244729816E-005
   6.4343772845663650E-005
   6.1444141292309859E-005
   8.9631264090862632E-005
   7.1192425176650498E-005
   6.9700982822935842E-005
   1.0752719135760461E-004
   6.9382779968231231E-005
   9.2258413644807788E-005
   6.9267194681876427E-005
   6.9313736879977181E-005
   1.4653595123081178E-004
   1.1458240802251903E-004
   9.1872924915568902E-005
   1.0985882645749556E-004
   8.8072308035419552E-005
   1.5384803738145920E-004
   5.9324580657016281E-005
   6.4525403202388682E-005
   5.9661076875914356E-005
   1.2494376818979156E-004
   1.1643516192609603E-004
   1.7325523609089448E-004
   6.8984269697602185E-005
   8.3031005218489525E-005
   8.1308450303013913E-005
   9.0509132674408498E-005
   9.1281043157438055E-005
   7.7365076025104427E-005
   8.3359538103690471E-005
   7.8457207803665969E-005
   5.5259050538339695E-005
   8.6693820366011130E-005
   8.9740008321399008E-005
   6.4996992419370274E-005
   1.0321674021987094E-004
   8.5703796667835558E-005
   7.7072663357167587E-005
   7.1935679567684984E-005
   7.2821116066933082E-005
   8.9011578337438532E-005
   8.7432105044334653E-005
   1.0621003433737534E-004
   8.4309068013422485E-005
   1.0657811818431101E-004
   7.1044515691821622E-005
   9.8627439614743374E-005
   7.3467351632452329E-005
   7.3209775995627683E-005
   9.1506406426235820E-005
   6.2523244456296525E-005
   6.8876196057843066E-005
   1.2903345731471330E-004
   7.3321978519283015E-005
   8.5179266746869593E-005
   1.2813062179817825E-004
   1.2231694050954755E-004
   1.0269234167734799E-004
   9.8112401907775952E-005
   9.0155759643595104E-005
   7.9709604674148106E-005
   6.1496666360687585E-005
   6.9116407431076338E-005
   1.0038220666028431E-004
   1.0105564629015488E-004
   7.4387280072418454E-005
   7.0281412055256059E-005
   9.5071042223207839E-005
   7.5348897135624535E-005
   7.4695273523164908E-005
   1.0982834006171196E-004
   1.0215350725845213E-004
   6.7562867936374682E-005
   9.0815552812380335E-005
   1.1632657557922283E-004
   9.9657199002522440E-005
   9.5839551428657404E-005
   6.3004378627709448E-005
   5.8009274966848647E-005
   6.5566777423645318E-005
   7.8443275961723817E-005
   7.9105703553339945E-005
   7.9119898144857504E-005
   1.2598513382653181E-004
   5.0368695460072102E-005
   1.0337151685032245E-004
   9.5228331118129243E-005
   6.5130312094915187E-005
   1.1107311858946046E-004
   6.8390793249286272E-005
   7.8005995378160480E-005
   6.3130230586408298E-005
   1.1107085939004402E-004
   7.5270261217895041E-005
   6.6754398230152499E-005
   9.6418945774804594E-005
   1.0621770983373291E-004
   1.1959085321863238E-004
   8.2326238672354298E-005
   8.2229328498860250E-005
   7.9051852820005437E-005
   6.1209162086597944E-005
   5.2930076962215785E-005
   6.7080117122965042E-005
   8.0887216172986331E-005
   1.0281041342496169E-004
   1.1598550071183793E-004
   6.6828688567367313E-005
   6.5140560825873415E-005
   5.1039823686004647E-005
   1.6305856158302067E-004
   8.6640575461999745E-005
   9.4598048841518508E-005
   9.2317959291214190E-005
   7.6256987151012242E-005
   1.1141741312200673E-004
   7.8633602758521403E-005
   1.0976722171912508E-004
   1.4354445628343295E-004
   9.0166351163256599E-005
   8.2427071886352152E-005
   9.7955985637292439E-005
   6.1614364530494098E-005
   7.1577599852430866E-005
   8.0249592492133762E-005
   9.7993074739196652E-005
   9.3155248256640233E-005
   6.6752387604155885E-005
   6.9574588395204679E-005
   1.4813078835022696E-004
   1.1640487029068623E-004
   7.3060258746931170E-005
   7.4201037666354061E-005
   9.5441597073094115E-005
   6.2385472170563275E-005
   7.7942204752458607E-005
   6.8020810744749618E-005
   6.3717683644745116E-005
   7.0557707012208621E-005
   1.0027594069429988E-004
   4.4285933096156873E-005
   6.2122385891776472E-005
   9.8151455861952844E-005
   6.7083524766186784E-005
   1.5573039008429616E-004
   1.0326618786070823E-004
   8.9496349767691005E-005
   1.0450357170732380E-004
   8.4345991331830718E-005
   9.5350108910324932E-005
   7.1730352662039090E-005
   6.9464268918352956E-005
   9.1227350409214149E-005
   1.0867882933726578E-004
   7.6278598283311094E-005
   1.1257932675123389E-004
   1.0053782540168380E-004
   1.2287507292399520E-004
   7.2395617281708713E-005
   6.7201230689677236E-005
   8.4674525601468662E-005
   7.7406566618378828E-005
   9.2233790474442856E-005
   7.6011983622439725E-005
   7.5926318845908854E-005
   9.7139782155256706E-005
   6.2765081555941484E-005
   5.7762153842036868E-005
   8.2221553901910203E-005
   9.8176091096808133E-005
   7.7224175102866659E-005
   8.4964738552734088E-005
   9.7368509721267941E-005
   9.2692999285531085E-005
   9.7290171748617713E-005
   1.1007172051198650E-004
   9.8529967393856432E-005
   1.0888689792150095E-004
   9.3887527013130799E-005
   8.9233488225844211E-005
   8.5907415583799838E-005
   8.1065503867053126E-005
   7.1814014165565016E-005
   7.9818388256627261E-005
   1.3901649695532289E-004
   7.5903106735516823E-005
   7.6089321346903808E-005
   8.4303042467578888E-005
   7.3042581901349042E-005
   6.1060040118620680E-005
   1.1392624648617654E-004
   1.2238303438869843E-004
   8.6720464765490060E-005
   1.1835764259536817E-004
   6.3628100222670150E-005
   7.3351851815320749E-005
   8.8758515553664545E-005
   7.1876176407587269E-005
   1.3697789120401083E-004
   7.1893582139841958E-005
   4.3782281160193348E-005
   8.0015797650862189E-005
   6.4336165228114734E-005
   8.3809381160105848E-005
   6.5260833453774809E-005
   8.5525597321212991E-005
   9.9155590165792912E-005
   1.1768555495935960E-004
   7.5405934873642747E-005
   9.5137857422278936E-005
   7.2964385360150990E-005
   5.3173911043769234E-005
   6.9327269234005460E-005
   8.4893924274566525E-005
   1.0505406406295893E-004
   9.4297955963760228E-005
   7.4353385924459312E-005
   9.7785527786104209E-005
   9.2364951924302105E-005
   7.7610700911805671E-005
   1.3886194839873368E-004
   7.0518155839570271E-005
   5.1551401210742765E-005
   6.7738879685725787E-005
   7.0238830592647192E-005
   9.1839922451396504E-005
   9.6770987604734412E-005
   6.6302846528895650E-005
   5.0460020423516036E-005
   7.2376448411597621E-005
   8.6239988604052285E-005
   6.8328058819642530E-005
   6.4638604300472401E-005
   6.2325213769248651E-005
   8.5898498623373341E-005
   1.0527959341011073E-004
   7.2574949988621419E-005
   6.8327434054108545E-005
   7.2107341202383356E-005
   1.0480080059138530E-004
   1.1310023177919845E-004
   9.6088164450758545E-005
   6.4526574464340882E-005
   1.0303850312056660E-004
   8.6972764155781980E-005
   1.0343303200237011E-004
   6.8511565770671844E-005
   8.1599580520752809E-005
   9.3934264371069035E-005
   8.8879075319282685E-005
   9.6605644139609071E-005
   1.5795440210364311E-004
   9.8658775729605229E-005
   8.1398656017068354E-005
   1.1371782813350456E-004
   7.9087327823284628E-005
   9.9522364161978445E-005
   8.8090211735490650E-005
   8.2395906354466956E-005
   7.0752397198700027E-005
   1.0830302572712088E-004
   6.9549013990152957E-005
   7.2428931633800573E-005
   6.5032755585093499E-005
   9.7642102892686299E-005
   6.5993250768963269E-005
   9.2731545558621815E-005
   6.9524051921413018E-005
   7.1605267552389142E-005
   9.2489658079429900E-005
   1.1892584421350340E-004
   1.1751449900404520E-004
   1.2370496737469240E-004
   1.2630085570848138E-004
   7.2680524085626597E-005
   7.2189193580207144E-005
   8.4944000470163762E-005
   9.2503083586391936E-005
   6.7784720281700779E-005
   5.6725956941968703E-005
   7.9225097723118688E-005
   7.1078299925890316E-005
   5.0515400130041812E-005
   8.9146596793375857E-005
   6.1725778158711536E-005
   7.5526648162987334E-005
   1.1722345376608336E-004
   9.1104373582917247E-005
   6.8954093734780074E-005
   7.3110811990569993E-005
   1.1463222283443635E-004
   6.2816365832448078E-005
   6.8172220070713413E-005
   8.3929860320882326E-005
   8.5334401433710498E-005
   1.0334169463265649E-004
   1.2049455930659881E-004
   8.5475834143641980E-005
   1.0260525060143637E-004
   1.0498556235477739E-004
   1.0497019021519515E-004
   9.4631031824695774E-005
   9.4769753244817851E-005
   1.0070706293184471E-004
   1.0732505404947078E-004
   1.0612278795704470E-004
   1.9069760749438027E-004
   1.1718394277691358E-004
   1.2089921319339682E-004
   1.6316827591234863E-004
   8.9832505012496804E-005
   1.0831362133688432E-004
   8.2321270914031497E-005
   9.0610236571837750E-005
   1.2879092591868687E-004
   9.7775798507201216E-005
   9.4560637764783817E-005
   8.3147688978078537E-005
   7.7619758421164009E-005
   5.5475745016348743E-005
   1.2478586252365705E-004
   8.4425881217586076E-005
   7.7610409463697700E-005
   8.3192912954754451E-005
   8.5398032340296983E-005
   8.8794681697509426E-005
   9.8449115800082501E-005
   7.2535419569771500E-005
   9.9981643862584631E-005
   1.0570748352848480E-004
   8.1109492150759570E-005
   1.0993042651107589E-004
   1.2548450423119031E-004
   6.3834403024239008E-005
   1.0282860603791802E-004
   1.1008653418892529E-004
   8.8633561940926629E-005
   9.2111672727804764E-005
   6.3340475656026082E-005
   6.4620328729160268E-005
   7.0076134398883039E-005
   1.3588253677858901E-004
   1.1082219204878995E-004
   8.9495626623740441E-005
   5.7515955407720983E-005
   9.3705812117105374E-005
   6.6471836120844850E-005
   8.5414408851991453E-005
   1.1728302628073262E-004
   6.4838699986528584E-005
   6.7272222761466786E-005
   6.9836872429528306E-005
   9.2920374705666450E-005
   7.8499674024683962E-005
   6.7497206385503435E-005
   8.1822571714947577E-005
   1.1324004752046648E-004
   6.5056524926268341E-005
   8.6578143034561907E-005
   9.9333423086691257E-005
   7.0216100414452544E-005
   1.0230311279497159E-004
   8.8716673376033057E-005
   1.5469022279476270E-004
   1.4868216549157590E-004
   7.4239548937336550E-005
   6.1907276712007937E-005
   1.1536386836425378E-004
   7.4291438034627895E-005
   9.4641172305436172E-005
   7.4835288093022661E-005
   6.1382700794444857E-005
   6.2599541137399608E-005
   7.9214326995030517E-005
   9.6129845991999288E-005
   1.1450882211675356E-004
   7.1445405070435817E-005
   1.0861321661636968E-004
   6.4342849423844930E-005
   1.3340322954080112E-004
   7.4299146231972320E-005
   8.5544596149702119E-005
   6.2355025239748004E-005
   8.1295086681332264E-005
   7.2724236007819248E-005
   9.3787947087586770E-005
   7.9738006940105013E-005
   1.2593202853340693E-004
   1.1174445141433143E-004
   7.3527223523661646E-005
   7.7769396913925128E-005
   9.5139204317589281E-005
   8.8153984829576973E-005
   9.8658403406424222E-005
   1.0197254772628057E-004
   9.1580046499524230E-005
   1.3073352115517464E-004
   1.2013585475232946E-004
   9.0393279956802044E-005
   9.2282892811707440E-005
   9.1240652643408718E-005
   8.6110131345869321E-005
   1.0290645643334507E-004
   1.1557427247853201E-004
   1.0395958174903029E-004
   8.2380458396504803E-005
   7.8445377790887616E-005
   8.8256812760324879E-005
   8.5957632626089512E-005
   9.7437994516383101E-005
   7.9640033710513144E-005
   8.3171985792250883E-005
   1.6012236185499490E-004
   6.5728784291355227E-005
   4.6447614611780094E-005
   6.5971005693953659E-005
   6.5793510909150502E-005
   8.4755004591570882E-005
   7.2637255406072054E-005
   7.7694955277581138E-005
   6.9000530193568380E-005
   8.1305525512625462E-005
   8.6987245969453409E-005
   6.2989233821451949E-005
   8.2899605652112128E-005
   7.6916869593836372E-005
   8.1053273399058626E-005
   8.5098336968415415E-005
   7.4319346313889910E-005
   6.3375312757171001E-005
   7.4285507604719540E-005
   7.9987138280122492E-005
   6.5600548543468578E-005
   1.0833886733127892E-004
   1.4819995664968176E-004
   6.0310982836929094E-005
   8.3955557448694320E-005
   1.2169227142727394E-004
   8.3834923922634862E-005
   6.9236605933187725E-005
   6.0814234077511054E-005
   6.8422064887820421E-005
   7.6726077144196098E-005
   7.2102223714272823E-005
   8.7498936636165662E-005
   9.6499213762546793E-005
   1.0876146022597053E-004
   1.4076046066997867E-004
   8.5106858799613070E-005
   7.9252421196862618E-005
   7.4094547567857483E-005
   8.9300945914170927E-005
   6.5663867206095574E-005
   8.3486601896914559E-005
   1.1827698461944529E-004
   8.2464662292700149E-005
   7.7828960070362404E-005
   6.9266582464765598E-005
   1.1740328730381899E-004
   7.8643304911661565E-005
   6.6134911374655174E-005
   9.3509559244969658E-005
   1.4008737648778691E-004
   5.7333167153247760E-005
   9.1974818804553169E-005
   9.6954341499660250E-005
   9.5031391554057032E-005
   7.1469060385662118E-005
   9.0499972063710099E-005
   6.0982080091037033E-005
   8.8871767666003868E-005
   6.0802964002822417E-005
   5.8719572755272021E-005
   7.3522644697059333E-005
   8.9115354169218722E-005
   6.9863784137521182E-005
   1.1021194465285664E-004
   6.8042409790289508E-005
   1.1519403835596205E-004
   1.0280600523630366E-004
   5.3433955222416582E-005
   8.0074426712096558E-005
   5.2289818219660883E-005
   6.1663911290102782E-005
   7.5834223313735267E-005
   9.8752030487327228E-005
   8.0446078161407368E-005
   6.8253624325628263E-005
   1.2257170707531467E-004
   5.7105007632373631E-005
   1.2016072819300507E-004
   1.1530399901254407E-004
   6.9045015440098609E-005
   8.4111033239739596E-005
   1.2781833275099625E-004
   1.0137315841137096E-004
   9.8226245140164696E-005
   6.8291724363570279E-005
   1.3082139100889002E-004
   1.1023821977630791E-004
   7.3801449052725797E-005
   9.6071407334190380E-005
   1.1534606709346916E-004
   1.6608269429003376E-004
   8.9794567058981478E-005
   1.1241333365706638E-004
   8.1055918553729622E-005
   7.7716360930420831E-005
   1.3520716199871184E-004
   1.0343858802877184E-004
   6.0241944581140642E-005
   9.2294155289030191E-005
   1.3734661090837521E-004
   9.3200592755037073E-005
   1.1205249390617641E-004
   1.0956943372520992E-004
   9.9711703194243186E-005
   9.7741687652891116E-005
   7.9566288290635495E-005
   8.3001877588986819E-005
   8.5103645001172591E-005
   6.7940458985725244E-005
   9.0530154672697829E-005
   7.7162542002657969E-005
   9.1411186781967073E-005
   7.0172468933330512E-005
   9.7652436977604661E-005
   8.7527327628208733E-005
   1.5257079432617822E-004
   8.3867803298938207E-005
   9.8331314980103175E-005
   7.1823371050076183E-005
   6.6153320872903390E-005
   7.3537613770352750E-005
   7.5503451907397542E-005
   8.2314766787367418E-005
   1.0675394191425396E-004
   1.0223368294054415E-004
   7.3706875184368094E-005
   1.0029554223344413E-004
   1.1285081930964162E-004
   5.7354963350719014E-005
   6.7255924944975448E-005
   8.3843519194251126E-005
   8.4320104024481512E-005
   8.2702354211593984E-005
   1.3944169873033441E-004
   9.0364572819700247E-005
   9.5960689771445402E-005
   7.9979171263222734E-005
   8.8608675482142825E-005
   9.3044685602697077E-005
   8.0913724856515742E-005
   6.4053602725600513E-005
   6.4922340408222104E-005
   7.6615271634263718E-005
   9.1077973916505923E-005
   6.2263398366936088E-005
   7.4182707655066926E-005
   8.9621365120594351E-005
   5.9485882682290734E-005
   9.5450535159034630E-005
   1.0219878304219775E-004
   9.5361907915150014E-005
   1.2971788034935828E-004
   8.7506211471797944E-005
   1.1506788838712637E-004
   9.1337474695805446E-005
   8.1759412992474923E-005
   9.6342050219965265E-005
   8.0158335742104813E-005
   7.8167978920738076E-005
   5.7286488972189514E-005
   9.5168187277775150E-005
   7.2769830468052203E-005
   7.5497442913037503E-005
   5.7451280378775199E-005
   7.8677788933012187E-005
   9.8541685057832704E-005
   7.6702050685172570E-005
   7.8047326424718114E-005
   7.5916245580981287E-005
   8.6999583544485301E-005
   1.0409368111829682E-004
   1.0157335268285727E-004
   6.3115788657984155E-005
   4.8783826842869431E-005
   9.5110186456017024E-005
   1.6196049596648397E-004
   6.5943673255438746E-005
   6.6027876249722775E-005
   7.4214143967645048E-005
   8.6257857433962045E-005
   9.3304442706326039E-005
   9.4068065648261602E-005
   9.1162916755944018E-005
   9.2226696259835900E-005
   8.9629734427393011E-005
   7.2393590497815070E-005
   6.2666735820827039E-005
   8.4547408860987441E-005
   7.6935422202694892E-005
   7.4444885472219847E-005
   8.9313331226097673E-005
   6.9970498393791958E-005
   7.7549145183258603E-005
   1.1131476326609259E-004
   8.9942577033427849E-005
   1.0638346186885466E-004
   8.7633225202853320E-005
   8.9359027698600056E-005
   9.7489291930140626E-005
   1.8884096313308117E-004
   1.2441136643967672E-004
   7.7470583602369856E-005
   1.1232126667034208E-004
   9.2631783108480976E-005
   1.0445149686778095E-004
   7.3599636831654276E-005
   7.8814485393416685E-005
   5.8524772836358803E-005
   9.2584916891119757E-005
   1.0030165532793179E-004
   7.5578764564961012E-005
   4.6166362867956926E-005
   6.2885513289347378E-005
   7.2799499050828377E-005
   1.0835348166761608E-004
   9.8148356305557442E-005
   7.6720324876459323E-005
   7.5724243308434607E-005
   6.8222828836282781E-005
   8.7725062354359284E-005
   8.5750122605375556E-005
   9.1756365091140893E-005
   8.0269588818837126E-005
   6.9577730017481552E-005
   8.0139015328436450E-005
   8.0763412635162773E-005
   8.4549634428201075E-005
   9.4399359369551778E-005
   5.0025179683726661E-005
   1.2758823164817497E-004
   1.3584985137362747E-004
   7.9253100140445695E-005
   7.4049571681167691E-005
   9.9373505824444490E-005
   1.1033339840725824E-004
   6.3275333655538684E-005
   1.0237021367351559E-004
   6.1718978658094242E-005
   7.9472079986243907E-005
   7.8449987838125922E-005
   1.2008351808744662E-004
   1.1153211239750579E-004
   9.6711797240566115E-005
   8.0554338394743719E-005
   9.5885044129379141E-005
   1.0774495400289516E-004
   9.7130906061966720E-005
   7.2069364054554979E-005
   1.0172714329707691E-004
   8.6400890108285662E-005
   1.0670531207964003E-004
   8.1546323220387326E-005
   8.6087730911144655E-005
   8.2258416392960148E-005
   6.8563978713341803E-005
   8.0826217395914396E-005
   1.1346409904015997E-004
   5.2977390434986348E-005
   6.1651395949866017E-005
   6.4880873719724597E-005
   1.0020018558724120E-004
   1.0698618351977546E-004
   9.0603787427329964E-005
   9.0086138723952902E-005
   9.2739512135323076E-005
   8.9391676861029205E-005
   1.5674062232048355E-004
   8.2969131285543863E-005
   1.1134021057569704E-004
   8.6482194701051495E-005
   6.5593370560175705E-005
   8.5428390786721392E-005
   8.1445153420509211E-005
   7.3360774776638017E-005
   8.7740628049141878E-005
   7.8646526821683261E-005
   7.3531773467297356E-005
   1.0013274478731782E-004
   7.3802693143977486E-005
   7.9812296357830258E-005
   7.6394513737368253E-005
   7.5437219313105358E-005
   6.6807491728614830E-005
   1.0244531399116036E-004
   1.4060742613474937E-004
   1.2116202043704128E-004
   9.4655777486011452E-005
   9.2124519166728895E-005
   5.7135848762804202E-005
   9.1382475821409292E-005
   1.2800049740625802E-004
   1.5946059216068260E-004
   7.2947764508929299E-005
   1.0337934470780028E-004
   6.7173254274244877E-005
   9.8207476006227358E-005
   6.5372660634501026E-005
   7.8376039806460506E-005
   1.3557848010471433E-004
   6.0973679180625532E-005
   7.0263471363879760E-005
   1.2627283716271957E-004
   7.9152696625815590E-005
   8.3487536690457154E-005
   1.2562102682734619E-004
   1.2834976636471075E-004
   7.5150213674897136E-005
   8.1131569838056996E-005
   9.4069622041202574E-005
   8.8017862650836785E-005
   9.3269324674782574E-005
   7.7405296191256616E-005
   8.5095748266513147E-005
   1.0026660127958575E-004
   6.8083582546583487E-005
   1.4665284082768842E-004
   1.0747328953092030E-004
   8.0821977751678888E-005
   1.4784385940992087E-004
   1.0910190968945155E-004
   6.8980317960903206E-005
   7.8242096047382261E-005
   1.0743264770955591E-004
   7.5154304358830218E-005
   8.4899040186368828E-005
   9.5945489998972797E-005
   6.5005873081349762E-005
   1.2703976985422750E-004
   1.0081937203203281E-004
   6.9606742766271419E-005
   9.2722960132531881E-005
   8.8220714829978730E-005
   8.4662790763411386E-005
   1.0504875757465623E-004
   1.0188806084885830E-004
   6.1220670484225405E-005
   8.5707421948916994E-005
   9.4332385608013799E-005
   7.4877639299666287E-005
   7.0902665261962116E-005
   7.9971061476827817E-005
   7.3188031528687584E-005
   1.1866918244206376E-004
   1.1318672719029969E-004
   8.3338388321745210E-005
   6.2928097405628259E-005
   5.2128263333014553E-005
   7.3186964706562478E-005
   8.4265564936171256E-005
   1.1198688189637881E-004
   9.7149979049603285E-005
   9.2952770133217832E-005
   5.4808043230942400E-005
   8.1005878088800823E-005
   1.8231532661054821E-004
   8.8021478690683612E-005
   9.6852417809328991E-005
   1.0093911849803803E-004
   6.9399551674759658E-005
   6.1798333721468368E-005
   6.4755559032324378E-005
   1.3297319319716255E-004
   9.8769708603480664E-005
   6.9124319321453662E-005
   9.8893300223976610E-005
   7.9737410829257304E-005
   1.0506984783128899E-004
   1.0091863768676937E-004
   1.2700841262577132E-004
   8.3423022526992157E-005
   1.1143749604581975E-004
   1.4028247390691077E-004
   1.2246994414813348E-004
   1.0038894161313386E-004
   6.0319151420121785E-005
   8.2142169784060279E-005
   8.8188419867492421E-005
   7.0264338523359413E-005
   5.9947218269413110E-005
   1.1165609404529858E-004
   9.6354303961423529E-005
   6.2336118002835402E-005
   8.0785743660610204E-005
   7.3245724581362759E-005
   1.2825356793631169E-004
   8.1408948554099935E-005
   6.5316890834359278E-005
   1.1855340334759500E-004
   6.7788606546358748E-005
   9.8962430258055630E-005
   9.1542646977997298E-005
   5.1900037820796158E-005
   4.9998665760783069E-005
   8.1026488691031455E-005
   7.5651314366589615E-005
   1.0539708745438777E-004
   7.1261775949480133E-005
   6.7837225579883448E-005
   9.2277395996842492E-005
   8.7071040674319781E-005
   7.3076887839887224E-005
   7.2464745106235910E-005
   1.7416146413850824E-004
   7.5225164893224846E-005
   9.4814891622336866E-005
   1.0168859851296256E-004
   6.0217088139258129E-005
   8.9615003286825783E-005
   7.7573541104554458E-005
   6.4551709915783236E-005
   6.9948897037204081E-005
   7.5698959227793352E-005
   8.6576450187081982E-005
   6.2695964590931850E-005
   9.6524155915689769E-005
   8.2211860044418606E-005
   6.0281835586526004E-005
   9.9141334529019467E-005
   9.4778486739556151E-005
   1.1217941329558981E-004
   8.5904004395295945E-005
   1.1069812885006303E-004
   8.3911278919697739E-005
   7.1201124527732525E-005
   5.5285756142289397E-005
   6.3519481125804290E-005
   6.6792951791713986E-005
   6.9309716234962571E-005
   6.4853184012193487E-005
   1.0221454257290403E-004
   8.8732828588653328E-005
   9.7643095356655921E-005
   5.4825065777803151E-005
   7.5072875413035589E-005
   1.2069505007839119E-004
   6.2992607303661376E-005
   7.3213732730066717E-005
   6.6320548717776988E-005
   1.2486812779874203E-004
   1.0309854101216398E-004
   9.0413887884364030E-005
   8.3336335761296617E-005
   8.5134472806217221E-005
   6.6562634379977806E-005
   7.6978868538375722E-005
   9.9850193943718305E-005
   1.3336692676570465E-004
   8.2200853338281404E-005
   8.7875786006930191E-005
   8.4619333395411780E-005
   8.6755623647024761E-005
   7.0072319164183095E-005
   9.5683175643886058E-005
   6.8875661237961853E-005
   7.8930089125869138E-005
   7.3423482076128899E-005
   8.8786274796111864E-005
   9.9431243991178814E-005
   9.4378055724178727E-005
   8.5053999484243443E-005
   1.1766768625126370E-004
   7.9758406796981806E-005
   9.8269478717193332E-005
   5.6806109679941851E-005
   9.2252036547586013E-005
   9.4000280564523906E-005
   8.3326696527714935E-005
   1.0312385182842573E-004
   5.2718593584979881E-005
   5.8455836038227317E-005
   9.8151669179698757E-005
   5.8128442931732900E-005
   1.0833628418562485E-004
   7.4610148915839884E-005
   1.1658511798331276E-004
   1.2319210700361227E-004
   1.1176437012767606E-004
   8.7878563891227089E-005
   1.6449828552888321E-004
   7.8962114900327731E-005
   5.1446286656304930E-005
   1.5471561479794911E-004
   1.0123563138321095E-004
   6.1266556946498705E-005
   1.1372519968719160E-004
   6.2110912268319155E-005
   7.1165150366338766E-005
   6.1364515291010942E-005
   7.0628219838685981E-005
   5.9615925678643795E-005
   7.5869550710248632E-005
   1.3057319709527983E-004
   8.4705066331042502E-005
   1.5652075211470361E-004
   7.1324719404388705E-005
   6.7598426170837741E-005
   9.9036047263643267E-005
   1.0254184313304284E-004
   9.8103478661916871E-005
   1.3197579343435307E-004
   1.1078326389908196E-004
   7.7620109199972245E-005
   1.0589714886441739E-004
   1.0930983126759338E-004
   8.0640565537245872E-005
   7.5853317889803531E-005
   8.0733319611620672E-005
   8.2131737401199622E-005
   6.1352256801900387E-005
   9.7671325556420384E-005
   1.3721825380633198E-004
   1.2855393606697786E-004
   9.2358165384767905E-005
   1.0502782593884870E-004
   1.4074008567516253E-004
   6.0383535671095196E-005
   9.5991553287837173E-005
   7.8461339239953545E-005
   1.0661670369539893E-004
   8.5806974794803834E-005
   7.9251278739097034E-005
   1.1934286271807264E-004
   6.5581375355717111E-005
   1.0526550303122845E-004
   9.7510121031163370E-005
   8.7150044816249308E-005
   8.7282851766679306E-005
   1.0194289194350501E-004
   6.6170177267262242E-005
   8.3552026243767985E-005
   5.8363949354425676E-005
   9.6422629617466053E-005
   8.4054180613973381E-005
   7.1153420741309104E-005
   6.5426604365727921E-005
   9.6700413678796072E-005
   1.1952683335428759E-004
   9.4818344739499723E-005
   6.5243035510761593E-005
   7.5608398664514946E-005
   5.5015003571633895E-005
   8.8049110441493499E-005
   1.3608954918533327E-004
   6.9501954976362770E-005
   1.3747118808487752E-004
   7.0986230625378388E-005
   1.0895658889602848E-004
   7.2820034676922653E-005
   9.5106116937985832E-005
   7.7249319038008230E-005
   8.3507969007150831E-005
   1.0792007536066916E-004
   1.0261215201854097E-004
   5.8697571064677775E-005
   7.7676278693461829E-005
   1.3416849798008885E-004
   8.3591088626603201E-005
   7.7266625288004034E-005
   6.8034214765849195E-005
   7.8992282429608108E-005
   5.5801386388308295E-005
   1.0111614226878649E-004
   6.9569548436750140E-005
   1.3474026966486309E-004
   1.0589881977832498E-004
   8.5859800907456748E-005
   9.7794340430729145E-005
   7.8092823181846253E-005
   9.7785975218978420E-005
   9.3163128461564603E-005
   7.2010677225563954E-005
   8.1486975248206721E-005
   6.3554431599931990E-005
   7.9239558644653260E-005
   5.9066897702686262E-005
   8.2206485203505783E-005
   9.2612962946491859E-005
   1.1697855867780872E-004
   1.2674978676319046E-004
   1.0481279758157255E-004
   8.0078691033005179E-005
   1.0636343239654095E-004
   7.1962890978363516E-005
   8.2942653713850256E-005
   8.1265071343602848E-005
   7.5264968805241749E-005
   9.1785435631365348E-005
   9.5038057539149315E-005
   1.2441887162234434E-004
   8.2316339475545035E-005
   7.3237025570108561E-005
   7.6368586030869703E-005
   6.9047200729076608E-005
   1.0896729536260013E-004
   1.3167480267540078E-004
   1.4876887438971086E-004
   6.7725656888447032E-005
   8.3515409700640644E-005
   8.8918514760906513E-005
   8.2133856876890618E-005
   6.5769363941784316E-005
   7.7206612052412732E-005
   5.9935267837349509E-005
   6.8441413931049678E-005
   1.1193065305434375E-004
   9.6713625551671478E-005
   8.7270323620836112E-005
   7.1262465022558827E-005
   1.0122650133306600E-004
   6.9848321413362220E-005
   5.8768550688444386E-005
   6.6214668548677424E-005
   6.8675083073266150E-005
   5.7492100117643110E-005
   8.7652929635170744E-005
   8.5708406393941773E-005
   1.1362802955620144E-004
   7.9250210046662343E-005
   1.1250970671728811E-004
   6.8138002710258806E-005
   1.2361851453039687E-004
   9.6191169047095293E-005
   1.2741652980153857E-004
   9.3583333119456229E-005
   6.3556115097186027E-005
   1.2856380385471903E-004
   1.4101299112142840E-004
   1.4881096347380411E-004
   7.2508038467557432E-005
   8.5918400409594492E-005
   7.6780418792250655E-005
   5.6534315128595491E-005
   6.0316159132877716E-005
   5.9548051348761329E-005
   1.0437836022311845E-004
   9.2197994956315767E-005
   8.5732545051138702E-005
   1.4507598887731694E-004
   8.8698574589506749E-005
   1.3499317717272796E-004
   9.7954639538604276E-005
   9.0737729638436864E-005
   8.9484003264118724E-005
   8.6267526055159698E-005
   9.8862361019767930E-005
   9.5917079753781592E-005
   1.0648570503091453E-004
   1.0220902172840745E-004
   7.8230357012809684E-005
   7.2965700280900098E-005
   1.2336145017763307E-004
   6.9437099079880997E-005
   9.7446744949213727E-005
   9.8201561652088652E-005
   1.2510802822536158E-004
   6.8474767174102046E-005
   1.3351943677345876E-004
   8.1916331408258237E-005
   1.0712815213292492E-004
   8.1329434985480896E-005
   8.0304414982164770E-005
   7.8335239131570327E-005
   7.0424024024221132E-005
   5.7342278032428820E-005
   2.0151293966986863E-004
   1.0043617902883573E-004
   8.4663086254126534E-005
   8.7443847277880718E-005
   8.4252700243962986E-005
   8.2054766858147700E-005
   9.6937650283018145E-005
   6.9437285657589928E-005
   8.3691921294898371E-005
   1.0076340873082494E-004
   8.7806204384480293E-005
   6.7336482477285101E-005
   1.0346652213921164E-004
   6.6596076796103030E-005
   9.6275269613628673E-005
   1.0799572690801030E-004
   1.0401691071795888E-004
   8.3397122904839695E-005
   1.1707793811264639E-004
   9.1153481521145046E-005
   6.4679025929654225E-005
   1.0575470942108434E-004
   1.1040745837885504E-004
   6.8428427052226755E-005
   9.7557731952839405E-005
   8.6699626699414997E-005
   1.2558623595001602E-004
   6.7953495159592709E-005
   7.0195263861385677E-005
   8.1430045468983923E-005
   9.0209425568550848E-005
   1.3297363212775296E-004
   8.4049387483505861E-005
   6.3905499254052059E-005
   1.2013257070007581E-004
   7.7229796266421480E-005
   1.3810062058023333E-004
   7.4684234035886176E-005
   8.1729356609532759E-005
   9.8842751774784528E-005
   7.4086485851489664E-005
   7.4531197612902138E-005
   8.7047214055080744E-005
   6.2662058784232965E-005
   5.6815276725105406E-005
   9.9122473215231192E-005
   7.1196616364230733E-005
   8.2872307695141531E-005
   6.6976451038105807E-005
   1.1861941861002010E-004
   7.9139636135257035E-005
   9.5678649974360549E-005
   6.7954132786167024E-005
   9.5546243129882149E-005
   6.1799368509062630E-005
   6.7229227237786845E-005
   8.6393042080573548E-005
   1.2306904480547228E-004
   5.7607273740444726E-005
   5.1288273663240927E-005
   7.5594916860205632E-005
   9.6589098970462135E-005
   5.6185976682651379E-005
   7.5581783350448249E-005
   8.4868011834984830E-005
   7.8749782660672682E-005
   1.0308990563575933E-004
   1.0370258202767750E-004
   6.3539519320482399E-005
   8.0596607361644592E-005
   1.7273298163774780E-004
   1.0753076043947366E-004
   6.3996126870511210E-005
   7.1516953425333838E-005
   7.9796486768982184E-005
   7.0243463231317181E-005
   7.8238233874048226E-005
   1.0831965968199183E-004
   9.6846598201322381E-005
   6.9345745899775668E-005
   6.1903556239232429E-005
   7.3051138850942953E-005
   9.9362807986083464E-005
   8.1653256954473296E-005
   8.7829870008425195E-005
   1.0845230112771171E-004
   1.0423135318612551E-004
   7.2900398819053950E-005
   8.8089980313992624E-005
   6.2290273479236112E-005
   5.4739373483150913E-005
   1.0022481611386099E-004
   6.3657882129674107E-005
   1.0040471114124832E-004
   1.0136254634550182E-004
   1.0439651696713149E-004
   9.3956201306197968E-005
   8.3613224604075275E-005
   7.7266494299691742E-005
   9.0855078513605065E-005
   9.1201691877506631E-005
   9.5282562672938855E-005
   7.3054380676890057E-005
   1.0565157362184066E-004
   6.9314793898167130E-005
   8.4820217646990861E-005
   7.3565287528801283E-005
   7.2382416361670130E-005
   9.5741301350865936E-005
   8.2526069680437448E-005
   2.0079297198501305E-004
   6.9493522740702660E-005
   5.3222740396939037E-005
   1.2128183258900849E-004
   6.3617284685324601E-005
   6.8778125166285930E-005
   8.1561164535709385E-005
   1.1648562560020862E-004
   1.1907748882684189E-004
   7.2812521959658038E-005
   8.4194418479821123E-005
   9.7765731166135554E-005
   6.3866510726747055E-005
   8.6857138944617163E-005
   8.7566259252785291E-005
   6.3600329283392329E-005
   6.0562470490348714E-005
   9.3286318184462150E-005
   7.1013716547007390E-005
   8.3594554314886336E-005
   5.3594448413174975E-005
   1.1257758655614830E-004
   1.0032074879467953E-004
   6.8610515763298764E-005
   1.5715517543456704E-004
   8.3024010524068254E-005
   7.9008500163793682E-005
   9.7347226163905883E-005
   6.6733324885274756E-005
   1.4006580023729137E-004
   1.1420538050888301E-004
   1.1630265711644944E-004
   8.4349451453604428E-005
   9.4820577328084187E-005
   1.5562877662255538E-004
   6.2235833696361326E-005
   7.9319125904664790E-005
   7.3007930116446903E-005
   6.9065572237631036E-005
   1.5903649879617286E-004
   6.8406887805257948E-005
   7.4466106577381240E-005
   8.2836645124057369E-005
   7.2217609138063683E-005
   6.6631117913337683E-005
   1.1261533366544638E-004
   1.9907317713611914E-004
   7.6315484502325796E-005
   1.2428580755073353E-004
   7.7449129962051737E-005
   8.5802307084679343E-005
   6.6302305797692645E-005
   8.3298987222815555E-005
   1.1300473874297856E-004
   7.3496170706988125E-005
   9.0962866267332932E-005
   1.7447705682814465E-004
   5.7575468993741998E-005
   5.9571223847127869E-005
   7.0055344210009758E-005
   7.0296265759654239E-005
   9.6582816543616283E-005
   6.9563477904393791E-005
   1.1957551437292544E-004
   9.9498145509276139E-005
   1.1411294264002269E-004
   7.6509944570127690E-005
   7.6379496998450134E-005
   1.0281065283605738E-004
   1.4261586356853384E-004
   6.2476888778674317E-005
   6.0433127515266137E-005
   6.6470475080520055E-005
   7.2495388394859178E-005
   1.0202381016206136E-004
   5.9978325081138502E-005
   1.0497505341159465E-004
   6.2131908007983817E-005
   7.8038596491426159E-005
   8.5764839414724755E-005
   5.6580108011097913E-005
   1.0888479782717386E-004
   9.9713874003249628E-005
   8.2337446438557829E-005
   9.3904876324875974E-005
   6.9554357225489618E-005
   1.1311276699479677E-004
   7.4737289662074640E-005
   7.0950587771950797E-005
   7.6799873382037639E-005
   6.5710571560941201E-005
   1.4235789365337124E-004
   5.5348188130503457E-005
   8.8640127011075870E-005
   1.0064041439819367E-004
   1.1441442811244509E-004
   7.2846978177296825E-005
   7.7886016455792125E-005
   6.7898024889388760E-005
   8.5912642618647680E-005
   7.3360192919025402E-005
   6.4045153662186044E-005
   7.9429357144494291E-005
   7.5894293382443233E-005
   1.1414680974823870E-004
   9.1000909129061871E-005
   7.2323039936257879E-005
   6.8771182075356172E-005
   1.3058655432401936E-004
   9.9412905548972399E-005
   5.2059206648623083E-005
   1.2908435426860427E-004
   8.9681773710952956E-005
   1.5919225529354404E-004
   9.4869692518273604E-005
   8.3045484548948114E-005
   7.5568885642721261E-005
   9.7356522862090654E-005
