   7.6827112248469933E-005
   7.2528103386969918E-005
   7.9955634796867391E-005
   6.3804507006463303E-005
   4.9981518108027531E-005
   7.4158480598423529E-005
   9.9745753234273621E-005
   7.6384616775976340E-005
   8.2060462489959968E-005
   6.6529422396806700E-005
   6.4124912955971453E-005
   5.8379103371901294E-005
   8.9179317368413214E-005
   1.0880505606917762E-004
   7.8052739980606091E-005
   1.1380149522290669E-004
   9.2414096799269663E-005
   6.5684803859151637E-005
   8.9719699368737157E-005
   6.8833498616421084E-005
   7.5985239171015280E-005
   7.1284465683619152E-005
   1.1353882680882083E-004
   6.2468716272978930E-005
   5.5394280554782543E-005
   8.7392324385036769E-005
   6.0973715699291722E-005
   9.6392092370486756E-005
   7.9614231353600435E-005
   1.2529917014692505E-004
   6.4980330058215098E-005
   1.0446340173432016E-004
   1.7778292233287175E-004
   6.4634095764291182E-005
   7.9427130434745873E-005
   6.0430542662134984E-005
   8.9074216948444013E-005
   6.6374108881662135E-005
   8.2570608273277874E-005
   8.6663167197119451E-005
   8.0313146827576100E-005
   8.7864835800300901E-005
   9.7749958902186430E-005
   5.4947964547405557E-005
   8.8282280102150749E-005
   7.7695811111009447E-005
   1.6937339364641831E-004
   9.2680400466752614E-005
   7.4757400657389958E-005
   9.8558192278744386E-005
   9.5297777231942549E-005
   8.1471755124587052E-005
   6.2449738754364483E-005
   6.8086880190734221E-005
   9.1043349916547915E-005
   7.8035445004304558E-005
   6.4046400832386003E-005
   8.7170708043775473E-005
   1.4020098745242695E-004
   9.4783368567400046E-005
   9.1265428865611943E-005
   8.5085775430364114E-005
   9.3455649678688565E-005
   6.7977846960044988E-005
   1.2408934651469622E-004
   8.9648345400895947E-005
   8.5703415867283998E-005
   6.5369283326715337E-005
   9.2016377714502831E-005
   9.0174853767757414E-005
   8.6477112636274282E-005
   9.4801546205036986E-005
   1.1119116195491297E-004
   9.5670698947674054E-005
   7.4703400473798295E-005
   1.6860666082447743E-004
   6.8923383418237078E-005
   6.7283845528151820E-005
   8.0268302893592367E-005
   7.2599900332531755E-005
   7.4493697135416661E-005
   7.7157207385455414E-005
   1.1404397589609103E-004
   1.0212513055587403E-004
   8.3503714217557305E-005
   7.6868447943261622E-005
   7.7301505207588977E-005
   7.3433781980400585E-005
   7.2286654621647896E-005
   1.0321269280744722E-004
   6.4238733378013541E-005
   6.6758078375989387E-005
   1.0085715284075030E-004
   1.0563864049786050E-004
   6.4842786377985719E-005
   8.9547087878253436E-005
   5.3646887373529740E-005
   5.1648273794112752E-005
   6.7592143511524278E-005
   8.2913555089394165E-005
   1.1089656239738026E-004
   8.9091238245172171E-005
   8.3859843568131524E-005
   7.1535501116263582E-005
   5.4941600829143099E-005
   5.7474511705635342E-005
   9.0296178558678427E-005
   9.6578220862029833E-005
   7.3818077283991439E-005
   5.7638224277865240E-005
   1.3351868561961762E-004
   8.2163945626042415E-005
   1.1759996329368229E-004
   8.1210552543189659E-005
   8.8779891672134984E-005
   6.9436313858352154E-005
   8.7063122395063800E-005
   1.0798634569277999E-004
   7.4350112108662378E-005
   9.4802176682610157E-005
   6.9599907930967194E-005
   8.5139077481096936E-005
   6.4542264493236686E-005
   8.7092074571991810E-005
   1.3171169256527955E-004
   8.4761581759265988E-005
   6.5177419434458170E-005
   6.1556168768987858E-005
   7.0105049721239448E-005
   8.7846267558620088E-005
   8.9465204203135844E-005
   8.1232050631213615E-005
   1.1070486415419418E-004
   9.5955740196409698E-005
   6.8235837435526943E-005
   9.0386399954627426E-005
   1.0492173465615655E-004
   8.5228654094597785E-005
   1.0518013887493449E-004
   7.4600666842879131E-005
   7.3789123555409713E-005
   1.0949571915614332E-004
   7.8825678729300754E-005
   1.5848526880725918E-004
   6.9575904056640649E-005
   9.4905608198405728E-005
   1.2897419993606953E-004
   1.9005942904253050E-004
   7.2002706071963191E-005
   7.7876279777434358E-005
   7.1864974430118017E-005
   5.8229598918931255E-005
   6.5158904181381570E-005
   8.3546843287791826E-005
   1.1686936442802723E-004
   8.5600806637897150E-005
   1.4360831334480172E-004
   8.5295562002189729E-005
   1.0286434408016164E-004
   8.9817633962167658E-005
   9.9291720423378310E-005
   7.5961075672256547E-005
   1.0973911164616439E-004
   6.3097096311216214E-005
   5.8150178806977590E-005
   1.3348584928480429E-004
   1.1167159182053328E-004
   9.5117922065037744E-005
   9.1145772974087063E-005
   1.0011418241132441E-004
   6.8538610087759080E-005
   9.2613669698524435E-005
   7.3891821458381638E-005
   8.2565064704755679E-005
   8.7061559823437118E-005
   8.8339583928490897E-005
   6.9232525049186627E-005
   8.5254238762438484E-005
   7.1870287323425402E-005
   1.0244053424210881E-004
   1.0961455160444125E-004
   1.3661830465924840E-004
   1.0272532522406100E-004
   6.8445815181659926E-005
   9.0444213962188804E-005
   6.7937776918018292E-005
   9.0222836719791304E-005
   9.0982541967057906E-005
   5.6223224943360292E-005
   1.0512060204453073E-004
   1.0802610458306686E-004
   9.1329925288283282E-005
   9.0575237886660585E-005
   1.1457076500567801E-004
   7.2651926359783837E-005
   6.7416812497672529E-005
   7.5517413224529073E-005
   9.0254269714631075E-005
   7.6308132197799869E-005
   9.3083995244187115E-005
   9.5048012159029360E-005
   9.4522624990760684E-005
   1.1178279662936067E-004
   1.1397061783367228E-004
   6.1091000738635839E-005
   1.0425205313425999E-004
   7.0660122291748388E-005
   5.1577325356860612E-005
   6.1970074057397196E-005
   1.5496292670726642E-004
   1.1319925591132612E-004
   9.3623164467569536E-005
   8.9109576642431386E-005
   1.2042834984278001E-004
   1.5935548002595057E-004
   7.7860146459037365E-005
   8.7585254988281028E-005
   1.4589120580679865E-004
   5.2424820073615974E-005
   8.6568036072401524E-005
   8.5429846249969403E-005
   9.8055658083955990E-005
   9.4414708999370194E-005
   1.0208934613168093E-004
   9.2666895573818443E-005
   1.1468721551591561E-004
   1.1196636638315521E-004
   6.9085965588891809E-005
   1.0088965321243824E-004
   6.3623171674383785E-005
   1.2794138256487376E-004
   6.4193779791064620E-005
   1.0164078980518300E-004
   8.6691523421532517E-005
   7.4861457670691696E-005
   6.0269880939552414E-005
   8.9583835746229599E-005
   7.5899690106454552E-005
   7.4012340088399983E-005
   8.9850850186717971E-005
   1.2206792556860426E-004
   7.7922426460668175E-005
   9.4599989184582288E-005
   1.2277891769562070E-004
   9.8252173250348415E-005
   7.5163630200621802E-005
   9.6536765532806551E-005
   6.5992290637096341E-005
   6.7753495676585674E-005
   1.1288862557667374E-004
   1.0817925145721594E-004
   7.1681786279444013E-005
   8.0324347309026887E-005
   9.7606239504271952E-005
   1.1674146257723522E-004
   8.6699801401121670E-005
   7.0391541786658462E-005
   1.0525836560771038E-004
   8.6400347669162935E-005
   1.5833088217623799E-004
   8.7247701378419807E-005
   1.2495459994681750E-004
   8.6967506543993826E-005
   8.6225999545667828E-005
   7.7663016497603785E-005
   1.3039646249455011E-004
   7.0992090868545219E-005
   8.1035653394308357E-005
   1.0710595214934896E-004
   7.4772409012574442E-005
   6.5378676708480128E-005
   1.0848132815449951E-004
   9.6038655140279826E-005
   7.1034772321531731E-005
   6.1233368972893405E-005
   7.4293716262387551E-005
   7.6370965025579184E-005
   1.0813084786167338E-004
   8.9779201408796524E-005
   8.7076093928732323E-005
   6.4967472669440361E-005
   8.2699153859595883E-005
   7.5081550239971108E-005
   9.6965820370918066E-005
   8.1286507833424937E-005
   9.7430134588631453E-005
   9.1587840176916648E-005
   1.0205389110233517E-004
   6.7211363345809485E-005
   1.3505727606095757E-004
   5.8083190379600511E-005
   8.6699519719074855E-005
   7.6401678026884410E-005
   8.3502148301921702E-005
   6.2851019135229180E-005
   7.9601447602455614E-005
   9.0234783506886517E-005
   1.3804515955923006E-004
   8.3929111828657244E-005
   9.4318874510153963E-005
   7.5170336305690558E-005
   7.7231389489314451E-005
   9.9532486770759153E-005
   1.3520981398248145E-004
   8.7372391726809305E-005
   6.4737147206603570E-005
   8.7392682182738324E-005
   7.4632667490967893E-005
   6.4484382224717156E-005
   8.6227687860253186E-005
   9.3600675146217699E-005
   8.5139960656081972E-005
   7.9663673942390081E-005
   1.2894903293746217E-004
   7.6262129514529888E-005
   6.1293394419428579E-005
   1.1181092795691186E-004
   6.4762363100505515E-005
   9.7901261659847459E-005
   1.0215501433886214E-004
   7.5731442555595900E-005
   5.4301674889771768E-005
   7.0549138986737055E-005
   8.4541795682680648E-005
   1.3531019067031396E-004
   7.3391771479289024E-005
   8.5933767037974916E-005
   7.6747233320784855E-005
   9.8339161959738747E-005
   6.7684560997481350E-005
   8.2179096060058075E-005
   8.4442319078121877E-005
   9.5862629558854157E-005
   8.3651407821370440E-005
   9.5554088808440027E-005
   1.2076472071083719E-004
   7.6815851114854852E-005
   8.0299736042685132E-005
   8.8712150242626080E-005
   1.2640529436965794E-004
   1.0068927210838462E-004
   1.2975346629678686E-004
   6.9271333954874328E-005
   5.7590344992329574E-005
   8.7055676526687020E-005
   7.5401915804701271E-005
   7.7554460883189722E-005
   6.0956523929471657E-005
   1.1087695843314660E-004
   7.7981257944869170E-005
   5.2808888541753012E-005
   7.1860289943323047E-005
   1.1221448651519650E-004
   6.0666314201174944E-005
   7.4423212105810646E-005
   6.7566916958885487E-005
   5.9644492122067822E-005
   5.9735434055460076E-005
   9.9604147040799760E-005
   9.8603067348816497E-005
   1.4825814049014869E-004
   8.5194677873801197E-005
   7.4639933101683094E-005
   1.0661675322310971E-004
   8.7092923052864597E-005
   5.0331052210827414E-005
   9.2935799547337413E-005
   1.2473245253832732E-004
   5.0503503628899802E-005
   5.5467796753504430E-005
   6.4325688958941822E-005
   8.6908607610618275E-005
   8.0411890626932962E-005
   1.2357889287213845E-004
   1.1562202565179483E-004
   8.5877838273095745E-005
   6.7948448891345272E-005
   1.1657301577965194E-004
   8.5692281637936895E-005
   6.7140705487241188E-005
   8.3430205882124194E-005
   9.0552288553323403E-005
   5.6541544781039039E-005
   9.6050645168838198E-005
   8.9791168454857466E-005
   9.2227727397112402E-005
   6.1295975933538087E-005
   5.5187560752511887E-005
   5.6465011240333150E-005
   9.3912993929259322E-005
   1.3533669790080329E-004
   8.0359955658571410E-005
   1.1592579898868047E-004
   8.0936828681944800E-005
   6.6005105806102177E-005
   7.2904121878475294E-005
   1.1192805908160504E-004
   7.6707191108497404E-005
   6.2964368850489190E-005
   6.7979134971063711E-005
   1.0064284323599296E-004
   9.5551414050764263E-005
   9.2823332574834265E-005
   9.8856140824570582E-005
   7.0695593870063057E-005
   1.0612580236066297E-004
   6.4192007218668776E-005
   9.6853458850598294E-005
   9.9957957475822428E-005
   9.9869285438493427E-005
   7.0357622078693832E-005
   1.0687435474914070E-004
   1.1478198277999073E-004
   8.1276801986097702E-005
   7.4271875822471575E-005
   8.1528107798542373E-005
   9.2133786120779604E-005
   7.0869219455544274E-005
   1.1305594353382837E-004
   1.4715927652914342E-004
   9.6926771218109150E-005
   8.6486069219183538E-005
   9.0494375820937065E-005
   8.9874255832450223E-005
   7.3993203094198124E-005
   9.1724995709020177E-005
   9.7025655316936404E-005
   7.8605562124589102E-005
   8.6978735813323974E-005
   1.0482252568588105E-004
   7.3055668604604391E-005
   7.3511401147716452E-005
   7.2791926968686924E-005
   8.6212786689376342E-005
   8.3575828111406432E-005
   7.5609914409572083E-005
   9.7904821420755853E-005
   6.1658598940497592E-005
   6.5660499889056478E-005
   6.4697909062068996E-005
   6.4440520244827754E-005
   8.2657511675557276E-005
   6.3095380851783587E-005
   7.3303781776838821E-005
   6.5227138983377613E-005
   9.6695567715612268E-005
   9.6326517301972538E-005
   7.1520558578096693E-005
   7.0420590571213209E-005
   1.0053847147625544E-004
   7.6733235634743446E-005
   1.3936994680610010E-004
   7.6536890701485753E-005
   7.5425375872324385E-005
   8.4219487575499562E-005
   7.4635883911063056E-005
   6.3071395843421809E-005
   7.6254443494887697E-005
   7.0634306792658947E-005
   1.4685140100459594E-004
   8.7179882105423428E-005
   6.6583581823465758E-005
   9.0402802600894809E-005
   8.0159807385674149E-005
   9.3302684139766169E-005
   5.7084129503514511E-005
   6.8660061507330353E-005
   7.9440863250225316E-005
   1.1081758705125038E-004
   1.1544657592788441E-004
   1.1781140572741927E-004
   7.2449314905904708E-005
   1.2013719065012999E-004
   6.7496803671703899E-005
   8.4453782621929745E-005
   6.9340555840708513E-005
   5.7583558872471597E-005
   7.9414939661179930E-005
   7.6140241287575070E-005
   1.0102471689806363E-004
   1.3167519830737360E-004
   1.0604845371951890E-004
   8.5141559893409728E-005
   1.0544163982201383E-004
   7.1093843441079490E-005
   7.8764354784489771E-005
   8.5860642508156726E-005
   7.2933438244530795E-005
   1.0830007008152396E-004
   9.0919945091310226E-005
   1.0213279438034565E-004
   6.9868726903615712E-005
   1.0450229722582471E-004
   7.7464921561476303E-005
   6.8310250453119982E-005
   8.4663946162895237E-005
   9.2287099304530411E-005
   6.0556923339400524E-005
   9.9138055266242075E-005
   5.6922243095475277E-005
   1.3348160666672780E-004
   7.5444031212651107E-005
   9.7595849642853716E-005
   1.2900575408778634E-004
   7.0251347430881118E-005
   5.2008600924919960E-005
   8.3149212225935488E-005
   8.0403191078410685E-005
   8.2180983317008672E-005
   7.6002626546638283E-005
   8.2941550465877027E-005
   7.3996343330212433E-005
   1.0888522989461268E-004
   1.2594580882594269E-004
   1.0800451473023889E-004
   7.5961848816787921E-005
   1.2061512710193402E-004
   7.5372982538876373E-005
   7.4778917730824543E-005
   8.3155378475085947E-005
   8.6204662553990570E-005
   6.6947380928071524E-005
   5.6394198771347291E-005
   7.6213795495700342E-005
   8.8670323250259137E-005
   9.0283150116972322E-005
   6.4500767929969948E-005
   1.1288328443550728E-004
   7.1606642870940921E-005
   7.3938867902377037E-005
   6.4351648200654347E-005
   5.0755328846879263E-005
   8.7721177276990365E-005
   1.0797935211168739E-004
   9.6642456854912584E-005
   9.4438782526363524E-005
   8.9044302786147592E-005
   5.6218421053511484E-005
   6.9571552469465645E-005
   1.1701395054342976E-004
   5.6077892996803150E-005
   6.1238075286007895E-005
   6.8300939543066320E-005
   6.7152116667899798E-005
   8.5738806014534546E-005
   7.3374716665514089E-005
   6.1335556191701170E-005
   5.7601230242454340E-005
   1.0560631428023457E-004
   9.8611026057761168E-005
   1.2640901778982491E-004
   8.9416060243937293E-005
   9.2829940223621550E-005
   8.7585526907651390E-005
   7.3738403528945479E-005
   7.6682308716324838E-005
   8.7586527835346094E-005
   9.3765343116466860E-005
   5.6409762138469422E-005
   6.0165456846797931E-005
   7.4193635274089788E-005
   9.3960213311602189E-005
   7.7428907467403012E-005
   6.2834780059557938E-005
   1.0899901784573391E-004
   8.4520051256288192E-005
   8.6529746942602331E-005
   6.0038984356687738E-005
   6.7291310992492572E-005
   8.1957827816368556E-005
   6.5331485794967148E-005
   7.6001201957700989E-005
   8.6330130046422397E-005
   8.0074370383490093E-005
   1.0674823825606622E-004
   6.7440431210573831E-005
   1.0641517797078582E-004
   7.3211088634638177E-005
   7.0809622350361180E-005
   8.3423719764302715E-005
   1.1260604937725245E-004
   8.7343077611832577E-005
   9.2854744501972335E-005
   8.5481166174271219E-005
   1.3497763183580708E-004
   8.1195006485440126E-005
   9.5381188018564124E-005
   1.5098730692141512E-004
   1.0710997292266982E-004
   9.7254245144204850E-005
   7.6173128729646589E-005
   7.1955498656912432E-005
   8.1577902973382530E-005
   1.0220634025653138E-004
   5.2629070219523224E-005
   9.9601939354725024E-005
   8.3682054648001825E-005
   7.8910732527200168E-005
   5.5293460227889185E-005
   8.8450876511347751E-005
   8.3876044458259131E-005
   8.1387403296606639E-005
   8.3032609067794287E-005
   9.4130703933406989E-005
   6.0779330949253457E-005
   8.4521134835808195E-005
   7.9180508629546139E-005
   1.0284833323182853E-004
   1.2082015389709766E-004
   8.2390180956100529E-005
   7.4263670346824413E-005
   1.0890883905406011E-004
   9.5357374678190480E-005
   7.2984905640035408E-005
   1.0687295852303596E-004
   1.2084869374801434E-004
   6.9758465096684830E-005
   7.9097981362322885E-005
   9.7704517016232505E-005
   5.9768289549817426E-005
   6.2640303802881489E-005
   1.2736595577169356E-004
   5.9874488261954925E-005
   9.8114397983346219E-005
   8.3074741894052659E-005
   1.3256694753199051E-004
   7.4839603028240874E-005
   1.0575768412302805E-004
   1.2164410397472057E-004
   6.7740480615974955E-005
   5.9032096620070661E-005
   1.2828764005047517E-004
   7.4405250914326348E-005
   1.2982181687158761E-004
   8.6012844310584421E-005
   7.2139894723306764E-005
   6.5428217618018181E-005
   8.7655997070028362E-005
   1.3028334385563697E-004
   8.3938240007571931E-005
   9.1636399814266914E-005
   9.2455186511585590E-005
   1.0847126540038916E-004
   8.8843735991103081E-005
   1.2826092593423355E-004
   6.8037647115021290E-005
   1.1959548959064133E-004
   8.0002351974592115E-005
   1.2220559020420827E-004
   1.5161795184208128E-004
   8.4923532400017830E-005
   6.8646961904835819E-005
   8.0201652713879771E-005
   1.1602175917326025E-004
   1.0654443291914673E-004
   6.2726008577726334E-005
   1.1903935233937097E-004
   7.8421085139415402E-005
   8.2233861541192740E-005
   8.0195787308225044E-005
   7.8551050777558631E-005
   8.6866083069977171E-005
   9.3616061835719372E-005
   9.5143754984644471E-005
   1.0715911561464674E-004
   7.8780035960993814E-005
   7.0766496674925153E-005
   5.4251950839453261E-005
   9.5044206868637136E-005
   7.2108064131478565E-005
   9.8884165110007152E-005
   8.9567870827882032E-005
   6.9087259604455701E-005
   9.5865237816426441E-005
   6.5589044038477250E-005
   1.0692909783824302E-004
   5.7056480310265279E-005
   1.5947856258359422E-004
   6.4845260032355938E-005
   5.9504638800603788E-005
   6.8403280495256933E-005
   8.5109365793819701E-005
   6.1641363560031542E-005
   9.5099359606284588E-005
   9.8236817194877440E-005
   1.1437248834717376E-004
   9.8309135046379295E-005
   6.8124247297943083E-005
   8.0654542797551702E-005
   7.1669613954683948E-005
   8.6099600987622044E-005
   7.3572386899306599E-005
   1.1245162661962927E-004
   6.8563801028907186E-005
   8.8910081153706179E-005
   1.1143362831468973E-004
   8.0542066016789395E-005
   7.3070008080432594E-005
   9.3945310299240332E-005
   8.7522892448226193E-005
   1.0630068895067512E-004
   9.3744562976280640E-005
   8.9260712722518030E-005
   7.0179358614411096E-005
   8.6861403863597994E-005
   1.2972719735104978E-004
   9.3876970696214456E-005
   7.6031711131458642E-005
   6.2307642169315985E-005
   7.5107804288515546E-005
   1.1448373300322613E-004
   1.0517243400370975E-004
   8.2082586125402368E-005
   9.6086290728007072E-005
   7.7636162567452271E-005
   7.6610106296898502E-005
   7.8789239588578463E-005
   8.5507575374654110E-005
   1.0578100456970923E-004
   8.9472147957879103E-005
   8.3255046462563426E-005
   9.5478701497812119E-005
   1.0897364877270793E-004
   7.9702639863950131E-005
   6.7360058575979034E-005
   8.2088448779316339E-005
   7.8424060730069255E-005
   1.0081391955907618E-004
   7.8302609977954211E-005
   1.0051371793756566E-004
   7.4869639299365688E-005
   8.1259976057866261E-005
   8.0551525448484753E-005
   1.0132604683858011E-004
   8.8048273025985549E-005
   6.8982433803204754E-005
   1.0543342519190877E-004
   9.6902408551070756E-005
   6.5491489927662418E-005
   9.5116285297674850E-005
   7.7632790590010685E-005
   1.0610877395039029E-004
   5.4900861673492784E-005
   6.2065784888768193E-005
   9.6630358594560162E-005
   9.0580687573074922E-005
   8.7583749268972338E-005
   8.0951418475190811E-005
   8.1057423235582438E-005
   1.1150500240729065E-004
   9.2199378527434606E-005
   7.2821226531024393E-005
   7.7577181382652434E-005
   7.3684731036973504E-005
   9.9378668407858423E-005
   7.1834252477655065E-005
   8.7792070687246342E-005
   7.0299557060861102E-005
   7.5502464173898438E-005
   6.8328786787444915E-005
   1.7159698851599593E-004
   5.9949013870578776E-005
   1.0226528157793226E-004
   6.5674463218712609E-005
   1.3472299578516224E-004
   9.1611372395918343E-005
   1.1693522974796194E-004
   5.9725982046462062E-005
   1.0985434569955047E-004
   7.5932392476468335E-005
   9.5972886509803211E-005
   8.6688088023243500E-005
   9.7339256600843666E-005
   1.0950471648036599E-004
   7.0401947450692167E-005
   8.9222982007226438E-005
   6.6010936594464609E-005
   8.3320075721095269E-005
   1.1261489156283590E-004
   6.7560332999536620E-005
   7.3951552508637160E-005
   7.9876966478171086E-005
   9.9236961377389721E-005
   8.0130416465744439E-005
   8.3949153237595131E-005
   7.5074445502734062E-005
   5.3996217162709801E-005
   9.0585568716838001E-005
   9.2007868477545916E-005
   8.6602503291744172E-005
   7.2706870629392193E-005
   1.3068640567375224E-004
   6.1124605254372520E-005
   8.9662659988492673E-005
   6.7196501160402767E-005
   1.3390933899563642E-004
   8.2057966568127664E-005
   6.5397591866423531E-005
   9.8642381898089211E-005
   1.2934741463401842E-004
   6.7164060414579314E-005
   8.4245349162323516E-005
   1.1401890937884406E-004
   7.8540426809994238E-005
   7.3618899199933316E-005
   7.7237919578353209E-005
   7.3337736042012014E-005
   8.2980671508555990E-005
   7.2806548009636307E-005
   1.1696067727108809E-004
   8.3668542358534046E-005
   1.2239645280772603E-004
   8.8322443829936845E-005
   6.1836821722963784E-005
   6.8583957390899446E-005
   6.9986506294029708E-005
   7.6718586140638473E-005
   9.6231048982202769E-005
   1.0696147636171263E-004
   9.3439390388431161E-005
   6.7601822189231051E-005
   7.8481190030291073E-005
   6.5075425760861228E-005
   7.2746962784796994E-005
   7.4548997683295291E-005
   1.0273096869556922E-004
   6.0769043673594181E-005
   7.0197009993916019E-005
   7.8961170913997600E-005
   8.7502260397793026E-005
   9.5867372931469867E-005
   1.4111891242898889E-004
   1.0680384736676915E-004
   1.0247126808826157E-004
   1.6079955055684804E-004
   1.3062152762257479E-004
   8.6388764949409236E-005
   7.1612869929641321E-005
   1.2066281872917322E-004
   8.0340448136672119E-005
   1.0642150288963562E-004
   6.6071612294914543E-005
   6.1860939074667102E-005
   7.4565399247954794E-005
   1.2630119269036559E-004
   7.4500313728751726E-005
   5.8527159184265864E-005
   9.6302685917312343E-005
   5.8252727276173696E-005
   6.1111360299001549E-005
   1.1216274504333166E-004
   1.3365895011130513E-004
   9.1733919782727302E-005
   7.2219854773233620E-005
   8.3947781585915591E-005
   5.9712214087296631E-005
   6.1637666752850962E-005
   6.4851071914976422E-005
   8.6187960220063042E-005
   8.2915128695133138E-005
   1.4539955288961947E-004
   1.2635244073606856E-004
   8.5135584427524445E-005
   8.4263607782026302E-005
   8.5870487929425965E-005
   7.9825067527047067E-005
   1.0185384107096200E-004
   6.2221715735037169E-005
   7.7266059354428275E-005
   8.5135978200954636E-005
   7.1948217952217983E-005
   6.7979831812288138E-005
   5.5336733099704721E-005
   6.5370166786115686E-005
   8.0765122180668554E-005
   6.8426302567001373E-005
   1.0910296292358393E-004
   8.6441077798565436E-005
   1.4227777598263932E-004
   7.4971094720273465E-005
   9.1490971983130233E-005
   9.5650696511227973E-005
   8.2831562603456302E-005
   8.5009358581269168E-005
   7.8603230413056303E-005
   1.2147987908124930E-004
   8.8994306672710943E-005
   1.0631527595863855E-004
   8.3728571318691488E-005
   1.2589131939174349E-004
   1.0398173210680410E-004
   9.4878052615051092E-005
   8.3509983269085215E-005
   7.0288985453581342E-005
   8.6549935077958180E-005
   5.8013294126123076E-005
   6.2516865787471117E-005
   7.9102691571081586E-005
   1.3044126347959862E-004
   1.1410409262563418E-004
   9.9196349513029335E-005
   1.3058489495536188E-004
   8.5609071354861093E-005
   7.4796307466370134E-005
   1.0270649644620782E-004
   9.0042052856834852E-005
   1.1144911929443584E-004
   8.9908571597425188E-005
   8.6460205218913066E-005
   9.6502630365955362E-005
   8.8072450041502633E-005
   1.3597952398563176E-004
   7.2623817781772149E-005
   9.9553367478941686E-005
   8.1865751189676790E-005
   9.5755736084751847E-005
   9.0874652077362997E-005
   1.5881041263840839E-004
   6.1372442186398047E-005
   8.2757354508615708E-005
   1.1969460212488981E-004
   7.7326906232439051E-005
   5.1879372916061166E-005
   4.7667182351381183E-005
   8.7915974488055897E-005
   7.2818551047362654E-005
   7.1507723809809742E-005
   9.3324643177449291E-005
   1.0331925283542215E-004
   1.1498301984576089E-004
   6.0168546862164294E-005
   6.2159568613643962E-005
   7.1686572989895160E-005
   9.5634077877560465E-005
   5.4968897924079538E-005
   9.4610802325667767E-005
   7.5883838760613324E-005
   7.2153601716751930E-005
   8.6586404906780116E-005
   1.0345187280122413E-004
   5.3519746343643497E-005
   6.4552283528765964E-005
   1.4935216102526645E-004
   7.3618547111049579E-005
   7.8081021067868316E-005
   9.1296512213296640E-005
   7.6702794651493369E-005
   8.3824631937840654E-005
   7.9932565113810137E-005
   9.3836507440298833E-005
   7.0427023583193187E-005
   9.7756605110537907E-005
   6.6052649179257087E-005
   1.0157898978758750E-004
   1.3358304627519374E-004
   1.5480024558419501E-004
   9.3803983469774947E-005
   8.2799394119297044E-005
   9.4249275652475833E-005
   9.3520763536451796E-005
   7.0865828279044208E-005
   1.1461850885998469E-004
   1.1175557897520298E-004
   1.2080900361067201E-004
   9.4098283312154382E-005
   9.3884182573041522E-005
   1.1278939306578136E-004
   9.7786071904052823E-005
   1.9393289882320151E-004
   9.9475081999669958E-005
   5.9089855299723532E-005
   1.2460518459897905E-004
   7.6824324984720323E-005
   5.7681574966508980E-005
   8.6451501374307729E-005
   9.6456538433247572E-005
   1.2312894463460447E-004
   1.0872208806184126E-004
   9.0324030669433259E-005
   1.5629744290731175E-004
   7.9361797837292869E-005
   6.1847633926908897E-005
   6.9733516053161024E-005
   8.2351445995440840E-005
   6.3257591120444213E-005
   6.2932443835803640E-005
   4.8817945933987868E-005
   8.2097301266591925E-005
   9.2397583703153604E-005
   8.7967111863026539E-005
   6.3949358695395171E-005
   1.1025205803470509E-004
   5.9764135295137045E-005
   1.6960526685611777E-004
   6.7427425057382361E-005
   7.1297569706319790E-005
   9.3694676105383662E-005
   8.7451258712267646E-005
   5.6290165714106416E-005
   8.0972517771419418E-005
   6.8200879189429312E-005
   6.8150924550817053E-005
   8.0080153084711539E-005
   1.0827518713963704E-004
   7.8993330745103500E-005
   1.0955545415345027E-004
   1.2291155314079439E-004
   9.2987807133170625E-005
   1.2176624238073087E-004
   6.0989699380934563E-005
   5.3701543807875697E-005
   5.9937838434559172E-005
   1.0306083205578424E-004
   7.4641095323253406E-005
   7.9826857864631143E-005
   7.2088516307061712E-005
   8.0360538854698556E-005
   8.7829266132877307E-005
   7.8577728743536480E-005
   5.5228908234912551E-005
   1.3559077973502738E-004
   1.1978266831720882E-004
   7.9387183810171013E-005
   1.0907018029951194E-004
   5.6597251891782566E-005
   9.2862885887280315E-005
   1.3101764589903002E-004
   1.1984795645812241E-004
   1.0413985175698363E-004
   9.7611567593621244E-005
   7.5857363742511157E-005
   7.8557668235276141E-005
   7.1299966616520099E-005
   8.5007883894405416E-005
   6.5147011017843205E-005
   1.1435626770884287E-004
   9.8413090032668598E-005
   4.7809059617642836E-005
   6.1580511866495360E-005
   8.7793263661631148E-005
   8.1447605396645759E-005
   7.4998425729128494E-005
   1.2351466757918228E-004
   9.1945726295105209E-005
   1.1798450309255701E-004
   1.0686479144119004E-004
   6.4473253379178171E-005
   7.8916172306777368E-005
   6.7209300012221581E-005
   1.0558932152403109E-004
   1.1289849521744960E-004
   1.0525872548230459E-004
   1.1194589398268307E-004
   8.6772768819183273E-005
   1.2641212936663075E-004
   1.2632186555372923E-004
   9.4361742401943659E-005
   8.0696938429549388E-005
   9.0525699936180295E-005
   9.7457257478948521E-005
   9.2448106348355937E-005
   8.8032107723980981E-005
   6.6757422607850988E-005
   9.0719944208372428E-005
   7.5650749544035721E-005
   8.7289047035758464E-005
   7.4261314862665291E-005
   8.2484693330050739E-005
   7.6696046477894638E-005
   8.0280590277382458E-005
   1.1103014351580423E-004
   8.1296098627770436E-005
   9.2287515364582369E-005
   1.3631314344008630E-004
   9.4836317014275302E-005
   6.7264735794227845E-005
   7.1437203942810584E-005
   8.7208590533867218E-005
   1.4465682764929893E-004
   8.5496277466146856E-005
   7.4508789868108147E-005
   6.9834783256536272E-005
   7.3735097039617862E-005
   7.7521278330542592E-005
   8.3577357703360953E-005
   6.6198097079142582E-005
   1.2405867709563168E-004
   7.0502389227097652E-005
   6.6186319486334367E-005
   6.0780992324661323E-005
   8.5250436643945202E-005
   6.5183341117620237E-005
   1.1113429188305136E-004
   7.6843078575240440E-005
   8.1897076239183131E-005
   8.5298024651114912E-005
   7.0027219842974878E-005
   7.5154724528333616E-005
   7.6151614466814165E-005
   9.6202588836422355E-005
   4.6897940159714459E-005
   7.2201915493374247E-005
   1.3453521094695378E-004
   8.2089600972931243E-005
   1.1108082862360058E-004
   9.3977286739945032E-005
   1.1610814042649275E-004
   8.2175937972277599E-005
   7.6737277097321143E-005
   7.1183051377322860E-005
   1.0117237240798984E-004
   6.4767175826727904E-005
   9.1039946965451523E-005
   1.3117524921686067E-004
   8.5513566823115306E-005
   8.6103061062093545E-005
   9.9769297291549004E-005
   5.3447169805129788E-005
   1.1966976142619446E-004
   8.8289706286797434E-005
   7.1037350586315273E-005
   7.7405823790838681E-005
   8.1335751515828903E-005
   9.0761161261703529E-005
   9.8235100560215371E-005
   1.2173083006714462E-004
   1.0063026456192227E-004
   9.5936809861487914E-005
   7.4175510480656959E-005
   9.4710773629981575E-005
   1.3630514419448589E-004
   7.7840999875546319E-005
   6.1853597336815108E-005
   8.0854255889485838E-005
   7.2700453548434275E-005
   7.6457382067139052E-005
   9.3323393155535201E-005
   9.1006993266854984E-005
   6.6654223676914924E-005
   8.6432882746865014E-005
   1.1294822013190248E-004
   1.6411078781247053E-004
   9.2599289032453338E-005
   1.1087032023677216E-004
   1.1203074331045245E-004
   1.2842703596575904E-004
   8.3006133752121559E-005
   9.1606345671957424E-005
   8.9051836182815140E-005
   1.0149058092017491E-004
   1.1897682275688762E-004
   6.5536025612813849E-005
   1.5391458165603600E-004
   9.6728304779562807E-005
   6.9321344939264607E-005
   8.2879437311386895E-005
   1.5605948298779061E-004
   7.1529730002205575E-005
   1.2698480227532098E-004
   9.2817115161289145E-005
   7.4328926843036941E-005
   8.6573634057304815E-005
   1.0836657942605177E-004
   7.8326064016881350E-005
   8.4055154350149843E-005
   9.4892346693921387E-005
   8.3968128145817721E-005
   1.0368557533402382E-004
   6.4730542198813786E-005
   7.1477163281283304E-005
   9.5846422761034815E-005
   6.9818371731804519E-005
   6.7189976218781685E-005
   9.5324950475356390E-005
   8.5961080152704500E-005
   5.9097846888323704E-005
   1.0256120664087525E-004
   7.9037032276792752E-005
   7.6314485541505576E-005
   8.8908101330397411E-005
   1.4105691540369387E-004
   6.6943357451189293E-005
   9.6943972428349443E-005
   1.0920046392280982E-004
   9.0895067226599711E-005
   8.2861012519088012E-005
   6.7020364254468363E-005
   7.3338326384209815E-005
   8.2559985288307181E-005
   8.7950600927405841E-005
   8.5150615660330370E-005
   7.3536911019613069E-005
   1.2090654124744760E-004
   6.5351990059280400E-005
   9.4353964399125943E-005
   1.0358172453210690E-004
   5.2623567038674832E-005
   8.1872050645280360E-005
   8.2138710407133651E-005
   9.0170240095594447E-005
   6.7306487939067700E-005
   7.2112533265861119E-005
   6.3097181405838507E-005
   1.1572509395350819E-004
   1.5790430906059024E-004
   1.0710447612536464E-004
   6.2602020702001780E-005
   7.0666178675986825E-005
   7.9900966376148663E-005
   8.7774583819794961E-005
   6.6873539472432961E-005
   6.1726809702732473E-005
   9.3296718154272753E-005
   6.2409683552663086E-005
   7.7630352295150667E-005
   1.5571767120113996E-004
   1.4138501553327183E-004
   7.0453697154945858E-005
   6.5762687759559032E-005
   8.0597785988385380E-005
   7.9680480168786157E-005
   6.5236695249931421E-005
   8.8668719468642417E-005
   1.0065383300108169E-004
   9.8195655857334172E-005
   8.2505768936050043E-005
   1.0552332456529654E-004
   7.7915035413807278E-005
   8.0438813392544092E-005
   7.4039550929378561E-005
   8.8957961519100351E-005
   9.2725647007884461E-005
   1.0043530186542465E-004
   8.1702245087516835E-005
   1.5131765674083230E-004
   1.4401589966732981E-004
   1.0559655421302914E-004
   9.4751388705481690E-005
   7.4792971470277579E-005
   9.2882294616963363E-005
   8.7642024066179603E-005
   1.0405654123960681E-004
   7.3388777156092324E-005
   6.5918740393426162E-005
   7.2725339363726674E-005
   9.3222974060437977E-005
   1.0931295702906892E-004
   9.5920391841468374E-005
   7.2077564472474725E-005
   8.9027668940046042E-005
   7.0782955919510812E-005
   8.7627642182429798E-005
   6.1396423557299646E-005
   8.4938745445285841E-005
   1.1223312827689214E-004
   8.7571903741163061E-005
   1.0672038118083773E-004
   1.2226404002007137E-004
   6.7461552516773297E-005
   5.2610062489854158E-005
   8.5884439471978102E-005
   5.4116428585665663E-005
   9.0260590005810856E-005
   7.3545962873987616E-005
   8.2655786530194165E-005
   8.2838740712402217E-005
   1.0649553372875046E-004
   1.3872728495537156E-004
   5.8307291150400199E-005
   4.9664641248404783E-005
   6.6981118861847503E-005
   9.1029664087225720E-005
   1.0513770151799497E-004
   9.0293608086938372E-005
   1.0616180910429503E-004
   8.3498519913524673E-005
   7.0137721177395589E-005
   9.2570206617948069E-005
   1.1021583757904818E-004
   8.0369930146904732E-005
   8.2699893491766890E-005
   8.9844946937985682E-005
   8.3889732062935237E-005
   1.0020903237268812E-004
   8.8910699657550457E-005
   1.0155937741851183E-004
   7.3364209364035478E-005
   1.2624343255167943E-004
   6.9568177581265036E-005
   8.5729817522965440E-005
   8.3267881248741326E-005
   7.5100050794854890E-005
   6.5896853067782748E-005
   6.2104550844887770E-005
   8.1523531785092468E-005
   6.6404980435981367E-005
   7.1860584467864588E-005
   6.3637145056175582E-005
   1.0398482580573559E-004
   1.1501434630184378E-004
   9.1700504263495428E-005
   7.4588957396809521E-005
   1.1213071775151912E-004
   1.0964024099495855E-004
   1.1359330216389675E-004
   7.1749308571646269E-005
   9.9287280713523783E-005
   8.4493831373276475E-005
   9.2074561673983975E-005
   6.6379575557707067E-005
   1.1576225725451947E-004
   7.0194871740529425E-005
   6.2640607931114869E-005
   7.4045532080554448E-005
   7.8152363369741949E-005
   6.5075027961146266E-005
   6.3387637884803241E-005
   8.2621386571190796E-005
   8.3688323441706743E-005
   7.5445800995117693E-005
   6.3009749783271893E-005
   7.3715531671734397E-005
   8.7960021874310351E-005
   1.1138997338255692E-004
   7.2984908941069063E-005
   8.9096434740777979E-005
   7.9975331549944203E-005
   7.5527689300999794E-005
   7.2111205876881855E-005
   9.7708833629419055E-005
   8.9512140046729712E-005
   9.2912348975413678E-005
   7.0236228517345803E-005
   1.0130422059131555E-004
   9.7873331415833270E-005
   9.9268823992282676E-005
   8.0831929013837930E-005
   6.4315741193487144E-005
   8.9758988817295965E-005
   1.1104247329831242E-004
   1.0848095204807219E-004
   9.1045381187122685E-005
   9.0541489646676028E-005
   7.4945936283955512E-005
   1.0784585871282263E-004
   1.2600876481597836E-004
   1.3540065227170584E-004
   9.1755918598968516E-005
   8.4559144924650258E-005
   7.1861919667707354E-005
   1.0298099620057999E-004
   7.6163194030214607E-005
   1.3701398188195756E-004
   1.0782750153082471E-004
   5.8919109866062729E-005
   6.7910579994123941E-005
   7.5112939212539063E-005
   1.1873271828388632E-004
   1.4231295035196259E-004
   1.0895223815598754E-004
   8.8616056842501294E-005
   1.5349425017707299E-004
   1.1127503916159321E-004
   9.0128170087073849E-005
   9.2037841017658726E-005
   7.7470566951860502E-005
   6.5737240003884548E-005
   8.1518055716221392E-005
   7.0164953631858445E-005
   8.1373388186985372E-005
   9.4493596386055833E-005
   1.1322956454182285E-004
   7.1521428639030488E-005
   7.0652123526326944E-005
   1.5769733093962059E-004
   8.7933603711614947E-005
   1.7980523343995636E-004
   6.3953326949195584E-005
   9.9070011999229232E-005
   1.1237581447372671E-004
   1.0719754563273188E-004
   8.6275523650545773E-005
   6.3365353256908413E-005
   6.9195510657566164E-005
   5.3167044242689903E-005
   8.7548518024401664E-005
   9.6271375586032680E-005
   6.6290890148472799E-005
   9.7005073987940839E-005
   7.8520365544900380E-005
   1.1988785922833398E-004
   6.0503983466227916E-005
   9.5390524425529295E-005
   8.2568457949328469E-005
   8.7215717100742486E-005
   1.2108744636269774E-004
   9.4163870689677556E-005
   9.2866584051678563E-005
   7.9377750565451841E-005
   1.0200410623367539E-004
   1.1418097877532656E-004
   1.0103420407212703E-004
   6.1817223044471518E-005
   6.3714928734680964E-005
   8.8078562595087561E-005
   7.6164884125283616E-005
   1.1387604244526336E-004
   1.1825644667580655E-004
   6.6300040786816008E-005
   6.8267526323291633E-005
   1.1773098509240756E-004
   1.1477445860183843E-004
   6.3261045145415824E-005
   1.0422328720408745E-004
   7.7506066250649565E-005
   1.0000432023453878E-004
   7.4484155563443773E-005
   7.1691410877452818E-005
   7.4896495581545469E-005
   8.6301833168869941E-005
   6.9570813055913177E-005
   6.9144481867844631E-005
   8.5486338824283207E-005
   7.8275875688879704E-005
   1.0018501897655537E-004
   8.0686210689395949E-005
   7.1333008170250219E-005
   9.2572922721814707E-005
   1.2662578433073082E-004
   8.9499548617568534E-005
   6.3267373834984632E-005
   5.3703980826315827E-005
   8.4616967412926993E-005
   8.4140014399772977E-005
   9.0230237703013423E-005
   8.2788094369507347E-005
   8.1219765995659693E-005
   5.9567767301152616E-005
   6.2447641533626536E-005
   7.0576450911784321E-005
   9.8121811808968591E-005
   7.3394253483281141E-005
   1.6365237019415609E-004
   1.0072883406461485E-004
   9.8371901442244333E-005
   1.0267809448805569E-004
   1.0044243808227033E-004
   1.1414909197430909E-004
   8.4047111903397698E-005
   6.3752520661686409E-005
   7.7819776861670094E-005
   8.9895563794855168E-005
   7.0242656914747868E-005
   9.6087053568102404E-005
   1.0462428382760007E-004
   7.1734272945789615E-005
   8.1536672893841043E-005
   8.2121096842623095E-005
   1.0278862145851137E-004
   6.5191230277789004E-005
   1.1398098716533602E-004
   7.1604712863635445E-005
   1.0493217832106979E-004
   6.1674675088027708E-005
   7.6470704168842503E-005
   5.4334281227511431E-005
   7.2059782161747665E-005
   9.1470122447883311E-005
   7.6196011759103769E-005
   7.6948359807702657E-005
   6.8369719616685585E-005
   7.7741874929057616E-005
   9.4012108994487949E-005
   6.4060492246996033E-005
   1.4513149380427728E-004
   1.3006886660080108E-004
   7.5243156961135276E-005
   8.4792075919378447E-005
   7.5797939135003914E-005
   7.5076941703112947E-005
   7.9509445847273015E-005
   6.4671438413190765E-005
   7.7526367287174012E-005
   8.0541239750269591E-005
   1.0187817505668337E-004
   1.0984746307906609E-004
   1.1878068828118515E-004
   8.9179636224645824E-005
   6.9304205302166732E-005
   8.2336186651777400E-005
   7.3757705744997943E-005
   8.8789102891229831E-005
   7.4305606106658123E-005
   8.7395901934152567E-005
   9.8433192068349599E-005
   5.9877462883350644E-005
   1.0740345000954363E-004
   9.1328205183895228E-005
   7.2841692836434629E-005
   4.9589639901461276E-005
   1.4177010692489726E-004
   6.9110871315545113E-005
   5.7463196621845231E-005
   8.3942383241376639E-005
   6.4130818151460572E-005
   1.1501642866388615E-004
   8.5236985411718189E-005
   1.0141913545068527E-004
   1.6271106448188883E-004
   6.3289165391228135E-005
   8.8671068762424281E-005
   2.1428709472233877E-004
   1.1188340768374596E-004
   8.9136816766265117E-005
   9.6697998220891620E-005
   9.3063881889388230E-005
   7.4402401431876777E-005
   8.8778295686613347E-005
   1.0993882701366220E-004
   6.2047602272728947E-005
   7.4522164468374293E-005
   7.9518298381898162E-005
   1.0333130773441701E-004
   1.3525754698561125E-004
   8.5383251245770654E-005
   1.0544989002796096E-004
   8.0112799642203278E-005
   7.3910036247628545E-005
   7.4860269111200160E-005
   7.0578959588427504E-005
   7.3702065877105549E-005
   6.4554506248916911E-005
   1.4628336855447807E-004
   6.7974145105963673E-005
   1.0309297641323838E-004
   7.5372441240076821E-005
   7.1212890417891568E-005
   8.2582075052018585E-005
   7.2981253085752996E-005
   6.3690265802698924E-005
   1.1400726338112374E-004
   9.2372236853407034E-005
   9.4372154562732049E-005
   8.4432796164280724E-005
   9.6907074476887005E-005
   5.6559720580881759E-005
   6.9347151541582639E-005
   9.4340849911897691E-005
   1.0948971588871671E-004
   6.4357090351400970E-005
   7.2731698205264037E-005
   1.2306394310300056E-004
   8.1578839453145272E-005
   1.0547911470433422E-004
   1.0233580922741171E-004
   1.0057642921720311E-004
   8.8017118927798701E-005
   6.7452605900492597E-005
   1.3270443373574037E-004
   9.0636697673367880E-005
   1.2543360634695836E-004
   8.8640883960174459E-005
   7.2297622291128894E-005
   8.2673751689399594E-005
   5.7135399995149945E-005
   7.5396936547952249E-005
   6.0420614638899978E-005
   1.0222408774211677E-004
   8.0780646748902557E-005
   8.9214639093348233E-005
   7.5383164256849882E-005
   1.9006896818074407E-004
   8.6457641852813780E-005
   8.3795441689727836E-005
   1.0859721601168276E-004
   1.3332583665545388E-004
   6.8073257138076399E-005
   9.7179071511665851E-005
   9.1570442925377520E-005
   9.2572708748477395E-005
   7.4435316700565120E-005
   7.5634135436560975E-005
   7.2160034535371782E-005
   1.0697711127703726E-004
   7.2854579551537719E-005
   7.1759992008011043E-005
   7.2040431396975822E-005
   6.9094210139318530E-005
   6.1240463909712907E-005
   1.2066777642647560E-004
   1.0521631291783519E-004
   8.0540984479910446E-005
   9.2253098644420471E-005
   8.6298439728152375E-005
   8.2948114293566249E-005
   9.0099676557233013E-005
   1.3804316877244629E-004
   5.8633708875230670E-005
   9.0560724358339559E-005
   1.0342636442782102E-004
   7.8004200822923917E-005
   9.1231907371981595E-005
   9.2271813031418189E-005
   8.8477236936786895E-005
   8.4620472881977458E-005
   8.2004680817984165E-005
   9.3551165072340263E-005
   1.1142948087467961E-004
   8.0449804438187519E-005
   8.4815243682173988E-005
   9.8716342917356262E-005
   8.4441509322141686E-005
   7.5358182018635305E-005
   7.9265401599743472E-005
   6.8287070877756455E-005
   8.8500331494835294E-005
   8.7024817601058049E-005
   6.4237343584943701E-005
   1.0389042851646217E-004
   1.3323208476577296E-004
   6.8711772479688844E-005
   8.1218175875406097E-005
   1.0546756401817900E-004
   8.2698381532930412E-005
   1.1332810957508574E-004
   8.4707249179636249E-005
   1.0432219230445984E-004
   7.1582857221068834E-005
   9.3558350609906668E-005
   8.7003103975858082E-005
   7.4103510435380763E-005
   6.6599713954090635E-005
   6.4628145594291132E-005
   1.0001534053151809E-004
   6.2609727862528600E-005
   7.9814006387943511E-005
   7.6002279817348283E-005
   1.1378897464534233E-004
   1.0268120436310584E-004
   1.7532745292267636E-004
   7.1508110098086633E-005
   7.9289260488569333E-005
   9.4520741860300441E-005
   7.5267459466193360E-005
   1.3265338807892245E-004
   7.5907167492087559E-005
   6.7547857678736364E-005
   9.6750307060161945E-005
   1.6482652479470427E-004
   7.3160537837707080E-005
   7.8532382685121547E-005
   7.2033381813193603E-005
   8.7009369757447784E-005
   6.7867433021621956E-005
   7.5985122284624306E-005
   7.5559110490074514E-005
   1.0897234102594331E-004
   1.3677405853940912E-004
   8.7623571650637889E-005
   1.1467885331154973E-004
   7.1002516269645329E-005
   5.0684565122764466E-005
   1.2317488637500802E-004
   7.7137034681279052E-005
   7.2318604911778743E-005
   7.8717232620565279E-005
   1.0994393649328487E-004
   6.1419686907658225E-005
   8.2273167335992790E-005
   7.2310717007483663E-005
   5.5510112061874200E-005
   8.8143865538722793E-005
   9.0464764284083131E-005
   7.0600494256774582E-005
   6.1374026222855185E-005
   5.5109683672277804E-005
   1.0983883343376624E-004
   7.4712568798016444E-005
   7.0645030876608059E-005
   6.9872533537847323E-005
   8.3683378677632618E-005
   8.3696460898404260E-005
   6.1916271862862363E-005
   7.6055457370001453E-005
   1.0075446649412960E-004
   1.1093783359802479E-004
   9.6067406322847601E-005
   7.7120437685074971E-005
   5.3881233723735672E-005
   7.1714438901837032E-005
   1.1335087359973391E-004
   7.4400469649145548E-005
   9.4645832809778292E-005
   7.6705145950095629E-005
   6.4099600346369335E-005
   1.0851343756145531E-004
   8.8642486900129125E-005
   6.6574737969767831E-005
   1.0803957396838211E-004
   8.6878342327595081E-005
   9.2925477550163539E-005
   9.0984999153348133E-005
   7.7325726126757933E-005
   8.1453812062712668E-005
   7.6194035038048969E-005
   9.0117717058443484E-005
   1.2581671285625545E-004
   7.4604577424822142E-005
   1.0269916965038738E-004
   1.0952644220603623E-004
   1.6381679563074855E-004
   5.6834581356912078E-005
   8.6325605442651293E-005
   7.7371376744415316E-005
   5.0094234049451408E-005
   7.9443666457712454E-005
   1.5588279914433760E-004
   1.5379276618743249E-004
   1.9173350138497507E-004
   9.3256121788036473E-005
   6.9009337770313444E-005
   6.3840009968600095E-005
   7.7846317791911248E-005
   8.5501998610675427E-005
   1.1780030110101497E-004
   7.3087609940517933E-005
   8.7448990153113696E-005
   1.2763461141473948E-004
