   7.7468277998792468E-005
   8.9720895052155779E-005
   1.5011102936838270E-004
   8.4551329596186943E-005
   1.2552470472428231E-004
   7.8907499015871602E-005
   7.0243661638737123E-005
   9.6104077673622227E-005
   5.4929634025247528E-005
   7.4905780187222066E-005
   1.2217569751447310E-004
   1.3047327454507023E-004
   1.2214695338751293E-004
   1.1263983660107503E-004
   7.6040780164615741E-005
   7.5798632194826445E-005
   1.0432819305081212E-004
   9.8788217858095025E-005
   6.5967245294437527E-005
   8.4599537020921351E-005
   5.1796214636752284E-005
   1.2615701065143875E-004
   1.1826768343296784E-004
   7.6991257030966330E-005
   6.0153016600795362E-005
   7.9907201671259220E-005
   1.1202631709556014E-004
   9.6072201519002248E-005
   6.8075368544114634E-005
   8.7741837507802922E-005
   1.1620984989150094E-004
   1.1961431723717988E-004
   1.4892190565551390E-004
   1.2209837385003116E-004
   8.8084252448651521E-005
   5.5864001090145463E-005
   1.4599051238945433E-004
   6.7414180164097402E-005
   8.5665325650232760E-005
   1.3594618375820320E-004
   1.0601463053951319E-004
   6.9306346545997428E-005
   7.5649540318279505E-005
   5.1569330403415518E-005
   1.7803371786574999E-004
   8.1954427733166820E-005
   9.9064687090220140E-005
   1.0294740687702848E-004
   9.0401755417293081E-005
   8.6454992921540923E-005
   9.9295367992545972E-005
   8.8958404085371674E-005
   8.8773682973669154E-005
   8.6625832489114040E-005
   1.0227541936240077E-004
   8.1838501360161054E-005
   1.0346003239424774E-004
   9.2704317717411827E-005
   7.8022208013050530E-005
   1.0961949296275498E-004
   9.6074258971819563E-005
   7.1347221800770723E-005
   6.8225563935264390E-005
   6.0381660135307925E-005
   7.2963084756347163E-005
   8.9566660661782269E-005
   9.0773170410310259E-005
   1.1622309080273030E-004
   8.9425060444864370E-005
   1.1711065875851231E-004
   6.5340339857806727E-005
   7.0623350070185857E-005
   1.2000570373431912E-004
   8.4356538794501436E-005
   9.4362901022521014E-005
   9.4011540276160715E-005
   8.5024724186850411E-005
   5.7598875539071622E-005
   7.2454211095690672E-005
   9.6354181285349640E-005
   6.0653300329080293E-005
   1.3728753479051083E-004
   1.0176627211606905E-004
   1.5463546537853521E-004
   9.6756421179384968E-005
   6.5832248664978531E-005
   7.5772647892881576E-005
   7.8567591564045926E-005
   9.8950810830090779E-005
   1.1913179640561314E-004
   5.6021459620246767E-005
   8.5058060885166630E-005
   8.0831499371795514E-005
   9.1960039653306985E-005
   8.0954131905471989E-005
   6.3211134036635756E-005
   1.0775656396972517E-004
   1.1800121896386979E-004
   1.4613679548648888E-004
   5.7717928820459858E-005
   1.2165140083374204E-004
   1.1867570523530905E-004
   7.6365927497125738E-005
   7.1219617725871794E-005
   1.1100924832853431E-004
   9.7139138567687617E-005
   1.1886626102653166E-004
   1.0476127046755755E-004
   9.2212388878742526E-005
   9.1868074015481836E-005
   6.9272873539041622E-005
   6.2665376672331317E-005
   1.3719892765982444E-004
   6.0016262180178612E-005
   8.7670391276747824E-005
   1.1795010721368944E-004
   7.5707085074080822E-005
   1.1200388307160350E-004
   7.7379646768661027E-005
   1.0212480363931171E-004
   6.9030717719469612E-005
   1.1195923465237150E-004
   1.0377296572531545E-004
   9.3787927546875666E-005
   7.9801969351796996E-005
   1.1431128497114602E-004
   8.3883904421180305E-005
   9.6157539683391436E-005
   7.5279820970346008E-005
   7.4081619908509397E-005
   1.0852509747215278E-004
   7.3507919910608841E-005
   1.3146373053380582E-004
   5.8467577576559308E-005
   7.4340353530330617E-005
   8.9876637530642283E-005
   7.5836863457711523E-005
   4.9870742159849108E-005
   9.0342830697151864E-005
   6.9474253599741310E-005
   7.6524000753845690E-005
   8.1086517342254542E-005
   1.2346901602729946E-004
   9.0441048234956336E-005
   9.2496201380366948E-005
   1.0740351211402201E-004
   1.0665531587231413E-004
   7.7751906796042953E-005
   9.0124017655592205E-005
   1.2862891698689149E-004
   9.9084335417622824E-005
   8.5353459285338583E-005
   1.3427264591347438E-004
   6.9919842614862479E-005
   9.1743873831435791E-005
   1.0160019391331896E-004
   8.6162650770985500E-005
   7.2390875154817568E-005
   1.6691776312305925E-004
   7.8540552225587785E-005
   9.1002677979316033E-005
   1.4889083822963034E-004
   1.2549645902571510E-004
   7.0868074269229072E-005
   9.6693407571875315E-005
   1.6499462972454341E-004
   7.8106177369402694E-005
   7.2980353879699859E-005
   1.2852866198383156E-004
   1.3865047018104203E-004
   6.9934094363143450E-005
   6.8183702634506155E-005
   7.7699815142682414E-005
   8.2649010316512958E-005
   6.0566700779958750E-005
   9.9953813208059970E-005
   6.2028012526585709E-005
   9.3671784029683385E-005
   1.5950792678750997E-004
   7.6047333814945723E-005
   6.7293291459217662E-005
   9.0677072039171421E-005
   6.0973205548600073E-005
   1.2105170784841228E-004
   9.2119062198994087E-005
   8.6708663229926759E-005
   5.2914779903082445E-005
   1.0348529776405921E-004
   1.3482451935726585E-004
   6.7107286966491429E-005
   9.3039786210160372E-005
   7.1813918713529146E-005
   9.2503197134635268E-005
   1.1775177583640366E-004
   7.7506383045508858E-005
   9.1799736762164874E-005
   1.2788362443086554E-004
   7.9754116472983692E-005
   7.6128969513520085E-005
   1.0944367006777263E-004
   1.1522065841537448E-004
   7.5267569877808486E-005
   1.5071568171959947E-004
   1.1928551181673256E-004
   9.1061533171991205E-005
   1.8294384238095343E-004
   7.9489239607867439E-005
   7.8343082660295159E-005
   7.2709374074644590E-005
   1.1868461684288984E-004
   6.9982918656624033E-005
   9.9248383368312894E-005
   7.6241366977649295E-005
   9.8863575433704299E-005
   9.6367049132306778E-005
   8.0318762947632167E-005
   5.9985280872028573E-005
   6.5938569607498407E-005
   7.8209575007495553E-005
   9.8435388895715370E-005
   8.3444561109652187E-005
   1.0771713516704161E-004
   6.4828879598175949E-005
   9.1901734532741583E-005
   9.3362514557023500E-005
   1.2639531534182742E-004
   8.4368820457425146E-005
   1.0400458524938506E-004
   6.7285140064488250E-005
   9.4372595738575086E-005
   8.6791539587728316E-005
   7.4192512656099494E-005
   8.4573167281977609E-005
   1.3015702706807927E-004
   6.3585917243834023E-005
   9.4165322913491509E-005
   8.7199869878138383E-005
   1.5583471192376575E-004
   9.6057633537493278E-005
   4.7739243037443813E-005
   4.5197367994500785E-005
   1.0122502455219352E-004
   7.7212222390773744E-005
   1.1056545724883086E-004
   1.1340067126932919E-004
   1.1149698000067034E-004
   8.3374542399939719E-005
   7.4301884225405954E-005
   1.6660427819309133E-004
   7.3359364953128861E-005
   8.1072713810052623E-005
   5.6577516454267018E-005
   8.7380540174704873E-005
   1.0301595756601211E-004
   1.4037926719689511E-004
   7.6428578792162629E-005
   1.0065329799386231E-004
   5.2811826695659953E-005
   1.6177889692242336E-004
   8.9015640181995496E-005
   7.8586978758132941E-005
   6.8614575246136469E-005
   1.0236539838539192E-004
   9.3555729799869227E-005
   6.0524916799903923E-005
   8.5909156353644557E-005
   1.2501771843979095E-004
   1.6285709387821597E-004
   8.4013071076364328E-005
   8.1057427692038286E-005
   8.2620574327900849E-005
   8.9108263121521670E-005
   9.0704902902698955E-005
   6.5086607214454628E-005
   9.6589407112863013E-005
   7.0073605084886213E-005
   2.0328237355398380E-004
   6.2979891096914622E-005
   6.3128790833859454E-005
   7.4875406781165952E-005
   1.0298416830879431E-004
   6.8414182156773632E-005
   1.2445337747109719E-004
   9.5254891936257281E-005
   9.7821940789140531E-005
   5.4748605027904904E-005
   9.7824472703021315E-005
   7.6394362597918841E-005
   7.0738242191863379E-005
   1.5515648378948654E-004
   1.0412288266430626E-004
   1.0241891535279570E-004
   7.8143822262000852E-005
   9.1191113479116337E-005
   8.2208124400084549E-005
   6.5595512460899858E-005
   1.3183822488841123E-004
   7.8735734472829219E-005
   1.1033250649256245E-004
   9.8940434999836239E-005
   5.5220151004933550E-005
   1.4623451254153457E-004
   7.4071171047166681E-005
   1.0183998780656551E-004
   8.1302914116255877E-005
   7.2884765724050778E-005
   1.2915056113869936E-004
   7.4916718956659193E-005
   1.2589587693905441E-004
   1.3267309754499629E-004
   6.2716007413373776E-005
   7.3946588242419984E-005
   5.9743848992386186E-005
   7.5017101820169094E-005
   8.7220766645791306E-005
   1.5251305189286027E-004
   7.8282731808605556E-005
   8.0199950498789372E-005
   9.2836238110401002E-005
   8.5663119163235943E-005
   5.6527805764923245E-005
   8.4582902585552913E-005
   7.3177611142107333E-005
   1.3837246040816371E-004
   5.8353558873696550E-005
   8.5233397806000342E-005
   1.3687189818621331E-004
   1.2382572259929658E-004
   1.7038453169258727E-004
   1.1062348445258103E-004
   6.3537676033940523E-005
   1.2444562217734327E-004
   7.2012603755103544E-005
   1.2262212352671896E-004
   9.3343795472346729E-005
   8.1497827771152956E-005
   6.2102694513757305E-005
   8.4740110785337167E-005
   1.0071934822603755E-004
   5.3064901599431749E-005
   1.4932839181843339E-004
   1.0174766107148408E-004
   7.9839069440548207E-005
   1.0732587063407683E-004
   1.0313169714876635E-004
   1.4388152158563292E-004
   7.8209709287585055E-005
   1.3026463319930240E-004
   1.1289772856545641E-004
   1.1663229628402552E-004
   1.6178324151071036E-004
   1.1548933485800568E-004
   1.1079446750166892E-004
   7.5821012271791579E-005
   9.2748160158549319E-005
   1.1200147282830391E-004
   8.6715104951002423E-005
   1.2840390066554101E-004
   4.6169554013668218E-005
   7.6509709256784050E-005
   9.8784946833567843E-005
   1.0005856834570860E-004
   7.3810294869407211E-005
   8.6610416374520284E-005
   1.0218947207285840E-004
   6.7911604212024916E-005
   9.9197151166527381E-005
   7.7868862828343882E-005
   5.4220749822645020E-005
   1.4620778267642793E-004
   4.5936728126694519E-005
   1.0580431383351543E-004
   1.2498246208295674E-004
   7.8039576114025995E-005
   9.8198522536013208E-005
   5.7791250845003185E-005
   7.5368268341808722E-005
   1.1093411697749505E-004
   8.6554835366700549E-005
   9.2936135668696972E-005
   5.4381505614531342E-005
   9.2372974153730232E-005
   1.4140831364084456E-004
   6.9203643121077207E-005
   8.3869922079661018E-005
   1.3170969473880352E-004
   1.4030353010933408E-004
   7.5352192986666462E-005
   9.8000560464623222E-005
   8.1979641821858446E-005
   1.2455545003412348E-004
   1.2400563872600755E-004
   7.9487944673384947E-005
   1.2616600206308989E-004
   9.6375786403224574E-005
   7.1642452020090631E-005
   8.1453762323355260E-005
   1.0849113141655888E-004
   9.5334678682355790E-005
   5.9942048587314778E-005
   9.3628077216930162E-005
   6.2277322314490676E-005
   1.0000575388315393E-004
   7.8725576794311643E-005
   6.4680489505720054E-005
   7.9468734991029172E-005
   8.6087709355598841E-005
   6.3172211828324979E-005
   5.8643878054268001E-005
   5.8637894555545410E-005
   1.0113469429112584E-004
   9.3269635998594438E-005
   9.3780760815229298E-005
   1.0834658282415678E-004
   1.1895174069667070E-004
   8.2263556972675536E-005
   1.0056928545254905E-004
   8.8256816913435298E-005
   8.0617859823459099E-005
   9.9980203560726951E-005
   8.7887610267778051E-005
   9.1467929605003011E-005
   8.6562732473903812E-005
   1.4454325251940137E-004
   7.4119098937490524E-005
   1.5489656835122095E-004
   1.1664770037147227E-004
   1.4252395356347078E-004
   8.3666102812260341E-005
   7.4653951423806199E-005
   8.8011225936164263E-005
   8.6593357717430427E-005
   6.6508612801516041E-005
   1.2986186727246781E-004
   7.3259583849583695E-005
   9.2149325259886409E-005
   6.5984807462347674E-005
   6.6077783805402335E-005
   7.4192128214181782E-005
   1.0642496100786015E-004
   1.2092752566719612E-004
   7.6375957262059577E-005
   7.9285991395335587E-005
   1.1982793257825184E-004
   7.8067585592502789E-005
   9.2253930147674594E-005
   8.3480291709097870E-005
   7.5358357682795131E-005
   6.5520646442119245E-005
   9.4036012033087734E-005
   1.2751364095387225E-004
   8.8998327848878556E-005
   6.3717732158863756E-005
   7.4871438840758066E-005
   6.8457289184009393E-005
   6.9408649866031943E-005
   6.9134149152552646E-005
   7.1683852250755100E-005
   1.0913562422871313E-004
   1.7203981443507783E-004
   7.0579490499398886E-005
   6.1093745285298556E-005
   5.3897045814327073E-005
   5.6635187502852717E-005
   1.2345171404087841E-004
   6.8224500372726654E-005
   8.7544964542634267E-005
   1.8143147386988099E-004
   7.4626534205834191E-005
   9.9118251195513265E-005
   7.4189470294171544E-005
   7.2884877783587748E-005
   1.0572911425139622E-004
   1.2214778094996775E-004
   5.3527950049154694E-005
   1.0747842501614720E-004
   1.1216575248152010E-004
   1.2816792200117606E-004
   7.0437541535002445E-005
   1.0781018998080692E-004
   7.1792694697438673E-005
   9.7582861221040624E-005
   1.2802142031529692E-004
   9.5060508057560962E-005
   1.1809312970362750E-004
   8.5215377384284226E-005
   9.4937216211382581E-005
   1.1671483790289512E-004
   7.7234344574739116E-005
   7.3067449755006374E-005
   7.8171628149043706E-005
   1.1904897081826079E-004
   7.4385709807659332E-005
   1.1116461201301989E-004
   1.0095548547271721E-004
   6.0596428147844883E-005
   6.6938242262075542E-005
   6.0317909690031967E-005
   9.9244029791755313E-005
   7.1203057224945068E-005
   5.7363875611773910E-005
   8.7650854941522026E-005
   7.5602496602245585E-005
   9.9805214901202394E-005
   8.5053638208576929E-005
   7.6468513504665371E-005
   9.4420613524308093E-005
   1.1441716168790892E-004
   9.2346529785587185E-005
   7.2451105064539386E-005
   7.4183045260153580E-005
   1.1936608325259629E-004
   7.5737645232900282E-005
   7.0965484266385275E-005
   1.1639715915439530E-004
   1.0529634434845619E-004
   1.3717216679520365E-004
   5.0935776945299037E-005
   1.2221959759855239E-004
   8.6693105398914292E-005
   9.3278912735209242E-005
   1.7685835119819840E-004
   1.0239211552430683E-004
   9.2522924057493168E-005
   8.2023726685234242E-005
   9.6558083276996823E-005
   6.3883339877001609E-005
   1.1445968899586407E-004
   1.0288236359575963E-004
   6.8084266734184321E-005
   1.2681500608566123E-004
   6.8056328563544577E-005
   8.9108979996763916E-005
   6.6768088966296876E-005
   4.0137383727811393E-005
   7.5208534115048863E-005
   1.3436467112833955E-004
   9.5398035875162498E-005
   9.0149452483457340E-005
   1.1097700696531246E-004
   1.6081842373893578E-004
   7.0068696229033160E-005
   1.3495642641320023E-004
   8.5454676099502337E-005
   7.2169931324972227E-005
   8.8306757349836048E-005
   5.0951173214529865E-005
   8.3118632408108898E-005
   7.0727706343707308E-005
   8.3611875273666448E-005
   1.0714491443686574E-004
   9.3493181099510680E-005
   8.0855271191327042E-005
   1.2446985316648713E-004
   8.2482615818920164E-005
   5.6908129401048278E-005
   7.4299636243075384E-005
   1.5712082256019578E-004
   1.4904445557033133E-004
   1.3660864994074850E-004
   1.3093977967996211E-004
   1.5829907432104859E-004
   9.8871928216743074E-005
   6.8314271281640472E-005
   1.5473764202582758E-004
   7.1299784855046713E-005
   9.4535412407757347E-005
   1.1595622135513425E-004
   4.9836152739879252E-005
   8.0736917124524078E-005
   7.4241123972123050E-005
   1.2576320820833741E-004
   1.0898890635122742E-004
   7.0338622689863244E-005
   7.9990692205448707E-005
   8.5425682549006304E-005
   7.3179484672173067E-005
   7.1716915363670525E-005
   1.4329891296901997E-004
   1.5540095894021129E-004
   1.0241693856976504E-004
   1.0675097651270992E-004
   1.4684594008753488E-004
   7.8147356795243045E-005
   1.2185662149746849E-004
   9.8518362923763410E-005
   8.7379501573433196E-005
   7.3444775197033108E-005
   9.9671775755596589E-005
   9.0642972852864799E-005
   1.0059963205832667E-004
   8.9690957587958652E-005
   1.1353657750186871E-004
   7.7850706648151542E-005
   6.5430064641678270E-005
   7.3265357902093661E-005
   1.0560702061346517E-004
   1.6156883256095462E-004
   9.2363279878176946E-005
   9.4964190849947995E-005
   7.1725993893477402E-005
   8.4302949902805929E-005
   1.3166191969572337E-004
   1.0329085305044980E-004
   1.1158249520433120E-004
   7.8542789047217749E-005
   6.4100683850575884E-005
   1.1302809951638278E-004
   1.3716739862937937E-004
   7.8279269918271545E-005
   9.6700242771774613E-005
   8.8209741989132349E-005
   9.2350225000537064E-005
   6.4605658563879098E-005
   9.1634188398026614E-005
   7.7279981459208030E-005
   1.2129594777789201E-004
   1.0073237355570409E-004
   7.6139187667809892E-005
   7.2217000327883923E-005
   1.0760538226400334E-004
   1.0299624507753337E-004
   7.4879308370715274E-005
   1.0001490588416953E-004
   9.2018847474276816E-005
   9.0758876879977118E-005
   1.0256563775335524E-004
   1.2290347600148768E-004
   1.5631387570997981E-004
   1.1988961915366844E-004
   8.4267021886262887E-005
   7.6516422580796673E-005
   7.8211194567187544E-005
   7.3975965815652452E-005
   9.7183901891050470E-005
   1.1023499384719393E-004
   6.8357031311595484E-005
   1.3736146650941559E-004
   1.0607646873063301E-004
   1.1237395741127839E-004
   7.2768683359806301E-005
   1.0904414760325776E-004
   9.9913255406516483E-005
   1.1781638042757028E-004
   7.7366484846789254E-005
   7.7285613992831109E-005
   8.9559851826745792E-005
   5.2342009022495277E-005
   1.2803340584447196E-004
   6.1155473565231618E-005
   7.6222139093906020E-005
   9.3681209345951462E-005
   6.8093456162651611E-005
   1.9753216049591091E-004
   1.3963562247648286E-004
   1.1269798766984816E-004
   7.1435856424702433E-005
   1.3282831521304521E-004
   7.5054038711518329E-005
   1.0986184402897919E-004
   1.4608220974501561E-004
   5.3928446748826744E-005
   1.1196933815609712E-004
   8.9823142300731457E-005
   1.1391577654168144E-004
   9.4574491469333037E-005
   1.4200919054606855E-004
   6.7569116450235281E-005
   1.1168810863774803E-004
   9.8078285785339612E-005
   8.1121134499241400E-005
   6.7984396450529975E-005
   7.0059929301294352E-005
   7.6552817330769764E-005
   7.1611969802858234E-005
   1.2825051009855834E-004
   1.0691022988387060E-004
   4.6793305169360292E-005
   7.1056091503487830E-005
   6.9240472050197157E-005
   1.0168404241877907E-004
   8.9830018561919456E-005
   8.7909182761076267E-005
   9.0172059010978467E-005
   8.0211687400332708E-005
   6.4013230027660628E-005
   1.2424065507648759E-004
   5.8303738396951772E-005
   1.1949860522627241E-004
   7.9050742775322406E-005
   9.7684673804766887E-005
   9.0749322355553242E-005
   5.4191081146724733E-005
   5.9080809235090962E-005
   7.9764627522838479E-005
   8.8245778055366208E-005
   8.5180454493351477E-005
   7.2767575780022256E-005
   1.1990944134920570E-004
   1.3257184819178826E-004
   1.1223079368922792E-004
   9.9601986667312384E-005
   7.1913498076275401E-005
   6.4394885831929043E-005
   7.4973221144863410E-005
   1.1342132482289040E-004
   1.3046548902118674E-004
   1.5057748780198410E-004
   1.0068427338422509E-004
   7.0686445790181252E-005
   1.6509561864538888E-004
   7.9581244425941383E-005
   8.9208655780392056E-005
   6.2220942962506727E-005
   9.0219763538539508E-005
   8.6786113413039965E-005
   6.7389429981310311E-005
   7.7301451696947340E-005
   1.0163690636618335E-004
   1.0478954021220066E-004
   1.1526865366037009E-004
   5.1883820967718243E-005
   9.1490252228317191E-005
   8.1306637723207396E-005
   1.1677950748344496E-004
   9.2190678532353307E-005
   6.3768199877573643E-005
   6.1759537311692971E-005
   5.1782787847568936E-005
   1.0772347341610024E-004
   6.9085347946576587E-005
   1.1141007490074289E-004
   9.4532057567202276E-005
   8.8490897010142381E-005
   6.3401094379489939E-005
   7.4013938100889556E-005
   1.0681838291903896E-004
   8.4080298928042429E-005
   8.5567480481670878E-005
   1.1738756377082716E-004
   1.0915284915543949E-004
   9.1257583852825743E-005
   6.3458345108561318E-005
   9.4831526754101493E-005
   4.2101313549257476E-005
   1.0952129811203752E-004
   1.0221373832665354E-004
   7.0173720351334918E-005
   6.8432179081553743E-005
   1.1201038190579217E-004
   1.4852572453754641E-004
   9.4734252204353584E-005
   6.4657820750565792E-005
   7.3818200527843032E-005
   9.1822372240044997E-005
   7.9954858877879151E-005
   5.9465419853024032E-005
   1.1553847511762710E-004
   8.5622274733779835E-005
   1.2887007207597494E-004
   9.6685532822746617E-005
   9.9091923660723838E-005
   8.6116420383136816E-005
   6.4123726768056702E-005
   6.0054387951829358E-005
   1.3206760572192193E-004
   9.7904529019254743E-005
   6.2297385984379539E-005
   1.2868171416276230E-004
   5.0729763963927223E-005
   8.7408152702352960E-005
   8.3460102585778702E-005
   1.1017991426274440E-004
   9.7485958502508245E-005
   6.0408905015116947E-005
   9.5518044347331609E-005
   6.0341767941271538E-005
   9.3658015055205865E-005
   8.0443603239438764E-005
   1.0694904431972115E-004
   9.9104189196824513E-005
   8.9039838076653959E-005
   1.1051709387624345E-004
   9.1283979439057216E-005
   9.4369204381231398E-005
   7.2843097982701129E-005
   8.5011637691719704E-005
   7.0833200165298227E-005
   5.4861417980940558E-005
   1.1630996616492941E-004
   1.1430674663713883E-004
   6.7976872852113911E-005
   7.8512817710375225E-005
   7.4489310563151460E-005
   1.0072339062669790E-004
   9.4842482840989953E-005
   6.1481752978663311E-005
   1.0507376316256358E-004
   7.9297742156897647E-005
   1.0207904425213846E-004
   7.8726779935550637E-005
   1.1732713677908199E-004
   7.0756492826368661E-005
   8.2200912415606196E-005
   6.7088176181438042E-005
   6.7046823920365265E-005
   1.5547021164217186E-004
   1.1410643623647534E-004
   7.2079625329738930E-005
   1.4812380150138537E-004
   1.3393554786667437E-004
   8.5953055905794475E-005
   7.5666824489126837E-005
   8.4316419772031260E-005
   1.0100221433009181E-004
   1.0632966635831854E-004
   5.7752423904629801E-005
   1.3987277919981649E-004
   1.1513103614261199E-004
   1.0367688210677818E-004
   9.4142955111595615E-005
   6.5210319367362926E-005
   7.5496475981450946E-005
   7.9990573207695676E-005
   7.4281520483521384E-005
   6.5665937032553820E-005
   8.7162219788196489E-005
   1.3349102423218623E-004
   8.0741232567092231E-005
   4.8511432525948688E-005
   1.5249863900479292E-004
   1.1183116543966747E-004
   7.9758513191410948E-005
   9.2710853830531734E-005
   6.6996251902874584E-005
   7.7541002196989398E-005
   1.2907193032956314E-004
   6.0222033550703028E-005
   6.1248322397854487E-005
   9.4695217594860262E-005
   9.0149841647869990E-005
   8.9687564499760586E-005
   6.6148708594809488E-005
   9.1154270947141000E-005
   9.9789962854425005E-005
   1.4629289058130709E-004
   8.5153710610328992E-005
   6.9810590008685840E-005
   1.2524336703670027E-004
   7.6035212167579146E-005
   6.8315028743359932E-005
   8.2276835609483703E-005
   6.8372626165888253E-005
   8.3942809587353486E-005
   1.0258662414280382E-004
   1.1289482941486020E-004
   8.5730840505845351E-005
   6.5445285723483929E-005
   9.2007704074300057E-005
   1.4520986149831172E-004
   6.3608729265487873E-005
   7.1850377412971330E-005
   1.1693575746726949E-004
   8.7743093233780901E-005
   1.4997607743495053E-004
   7.5029090535990952E-005
   9.1942261377485988E-005
   5.4508876267089482E-005
   9.5130065076141394E-005
   1.2264612425225859E-004
   7.6137004262829855E-005
   5.2252456106384832E-005
   6.8119324855509981E-005
   1.2430740143667003E-004
   1.1806414743409752E-004
   8.8838924042735780E-005
   8.9474926888531643E-005
   6.8747709956915520E-005
   6.5116329436286591E-005
   1.0112055504157122E-004
   1.2154459665758852E-004
   8.8652925996320086E-005
   9.6818624800637802E-005
   9.3991263118210801E-005
   1.1481848542912382E-004
   8.7898347495375930E-005
   7.8974947635155194E-005
   7.1914130750016787E-005
   7.2537730112565865E-005
   1.8123357748852907E-004
   9.0669365661498214E-005
   1.0638686248390803E-004
   8.4625902442458418E-005
   1.7627800270788579E-004
   7.3146947689579353E-005
   8.9140643850188568E-005
   1.0085357758152397E-004
   1.2877989274088529E-004
   1.3868948479716959E-004
   1.4078506639067891E-004
   1.0439302838725544E-004
   9.8122861047626178E-005
   1.1448099980916703E-004
   8.9702660302326992E-005
   9.3009637516934903E-005
   8.1671626539991693E-005
   8.7443319375660558E-005
   1.5725172058591504E-004
   6.6948621062374499E-005
   6.9956233130974465E-005
   7.4666239119130075E-005
   9.5247664945206960E-005
   9.1655174559069052E-005
   8.4811837994148694E-005
   1.1209356341930989E-004
   7.8457288358115554E-005
   1.0900104456215716E-004
   5.9527384639186591E-005
   7.1639287394976994E-005
   1.0445194570192539E-004
   1.1250818833798971E-004
   1.0197433014032030E-004
   1.3116259819114141E-004
   1.2995838891897472E-004
   6.2723805178802148E-005
   9.5743194662948597E-005
   8.2530113332744459E-005
   7.2595932413194078E-005
   9.0586545186487917E-005
   8.6072098545086315E-005
   7.8244208989825450E-005
   1.2096369871867201E-004
   1.0630921130913068E-004
   7.2399805734163779E-005
   4.4567354045696110E-005
   9.0296907014863326E-005
   9.8786859591775620E-005
   8.8736959023921771E-005
   7.4418321414862869E-005
   7.1490420319369650E-005
   1.2343990904721967E-004
   9.1969037435973822E-005
   1.0387134075902599E-004
   1.8439598842531787E-004
   7.6155249970347690E-005
   8.1395109726074231E-005
   7.7915070616856087E-005
   1.0383931535914045E-004
   1.0026598392633227E-004
   1.3950460135981425E-004
   7.6717857707829013E-005
   5.1357873766303055E-005
   8.6943712428528563E-005
   7.0815802229573860E-005
   9.1089562567055787E-005
   9.9207488640943017E-005
   8.3545596049235658E-005
   7.3589178064538500E-005
   6.1332327334445209E-005
   7.7363364919596153E-005
   1.8167202879641200E-004
   1.3539074103085239E-004
   8.1955952400988380E-005
   6.7722626788398446E-005
   6.6251754935180043E-005
   1.0879805280052651E-004
   7.4624675956530315E-005
   9.0322298180738923E-005
   9.8555456891742817E-005
   7.1508230361737722E-005
   7.4051559362081271E-005
   1.1581617520453331E-004
   8.5041133450832702E-005
   5.1275598935724204E-005
   7.9585040452535965E-005
   8.3199340938749428E-005
   7.8149066890906036E-005
   7.9548409471734221E-005
   8.7097500650208610E-005
   1.4083607920357076E-004
   1.0340378929830762E-004
   9.3330477590172938E-005
   1.1934970399304275E-004
   1.0229621138316707E-004
   7.4675452367588713E-005
   6.8910593826375377E-005
   8.7835501050166271E-005
   7.6406738167907414E-005
   8.0427877754689564E-005
   1.1160075985680981E-004
   7.5968016786327470E-005
   1.8953098856290776E-004
   8.5105246244091516E-005
   9.9242019868136836E-005
   1.4771939614375876E-004
   1.0594023431009892E-004
   9.6394538985870705E-005
   1.3548524824346162E-004
   6.8645635503893044E-005
   7.6897743800528458E-005
   9.6181062625243159E-005
   9.8355143810229339E-005
   8.1893646713181661E-005
   1.1235701126325657E-004
   8.2879840935726020E-005
   1.1785471691582522E-004
   8.2111861866435615E-005
   1.3105950683748265E-004
   1.6250271467981844E-004
   1.2201567380291997E-004
   7.6396015987839692E-005
   9.1730866400335377E-005
   6.7070814625442454E-005
   9.1280988099197834E-005
   1.4509969881623119E-004
   1.4034478126226949E-004
   7.5317097701354884E-005
   7.6472782880786615E-005
   7.4201513392588021E-005
   8.8716726734704501E-005
   7.7782676670345863E-005
   7.0749380696457387E-005
   8.8375533127014100E-005
   9.3463446945333265E-005
   6.5072154075854915E-005
   9.1260746356023158E-005
   1.2146509356396840E-004
   7.7953965488734213E-005
   7.2859165542412001E-005
   1.0263058057224074E-004
   1.2346536985688292E-004
   5.4583539715684060E-005
   7.4342770406569242E-005
   6.9062044798307042E-005
   8.7067704571674046E-005
   1.0345537287530570E-004
   7.7951537786679161E-005
   1.0272386919413499E-004
   8.1214991645623606E-005
   6.3426300399190791E-005
   9.4876089222988431E-005
   7.5922887516049662E-005
   1.3241801928954187E-004
   1.0015114735643552E-004
   9.3319779808051105E-005
   8.9207449028384084E-005
   8.4628965810437759E-005
   1.0877599136773113E-004
   7.5434590980572337E-005
   1.1271222978039071E-004
   5.8539065325735350E-005
   7.8098239412980729E-005
   5.9839790380121921E-005
   8.6151402084157049E-005
   7.0860086923956310E-005
   9.9806685815379353E-005
   1.2417542774792600E-004
   1.5004418325954583E-004
   9.3626890357300109E-005
   6.4449745590116250E-005
   9.8779511768835843E-005
   1.2443747076821627E-004
   9.3589016454315993E-005
   7.5200773675166370E-005
   1.0057657967639255E-004
   1.0962832693886434E-004
   1.0873394459712595E-004
   8.4834087544415884E-005
   7.2356723929550756E-005
   6.1512662630299064E-005
   7.4167429758702458E-005
   6.1249336478753805E-005
   6.6774344067000593E-005
   5.5993187276846460E-005
   8.9347688357465250E-005
   9.9180630917242938E-005
   1.2479385049756175E-004
   8.7546177774028440E-005
   8.3427225916089885E-005
   1.7929274564655915E-004
   5.8199443022250100E-005
   4.8773953522639057E-005
   8.9460424000100479E-005
   1.0946385022531199E-004
   9.4608399056548656E-005
   6.8115334121177727E-005
   8.3002297386283502E-005
   1.0785661520172442E-004
   7.0610584234645908E-005
   7.0332244367664372E-005
   1.5877664487163950E-004
   6.5792246017022614E-005
   6.9184702615002102E-005
   7.5581435484411031E-005
   1.0349878898922271E-004
   8.7877471360626040E-005
   1.1208332701062628E-004
   7.8552633808590575E-005
   1.3768110207946290E-004
   6.4915628570939233E-005
   1.5796567826350131E-004
   8.6996640104412297E-005
   7.2668614737682717E-005
   1.5332610096588237E-004
   9.3832452417998917E-005
   6.9793958853962064E-005
   1.6294820359633947E-004
   8.3279765960730552E-005
   8.2544064720944154E-005
   7.8106332352731179E-005
   6.5940053999107563E-005
   6.9971573646728357E-005
   1.1186062469385402E-004
   9.7510250470948242E-005
   9.7430492818007019E-005
   8.9535051267134231E-005
   1.0068860954215313E-004
   6.9880133153958252E-005
   7.3856185330654258E-005
   9.1802284531679020E-005
   9.4640195326024481E-005
   7.5104428593149596E-005
   1.3559103422857406E-004
   6.5807809573745270E-005
   5.3501429103579175E-005
   7.6263454918195600E-005
   8.2731954591835867E-005
   9.9761452998619785E-005
   9.5804899018691529E-005
   9.9036666052469138E-005
   7.3348278738227964E-005
   1.1264713990995875E-004
   7.7111127818174787E-005
   1.3995288735705987E-004
   8.9451289312681025E-005
   8.1020587199736243E-005
   5.9806459123989122E-005
   7.2625144191640131E-005
   7.8680173277188563E-005
   8.7569266520215634E-005
   7.5098770312964787E-005
   7.7671579859573181E-005
   8.3157888480910836E-005
   1.0833887992076818E-004
   7.1484717953130942E-005
   8.3938450885360469E-005
   1.4007030890509807E-004
   7.3787596970334714E-005
   6.9669855405728957E-005
   1.0115506475394509E-004
   9.3537612236082993E-005
   7.0256293404163527E-005
   1.0796488494351533E-004
   1.8513027112511876E-004
   8.2736788342369644E-005
   1.5210423872229025E-004
   9.3070836884240132E-005
   6.0223372154766038E-005
   6.1730582420532328E-005
   7.0649076624454537E-005
   1.2983579831975253E-004
   1.1293886305682011E-004
   8.3038143115468004E-005
   9.8851359749753539E-005
   1.3447150733130394E-004
   6.7843148224958763E-005
   7.9755642103283519E-005
   9.6964164431949477E-005
   9.1302020924259505E-005
   6.4800798361700876E-005
   1.1006510849332989E-004
   1.4741451421376831E-004
   1.0248094565815456E-004
   9.3906764811601249E-005
   8.0858016470524926E-005
   6.1944960619478875E-005
   7.1385799168199412E-005
   8.3612326251275587E-005
   1.0838645134470300E-004
   1.1829499229604961E-004
   7.2731795123283735E-005
   9.3432302027271326E-005
   8.7531364818933024E-005
   8.3149017930787876E-005
   7.2916125291735934E-005
   1.2993636826751158E-004
   1.0866069948364171E-004
   5.9002599685408457E-005
   8.5853725239493547E-005
   1.2260905754345354E-004
   1.1417200199344014E-004
   8.7582075478147186E-005
   1.0341381111364182E-004
   1.0292926991684723E-004
   1.2642976633527248E-004
   2.0056455529851417E-004
   7.6356417244796980E-005
   9.1679365528391193E-005
   9.9944263430784148E-005
   6.3928238326213407E-005
   9.0121070271351685E-005
   1.0622319396503631E-004
   9.9298922616861338E-005
   8.5716573724862503E-005
   7.6243427376136713E-005
   7.7807809574692327E-005
   6.8505859824106319E-005
   1.2712680585012120E-004
   1.0554452776689414E-004
   1.0230232553134015E-004
   6.8562702596392970E-005
   7.5682618255215088E-005
   9.8867146844414423E-005
   2.1584933242186851E-004
   1.1902166295646959E-004
   7.5048449650271854E-005
   8.4114161199105918E-005
   8.2621868742391264E-005
   9.2534557993072936E-005
   8.2227207873961883E-005
   5.4559621074266327E-005
   9.2108589266959290E-005
   8.0115727233663400E-005
   9.1146977088697682E-005
   8.9529320542945732E-005
   9.2261891824531084E-005
   6.2371946283519360E-005
   8.3123071806816214E-005
   5.7055574883314288E-005
   1.0622327997950983E-004
   7.7614258849533678E-005
   1.1904691182438856E-004
   1.2552406531240754E-004
   1.4574025920886617E-004
   1.3994818073483214E-004
   7.6069314272604773E-005
   1.1029387185190864E-004
   1.0439259307459602E-004
   7.5597218951447035E-005
   5.8109927736875355E-005
   6.2577245795657571E-005
   1.3335752628959948E-004
   1.2151425274748413E-004
   7.1872754225735868E-005
   7.5071655894275077E-005
   1.1392850156408712E-004
   5.3122328742150835E-005
   9.0186585237544617E-005
   6.7241338041502792E-005
   6.4128259899195122E-005
   7.8026085298859340E-005
   5.7293558853289229E-005
   1.0807058947203884E-004
   1.0322876117243430E-004
   8.4293154448424591E-005
   7.0852317854930221E-005
   1.3717718600380136E-004
   1.1813836501289533E-004
   7.4199490412917780E-005
   7.3222898966234648E-005
   1.0474943191934768E-004
   7.0703799261710083E-005
   8.9955044428467472E-005
   8.4172020055552359E-005
   1.1066150067446957E-004
   8.9841375680637094E-005
   7.5287399646454967E-005
   5.8126836990002953E-005
   8.3031471420379145E-005
   1.1989941074564245E-004
   1.2033638127684756E-004
   6.5538095911614068E-005
   1.0581738886749876E-004
   9.3014453721202130E-005
   7.0638518612438039E-005
   1.1135914049582892E-004
   7.7797461841570996E-005
   5.5816788225597011E-005
   8.5901359317027551E-005
   5.3573086643814346E-005
   8.8113653297018738E-005
   5.6857457123983951E-005
   9.3153861328036232E-005
   1.2231820498135622E-004
   1.0578940778887344E-004
   1.0669427810586137E-004
   1.2000863379560981E-004
   9.7687656905752669E-005
   6.1297999804634434E-005
   4.9771790700891110E-005
   9.2630792076087281E-005
   6.3372242330629470E-005
   1.2457114505434470E-004
   5.8939552106519146E-005
   1.1653764279274008E-004
   1.2128278225143970E-004
   9.9098620913727978E-005
   7.4337403112396521E-005
   7.6518034018090606E-005
   9.3958855448329182E-005
   1.3952292800012542E-004
   8.6627315508163347E-005
   9.5795395734907612E-005
   5.8192320571867542E-005
   6.2254709284964723E-005
   6.4409185368545030E-005
   8.4404150327319996E-005
   1.0267920543611672E-004
   5.1585646669185717E-005
   1.1108205159214651E-004
   7.7034561709122827E-005
   1.0265870827205085E-004
   1.1866369347880452E-004
   5.9415582590546036E-005
   8.4975069056762227E-005
   1.2660251676481715E-004
   1.0122477174044113E-004
   1.4329621734615380E-004
   1.0464453609443075E-004
   5.8982678764874797E-005
   9.3852658942102457E-005
   9.5900242603188881E-005
   7.4099601302835455E-005
   8.2032788762812379E-005
   6.6007973258941274E-005
   1.2608636283228258E-004
   1.0933379720087525E-004
   7.7411067061544599E-005
   1.0742840290642905E-004
   7.5698636301842833E-005
   1.0000691060111596E-004
   1.4236919507006651E-004
   8.9095027038871955E-005
   7.0899526403735258E-005
   8.9459240961848685E-005
   8.4983805582457278E-005
   7.7940135476954161E-005
   1.1993893542959793E-004
   9.0658104918462344E-005
   7.7616789441799838E-005
   7.0270808965130767E-005
   1.1032388124327039E-004
   9.6150543253425622E-005
   9.1999186193003247E-005
   1.3166732546900510E-004
   9.7432208947226083E-005
   1.0023385595731113E-004
   5.7928426078361868E-005
   9.1125951764251618E-005
   6.0455603102098715E-005
   9.7192766975417110E-005
   1.6118707581337240E-004
   7.1082248380421260E-005
   1.0361400137990952E-004
   5.6159637104991514E-005
   7.8690758519963535E-005
   1.0365445579799908E-004
   1.1373373978406458E-004
   8.6704580170527968E-005
   1.0052661019088203E-004
   1.2188226914561421E-004
   7.2981798300281915E-005
   9.7012797810633637E-005
   5.8190686854921121E-005
   7.4062457386617374E-005
   1.2032839714060518E-004
   1.2659844987275849E-004
   1.1894019217859438E-004
   6.4254069059381313E-005
   8.4359397009440429E-005
   7.6456530207016232E-005
   9.4461846527669783E-005
   7.6323659880284984E-005
   1.9160730517488899E-004
   8.3443725995715212E-005
   7.5174637023626227E-005
   8.3616298510011543E-005
   9.3162824144716190E-005
   8.2906013979643922E-005
   1.1544629290826481E-004
   8.2625977583321181E-005
   6.9502036926026581E-005
   9.9428982971601506E-005
   9.6412302685853308E-005
   9.1553950639918031E-005
   1.3014255087781751E-004
   8.1765588703218946E-005
   8.2153130475092289E-005
   8.7114986864442073E-005
   7.3790055007163480E-005
   6.7392946415246961E-005
   1.0100175382624150E-004
   8.4650108936501812E-005
   6.9991204007370948E-005
   1.0704188846608513E-004
   8.8746734177189455E-005
   8.3016576350169351E-005
   1.0453965822052057E-004
   1.1738622081422373E-004
   9.1250210657032585E-005
   1.0597494004220564E-004
   9.9470104927036225E-005
   9.9929299286211385E-005
   7.8644671541054198E-005
   1.1194120172803418E-004
   9.8179084314641691E-005
   1.1277200391416752E-004
   5.0619812981178144E-005
   5.3063554854724974E-005
   1.1108971291064007E-004
   7.7393487462621099E-005
   1.0869540075501858E-004
   1.3409291961250465E-004
   5.9807823946550181E-005
   1.0706726372101262E-004
   9.1818201014467828E-005
   8.0267196302625423E-005
   8.5487489533401842E-005
   1.1897848850205040E-004
   9.5655470350837398E-005
   6.0925889741547674E-005
   1.0576262008714128E-004
   1.0416684914581857E-004
   1.6256784615936219E-004
   1.2680326369670608E-004
   8.6429189140653520E-005
   9.0896042347403448E-005
   1.2543144368771879E-004
   8.8426110070057137E-005
   5.9301740378258729E-005
   1.2791669363840602E-004
   6.5261117987306378E-005
   1.0603060749892470E-004
   9.2628411441152261E-005
   1.1222353079523373E-004
   9.5265423226418135E-005
   9.5275629466882100E-005
   1.0627005904355451E-004
   1.0619540445067729E-004
   7.4510779369589756E-005
   8.8300760934880852E-005
   9.2495152393929630E-005
   1.0378092352175367E-004
   7.1455054404712912E-005
   9.2890020521290437E-005
   8.1754112205426459E-005
   1.3557124466150605E-004
   6.1879136087259580E-005
   1.1735544452818610E-004
   6.2767913134041258E-005
   5.5399183371482430E-005
   1.5383744130538965E-004
   6.9980982371131806E-005
   1.1074548054187657E-004
   1.2701937965234759E-004
   1.6714805653760337E-004
   9.7695803433529700E-005
   6.9773979013096650E-005
   7.8032629998997809E-005
   1.0810073098696438E-004
   6.9496518855430747E-005
   1.0921532592904325E-004
   9.6143422466471519E-005
   7.8016594562782952E-005
   9.9740923154244770E-005
   1.8173112210562812E-004
   7.4114230791308958E-005
   6.4558083688256548E-005
   5.3285801112929882E-005
   1.1990655975773195E-004
   6.4492150486413809E-005
   8.6215918664827776E-005
   5.7835336251886264E-005
   6.5266279244115036E-005
   8.1305792731635348E-005
   1.0007936242221269E-004
   7.2134619214778788E-005
   6.4850933333088608E-005
   9.5930243785919604E-005
   1.0498264148603713E-004
   5.4993599184554763E-005
   8.5230413429645589E-005
   1.5363128405662611E-004
   7.9094564175062433E-005
   1.2243068851246081E-004
   8.0935628534374053E-005
   8.4900869975653614E-005
   5.9770463947883467E-005
   5.5396207305227959E-005
   7.3527566546535057E-005
   9.7885052053641646E-005
   8.3708713799062601E-005
   7.8771908780472162E-005
   1.2773912549865222E-004
   7.9276566571195129E-005
   1.2978586370409917E-004
   6.8999142104122667E-005
   7.4278852693605892E-005
   1.0763565864936639E-004
   6.4202669675519959E-005
   1.4529373563711519E-004
   8.3966050475250500E-005
   1.4970686358849032E-004
   8.3376210908332299E-005
   9.8421408348109787E-005
   8.8996027916302028E-005
   1.6386219537076459E-004
   7.8794715869898887E-005
   1.1823717535314246E-004
   8.0807941900400910E-005
   7.4995266362823287E-005
   7.2049162682076388E-005
   8.3518775892752427E-005
   1.0148202916999967E-004
   6.8501122785035747E-005
   7.3575796519073557E-005
   4.9704870734172126E-005
   1.1983716555260214E-004
   1.0128004399080088E-004
   9.1860255607146931E-005
   6.3697551464111799E-005
   8.4767728583047203E-005
   7.8720335677712425E-005
   9.1262316965603715E-005
   1.3303254364894278E-004
   1.1005691032657858E-004
   9.8320767636829516E-005
   9.6270352153452041E-005
   8.6084344540459772E-005
   7.3934904149632727E-005
   6.0042858277656613E-005
   9.9115705474469833E-005
   1.0885884988193217E-004
   8.1825031622220044E-005
   5.2524100984252618E-005
   1.0484653394278198E-004
   9.3076917447847498E-005
   1.1017627443277427E-004
   9.4577190625764278E-005
   1.2420460895419828E-004
   1.2917815743848768E-004
   8.2055207411945149E-005
   1.2157198753787863E-004
   9.1074703790002326E-005
   6.5058717718352604E-005
   7.1799749981611328E-005
   8.7295865447310981E-005
   1.1807026574277102E-004
   8.3309090917331021E-005
   8.4308265470927718E-005
   6.2621729115183575E-005
   8.1554893481345427E-005
   7.9733053885999087E-005
   1.1157076475200806E-004
   9.2804055146060503E-005
   6.9389040200688721E-005
   6.3622284590320475E-005
   7.1712070752728336E-005
   7.2264755060319835E-005
   5.1465207000572305E-005
   7.0391212793233376E-005
   1.3719204776916366E-004
   6.8864299488255345E-005
   1.3391805026177918E-004
   8.4126042306384877E-005
   8.6975505440268320E-005
   8.3596309786457910E-005
   7.2307675349293576E-005
   1.5492283541255298E-004
   1.3685767284440657E-004
   9.8476110857814353E-005
   6.3627582017360433E-005
   1.0380859253040375E-004
   9.9236377531319368E-005
   1.9592748033637732E-004
   9.4009941629207713E-005
   7.1141917421565449E-005
   4.0673450876056659E-005
   7.9422579785622750E-005
   9.1041261401082716E-005
   9.0768512020659496E-005
   7.9791305823512574E-005
   1.1212850324218154E-004
   7.1959090957042875E-005
   5.8344926176210143E-005
   5.6873121068611783E-005
   7.1118741258356812E-005
   9.1775500621174122E-005
   1.7031540958193736E-004
   9.0455393597078419E-005
   1.2849705408199543E-004
   1.2538503631737456E-004
   7.4940126162355300E-005
   1.1070065449971456E-004
   6.6159761195901925E-005
   1.4287789053217477E-004
   9.0931144022190415E-005
   1.4788951412026319E-004
   6.3581967164989806E-005
   1.3067599535598285E-004
   1.2246500807255127E-004
   1.3521709122106033E-004
   7.5495613091775910E-005
   1.0449895665564888E-004
   9.7225543217464071E-005
   9.8356256405639781E-005
   8.1685519663618508E-005
   1.2051528729039642E-004
   6.6716699403675494E-005
   8.6096244856633989E-005
   9.7157429582827893E-005
   9.6684371282248420E-005
   8.2760938216726559E-005
   6.4612874445250419E-005
   6.6360208313597405E-005
   1.2765235872605409E-004
   1.7822590643668286E-004
   1.0199808271640756E-004
   8.0347555173863216E-005
   8.3043233983040745E-005
   1.1430776923596785E-004
   7.7131093273301467E-005
   1.9256026081318007E-004
   6.0595029658272561E-005
   7.9415381166845846E-005
   9.4952017663629736E-005
   1.2430087193727622E-004
   4.6124225525083499E-005
   8.3844681241046273E-005
   1.0509919748248377E-004
   8.5693201025749264E-005
   1.5725622130362079E-004
   7.5029362127120055E-005
   1.2675943310297907E-004
   1.0707904603903396E-004
   8.2618153000409882E-005
   9.8927650254595066E-005
   6.8606872429939381E-005
   8.9793982490945072E-005
   5.1973173310110483E-005
   7.0000903521873673E-005
   1.0546513117175488E-004
   1.2396645406582816E-004
   8.9592831263158289E-005
   7.7815708853530045E-005
   9.9342922670043909E-005
   8.6740859603963734E-005
   5.5801288381510488E-005
   9.4706676583231698E-005
   6.8384284450809439E-005
   7.2056407560995141E-005
   6.5989717677447928E-005
   1.1225487557118538E-004
   7.2190041101599255E-005
   1.0154495007065392E-004
   1.5472827794089223E-004
   6.3036310681169441E-005
   8.6751324764971680E-005
   9.2778698595117611E-005
   7.4522747501196753E-005
   1.0312319402471238E-004
   6.6846799611218686E-005
   1.0767393169302649E-004
   1.0498407043271857E-004
   9.5345055825762852E-005
   1.0739628659992629E-004
   8.7715371596646082E-005
   7.8388779389142996E-005
   6.6072308145222717E-005
   6.9288851304710893E-005
   1.0812726773261195E-004
   1.1110670344148325E-004
   6.7547144052733293E-005
   1.5420175340021756E-004
   6.1475330465072194E-005
   7.3663810381057753E-005
   5.9089866302318004E-005
   7.4285884384300762E-005
   5.4632941575949589E-005
   6.5393519475628301E-005
   7.7119808768942081E-005
   9.7487416557241334E-005
   8.1290485601216304E-005
   7.0484082505293462E-005
   1.0277019069331439E-004
   1.0003454915993939E-004
   8.3064941101448062E-005
   1.2610464499105022E-004
   6.1554308758807151E-005
   8.8602001877352891E-005
   1.4958808174817732E-004
   8.3738606028241659E-005
   1.1340101113090927E-004
   9.3986054512051209E-005
   9.1477919679952343E-005
   6.8754186403056089E-005
   1.1506723511996343E-004
   6.9615755971749328E-005
   6.9939835599334038E-005
   1.5703619779614190E-004
   1.5482229599245601E-004
   1.1018392776859525E-004
   1.0651033074854386E-004
   1.2712897255324739E-004
   1.4070432094432134E-004
   1.0857192773636192E-004
   8.1699434754227917E-005
   9.9129877673921840E-005
   8.5445500162518613E-005
   1.0241212587672115E-004
   1.4529067283235964E-004
   7.9034191008343557E-005
   8.3763668742985349E-005
   6.4301985855898903E-005
   2.0043314948330849E-004
   1.1210828346775797E-004
   1.2563492137347405E-004
   7.0780229988568049E-005
   6.5269108322669141E-005
   1.2922840158725372E-004
   1.2357293093365391E-004
   6.1339028180376140E-005
   9.8109846841113420E-005
   7.8864911013780509E-005
   6.5285962938252637E-005
   6.3748999229785476E-005
   6.5268384624604301E-005
   9.2745540900872683E-005
