 Z =   3393538.0000000000      dens =  0.15303559919957690     
   1.2480827596892836E-004
   4.7202722431250618E-005
   5.2465200174274583E-005
   1.2196382990770245E-004
   1.0120096008821538E-004
   6.0945438475791063E-005
   8.8297812990753723E-005
   5.5514561689639005E-005
   8.2080769743310948E-005
   9.9558724797750909E-005
   1.1384422281120314E-004
   1.2219655460068832E-004
   8.7286447284736231E-005
   6.5346563982132311E-005
   7.1549219231131000E-005
   7.1815013571801522E-005
   5.7262150766051981E-005
   8.1608342328589909E-005
   1.4176123928785614E-004
   5.1937744795942599E-005
   1.3897475761761606E-004
   9.2403308970337829E-005
   8.8991003474309940E-005
   9.4996642217307813E-005
   6.1951235388380530E-005
   7.7995681895856933E-005
   2.0591694594148974E-004
   9.4650382434651909E-005
   6.4580754990899248E-005
   6.2995835384721863E-005
   1.4658662933951213E-004
   1.0028970759757491E-004
   6.9810479055215836E-005
   7.8915843068789164E-005
   9.7668649672721206E-005
   9.1531649948437533E-005
   8.0841129414214365E-005
   7.8291657386615954E-005
   5.3760191912173389E-005
   4.7771885197475887E-005
   6.3359244928991234E-005
   1.0981172453925307E-004
   1.6784719700483022E-004
   8.9797532060848539E-005
   1.0319331631010375E-004
   1.1603289842942659E-004
   9.9474676738406690E-005
   1.3295836170376045E-004
   1.0700237498381662E-004
   5.5359520078834067E-005
   4.4414723275112489E-005
   6.7733064476272015E-005
   6.8748155036002916E-005
   9.7000757151439229E-005
   9.9505919415591001E-005
   5.0364649640516262E-005
   6.0289407036524696E-005
   1.1243555801010093E-004
   1.6743842493463455E-004
   8.9982935694093069E-005
   8.0129270654126069E-005
   9.9664058615759720E-005
   5.6256351383730799E-005
   4.9103420354829010E-005
   6.5342950284948305E-005
   7.4205642272161804E-005
   9.5874395949199613E-005
   7.5307482271957154E-005
   6.4232929121911560E-005
   7.8730893630921188E-005
   1.0204608647787094E-004
   6.9813187040029099E-005
   7.1210633902049495E-005
   1.2173070484526276E-004
   1.7650599240296111E-004
   8.9523781987256974E-005
   1.2588018341684788E-004
   1.1621464253727032E-004
   8.0913598293320149E-005
   1.2001115031761953E-004
   1.0751269807497984E-004
   6.2513968062050744E-005
   1.2985537230131373E-004
   8.9539599729637924E-005
   7.7918627824519364E-005
   8.7862599764806918E-005
   9.4818229953833711E-005
   8.4319608264095657E-005
   6.0792295635913743E-005
   5.2392915352815405E-005
   8.2802289650910771E-005
   6.3833920825236371E-005
   5.7904885958564893E-005
   6.7151678249801599E-005
   1.0942697448729760E-004
   6.8236887827312186E-005
   1.0862311268005545E-004
   1.0826403718612208E-004
   1.0617252398306740E-004
   9.1453855235410262E-005
   9.3618314626248540E-005
   5.3459809936889601E-005
   7.1835287359573344E-005
   9.0801309144699464E-005
   5.2883941375469793E-005
   9.2828655139185116E-005
   1.3773779524288806E-004
   6.8259708824877115E-005
   1.2320247601737319E-004
   8.2407025682096531E-005
   1.6357312779459048E-004
   9.3876291171783333E-005
   7.0000598395190733E-005
   7.9219135516495176E-005
   1.0995238162640361E-004
   6.2146997682082901E-005
   6.4106937240434187E-005
   1.0229348787112374E-004
   7.4269038175294838E-005
   9.7470766422617184E-005
   8.7545942534783907E-005
   1.1017144468811173E-004
   1.1670069349812267E-004
   5.7404928893324280E-005
   7.4960173809794398E-005
   9.9290020142786574E-005
   8.1605014036532572E-005
   7.3279373506125023E-005
   7.5643565982071195E-005
   1.4174547571103345E-004
   7.7471334882665791E-005
   8.3110099354794176E-005
   6.7670932339351550E-005
   7.8885031541743339E-005
   9.4393094990939528E-005
   1.2317000219822592E-004
   9.5412730168387871E-005
   8.3165827364746044E-005
   1.0997307793898641E-004
   5.3206577204240728E-005
   7.8437474371604885E-005
   1.4587146876836736E-004
   1.0420667209256766E-004
   1.3075294342812399E-004
   7.2038291580133983E-005
   7.1845818729750528E-005
   8.9545254057687483E-005
   1.2489875338755470E-004
   7.1028040084652772E-005
   6.8152228885864195E-005
   9.2934300275128155E-005
   5.6804790284270716E-005
   9.7392134983553108E-005
   7.6028177256702044E-005
   4.7300099468547397E-005
   7.2945777828170024E-005
   9.6731939885017125E-005
   7.6920232267348816E-005
   2.0745329992400796E-004
   1.4735085308659925E-004
   7.8758095156311332E-005
   5.3056535103705440E-005
   7.9580605141616769E-005
   6.0103427232294969E-005
   8.2118102603989570E-005
   9.9512530989656181E-005
   1.0344064869273839E-004
   8.7293841780715139E-005
   8.9187144536500063E-005
   9.8426069535149281E-005
   8.1417169294837694E-005
   5.8901300422264747E-005
   7.0493370845879454E-005
   1.0089250995380746E-004
   6.1139962639118333E-005
   9.2526969612601568E-005
   5.2456006467368525E-005
   7.0982844211455712E-005
   9.6569011486870608E-005
   8.4165579587584948E-005
   1.0393889462806493E-004
   7.2513117208703492E-005
   1.0456783066191382E-004
   8.5484950256254662E-005
   7.8176186853120262E-005
   1.3410093344168929E-004
   9.1146333065993687E-005
   9.0230249219482299E-005
   7.9899169128014980E-005
   5.2577795599263765E-005
   1.0856875949806266E-004
   1.0655074429647547E-004
   5.8269810620660210E-005
   7.7235459118935403E-005
   7.7942386826139622E-005
   8.2654802609208910E-005
   7.9091317941597372E-005
   8.8863500586413460E-005
   6.3848976101550786E-005
   8.1487867617134632E-005
   1.0382927586295990E-004
   1.1852765475874817E-004
   1.0711819667948195E-004
   8.0464619276746251E-005
   8.1306285525488165E-005
   8.8899895030554110E-005
   8.7485600590490108E-005
   1.0524326811684934E-004
   7.8030561437418105E-005
   6.6301951002680591E-005
   1.2175823957664296E-004
   1.3717788813980418E-004
   7.5881679035396272E-005
   1.2658700226480919E-004
   1.1399179188735411E-004
   1.1459712721019061E-004
   5.8804491221780857E-005
   7.1250466428859319E-005
   6.8537590075069195E-005
   5.2285224384019237E-005
   1.5983996611368119E-004
   9.6133362501698793E-005
   8.7427562626228716E-005
   8.2123927696618309E-005
   6.9426311879559758E-005
   5.8428246735910773E-005
   6.8349319529171221E-005
   2.0018313789142112E-004
   8.9684925961050732E-005
   1.3355477321046256E-004
   8.8716827519707661E-005
   1.3654421307791870E-004
   8.5931661355937016E-005
   9.1152274174501988E-005
   1.1950602908766498E-004
   1.1396226352202137E-004
   7.0108961033532458E-005
   9.9718599670734276E-005
   1.2186561714176200E-004
   1.0997385284459499E-004
   8.5122434395207511E-005
   6.9945538847723896E-005
   8.6011707096498338E-005
   9.5727158603116982E-005
   9.0136492698952484E-005
   7.3746548307064108E-005
   9.3648299233440688E-005
   1.8529558354503224E-004
   6.4249933491038660E-005
   7.2084438243735541E-005
   1.1500798674525349E-004
   7.4056029149424259E-005
   1.4195094990376519E-004
   5.3388610526574125E-005
   8.2577904613565336E-005
   9.4323392045737045E-005
   7.9806171987207450E-005
   8.1654214305588494E-005
   7.1947554640425162E-005
   9.5674967065461015E-005
   7.9784957479286470E-005
   1.4720127524521162E-004
   9.1510093319721779E-005
   7.4563177598960750E-005
   7.5851637749356189E-005
   4.9575823782878303E-005
   8.6783188019889709E-005
   1.0851371518222874E-004
   1.0354649027005136E-004
   7.2237178417858605E-005
   1.1022667327863652E-004
   7.8660634093241370E-005
   6.9388108136927642E-005
   1.7266590230090697E-004
   6.4341305538375849E-005
   9.5509180993221925E-005
   7.2623322661302908E-005
   9.3102975669549185E-005
   7.7188116078764514E-005
   7.4476896476192471E-005
   1.0102542014275125E-004
   1.0728716134237393E-004
   9.9143040398242568E-005
   7.3892167622005336E-005
   1.0376624192151106E-004
   6.5682086311088768E-005
   6.4900208204606705E-005
   1.0819929657021543E-004
   7.6501120758464187E-005
   1.2899501190152967E-004
   7.5399127058634204E-005
   1.3248385063153906E-004
   1.1929372128453725E-004
   5.1643494810936060E-005
   8.9745942161397228E-005
   6.8235755886067266E-005
   7.4042875405699339E-005
   6.9849288955607327E-005
   8.9563919121092274E-005
   6.8191584569553027E-005
   9.3210673629952868E-005
   7.8114603208592821E-005
   9.9970136977687893E-005
   9.1953948890184558E-005
   7.8464601125168996E-005
   8.3575555410043476E-005
   7.7873388778367089E-005
   1.4768437569936125E-004
   1.0182201228709211E-004
   1.0827514798906979E-004
   9.1252087701334977E-005
   5.6207287521362891E-005
   8.4635200160795103E-005
   8.7073568384796055E-005
   1.3901307587857546E-004
   9.5216727159325610E-005
   9.1896218605567258E-005
   8.4717208805340879E-005
   5.9274116026761402E-005
   7.2929719756969377E-005
   6.3971701875754078E-005
   5.5456747164558168E-005
   1.0683504442981133E-004
   9.3473673677060728E-005
   8.0427918250819451E-005
   8.9273756446340202E-005
   8.8107687664900922E-005
   6.1663842077482893E-005
   8.6897459894448944E-005
   1.0313024800806246E-004
   1.1337485406614294E-004
   1.2645963804101655E-004
   1.4760653836949606E-004
   6.3437561293726568E-005
   9.0018521291137756E-005
   8.2988047968542155E-005
   1.3312832521303553E-004
   1.7439327215053511E-004
   8.0583539863187179E-005
   9.0383346603152353E-005
   8.6322712584991520E-005
   6.7604957530404953E-005
   6.8356351470818128E-005
   1.8637506488373916E-004
   1.2214895890492805E-004
   1.0092300684130791E-004
   4.7482395096058636E-005
   7.7234432059014853E-005
   7.1745134603763626E-005
   1.1392824616995727E-004
   6.7082076653218989E-005
   9.6044310736373702E-005
   9.5149595194823122E-005
   7.1758866857723257E-005
   6.0012645918970404E-005
   6.4466139808866011E-005
   5.1247645601649783E-005
   7.3007398450078542E-005
   1.0586752002678508E-004
   1.0755395522272170E-004
   1.1881956147828309E-004
   8.2481794319260755E-005
   6.5036659365010513E-005
   1.1652281835775428E-004
   8.3269784255998839E-005
   1.0871820564678946E-004
   8.4139362981715325E-005
   2.7698430009713473E-004
   1.1193322494396013E-004
   1.3024479217608469E-004
   5.7325831172427120E-005
   8.1743709879188560E-005
   7.1884299869409785E-005
   1.1298508404713530E-004
   9.4761438250651219E-005
   1.1809735845240725E-004
   5.5390610075946186E-005
   8.1749566156334412E-005
   1.1938963517528733E-004
   6.1004565048564342E-005
   1.2830347074525495E-004
   7.2417481814407214E-005
   7.4193575404468728E-005
   5.8490697983945710E-005
   1.0935888685874450E-004
   7.7770630976819278E-005
   4.1680931455673233E-005
   1.0411364743474805E-004
   7.5724284904679474E-005
   1.1584344217944335E-004
   1.2754195564011227E-004
   9.3567491967370495E-005
   9.1822910731424902E-005
   5.4807986058949207E-005
   5.0542469270015680E-005
   6.1448239384360057E-005
   8.9853589400563303E-005
   8.7614263729175412E-005
   6.4068555741503893E-005
   8.0368963487004020E-005
   5.3165351057927198E-005
   9.1745450011593022E-005
   1.4508943918126280E-004
   9.3062432532587937E-005
   7.5792026758996029E-005
   1.4028669218310070E-004
   1.1684894695334242E-004
   5.0515897568082250E-005
   1.1799104350306458E-004
   7.7305234745622903E-005
   8.8708328970955205E-005
   9.5553313003723551E-005
   5.1663350990796862E-005
   7.5974532319690594E-005
   9.9369634353036913E-005
   6.1236627657393678E-005
   7.1785825768662804E-005
   1.0989807191398034E-004
   6.5907428434373486E-005
   6.5977366977291730E-005
   6.0972993816213641E-005
   1.0103664259040474E-004
   7.0284216698204282E-005
   8.5467242213142867E-005
   5.3388870667333347E-005
   7.4793679145071710E-005
   6.4546745746519308E-005
   8.6812848480185832E-005
   1.3894976430047046E-004
   8.0737780330396406E-005
   1.0362523270025574E-004
   8.2765065185879424E-005
   1.3222850375726328E-004
   7.9976546655287668E-005
   7.4168761090990523E-005
   9.6994069733089718E-005
   8.1110795739702552E-005
   7.5679587468927337E-005
   1.0841002837369845E-004
   8.8157964090997183E-005
   6.3535381894575893E-005
   1.1070040534441631E-004
   5.2207800596516108E-005
   1.0418331092501985E-004
   8.4851894860839324E-005
   5.8449352647591551E-005
   8.5201882734819688E-005
   7.1478582320949038E-005
   7.5854198311902675E-005
   1.7043775246120826E-004
   1.1764928509997702E-004
   1.2044069645489764E-004
   7.4506264917610968E-005
   7.7608645908538900E-005
   6.9746551862480619E-005
   8.3206312976194741E-005
   1.0468831328184629E-004
   8.2977774408651627E-005
   8.1635852000840403E-005
   7.9749905127183001E-005
   1.0746259253992176E-004
   6.1500323153364450E-005
   1.0495262538913564E-004
   9.8270053996984746E-005
   1.0598959991390007E-004
   7.1171441617386160E-005
   9.0112918278830587E-005
   1.0611775854994600E-004
   9.1461302282665164E-005
   5.1330448564455469E-005
   9.3526878280020921E-005
   6.5414772236164169E-005
   6.0150746852733376E-005
   4.5881332694335985E-005
   9.5461332061830045E-005
   7.6556242446320700E-005
   1.2996509497732164E-004
   7.2222436360169150E-005
   8.6759378801606009E-005
   8.2142892042752708E-005
   7.9532915500623035E-005
   7.5909866848617485E-005
   8.5839747676367233E-005
   8.4976217738248988E-005
   1.0519055290878596E-004
   8.1398773104432478E-005
   9.8363080791725544E-005
   6.8889047591864583E-005
   5.5602252791695421E-005
   1.4439656912061463E-004
   8.3769221757781304E-005
   6.5597149126298782E-005
   7.8079806203723771E-005
   7.1207063998443763E-005
   7.5762326702345160E-005
   5.5853314650832897E-005
   1.0372623375012001E-004
   1.1685443206913121E-004
   8.1381684703528832E-005
   9.7112148277774934E-005
   7.9119613420516353E-005
   5.8596170798630643E-005
   6.8068529656036775E-005
   9.2227048774102212E-005
   7.3501893700511652E-005
   5.6280565041492006E-005
   1.4952548226089470E-004
   9.5126334736317437E-005
   7.6813556403274282E-005
   8.6059162609340907E-005
   5.9518450721831346E-005
   1.1389721206530074E-004
   6.6834950245816852E-005
   7.1165578049563782E-005
   9.2880027456705100E-005
   5.3638525787920307E-005
   9.2952766107825616E-005
   7.7948621637597538E-005
   1.2247667420429295E-004
   7.5983718535601211E-005
   7.4415455362241375E-005
   7.3212423130762283E-005
   8.9006583909785671E-005
   8.5483362311635251E-005
   1.2649130015448805E-004
   1.0565033556100667E-004
   9.1088495844866271E-005
   1.0615440115274411E-004
   7.8046315573473228E-005
   8.0489670865826766E-005
   1.1915436514668705E-004
   1.3780954876133230E-004
   1.2895623445736192E-004
   8.9777674072680816E-005
   6.6639058903304377E-005
   1.0322998924661240E-004
   1.0537796887998624E-004
   6.8999825091628858E-005
   9.2644430790524146E-005
   1.1179508494936976E-004
   5.9273775666011354E-005
   6.9407941706064197E-005
   9.4693293146323455E-005
   7.8695243161468274E-005
   6.9254650806220544E-005
   8.7776161825429069E-005
   4.8221161781510732E-005
   8.1145656757970758E-005
   8.4866660241767912E-005
   7.2683565483811627E-005
   1.3124165825379927E-004
   6.5153092189118228E-005
   1.1106573451785040E-004
   4.8211103194335899E-005
   9.7946615816494532E-005
   5.1458722284726787E-005
   5.5913597432587374E-005
   9.1305970689573975E-005
   9.6637193160842237E-005
   1.3519340018384342E-004
   5.9933788084796386E-005
   8.7116186674636927E-005
   5.5005702916052681E-005
   8.5083628446087174E-005
   6.4205916885615649E-005
   1.4391859507020683E-004
   6.7992234966914532E-005
   1.6325688430455758E-004
   8.5729242950081919E-005
   5.7703600744161129E-005
   9.1205264154115863E-005
   9.3923217044020874E-005
   1.1078177930825196E-004
   1.4008675673521148E-004
   5.8018412640126271E-005
   1.3516784509705598E-004
   9.0546900119275932E-005
   5.7335153709112732E-005
   1.7348831570390208E-004
   5.8445584085108127E-005
   7.2030482686862010E-005
   6.6374490919875916E-005
   8.8288322732121320E-005
   5.1614196787550032E-005
   1.1877197038411812E-004
   8.5615024399808426E-005
   8.4255286364311467E-005
   8.7642261424106970E-005
   8.5350799042104592E-005
   9.6473170087961981E-005
   9.0462156015676197E-005
   1.0053393873457256E-004
   1.0070619755903358E-004
   8.8949079114829547E-005
   7.7636467505765451E-005
   6.9447089510980904E-005
   8.3806777078294402E-005
   8.0984378924798557E-005
   1.2451534012254331E-004
   9.9811100503905664E-005
   5.4536181310269256E-005
   7.4642748731946581E-005
   9.1695163875395779E-005
   8.7791849721321124E-005
   1.2130449747052090E-004
   8.6152522450170756E-005
   1.0349574576076252E-004
   9.5224624209237611E-005
   7.6480085656834002E-005
   1.7136848261389004E-004
   7.1313302425904225E-005
   1.0264151115589968E-004
   7.5935444655206085E-005
   6.9836531306758490E-005
   1.0814419625366650E-004
   7.1414082129254790E-005
   5.3862427895404595E-005
   5.9151131359264059E-005
   1.6519966218767512E-004
   7.4382863072109664E-005
   8.2070751032094566E-005
   8.2352960019043604E-005
   6.5470561481882901E-005
   6.2646580144170303E-005
   8.0382136991808811E-005
   7.3250760335296953E-005
   9.9970482428121736E-005
   1.2118938882113993E-004
   8.0176191412549222E-005
   5.3055228529869805E-005
   7.2329799500320201E-005
   7.5042707532941921E-005
   6.0487884225396067E-005
   9.3140577103483253E-005
   7.6398168720831695E-005
   6.9564367603180900E-005
   1.5025207343281495E-004
   7.4944620462569011E-005
   1.2667027013766699E-004
   7.1715762673424537E-005
   9.9121741150210785E-005
   5.4323003170378376E-005
   9.0003185324811024E-005
   1.1066569774698713E-004
   9.3733479589778079E-005
   5.8898367096495533E-005
   1.1612069510123084E-004
   1.0388609476631162E-004
   8.9604092773967495E-005
   5.0789528598452727E-005
   7.8026763505761396E-005
   9.8320798565003221E-005
   1.0384621635819946E-004
   8.7235873639241761E-005
   6.5225253587034712E-005
   7.6206643316529071E-005
   1.9499214949528858E-004
   5.3589811505830807E-005
   4.4209518825104423E-005
   8.4536380876152549E-005
   9.2178740110620573E-005
   5.6331525467184338E-005
   6.8554553930177329E-005
   6.8917208727870983E-005
   8.2784819970047115E-005
   7.5991427064221455E-005
   8.1926349271363799E-005
   7.9572188845252780E-005
   1.2494679563471604E-004
   1.0621851748057558E-004
   8.6862940777873948E-005
   1.0029204871134893E-004
   9.6493164975701719E-005
   7.6754468443013157E-005
   7.3798929879360361E-005
   1.4300894805367912E-004
   6.4116186210128799E-005
   9.4351190507438782E-005
   8.2153226797571823E-005
   1.2443260552361322E-004
   8.3481645101795830E-005
   7.9078873810641497E-005
   6.9533019258618869E-005
   1.1426934496759114E-004
   6.7306383007653908E-005
   7.0442947147281924E-005
   1.1541480289103987E-004
   1.1304068857557453E-004
   6.7158623663420477E-005
   1.0964355436341628E-004
   9.3483511433666480E-005
   8.0937849245699616E-005
   1.2128703913690394E-004
   5.4533320566328861E-005
   9.4371567592236390E-005
   7.7479152447657235E-005
   1.5002376012103892E-004
   7.4362126762387944E-005
   8.8611586059159030E-005
   6.1586271675011985E-005
   8.5891900797591963E-005
   9.6719420682574164E-005
   6.6014940565234362E-005
   1.0926058341819529E-004
   8.1091732562326867E-005
   7.4413446761590173E-005
   9.9084618111764519E-005
   8.8130725828873389E-005
   8.2118287858206187E-005
   8.3299249848990458E-005
   1.0951558018168831E-004
   7.3136587433697903E-005
   9.3876454354918347E-005
   6.9994529839701079E-005
   5.7198699176588123E-005
   5.6784922893942905E-005
   7.9069536869548693E-005
   6.6559761979295142E-005
   7.4154002724295692E-005
   7.1617360080063140E-005
   9.0501039463374686E-005
   7.4445792497650440E-005
   7.0667055118839647E-005
   6.9414399156760551E-005
   9.0730153397245326E-005
   9.1617053535627063E-005
   5.5422819647373234E-005
   6.2840202019719436E-005
   7.6650002396844597E-005
   1.1431407971232592E-004
   6.0010943600689579E-005
   7.5441407271103288E-005
   1.4053097193053241E-004
   7.4727234557221009E-005
   5.5962894283081084E-005
   1.2652781090405479E-004
   6.2733086671554832E-005
   1.0077232541739860E-004
   1.4068139754390787E-004
   1.2008076343653819E-004
   2.0871885855131754E-004
   8.0440189354908132E-005
   8.1566243121892774E-005
   1.6779480512979091E-004
   1.0765802718102832E-004
   7.6269149748470498E-005
   6.9904389312530876E-005
   7.2795881505160516E-005
   7.8132935994427977E-005
   1.0674216210355325E-004
   1.3973887313081237E-004
   8.1803701655324882E-005
   1.1052034206120006E-004
   1.1272518540856212E-004
   8.7122465056727893E-005
   1.1150554026960059E-004
   7.4494540064424573E-005
   5.1830720788230632E-005
   7.1170848867433347E-005
   6.8614373941104485E-005
   7.9426510874689159E-005
   1.0250961714378472E-004
   9.8640142328172472E-005
   6.5664310734003239E-005
   1.0243107838797765E-004
   1.0878096920528378E-004
   8.5940408880333244E-005
   1.2926590443646923E-004
   9.6031526830195384E-005
   8.7727251726338147E-005
   6.7737892637619263E-005
   9.0916814520105899E-005
   7.7781147433204513E-005
   9.5319737028742968E-005
   6.3640371690341924E-005
   1.4153246994176108E-004
   7.1147851816266803E-005
   9.6961032966570848E-005
   1.4476045551976084E-004
   5.8591803553138419E-005
   7.9700465861391007E-005
   9.5206373966013236E-005
   9.0385399029112957E-005
   5.9532464673875304E-005
   8.1908693115761240E-005
   7.1723164072329105E-005
   8.9375895707930085E-005
   9.8424875198224594E-005
   1.0467517819607639E-004
   1.0322982589650833E-004
   8.0793106359787795E-005
   8.5113366470815536E-005
   9.1343414925341762E-005
   9.5661920143963469E-005
   6.6332765987592272E-005
   7.1371360160653110E-005
   6.1899499189623053E-005
   6.6161966128423159E-005
   6.2466630417182102E-005
   5.7892344528655755E-005
   6.2320530942024382E-005
   1.6763249550095862E-004
   9.5217423024722016E-005
   1.2086943840573313E-004
   8.0302511966982675E-005
   8.7342085495798272E-005
   7.5637721337431092E-005
   9.1495655706254095E-005
   5.0309200476403926E-005
   4.6824756042477224E-005
   6.0994073425738396E-005
   6.0066038690980728E-005
   7.7760743763523820E-005
   8.8039776113857116E-005
   7.7354590231798541E-005
   6.3569680554753977E-005
   1.5801447576121479E-004
   9.4742283562932055E-005
   6.0026922666826830E-005
   6.8787058111816957E-005
   7.3712249614862622E-005
   8.4685012373410042E-005
   8.2392691360525083E-005
   1.3124513857413583E-004
   9.9152136112492359E-005
   6.3417774250084774E-005
   7.3405745016198967E-005
   9.0018933615760091E-005
   9.5858131379323005E-005
   6.8260037396303556E-005
   1.0820559644944142E-004
   5.9516444202215345E-005
   8.7157968632863378E-005
   6.3267059748886519E-005
   1.0193747440668986E-004
   9.5967698244969735E-005
   1.4115884245501756E-004
   6.7235311810829844E-005
   1.0647519502138466E-004
   9.9157719348050554E-005
   9.7866102616694413E-005
   9.0349933571076888E-005
   7.7389520222198409E-005
   6.1133677662229119E-005
   7.9361912890442819E-005
   7.5868069388506469E-005
   1.0185241497876657E-004
   9.4052276523686720E-005
   8.1762288067400413E-005
   1.4488182064243101E-004
   6.7900121943395740E-005
   1.3374962866662777E-004
   6.9732749263804161E-005
   1.3114499338008129E-004
   8.5740330787703370E-005
   5.7452082984608800E-005
   1.0253651897817823E-004
   1.1276206352008945E-004
   1.0848360365767190E-004
   8.9949219713991211E-005
   6.8584171634474841E-005
   7.1801823028491211E-005
   7.7192445937639858E-005
   1.0510036971213834E-004
   1.2603390380799617E-004
   7.0533374295016744E-005
   7.3715950631455683E-005
   7.6925634297057044E-005
   6.4020855999119000E-005
   8.9354617681434848E-005
   4.5709825175895366E-005
   6.7252325843241507E-005
   9.3613378195889048E-005
   1.0562894216528330E-004
   1.2005056072849450E-004
   4.7730093370220686E-005
   1.7258563065677144E-004
   1.0403202588290274E-004
   5.7100340626935111E-005
   1.1124494254222981E-004
   6.8083707924941234E-005
   7.9963086390597970E-005
   7.7649770841989240E-005
   6.3806210187600945E-005
   6.8946717389486127E-005
   1.1448018313493853E-004
   1.5682249345596791E-004
   9.3721209413788169E-005
   1.2984191701387554E-004
   8.6268353104319853E-005
   5.6151173039428392E-005
   6.0394549097164498E-005
   7.1554999238283249E-005
   6.6183158604802631E-005
   1.0532339060807419E-004
   6.0525176841701006E-005
   7.5710593035297158E-005
   1.0870858796561192E-004
   7.9671476389653545E-005
   5.6193297655910833E-005
   1.0113423455080247E-004
   7.8252214149713908E-005
   9.7568508417098906E-005
   1.2890278685640652E-004
   5.6074080358569041E-005
   6.9269429341376244E-005
   1.5283486163336537E-004
   4.1835229578944073E-005
   7.4317823694340288E-005
   5.8035974361669509E-005
   8.3044754225914687E-005
   6.3426200497678083E-005
   9.0623149373386357E-005
   8.6384264367852498E-005
   1.0691264515303750E-004
   5.6747485749899475E-005
   9.3769848798318432E-005
   5.9797839164838411E-005
   6.1461276158397934E-005
   6.8004482780912356E-005
   5.3101902047393011E-005
   8.5958184215597941E-005
   5.7789434851184526E-005
   6.4273570976210322E-005
   7.6535586185186882E-005
   7.5629499926627172E-005
   6.0427175423826780E-005
   9.3985953152999306E-005
   1.0075282410575891E-004
   6.1250744380973268E-005
   5.8958916626703583E-005
   6.7426163957686770E-005
   6.0521583202663468E-005
   6.6498349338642458E-005
   5.8074265763443011E-005
   7.4394629865044608E-005
   8.7951869036796652E-005
   8.1367666000640022E-005
   5.3581935047615895E-005
   6.3823854721278917E-005
   9.8151894230219227E-005
   1.1743338907881563E-004
   5.9356068511329679E-005
   6.0097048547092288E-005
   8.4373090636772190E-005
   8.6874658242490742E-005
   1.0650533591428318E-004
   7.9515915009828838E-005
   7.3475926019854761E-005
   8.9147318201516086E-005
   1.1539513935138819E-004
   1.1266698262918472E-004
   9.7587815978296012E-005
   7.5223827874989097E-005
   6.2772645607704126E-005
   7.9963271899710124E-005
   1.5987759572925800E-004
   1.1014855733349383E-004
   5.9221904618812158E-005
   7.1320576676099520E-005
   7.8186900671769357E-005
   9.5049670832851254E-005
   7.1937239607222436E-005
   6.1788782817720584E-005
   7.0323402264077555E-005
   5.4701172193143781E-005
   8.2561738091895855E-005
   1.2493508126839632E-004
   1.1353372581820214E-004
   8.5849446048340269E-005
   1.0140505365086439E-004
   6.3185949846029669E-005
   6.2557732926119824E-005
   1.0659402405755065E-004
   6.9829008546931092E-005
   6.7923523406006003E-005
   8.3054626498304794E-005
   5.8762083075555018E-005
   1.2079773504575757E-004
   6.6577801094239809E-005
   7.6503636482152013E-005
   1.0804668306959184E-004
   1.4878473070850781E-004
   6.5462062355718263E-005
   9.7062672495690360E-005
   8.4595428718422890E-005
   8.5429062544422059E-005
   9.2193230820184380E-005
   9.0799233563370205E-005
   8.7268588151422671E-005
   9.6998726139044681E-005
   1.0601134370581797E-004
   1.4100101598978369E-004
   5.1839150205127168E-005
   9.6324085703427775E-005
   8.9997636272033690E-005
   1.2387037369655243E-004
   1.0358321128451618E-004
   7.4143507234178974E-005
   1.3638668332636886E-004
   1.0635262337213936E-004
   1.7736146069715736E-004
   5.7489290581240240E-005
   7.2150278614556860E-005
   7.5577166486913988E-005
   1.3951358429863122E-004
   8.4067837992121691E-005
   7.2098101977875010E-005
   6.4897651661589435E-005
   7.1812285764923629E-005
   6.0816428565961983E-005
   7.0504102309459693E-005
   1.2528438916782039E-004
   1.0190102364761430E-004
   8.5406320325694072E-005
   7.1698701010579761E-005
   6.1329453242251695E-005
   6.4919859994833193E-005
   6.8122300779969476E-005
   5.3493610008330894E-005
   9.0278402707300793E-005
   9.1715573049027920E-005
   7.0408283043983414E-005
   5.4736575678793527E-005
   6.0250350763374510E-005
   1.3084499130558576E-004
   7.3003568922388860E-005
   7.3697202928225191E-005
   9.7090589274456373E-005
   5.8336134377600374E-005
   9.6562960143062334E-005
   6.5679569579763758E-005
   8.2272771371983691E-005
   8.3388050088046485E-005
   8.2647683094156269E-005
   1.0273556211025272E-004
   9.7535821005931405E-005
   8.0483425443020421E-005
   1.3952204191177383E-004
   5.9529733741588605E-005
   6.3445430734110204E-005
   5.7533768447326740E-005
   8.4702902602598040E-005
   8.6710394252113556E-005
   6.5197124997537893E-005
   5.7168984019109555E-005
   6.9198883503967249E-005
   9.5483425988113118E-005
   1.6172795646897335E-004
   1.1755307331076904E-004
   1.3649081749975459E-004
   6.8853865957700850E-005
   5.1524589561567876E-005
   1.4012830225407872E-004
   7.8146608194271387E-005
   7.1824357751397119E-005
   1.4603248475542841E-004
   1.0123859939430486E-004
   7.7963643859681986E-005
   7.4941340048513029E-005
   9.8760765897919775E-005
   4.9425104963815358E-005
   9.2280617953157196E-005
   8.7997282467618162E-005
   6.1732536420211796E-005
   7.4172428547517874E-005
   7.2914889673307532E-005
   1.0367429388146557E-004
   9.6690152240875611E-005
   8.7831255600143257E-005
   7.8109691014907994E-005
   8.3961457204441520E-005
   8.1786015238577564E-005
   6.1718606138162484E-005
   6.9628815125533116E-005
   7.3485429603559221E-005
   1.2700607508828326E-004
   8.1803284540480224E-005
   6.1494635107411409E-005
   6.5098666603056302E-005
   1.1140410656349505E-004
   6.1354541021966575E-005
   7.6484379957239901E-005
   6.1291212036656347E-005
   8.1861198585199860E-005
   1.0486365877897735E-004
   8.1333862045722866E-005
   7.1675323496789436E-005
   7.5691246181789598E-005
   1.2238396495471503E-004
   9.2753782054020892E-005
   6.3484625598682196E-005
   9.6103560785486093E-005
   6.4747864620451511E-005
   1.4700372851140326E-004
   7.8576141605114449E-005
   5.9025930907306127E-005
   7.5662069392993069E-005
   8.8286050686196818E-005
   7.0546939630729288E-005
   7.7637646630823270E-005
   9.5400657222081460E-005
   5.9621943944557146E-005
   8.0765870881537746E-005
   1.4494130181967851E-004
   6.2617096366468977E-005
   7.0054356067562361E-005
   6.9465181728580440E-005
   9.7200188628909223E-005
   1.5621466713790040E-004
   1.1217220943766361E-004
   6.1833012363568600E-005
   5.0660584682720906E-005
   1.5712232577781089E-004
   8.6826130296432794E-005
   1.7461464146151226E-004
   7.2861004173179766E-005
   8.9781305412872455E-005
   9.8916960498356103E-005
   9.7306686975946161E-005
   1.5153568811468045E-004
   7.7682211512618746E-005
   8.5678652890133709E-005
   3.9251805949917739E-005
   7.0197159660524838E-005
   6.6406403397756728E-005
   7.9589122922464267E-005
   8.1025574616280506E-005
   7.8230178349952118E-005
   8.8168643910281852E-005
   9.3957231362503749E-005
   7.3064532234945817E-005
   7.0660219571938598E-005
   5.4363083160259374E-005
   8.0457885274253744E-005
   1.4224327877035602E-004
   1.5162555378481573E-004
   9.7028178366799636E-005
   1.1263659180547580E-004
   6.3398106848455449E-005
   9.2516053883853278E-005
   8.3459404628603913E-005
   1.1452382344231790E-004
   1.0021133022986305E-004
   6.4408194776729831E-005
   6.0628527907742629E-005
   6.0463943983567089E-005
   1.7989614978038232E-004
   7.4302792560540507E-005
   1.3287968275895484E-004
   1.2042995746471219E-004
   1.0284836109075268E-004
   7.9156923333991255E-005
   1.2695577383295997E-004
   6.2823898806362011E-005
   8.2792071338401633E-005
   1.0925287473375321E-004
   6.9904755921072184E-005
   1.1092926566869799E-004
   9.5702176303131910E-005
   1.0770505069483841E-004
   7.5978303076468216E-005
   6.8943853907157095E-005
   5.1803537580505635E-005
   5.4476761450048486E-005
   8.1656510024683042E-005
   8.6038388195869837E-005
   6.3528633328894813E-005
   8.7773218173942604E-005
   1.0354140194040064E-004
   9.7339512519796647E-005
   1.2038961961504801E-004
   6.2869853373214891E-005
   5.7329648457626889E-005
   6.1386243892345310E-005
   7.6517343136922494E-005
   1.4346120543673802E-004
   7.6060431696978268E-005
   1.3660269627881189E-004
   1.2515543555079175E-004
   7.1686822881399825E-005
   7.8304390521243071E-005
   1.4844978940368103E-004
   8.7566896508713222E-005
   7.1844795609285266E-005
   5.4315970185931915E-005
   1.0230136248945918E-004
   7.8186916777066534E-005
   1.2418500674115453E-004
   5.9828531442920206E-005
   9.7628215417147385E-005
   4.8251268903823588E-005
   7.9853903748950252E-005
   6.0771100744595342E-005
   7.2638921513949341E-005
   1.0586040323600934E-004
   8.2026616251805570E-005
   6.2970373502442355E-005
   6.9552516163801195E-005
   6.8082429614646812E-005
   9.3458305404822172E-005
   1.0086100467520999E-004
   8.8380501908899686E-005
   9.0867115603040347E-005
   1.7577236690167325E-004
   8.6881098344040333E-005
   1.4930653522414214E-004
   1.1012497033014916E-004
   9.7448057499565228E-005
   7.7705126350972222E-005
   2.0904986244938120E-004
   1.4030346325005682E-004
   9.2553409627411302E-005
   7.5068870540563159E-005
   1.3557030823841521E-004
   5.2216906048306385E-005
   7.6498868991089873E-005
   6.6884353651717698E-005
   6.7885045702161949E-005
   7.4999059884397806E-005
   8.0670215995315328E-005
   9.9063532731322729E-005
   3.8720978030702055E-005
   1.2324579209133251E-004
   4.9200165245953202E-005
   1.8462276811095387E-004
   1.0776717007593367E-004
   1.6187827444435985E-004
   6.1928491619440802E-005
   1.0699055566791972E-004
   1.1576249971166488E-004
   8.8293816424881507E-005
   7.4912632752734395E-005
   9.1428226593595334E-005
   5.7951869555994309E-005
   1.0525771913771806E-004
   1.2527000983735413E-004
   1.0446775656026835E-004
   9.7238311422474620E-005
   7.8656210291033407E-005
   5.9344234692067788E-005
   8.1779178634032036E-005
   6.8845869968813022E-005
   1.0031365093523117E-004
   8.7695013450888359E-005
   9.2779714522057394E-005
   8.3095581197496112E-005
   7.4191296537847535E-005
   1.0461190402191984E-004
   6.0989174075182845E-005
   8.2503319023070323E-005
   8.1730477239768271E-005
   7.9713567494292770E-005
   9.6623964077962522E-005
   8.4390335495570761E-005
   1.2788350279243903E-004
   9.9546875517079651E-005
   1.3829891671995344E-004
   8.2667397126926680E-005
   6.4889231734476844E-005
   1.4991549363838695E-004
   6.9307162138959545E-005
   9.4495662939321124E-005
   8.7761632810197108E-005
   1.0029221641618950E-004
   7.4510000197042445E-005
   4.5181250070141549E-005
   7.6662152625998651E-005
   1.4550054282133089E-004
   7.2150737906838842E-005
   1.0898002239266515E-004
   9.1529657074643214E-005
   1.0944589760072642E-004
   8.3430166424150725E-005
   7.4100641227182800E-005
   6.5676414532909544E-005
   8.8661200788176149E-005
   1.0078772276864978E-004
   1.1562496699007481E-004
   1.4209882130944134E-004
   9.5960364741221190E-005
   7.7640819388595097E-005
   7.9848018264063126E-005
   3.8095043378807958E-005
   1.1506424275871686E-004
   1.2383271095092768E-004
   7.7632478411732977E-005
   8.2880870515343653E-005
   6.8646468961019940E-005
   7.9351080601115293E-005
   1.1507974383494081E-004
   7.1408806511723269E-005
   7.5160100438571202E-005
   8.2870651324992486E-005
   1.3668793609298736E-004
   1.1194921601479814E-004
   7.8735204430939703E-005
   1.1750097137343831E-004
   5.5314291487011075E-005
   7.0182970622738650E-005
   9.5868612314845242E-005
   1.1771472753424237E-004
   1.2051151346265633E-004
   7.8961022855514307E-005
   9.6652087795124763E-005
   4.8939379240379897E-005
   7.1953689927027110E-005
   7.6280663388051382E-005
   8.5922235213148880E-005
   9.1817146010762189E-005
   1.7934531958123707E-004
   7.2548540831449257E-005
   9.3661750537465304E-005
   8.3821076680071482E-005
   7.9553866571065640E-005
   9.7550766038655685E-005
   7.7693375843027019E-005
   9.4815292272028715E-005
   1.6094935023497543E-004
   8.1746873994799886E-005
   8.3585093448750996E-005
   1.1432210384633200E-004
   1.2783540168661141E-004
   9.3464525816569347E-005
   8.0237008984298600E-005
   6.3347669233772201E-005
   5.7086100020657123E-005
   1.6688509118778299E-004
   1.1218841799140117E-004
   6.4935942395596781E-005
   6.6247892397197281E-005
   6.9851699227800476E-005
   1.2014424490467810E-004
   7.5658202622224066E-005
   6.7368856481692801E-005
   6.5735950503924558E-005
   9.0607377249405578E-005
   9.2385828625417621E-005
   7.6640533719575694E-005
   9.8741575825032983E-005
   9.1401340024635700E-005
   6.8684832280940884E-005
   4.6906436758273151E-005
   1.0138962656082192E-004
   1.5395244256894206E-004
   1.0975689803989536E-004
   8.7116043923170030E-005
   1.0684596942378758E-004
   7.1927020234529931E-005
   6.8396396164455598E-005
   6.1199515658515922E-005
   8.1778966759187395E-005
   1.0431816536026692E-004
   1.1067797762136031E-004
   1.4584499154514925E-004
   6.1275689744405524E-005
   8.3214870797309091E-005
   4.5965244056505241E-005
   2.0579978335491267E-004
   1.0295444996200574E-004
   5.5354042440852413E-005
   4.7061664067244535E-005
   1.1080264931019909E-004
   7.9060300311750110E-005
   5.1593641947335606E-005
   1.5061095185754726E-004
   7.3260148748806106E-005
   6.4149528393956789E-005
   5.2390853963520901E-005
   7.9263316459667407E-005
   9.2177658549852720E-005
   8.7169464698190442E-005
   1.0838902595435238E-004
   9.4445481843687191E-005
   6.6848406488945051E-005
   6.8063231128391263E-005
   7.9563320850863277E-005
   1.3343572491914489E-004
   9.1469111549793465E-005
   8.3662773964353882E-005
   1.0811031443007909E-004
   9.2519993062390498E-005
   7.0412829981586364E-005
   8.8896982037372805E-005
   5.2479042068170552E-005
   6.6513477047100951E-005
   5.4727965424085774E-005
   9.0406045317156035E-005
   7.3388526620463718E-005
   1.1453223900520130E-004
   6.4050406391966599E-005
   7.0960402434267942E-005
   8.1211492916227155E-005
   9.4249422131330215E-005
   8.9785345054217534E-005
   7.8364912069428972E-005
   6.6143848559977987E-005
   1.0770503646592929E-004
   5.7044085240515477E-005
   7.6466530816400840E-005
   9.7754786948200140E-005
   6.2579011682673260E-005
   1.4715010054534793E-004
   4.7375213626976297E-005
   6.7889479720584423E-005
   6.2628046711686830E-005
   8.9867477412552537E-005
   7.8582609996753102E-005
   8.9390007554509884E-005
   7.7361944683846469E-005
   6.9508609968762280E-005
   6.9985933450997923E-005
   9.9865111426649178E-005
   8.9159546733337997E-005
   2.0696228120693067E-004
   7.4841401788701211E-005
   1.9458097120065334E-004
   8.7808570047448979E-005
   1.0564921319977431E-004
   8.0292539424882200E-005
   6.6364796284872123E-005
   1.1839778312143479E-004
   1.0005391221491545E-004
   8.7285962965607592E-005
   7.7515330491604358E-005
   4.8768655975906858E-005
   6.1240928774556710E-005
   1.0453628938847621E-004
   1.0819542328740209E-004
   6.6875499473845122E-005
   7.3162052318682645E-005
   7.6062478726549699E-005
   9.9118185655289694E-005
   7.7648625043104797E-005
   7.8037516149257285E-005
   4.8781758103047839E-005
   6.6606180542254126E-005
   7.1322932789518050E-005
   5.8081752828233029E-005
   1.3585781783829865E-004
   6.4967420455064309E-005
   8.9330476782369526E-005
   1.5190942312672340E-004
   7.7316636481175466E-005
   1.3605079245263758E-004
   8.1390028036308930E-005
   8.2547128461568729E-005
   8.0011172853090826E-005
   1.0367140177508070E-004
   5.1648024263299680E-005
   5.2634738628775139E-005
   7.7647834938028055E-005
   4.8737204344137610E-005
   7.7072988148246954E-005
   7.9941067038176252E-005
   9.3676210003888129E-005
   7.2468587346352027E-005
   7.6751579721380083E-005
   1.1382607647601651E-004
   1.1602100298652965E-004
   6.1262023024211021E-005
   1.2654787602500793E-004
   8.9129833905865889E-005
   8.6335628233439804E-005
   6.4430951560347300E-005
   5.6813020626748959E-005
   6.7991109392209436E-005
   1.2658251047562390E-004
   1.0941323024701451E-004
   1.1736159712078162E-004
   9.6784642179115318E-005
   8.5065725388757958E-005
   6.5835652768247613E-005
   1.1378584579573644E-004
   1.1585716806640338E-004
   1.0307877677150072E-004
   6.7879554542846449E-005
   9.9380044730103533E-005
   1.3208500239462472E-004
   6.7095225239983925E-005
   1.0293907792899900E-004
   8.0980857524386637E-005
   1.1191221281417353E-004
   1.3223424193409177E-004
   9.4672277625427534E-005
   1.0583468532477649E-004
   1.0955961872191761E-004
   1.1134985230415097E-004
   1.1863972647425078E-004
   6.5235159119313681E-005
   1.3371930849254956E-004
   9.8719533973028650E-005
   6.5111989948522754E-005
   8.3229467561647804E-005
   8.8487960060041850E-005
   7.4359752130592614E-005
   8.8469226163588572E-005
   7.2302488905287335E-005
   8.8247667145729256E-005
   8.7659997794202211E-005
   2.1061647396268158E-004
   5.8661680025194229E-005
   5.7754876094908862E-005
   9.7776607662263044E-005
   5.6734830994232074E-005
   6.8438221071341745E-005
   8.4339079336462645E-005
   6.3177117958740196E-005
   5.5850988893650759E-005
   5.4602317493351017E-005
   5.4994071965583336E-005
   5.4704406250433416E-005
   1.0238374058369695E-004
   5.4488427724831503E-005
   8.6775574127480443E-005
   7.3350968072769904E-005
   9.4053976793816732E-005
   9.1334406406983740E-005
   1.5985745635646104E-004
   1.0005596248450699E-004
   9.8856636234759759E-005
   9.8606288147520883E-005
   9.0020910311271955E-005
   1.1858982789779245E-004
   7.4509301476362891E-005
   7.2323749317042244E-005
   6.3979599455000414E-005
   1.1196128271892087E-004
   9.8802816064368676E-005
   1.4298914370424425E-004
   8.6748360403094443E-005
   1.1285593777385633E-004
   6.9401235952805642E-005
   9.1752905638288400E-005
   7.9657475486910519E-005
   8.0504160777134580E-005
   1.0930931992947555E-004
   9.1109145925412824E-005
   1.1475271574301053E-004
   1.0042021403707885E-004
   1.0583741538720691E-004
   7.9981488973766864E-005
   9.3388026262697591E-005
   7.3700920032038377E-005
   1.0521883565187008E-004
   6.6406741235921357E-005
   9.9824649802971195E-005
   5.5011042659318161E-005
   7.0623520346757766E-005
   6.2551793571109478E-005
   5.9915999078697307E-005
   8.4600887482374438E-005
   6.5520751887011876E-005
   7.8437804712137808E-005
   5.0243104002994327E-005
   5.8053478083341681E-005
   8.2473505014565046E-005
   1.2550425390114934E-004
   6.9253033200703169E-005
   7.9209026389330384E-005
   9.7454541367061537E-005
   9.4736983837251991E-005
   8.4154392673932386E-005
   6.7444169063588758E-005
   7.1781371471997974E-005
   1.2188114873552495E-004
   7.4131951476687653E-005
   7.5794221786271124E-005
   9.0381890876865836E-005
   7.1593195018018326E-005
   6.6668329233142139E-005
   1.1229347456722511E-004
   9.3648640580903990E-005
   9.9241502454199023E-005
   9.0627712509013878E-005
   7.1015687729062850E-005
   9.1526988742384114E-005
   6.6236816234884743E-005
   5.4202131398240731E-005
   6.6399178730363611E-005
   9.3869101001647481E-005
   6.4730778305177589E-005
   1.1480488798536968E-004
   8.7779925008617637E-005
   8.5653460947625204E-005
   1.1533138094387695E-004
   6.3841021831013140E-005
   1.1603848794752608E-004
   7.2885545277146844E-005
   7.0172527212764742E-005
   1.1365458687812316E-004
   8.1096334701412254E-005
   7.0235402388157335E-005
   9.0622710135363545E-005
   7.4650937977041861E-005
   1.6215350441077867E-004
   8.3827563439759729E-005
   9.5535913702730066E-005
   1.0152301334689470E-004
   5.2855708392730937E-005
   5.2353279370956590E-005
   8.9513849319149022E-005
   7.9881668622837709E-005
   1.0816654012331454E-004
   8.1960565350414495E-005
   9.3477780301630791E-005
   1.0046748594022996E-004
   1.0781549739908828E-004
   7.5035405971321314E-005
   5.9679671760554452E-005
   7.9553820300179971E-005
   1.1720057625572966E-004
   5.0968887987079874E-005
   1.0900434523704350E-004
   1.0158301788098698E-004
   6.4896292288840263E-005
   5.7539055027428990E-005
   5.7888290435482866E-005
   1.0418777404754744E-004
   6.8354649699687824E-005
   8.2500342195302435E-005
   1.3059018148227944E-004
   8.2618656143761327E-005
   1.2107231915156184E-004
   5.6570382473809957E-005
   1.0596064832991381E-004
   1.0914901406382150E-004
   1.6819341616451392E-004
   1.1228139099046512E-004
   9.5606381484645054E-005
   5.5604449810567013E-005
   1.2559578187762389E-004
   7.7564042668327142E-005
   7.6937129833716476E-005
   1.0763728494340316E-004
   1.2420281404391159E-004
   1.0082265272372100E-004
   8.0542655946867450E-005
   8.9507731867809122E-005
   5.9548136811858635E-005
   1.0621277868897279E-004
   6.7198872605783247E-005
   9.1889604065991672E-005
   1.5206455576427806E-004
   8.2070545515626437E-005
   1.2667408823135640E-004
   1.0598372193366140E-004
   1.0420798855079167E-004
   8.6621296419843691E-005
   7.2392793699983145E-005
   6.7273173354944296E-005
   8.2311506137880297E-005
   1.2090608433237104E-004
   6.3998581474830965E-005
   7.5119716440964548E-005
   1.4780180554440094E-004
   8.5561625238339187E-005
   1.1618207865077923E-004
   1.5011898006712769E-004
   7.6935840028023210E-005
   1.1262249579259020E-004
   1.4963434873134442E-004
   7.3372924697242701E-005
   6.0336230430145783E-005
   4.3662069741304389E-005
   8.8827989505844092E-005
   5.9293975951820406E-005
   7.6460898117723186E-005
   9.9587178881455147E-005
   6.0592822290411501E-005
   7.9478234364857776E-005
   7.6304890264559331E-005
   6.6075853264398638E-005
   7.2837638969398816E-005
   7.9899167188335687E-005
   1.0211373579479371E-004
   7.1732483807863113E-005
   6.8003708178111590E-005
   8.5532532790569754E-005
   6.5916234249275315E-005
   1.0686212296698126E-004
   1.0593535915624517E-004
   1.0201420553334803E-004
   9.6641143204858262E-005
   7.7896726168944530E-005
   6.7028335216439238E-005
   8.3618428056141624E-005
   8.0690965471040180E-005
   1.8936288466124394E-004
   1.2492560431529956E-004
   1.1731204864627901E-004
   9.8961576406627130E-005
   5.3238816593750844E-005
   8.0536272290635856E-005
   7.7952042802797021E-005
   1.6992465344742053E-004
   8.4907957648444301E-005
   5.9500121243922118E-005
   7.6298111325315333E-005
   6.4830378451219853E-005
   7.5213230444704781E-005
   1.0773456491157070E-004
   9.7962267908739188E-005
   7.3245712530153079E-005
   7.0650712712010390E-005
   7.5152693682529239E-005
   8.1361202480449625E-005
   1.0182442506668376E-004
   7.8582774605014653E-005
   1.2765838374718272E-004
   7.2763416876609250E-005
   8.4092380732743463E-005
   6.3832689593403683E-005
   1.3259649495515029E-004
   8.5297296103686024E-005
   9.8749644418249366E-005
   6.0673734644198332E-005
   1.0430701633810352E-004
   9.8555782122448953E-005
   1.3895103900742962E-004
   8.3705004394501052E-005
   1.1012121812612710E-004
   7.7760230798623446E-005
   7.2325503839195242E-005
   7.0025383536956177E-005
   9.3512195582617683E-005
   6.1598505426739065E-005
   1.5353043211087118E-004
