   1.3033557353298017E-004
   4.8839123713948053E-005
   5.1634327046201306E-005
   1.2235758422371332E-004
   6.6066099466389404E-005
   5.9779072892395080E-005
   9.1835082700910835E-005
   4.6275348635509534E-005
   7.2797736563339009E-005
   1.0066230373591498E-004
   1.1531098219207632E-004
   1.2633950013177838E-004
   7.7688272536077912E-005
   6.5781111825262320E-005
   7.0353281770951388E-005
   7.4336866166937194E-005
   5.6243259338604197E-005
   7.2384907088773903E-005
   1.3935454414577944E-004
   5.2555398142317212E-005
   1.4307437073939671E-004
   8.8321026385159354E-005
   8.9193642104489491E-005
   8.5364945405969661E-005
   6.3870954550430950E-005
   7.5165021748320582E-005
   2.1059838346572409E-004
   9.7761370119654666E-005
   6.5652096004119152E-005
   6.2569884349013145E-005
   1.5119156198689185E-004
   7.8415996228893515E-005
   7.0764718748492515E-005
   8.0144445989815686E-005
   1.0123896866003954E-004
   9.2693410896522199E-005
   7.9486166217299193E-005
   7.9790248583723152E-005
   5.1906453936700282E-005
   4.9295918620977647E-005
   6.2967311040997329E-005
   9.6160757955341775E-005
   1.7313293148062020E-004
   9.3034015634781370E-005
   1.0683814363101115E-004
   1.1942859727688210E-004
   1.0166279515242915E-004
   1.3069859928296231E-004
   1.1006957761284465E-004
   5.6740337340492097E-005
   4.4217800356689337E-005
   6.4799045296694985E-005
   6.2888148405411127E-005
   9.4258917062264443E-005
   1.0277769637236363E-004
   5.1697020435078166E-005
   6.1521549461043256E-005
   1.1709247474524528E-004
   1.7468066928666271E-004
   8.3013620977471172E-005
   7.5714549219401214E-005
   9.4178556847741276E-005
   5.6931903245712540E-005
   4.9947030137753697E-005
   5.1275761392716039E-005
   7.5057691739243343E-005
   9.6801480964397944E-005
   7.5829326430413511E-005
   6.5227510308781862E-005
   8.2203598076182951E-005
   1.0199296723829382E-004
   7.1261098312691248E-005
   6.9079712182423231E-005
   1.2128706964027082E-004
   1.8058304508682322E-004
   9.3240682541185377E-005
   1.3029953320985329E-004
   1.1799369143466920E-004
   7.4025222384253248E-005
   1.2154491802904338E-004
   1.0151251542960197E-004
   6.4277357572443437E-005
   1.3615368534658728E-004
   9.3215409995662943E-005
   7.6435876504285855E-005
   9.1696181766290805E-005
   9.5421527699374588E-005
   8.7244041797617254E-005
   6.2341278836453864E-005
   5.1059585386976903E-005
   8.3577647187447720E-005
   6.5981682673515662E-005
   5.5366488906955852E-005
   6.9105263563550172E-005
   1.1392201056763527E-004
   6.4814754311569851E-005
   1.0735966150268085E-004
   1.1227307942374890E-004
   1.0837349003064002E-004
   8.6567525181392989E-005
   9.6497867315960514E-005
   5.4410946062254479E-005
   6.2695551619222246E-005
   9.3036178267695820E-005
   5.1327612331730539E-005
   9.6594473809356757E-005
   1.3873796956380481E-004
   6.5143163413660814E-005
   1.2532740924347516E-004
   8.3494823046523835E-005
   1.6221520448315592E-004
   9.3818447281906447E-005
   7.0937661291268966E-005
   8.2681000774459385E-005
   1.1109290174989950E-004
   6.4343654918878112E-005
   6.6186585830653796E-005
   1.0621282025273386E-004
   7.3165537004362576E-005
   9.0902407958838238E-005
   8.5498755449021346E-005
   1.1399211573678448E-004
   1.1286277835634835E-004
   5.7253001344564524E-005
   7.7473911151020418E-005
   1.0154851463987584E-004
   6.8248409019325043E-005
   7.5254887356764722E-005
   7.7167674670129092E-005
   1.4594399170158922E-004
   7.4825668615690350E-005
   8.6370013843396442E-005
   7.0083747964574554E-005
   7.9215013821963234E-005
   7.1916175710612490E-005
   1.1810724702735150E-004
   9.1589558452015771E-005
   8.3202420723608520E-005
   1.1157040132460025E-004
   5.4435743423359375E-005
   7.9013789547136665E-005
   1.5155513799642220E-004
   1.0004016849838127E-004
   1.3644633947485085E-004
   7.3739588715163363E-005
   7.2994660297532701E-005
   9.0034714733020651E-005
   1.2906344931012950E-004
   7.0267044657663306E-005
   6.9314240157354812E-005
   9.6514979821558339E-005
   5.6952108520394154E-005
   8.8895690551408666E-005
   6.7023473414874317E-005
   4.8066114811412598E-005
   7.2286455280055916E-005
   9.8393135567355821E-005
   7.5318903424269828E-005
   1.9966374294148328E-004
   1.5117012104581129E-004
   7.8078304583600888E-005
   4.7174758468565900E-005
   8.2907264613247219E-005
   6.2525448498396342E-005
   8.4511676989664866E-005
   9.2881639366663190E-005
   1.0661839713340582E-004
   8.3677242655267074E-005
   9.1117224831515671E-005
   1.0189297555957177E-004
   8.1764149535540849E-005
   5.9007643196365566E-005
   6.9369236188695520E-005
   1.0414983353668294E-004
   6.3448015587908669E-005
   9.4429173325806317E-005
   5.0653409130908776E-005
   6.2566892771399543E-005
   9.7113056298512500E-005
   7.6976795237342953E-005
   9.5785050120489361E-005
   6.5333730479059856E-005
   9.4656581364694758E-005
   8.8055521347970596E-005
   8.0435031800657673E-005
   1.3981895857217215E-004
   9.5053882573739473E-005
   9.4074442743506578E-005
   8.2247686325579363E-005
   5.3134750365521200E-005
   1.1039077623508588E-004
   1.0041669800533969E-004
   5.8978686072617226E-005
   7.6105680957399928E-005
   7.9625092208775335E-005
   8.1474677138809176E-005
   7.5040365182360479E-005
   9.2339798979802645E-005
   6.2744837215907259E-005
   8.2170576676279518E-005
   1.0706764857914898E-004
   1.2311762401635756E-004
   8.7918923036406837E-005
   8.3125300796335567E-005
   8.0288272267693269E-005
   9.0969332546236454E-005
   9.0788975860840742E-005
   1.0567959113054865E-004
   7.9489868529242555E-005
   6.8056599487730399E-005
   1.2360792440075155E-004
   1.4111108784717934E-004
   7.9218960522069325E-005
   1.3216861842868481E-004
   1.0668333349645004E-004
   1.1763487412229658E-004
   5.9423870814507943E-005
   6.8054366253953295E-005
   5.9853457668697304E-005
   5.3598376649462850E-005
   1.6268907988670772E-004
   9.9238193768224489E-005
   8.5349815481286541E-005
   8.5352481514930269E-005
   7.0188181012483485E-005
   6.0477096840157614E-005
   7.0849668681596706E-005
   2.0987409345544749E-004
   9.1355434298847165E-005
   1.3790830687953012E-004
   7.6506655210211325E-005
   1.4285684964973199E-004
   7.9461204437213825E-005
   7.1220306356843674E-005
   1.2440187496532678E-004
   1.1897412272135477E-004
   6.7945676220910797E-005
   1.0302351325252779E-004
   1.2541369335741863E-004
   1.1083549134178368E-004
   8.5668626178068998E-005
   6.3936408799120347E-005
   8.5963894055302817E-005
   9.9245206629819540E-005
   9.0942188941560962E-005
   7.5872936019759173E-005
   9.6860817009275328E-005
   1.9372988238667912E-004
   6.4360808051012780E-005
   7.4102825026373434E-005
   1.1722358813037582E-004
   7.5485864625475627E-005
   1.4689849181040177E-004
   4.9114200536542515E-005
   7.2543882631682965E-005
   8.5194200761133220E-005
   8.2547301716426536E-005
   8.5250232576737056E-005
   7.4019983888757546E-005
   9.1548002032948772E-005
   8.0376672152886698E-005
   1.5274067269698487E-004
   9.4870641450866874E-005
   7.3763951172518249E-005
   7.9207801628238198E-005
   5.1381706178810376E-005
   8.9319708553381132E-005
   1.1234225839482148E-004
   1.0790100753141115E-004
   7.5231909265121189E-005
   9.8831551013613944E-005
   8.0020592401929062E-005
   6.6036557715453412E-005
   1.4479067898287367E-004
   6.1644294214528738E-005
   9.9599770922049742E-005
   7.4830510649195523E-005
   9.5996583658555996E-005
   7.0942377861270430E-005
   6.7389408828717436E-005
   1.0431086857192827E-004
   1.0986090445196159E-004
   1.0055613628000576E-004
   7.6548745563117320E-005
   9.4137443646927202E-005
   6.5677779274643947E-005
   6.5757196714283250E-005
   1.1267418605333752E-004
   6.6779303040365553E-005
   1.3157542725014226E-004
   7.7749150799365905E-005
   1.3784147406066248E-004
   1.2389235427463858E-004
   5.1758584771341825E-005
   9.0538265267914113E-005
   6.4853446538010097E-005
   7.0978373814359631E-005
   7.2304066248869676E-005
   9.1468293147924120E-005
   5.5663259658341831E-005
   8.7073175555472365E-005
   6.3263487902070247E-005
   1.0312229256588999E-004
   8.6971172651978886E-005
   7.3120416099266904E-005
   7.9138624595565224E-005
   7.6925375795522033E-005
   1.5388375491413232E-004
   1.0526682114201890E-004
   1.0835352776894808E-004
   8.8067906680543438E-005
   5.4783358008801411E-005
   8.6381818991652638E-005
   8.9275278118577188E-005
   1.4177086171616538E-004
   9.4968616717798672E-005
   9.1087750017354921E-005
   8.6839087197995596E-005
   5.5811031131250340E-005
   7.5095099840838950E-005
   6.4987224738432880E-005
   4.9199149206647418E-005
   1.0936667292707894E-004
   9.1627879639087734E-005
   6.5606605438081188E-005
   8.9117943208173058E-005
   8.7273790961673561E-005
   6.2863840008071332E-005
   7.6742064302424406E-005
   1.0720361127610793E-004
   1.1844794818376574E-004
   1.3202280112030419E-004
   1.5377853070117206E-004
   5.1961619245845322E-005
   9.3357818523487156E-005
   8.3735556399301805E-005
   1.3771602522909612E-004
   1.8195384489238462E-004
   8.1951636200068689E-005
   8.5217313849115622E-005
   8.7422375968114461E-005
   6.9875571780571245E-005
   4.5972282084756791E-005
   1.8735144510797613E-004
   1.2533462379107850E-004
   1.0054061531127536E-004
   4.7491170945344302E-005
   8.0076558575427188E-005
   6.7390554029691865E-005
   1.1482928440260099E-004
   6.8580248987855044E-005
   9.7837002168036914E-005
   9.7737815383103677E-005
   7.4345809652666547E-005
   6.2387980990313840E-005
   6.6779938056461127E-005
   5.2551727793129391E-005
   7.4643928674285431E-005
   1.0909772873529516E-004
   8.7762711176878337E-005
   1.2094631263197341E-004
   7.1875606269491071E-005
   6.4956992077724583E-005
   1.2118338677257224E-004
   8.6352658954046903E-005
   1.1058581823211989E-004
   8.7595154862597996E-005
   2.9061727760356152E-004
   1.0561941304448065E-004
   9.8943328017427176E-005
   5.7851254318707517E-005
   8.4033745013644689E-005
   7.1488746601774942E-005
   1.1659938339652586E-004
   9.8273686693151871E-005
   1.2315308954746962E-004
   5.5572098928745285E-005
   8.4338882088554751E-005
   1.2379786125170324E-004
   6.2644565952564048E-005
   1.3009857411317468E-004
   7.3889584991108137E-005
   6.0912094251154599E-005
   5.7091413614402750E-005
   1.1208171295871329E-004
   7.7509807531727054E-005
   4.1471712274905327E-005
   1.0858667748920397E-004
   7.8270674142886243E-005
   1.2030164241249238E-004
   1.2433708444365546E-004
   9.4744823838054606E-005
   8.9448688167318149E-005
   5.5388215443620693E-005
   4.7600457083778608E-005
   6.2967684914869146E-005
   9.3201020655378169E-005
   8.4752480031691918E-005
   6.4859798889801680E-005
   7.7424336767771353E-005
   4.8158392183542066E-005
   9.0781028175895655E-005
   1.4176698607216577E-004
   8.3174243748571701E-005
   6.7554986622943904E-005
   1.4640466453409354E-004
   1.2117218191166510E-004
   5.1206666110983772E-005
   1.2299102833647978E-004
   7.2503309684231852E-005
   9.2407392199331400E-005
   9.9109872705088929E-005
   5.2481515451707055E-005
   7.3605359333101195E-005
   1.0080737796883642E-004
   6.3253429950457411E-005
   7.3958284680986831E-005
   1.1247087081817665E-004
   6.7942018225504664E-005
   5.3584809119814234E-005
   6.1463790887887954E-005
   8.9818712400134543E-005
   6.6239319316925780E-005
   8.7733602173701726E-005
   5.3197542546375501E-005
   6.9312786813572808E-005
   6.0265288589388158E-005
   8.9951199848886673E-005
   1.4543013287982427E-004
   8.3052217718520543E-005
   1.0539503555335308E-004
   7.5226451847803844E-005
   1.3407338017502434E-004
   8.2671522671979545E-005
   7.6609647002106538E-005
   9.8449293251063114E-005
   8.4445933214321014E-005
   7.8047696856321813E-005
   1.1108280526387914E-004
   9.0258476116985371E-005
   6.6229242673663844E-005
   1.1309713876711322E-004
   5.1844177699077072E-005
   1.0713208770785217E-004
   8.8185638251859469E-005
   5.9892214694985133E-005
   8.8709361588663749E-005
   7.2800482977692488E-005
   7.6599939054577794E-005
   1.7245450229229508E-004
   1.1939722517479843E-004
   1.2604644537657459E-004
   7.7486942535870840E-005
   7.6792754306472257E-005
   6.9587792143330866E-005
   8.4511452552384813E-005
   1.0853886446287477E-004
   8.2491037092307910E-005
   8.4534610748556940E-005
   8.0177773698431238E-005
   1.0303556544154526E-004
   5.7724147794760146E-005
   8.3800025844188203E-005
   9.9368890371834639E-005
   1.1014704712817445E-004
   7.1662626450832932E-005
   7.8795771691223110E-005
   1.0037429735126714E-004
   9.4284395783928804E-005
   5.2514884968007606E-005
   9.7263316803420039E-005
   6.7194808462232050E-005
   5.5131598177411465E-005
   4.7341545443474003E-005
   9.5148689634352735E-005
   7.7889867070566400E-005
   1.3458342012556815E-004
   6.4888782366533937E-005
   7.8582517226889628E-005
   8.0331846148237117E-005
   8.1693838585992210E-005
   7.7719813390385325E-005
   8.8963014397171289E-005
   7.9004577689046669E-005
   1.0554901449745561E-004
   8.2268856062180879E-005
   8.9648387198066002E-005
   6.8443797123202022E-005
   5.5473102437515531E-005
   1.4077804841098500E-004
   8.1541349723741785E-005
   6.5697421377687590E-005
   7.9293142397647237E-005
   5.8277384684084450E-005
   7.6243531056302891E-005
   5.7562533746261058E-005
   1.0153346482692910E-004
   1.0471480038979447E-004
   8.3874079132225936E-005
   9.9839366907689294E-005
   8.2480875411006309E-005
   6.0718104486521490E-005
   6.6245477196578287E-005
   9.5296704408298838E-005
   7.0378403418411276E-005
   4.6020626282985646E-005
   1.4220729881650823E-004
   9.7102812015943980E-005
   7.4464617771732611E-005
   7.9205173446216033E-005
   6.1539527444665426E-005
   1.1767930391165975E-004
   6.8557579569059209E-005
   6.7215173337937414E-005
   8.9772037605806497E-005
   5.4122669277992748E-005
   9.5945264909113773E-005
   7.9391542644455032E-005
   1.2488105359438143E-004
   7.9052725315774890E-005
   7.6131519662830488E-005
   6.2601540240833479E-005
   9.2175059996877371E-005
   8.2016930809506914E-005
   1.2421673184194736E-004
   1.0992585136956995E-004
   9.3540968402889294E-005
   1.0481289505612429E-004
   7.4504128091025746E-005
   7.9348864685347521E-005
   9.4393843885829423E-005
   1.4348985342475131E-004
   1.3499636619627778E-004
   9.2803249276835148E-005
   6.2309281496839879E-005
   1.0684957657042223E-004
   1.0950032076557010E-004
   7.1616664796689933E-005
   9.0001310993202308E-005
   1.1302904740709822E-004
   6.1399063023026765E-005
   7.1105590494289226E-005
   9.3853808314091534E-005
   7.7661238376381528E-005
   6.8068030397939401E-005
   9.1177658631514140E-005
   4.9468312663880539E-005
   8.2230097704666667E-005
   8.4247761390652005E-005
   7.1515801098471219E-005
   1.3644618954504532E-004
   6.0004215242137593E-005
   1.1574053199899144E-004
   4.9589217768047778E-005
   1.0062253582573048E-004
   5.2514893440019151E-005
   5.5076801607761180E-005
   9.4188831594827437E-005
   9.5972028253714549E-005
   1.4062317277617142E-004
   6.1562574142601386E-005
   8.8901054533820203E-005
   5.7028111428756965E-005
   8.1495405716613874E-005
   6.5916374323257649E-005
   1.4978896006397500E-004
   6.5384519135337809E-005
   1.6365479223630206E-004
   8.7676637947886187E-005
   5.4242753589862252E-005
   5.9863908007020300E-005
   9.4703841112567743E-005
   1.1166187058370685E-004
   1.0285634020418614E-004
   5.6504730934675639E-005
   1.3570783447066381E-004
   8.3511367589717163E-005
   5.8329411448263911E-005
   1.7515687033188080E-004
   5.9475201475688823E-005
   7.2353841874620557E-005
   6.8741127792296423E-005
   9.2427186835915149E-005
   5.3613039185515492E-005
   1.2024492419502691E-004
   7.9144196862038715E-005
   8.7534444522854282E-005
   9.0583998846266491E-005
   8.9187647330545461E-005
   9.8111383521826815E-005
   9.2731845842576810E-005
   1.0042606301986969E-004
   9.9699418182929334E-005
   9.1267829487321419E-005
   7.9166437804838126E-005
   7.2382366357546106E-005
   8.2130483961262682E-005
   8.2429311618088992E-005
   1.2921372685062129E-004
   1.0343737352063697E-004
   5.6500013762339458E-005
   7.5531415733820354E-005
   9.0993933377634013E-005
   8.7989213028306855E-005
   1.2510707553586734E-004
   8.9883158754423120E-005
   1.0656724563073567E-004
   9.8129707457818885E-005
   7.4024295900049073E-005
   1.7848921224141863E-004
   7.1414434002191923E-005
   1.0685381647834090E-004
   7.7591379158816672E-005
   7.0802871525618211E-005
   1.0924238741275675E-004
   7.3151623145977708E-005
   5.4110728698940851E-005
   6.0959315381143114E-005
   1.4260954554444908E-004
   6.6654383442619062E-005
   8.3801942801584056E-005
   8.4347026621385811E-005
   6.2611283085726682E-005
   6.2939223311345993E-005
   8.3550170856783187E-005
   7.5411135862241135E-005
   1.0389226501701581E-004
   1.2624044424022741E-004
   7.5497790855166930E-005
   5.2797727217890774E-005
   7.4269963353661467E-005
   7.6314420261918556E-005
   6.0160336667341480E-005
   9.6460542556951292E-005
   7.0492480391672326E-005
   6.6674771468798233E-005
   1.5561606185961980E-004
   6.6035434341161223E-005
   1.1450821955699924E-004
   6.7181752910678633E-005
   8.6193098359039412E-005
   5.4342835518653723E-005
   8.3705427634385584E-005
   1.0215846404393322E-004
   9.6842225304205894E-005
   6.1313126610655134E-005
   1.2125950740271606E-004
   1.0790526792062583E-004
   8.4701689585381718E-005
   4.9905983865714787E-005
   7.8443112079456604E-005
   1.0029373079467933E-004
   1.0709405118641688E-004
   8.4105692657882245E-005
   6.6843213981454379E-005
   7.8280745628533311E-005
   1.9960885092353353E-004
   5.5111025390000264E-005
   4.4224413402114423E-005
   8.7573257083175653E-005
   9.5394694874072807E-005
   5.8551260043606442E-005
   7.1195837791281267E-005
   7.0872016140165601E-005
   8.6324028103768101E-005
   6.5778442508935547E-005
   8.4785144052247150E-005
   7.4313368554554515E-005
   1.2776655779169190E-004
   1.0877939062818710E-004
   8.7856149572967395E-005
   1.0436025157915051E-004
   9.6308501518556488E-005
   7.8590567537753180E-005
   7.5432412354901004E-005
   1.0027818102136071E-004
   6.6009864606836942E-005
   9.6878514378073260E-005
   8.4820877558315218E-005
   1.2871011059665527E-004
   8.4859619519580176E-005
   7.9831568073473327E-005
   6.6768363078414320E-005
   1.1922018816695495E-004
   6.8994609456579276E-005
   7.3256332620342813E-005
   1.1679715057202311E-004
   1.1760731551632410E-004
   6.9313868380091744E-005
   1.0747422800091204E-004
   9.7188026367820571E-005
   8.4528426749523307E-005
   1.2506117378769424E-004
   5.1394287250558629E-005
   9.4602754291453259E-005
   7.4877454964806709E-005
   1.4752319637385396E-004
   6.5317004379751727E-005
   8.8447732219231254E-005
   6.2540717432767621E-005
   8.9405831412630937E-005
   1.0025868437406652E-004
   6.8178487198139684E-005
   1.0829605981111541E-004
   8.1489324473886011E-005
   7.2456856602436145E-005
   1.0239357833238645E-004
   8.7570243797908473E-005
   8.0894616927047589E-005
   8.3543924149096153E-005
   1.1082117645023640E-004
   7.4062915598613173E-005
   9.4616485542281515E-005
   6.5703614913874137E-005
   5.8939335441664760E-005
   5.8718269127521066E-005
   8.1935802916486492E-005
   6.7863169717541043E-005
   7.5766859423013339E-005
   7.2011415019468674E-005
   7.7575138591961409E-005
   6.7373274412934711E-005
   6.9558167119649378E-005
   6.4424738861639181E-005
   7.1451203531109071E-005
   9.3243134967595031E-005
   5.6723999648282451E-005
   6.2885858030879520E-005
   7.8000414894576335E-005
   1.1769929619189925E-004
   6.2373660042145093E-005
   7.3439710521310244E-005
   1.4520878366012469E-004
   7.4277246682774028E-005
   5.7024119509666799E-005
   1.1339131502339178E-004
   5.9944708111486061E-005
   9.8697109520656860E-005
   1.2653282946299639E-004
   1.2188398679845157E-004
   2.1229537415672685E-004
   8.3311468734988557E-005
   8.1391155882083724E-005
   1.7447262696471491E-004
   1.1227843869731396E-004
   7.8936124395771439E-005
   7.0227149903170460E-005
   7.3000294475637992E-005
   7.5997983422717200E-005
   1.1043654312197311E-004
   1.4567156439477196E-004
   8.4781285478544016E-005
   1.0658577459958663E-004
   1.1643055534174787E-004
   8.3836800371385502E-005
   1.0082442387340134E-004
   7.5349920985641266E-005
   4.8202554786522600E-005
   6.6352437301266383E-005
   7.1285094395334966E-005
   7.4766957073314178E-005
   9.6928537677215011E-005
   9.6147228017142114E-005
   6.6375949511262585E-005
   1.0038091709852611E-004
   9.9441738725554956E-005
   8.6684179627258935E-005
   1.3462048195632471E-004
   9.9106925413065171E-005
   9.0294475117073939E-005
   6.8399510645053864E-005
   9.2665467920704226E-005
   7.4238715296111448E-005
   9.1559375383210527E-005
   6.4980392634513733E-005
   1.4760667142879041E-004
   7.0670035841547367E-005
   9.4607294421379987E-005
   1.4656797736365256E-004
   5.9851853954734982E-005
   7.8835792713310182E-005
   9.3867907089235702E-005
   7.6766452426388864E-005
   6.1352642309109943E-005
   7.1021954054909805E-005
   6.7967415559415270E-005
   8.8820785635827925E-005
   9.5504614288874920E-005
   1.0703315930431342E-004
   1.0715148769402082E-004
   8.2914689392521652E-005
   8.2771479052359018E-005
   9.0198813236257720E-005
   9.6945370459537871E-005
   6.7785360977895377E-005
   7.3612466417498048E-005
   6.3107775250062460E-005
   6.8572437734236696E-005
   5.4492597248091633E-005
   5.8894580713661446E-005
   6.3830468769078395E-005
   1.7486774302082829E-004
   9.6509517973743765E-005
   1.2486730998673213E-004
   8.0700892625019848E-005
   9.0325674261997377E-005
   7.6233701671539394E-005
   8.2909521337625388E-005
   5.1948967128700249E-005
   4.6284527629200801E-005
   6.1636547739027668E-005
   6.1456179987295388E-005
   8.0796213305117876E-005
   9.1373513073419085E-005
   7.5062934012237175E-005
   6.1592917968309062E-005
   1.3188155848809757E-004
   9.5620558277762313E-005
   4.9641979057845689E-005
   7.0779256602283307E-005
   7.6994294685613993E-005
   8.3432024957705821E-005
   8.3150546145813065E-005
   1.3561613982068942E-004
   1.0221797449612721E-004
   6.4525076845297483E-005
   7.4935036794634112E-005
   8.7312461651686666E-005
   9.0648016293729729E-005
   6.7133486553855686E-005
   9.2429492927201774E-005
   6.1030222613425994E-005
   9.0852434571922410E-005
   6.2294890500590337E-005
   1.0590476389630513E-004
   9.8920710128770005E-005
   1.4613496262856000E-004
   6.8418265685802360E-005
   1.1043823663000258E-004
   1.0019252334612450E-004
   9.7122434735974036E-005
   8.7845780772849894E-005
   7.7452124217834643E-005
   6.3352517178340504E-005
   8.2467925672231909E-005
   7.7255699506780738E-005
   1.0598306645411125E-004
   9.2856373215899124E-005
   8.3241908439334294E-005
   1.4868645089014310E-004
   6.9288992378701870E-005
   1.3562128819183847E-004
   6.8494888772455221E-005
   1.1929406794345895E-004
   8.8438088129550013E-005
   5.9451029988023089E-005
   1.0647558661565846E-004
   1.1478127189915214E-004
   1.0816712085733144E-004
   6.6712204908101697E-005
   6.8935991542799056E-005
   6.9432012407836798E-005
   7.8731874633130463E-005
   9.0851102426312401E-005
   1.2831189201371226E-004
   7.2645024283074622E-005
   7.6770840404296052E-005
   7.6930490755403800E-005
   6.4880878281964167E-005
   8.7083374045376046E-005
   4.6770649506689129E-005
   6.1145794258933700E-005
   8.6174528061089991E-005
   1.0944279865989259E-004
   1.2497284523894155E-004
   4.8950244060162634E-005
   1.7336412473333086E-004
   1.0811688607240068E-004
   5.8658691825186805E-005
   1.0798740916078183E-004
   6.9558285015352940E-005
   8.3125604592606720E-005
   7.9129579914540197E-005
   5.8206937357640473E-005
   6.9480912915127790E-005
   1.1612491955240989E-004
   1.5039501689069091E-004
   9.4731327435304766E-005
   1.3602347159319517E-004
   9.0041557219808490E-005
   5.4358349145511578E-005
   5.8900195157910437E-005
   6.6782205475472044E-005
   6.8598445925093871E-005
   1.0857924398209964E-004
   6.2467327538951836E-005
   7.8130166652461266E-005
   1.1273300885584536E-004
   8.0574364781270746E-005
   5.7716198816337492E-005
   9.8497496507730101E-005
   8.0837853510105093E-005
   8.7556851528226674E-005
   1.3065867988165561E-004
   5.6995337006083168E-005
   7.0165498275663002E-005
   1.3797954514291249E-004
   4.2453772420023594E-005
   7.3202404739638162E-005
   5.7279633140955244E-005
   8.6485253143711894E-005
   6.5570597924975073E-005
   8.6369064012661029E-005
   8.7534716575626113E-005
   1.0070779805092613E-004
   5.7252649650596976E-005
   9.7328297431403387E-005
   6.1850507144065118E-005
   6.3464320997257665E-005
   7.0942039817099704E-005
   5.2899170435352663E-005
   8.6612244552700915E-005
   5.5490763108075481E-005
   6.1405914743775991E-005
   7.5189541764657768E-005
   7.8037646409009651E-005
   5.9995784588721030E-005
   9.7924597953881511E-005
   1.0279945285681573E-004
   6.0567785787112155E-005
   6.0717273196751634E-005
   7.0018350486179487E-005
   6.1507528623027017E-005
   6.9457989242813339E-005
   5.4757339684021658E-005
   7.0508636700213748E-005
   8.6643756696741823E-005
   7.7651019308887503E-005
   5.5110275325638549E-005
   6.6167122356178417E-005
   1.0280581288613284E-004
   1.2185125018124075E-004
   6.1312785339275150E-005
   5.9511922986899441E-005
   6.9793849865600814E-005
   9.0302125297358999E-005
   1.0837023663226224E-004
   7.8218805539494553E-005
   7.2756345594523220E-005
   9.2363019412948039E-005
   1.2056896817948027E-004
   1.0391849460072225E-004
   9.9052604801491467E-005
   7.7330839912884556E-005
   6.3633448624390653E-005
   7.1660172324397023E-005
   1.6616503112356476E-004
   1.1534391528743394E-004
   5.8532961317139480E-005
   7.1163802138465116E-005
   7.8495668079564882E-005
   9.9084190632349467E-005
   7.4499804209409576E-005
   6.3731555429661754E-005
   7.3001802300014633E-005
   5.4497036640979418E-005
   8.2879921330499161E-005
   1.2229373209420716E-004
   1.1561688433539628E-004
   8.4810727851765047E-005
   1.0584384150434018E-004
   6.0151231717906683E-005
   6.2133708056619341E-005
   1.0769857825406243E-004
   6.9246924501078930E-005
   6.3422173240673695E-005
   8.5782599297928394E-005
   5.7048446474275126E-005
   1.2434636436431517E-004
   6.5608699898691533E-005
   7.9275797852985708E-005
   1.1234683565076672E-004
   1.5542412177956333E-004
   6.6934693906622639E-005
   9.2796838480471914E-005
   8.4707871487507485E-005
   7.5076234547791180E-005
   8.5592773245993307E-005
   9.3460580032032594E-005
   8.5721878316595061E-005
   1.0089474035801297E-004
   1.0397128717720145E-004
   1.4627482850716029E-004
   5.3328958798564721E-005
   9.8203276787430725E-005
   8.9780202425693908E-005
   1.0764025069381685E-004
   1.0452683401423912E-004
   7.6911029056001199E-005
   1.4210812394402277E-004
   1.1101200351751304E-004
   1.8223101655219154E-004
   5.7444318197942083E-005
   7.3428487233586189E-005
   6.6828482050827225E-005
   1.4497602465801522E-004
   8.7315186384515027E-005
   7.2777562762960891E-005
   5.7376531647023755E-005
   7.1809046165065589E-005
   4.4259820463463056E-005
   6.3679708226434636E-005
   1.3063779424260649E-004
   1.0141613366299207E-004
   8.7778365088055340E-005
   7.2413726723168337E-005
   6.2679206585102460E-005
   6.2402760607094984E-005
   7.0708186096377472E-005
   5.4928394589659626E-005
   9.3206389292739146E-005
   9.1766348499149110E-005
   7.2208296199058564E-005
   5.2445740336513872E-005
   6.2185774129917519E-005
   1.3613869903256231E-004
   7.4131421312101836E-005
   7.3404958551176547E-005
   1.0051420671681664E-004
   5.8115273734049372E-005
   9.9858878953401671E-005
   6.6691826137644177E-005
   8.3483506866891409E-005
   8.4939754280555530E-005
   7.8706169944177005E-005
   8.9745269223502218E-005
   9.2373003668088421E-005
   8.3073475176977988E-005
   1.4269112706218989E-004
   6.1572371596652753E-005
   6.5638195615040521E-005
   5.8528478033877808E-005
   7.3295151007796459E-005
   9.0274407201215939E-005
   6.4711323317547754E-005
   5.6861097108692517E-005
   6.9519877442198282E-005
   9.6342643153057687E-005
   1.6717674052189616E-004
   1.2276385770807038E-004
   1.3894701635134578E-004
   7.1668548122122091E-005
   5.3195488890095211E-005
   1.4059738505031930E-004
   7.9186523163945864E-005
   7.4480229738192302E-005
   1.5233956742533597E-004
   9.9044486998778227E-005
   7.8278198736737745E-005
   7.6559806842603603E-005
   1.0234642478825130E-004
   5.0769860221516280E-005
   9.4071512626629365E-005
   8.9838104968826846E-005
   6.4050664183804538E-005
   7.5776592475417035E-005
   7.2912360347442080E-005
   1.0171933044716965E-004
   9.9782806626002145E-005
   9.1274033235465819E-005
   7.9338495307375848E-005
   8.4584934103384366E-005
   7.5313708347882996E-005
   6.1456743372348136E-005
   7.1387862839354327E-005
   7.3088791069745478E-005
   1.2747726803391773E-004
   8.2080695688424688E-005
   6.2490972266324464E-005
   6.4716090208210403E-005
   1.1401373841036146E-004
   6.3557364234497762E-005
   8.0048087176049247E-005
   6.3668464752124874E-005
   8.5397769012505092E-005
   9.9733626727312695E-005
   8.3095720252824087E-005
   7.3604138551033584E-005
   7.8186285665317342E-005
   1.2711395318913351E-004
   9.5938540986728656E-005
   6.2459090249594574E-005
   9.9606795232475947E-005
   6.4550747095906390E-005
   1.5405679106696301E-004
   6.0528539411144719E-005
   6.0613872481730482E-005
   7.7979487143481051E-005
   8.3442167546049278E-005
   7.2456876817017659E-005
   8.1057877304791131E-005
   9.9375710551798338E-005
   6.1743977227894656E-005
   7.7474536198422804E-005
   1.4909258727975486E-004
   6.1789043877704422E-005
   7.2773089879072070E-005
   7.0796687070539519E-005
   9.7257349413439799E-005
   1.6133840259446611E-004
   1.1172128899121283E-004
   6.2801391330573263E-005
   5.2164189755151646E-005
   1.3464381649747645E-004
   8.6152536715705067E-005
   1.6358886572134495E-004
   7.2493272467883459E-005
   9.2165025489364074E-005
   9.8688638749055535E-005
   9.8947968924514623E-005
   1.5523997370074535E-004
   7.9245932622588590E-005
   8.9101035923901548E-005
   3.7449014508771294E-005
   7.3094392486939205E-005
   6.8727528353115078E-005
   8.2211115523854957E-005
   8.0415099174920428E-005
   8.0112598867797144E-005
   8.9309889062172442E-005
   8.6221708428765954E-005
   7.4447131839055841E-005
   6.8843164273992309E-005
   5.5869388538674626E-005
   8.3181673959712435E-005
   1.1860135227709713E-004
   1.5851103641990573E-004
   1.0092695394975621E-004
   1.1597667595746513E-004
   6.5137667393942801E-005
   9.4161989316667537E-005
   8.6308796299209420E-005
   1.1888489842242693E-004
   1.0255425139624183E-004
   6.2417536735229242E-005
   5.0218514192296739E-005
   6.2129854358521756E-005
   1.3678561638969821E-004
   7.6120397719240215E-005
   1.2845133223381183E-004
   1.2146881427717567E-004
   1.0302633490545282E-004
   7.3678032457996396E-005
   1.3108861286946253E-004
   6.4935051675976297E-005
   8.4013787776047883E-005
   1.0827821378485032E-004
   6.6041667274598979E-005
   1.0565447862607528E-004
   9.7325601177514665E-005
   1.1215876750412970E-004
   7.3180585210014875E-005
   6.8651996844053921E-005
   5.2025921542702232E-005
   5.6321688505072628E-005
   8.2979733069827192E-005
   8.9294788012566227E-005
   5.6892935056458203E-005
   8.6098029824604390E-005
   1.0740403057368734E-004
   9.6027530143064899E-005
   1.2264326827879951E-004
   6.3913771175528813E-005
   5.8319863896026440E-005
   6.2046504914499474E-005
   7.8870221502956746E-005
   1.4156938235413723E-004
   7.6723390303160997E-005
   1.4115447199860797E-004
   1.2569949191633238E-004
   6.8058416018424060E-005
   7.9665766096821767E-005
   1.4791215138308027E-004
   8.3680494689525046E-005
   6.6437651050624410E-005
   5.3511995902976456E-005
   9.2064907143538867E-005
   8.0932899585260196E-005
   1.1548387919358749E-004
   5.8902005756203490E-005
   6.0797686342576964E-005
   4.8342738149016105E-005
   8.2256024681450277E-005
   6.2375274569436033E-005
   6.5693220283148299E-005
   1.0859675696281197E-004
   8.0427150887121625E-005
   6.5309695854797362E-005
   7.1623530763973030E-005
   6.9032060468981343E-005
   8.8662415525760758E-005
   8.3481152562945495E-005
   8.7845989856941934E-005
   9.1400607209246777E-005
   1.7942682409117589E-004
   8.1254774643777148E-005
   1.5566665911820096E-004
   1.1426870157675962E-004
   1.0153185360477718E-004
   8.0408948379949395E-005
   2.1491903321376317E-004
   1.4248068395054846E-004
   9.5872998538184151E-005
   7.7195268700916872E-005
   1.3797630240940521E-004
   5.2868021832362296E-005
   7.7463323881431318E-005
   6.5184994851497411E-005
   6.9615661293307213E-005
   7.0119582760036798E-005
   8.2995115243680092E-005
   9.8952105397073011E-005
   3.7092012477336028E-005
   1.2771112641853002E-004
   5.0720936510780860E-005
   1.9334007926425452E-004
   1.1281842846271331E-004
   1.6992027513160568E-004
   6.4294214431484780E-005
   1.1047589844739178E-004
   1.2076872392395913E-004
   9.1951225064823591E-005
   7.5933205485170701E-005
   8.8001427422650482E-005
   5.9983534292891558E-005
   1.0711198287528282E-004
   1.3009719183707793E-004
   1.0815015632045971E-004
   1.0164089873860788E-004
   7.7943080234020798E-005
   6.1342895307258774E-005
   8.4670123573496475E-005
   7.0839865651429936E-005
   1.0125704713770536E-004
   8.4808276987144652E-005
   9.6776499624829718E-005
   8.6241141674623615E-005
   7.2602932063226290E-005
   1.0775724990768368E-004
   6.2767350049386915E-005
   8.5729838321939528E-005
   8.4239904947774083E-005
   8.1772428445519557E-005
   1.0022577695646884E-004
   8.0593131132060389E-005
   1.2493451555186234E-004
   1.0091494293944236E-004
   1.4268939745745170E-004
   8.5992473304558807E-005
   6.7055849246951260E-005
   1.5464095869389337E-004
   7.1784317396644438E-005
   9.8578188744250227E-005
   9.0481516386743902E-005
   1.0147456145894943E-004
   7.7450215808042063E-005
   4.6548269248446898E-005
   7.8627100389558826E-005
   1.4731457314207761E-004
   7.3903894113503776E-005
   1.1175863101141117E-004
   9.4752486860541252E-005
   1.1403493995954992E-004
   8.6876119241913015E-005
   7.5185337776763190E-005
   6.7772747399692619E-005
   6.7053404383501616E-005
   1.0358291592711040E-004
   1.2059469413080137E-004
   1.4409300999365584E-004
   8.5178556801953004E-005
   7.4554937698587768E-005
   8.3000328016646598E-005
   3.9166449149015775E-005
   1.1994882621520274E-004
   1.2943058287446689E-004
   7.9480392538835046E-005
   8.4989059088013178E-005
   6.6929880521047943E-005
   7.6809474881479398E-005
   1.1902506770150725E-004
   7.2675143375397984E-005
   7.6965460863280988E-005
   6.6884105187154727E-005
   1.4116067255860672E-004
   1.1626874578724494E-004
   7.8750864566067626E-005
   1.1806201804810683E-004
   5.5608262572143417E-005
   6.8308153560526827E-005
   8.4337772032119429E-005
   1.1858480256552252E-004
   1.2078530622762894E-004
   8.0624143775207715E-005
   9.8068849684937993E-005
   4.9511885492923100E-005
   7.4602271218131112E-005
   7.7987658012813966E-005
   8.8706706097197788E-005
   8.6030755552913516E-005
   1.7448603449198862E-004
   6.4573987325091563E-005
   9.6025605779645010E-005
   8.5992456403471615E-005
   8.0872295321413382E-005
   1.0169159795372217E-004
   7.4505723814584880E-005
   9.3705332826426275E-005
   1.6572419433103416E-004
   8.1580833812418689E-005
   7.7774685140837976E-005
   1.1010331661917982E-004
   1.3149116387841064E-004
   8.5510637209304716E-005
   6.0265126540677140E-005
   6.4808470082085406E-005
   5.3337017643478788E-005
   1.7190461405242117E-004
   1.1667849019137796E-004
   6.6076527003734484E-005
   6.7232575737765862E-005
   6.8151162816623457E-005
   1.2479695503802126E-004
   7.6261475632540712E-005
   6.6027266063576454E-005
   6.7892984624286408E-005
   9.0361476086682133E-005
   9.2776151737325091E-005
   7.6808093331371278E-005
   1.0169992329665997E-004
   9.4515602273342512E-005
   7.0232282686966854E-005
   4.3725013470163325E-005
   9.1707029916431902E-005
   1.6104017825205354E-004
   1.1300466936930585E-004
   9.0227437243854705E-005
   1.1174030820272004E-004
   7.4158285072796753E-005
   7.0270851308217106E-005
   6.1333296526176108E-005
   7.9250361373538395E-005
   1.0798252916717012E-004
   1.0931396800974590E-004
   1.2526471804348821E-004
   6.2073040568047009E-005
   8.6222216914052477E-005
   4.7205961099925515E-005
   1.9117736780868358E-004
   1.0091192063030758E-004
   5.6561692667504716E-005
   4.8084059006565824E-005
   1.1477433263698346E-004
   7.6525277991935600E-005
   5.2500840250638533E-005
   1.3473521218582976E-004
   7.1232716711723754E-005
   6.6779391565610901E-005
   5.4115278635958273E-005
   8.0222754812811056E-005
   9.2410796867575768E-005
   8.9191769760098524E-005
   1.1297426140194803E-004
   9.4365831914336947E-005
   6.9109653941409533E-005
   6.9660555888888950E-005
   8.0085246600892081E-005
   1.3255641171091407E-004
   9.2723955437443883E-005
   7.6465969805382289E-005
   1.0988040617275850E-004
   9.5471024134808689E-005
   7.2971526282110492E-005
   9.1061855323984546E-005
   5.3349756061627253E-005
   6.4080977470527042E-005
   5.6310578004345051E-005
   8.9843663987862157E-005
   6.5210638962212372E-005
   1.1727967553558118E-004
   6.4109093461838385E-005
   7.2898314523355120E-005
   7.8612718892289379E-005
   9.1685721107301571E-005
   9.2874477280146969E-005
   7.6624379543741451E-005
   6.7875691684072726E-005
   1.1160562567188378E-004
   5.4240750538548068E-005
   7.6979223919735831E-005
   8.9778505092266020E-005
   6.3859887843708098E-005
   1.5025389225162161E-004
   4.8575495319727252E-005
   6.9614401922235336E-005
   6.2798921119526795E-005
   9.0873630523683987E-005
   6.9044278514348708E-005
   7.5242104038006097E-005
   7.9591961146351992E-005
   7.1975105267654919E-005
   7.1988505385118861E-005
   9.3602001976662719E-005
   9.1821225691314948E-005
   1.7804893110418270E-004
   7.6885847309280796E-005
   1.8363714546882029E-004
   8.6775494466862632E-005
   8.6278956888055029E-005
   8.1880774061863254E-005
   6.7057601862603340E-005
   1.2334667678185347E-004
   1.0258798502670502E-004
   8.8530958024722413E-005
   7.2600018408838435E-005
   4.9478974537530490E-005
   6.2415158471912748E-005
   8.4012607625352562E-005
   1.0918432703209395E-004
   6.6005211292758235E-005
   6.6121565299493616E-005
   7.7238921092704342E-005
   9.4734813239380830E-005
   7.9920081030275203E-005
   7.7365097303331098E-005
   4.8551763018734218E-005
   6.7687797027023866E-005
   7.3641341031308900E-005
   5.9650987245650105E-005
   1.4167508853224194E-004
   6.4269413131964813E-005
   8.2380261223109909E-005
   1.5617523486633839E-004
   8.0688329555235420E-005
   1.3650125482062841E-004
   8.3918919277886972E-005
   8.5615529459316531E-005
   8.2324491103697673E-005
   1.0815322533167325E-004
   5.1238614184026879E-005
   5.3289748690591922E-005
   7.9869654193652595E-005
   4.9922510513097298E-005
   7.9508314565801750E-005
   7.5167860363868142E-005
   9.7509557595360026E-005
   7.5331936270412342E-005
   7.8885656975601363E-005
   1.1060115028269679E-004
   1.1633386461179046E-004
   6.2951867375876785E-005
   1.3038233254066749E-004
   9.2539784382958911E-005
   8.9943192066393405E-005
   6.6614605121444417E-005
   5.6770057991968365E-005
   7.0584100306158684E-005
   1.3169390920928246E-004
   1.1349368155598184E-004
   1.2285867942877531E-004
   9.7081383634787215E-005
   8.5465899961984624E-005
   6.6802033785814060E-005
   1.1858758507304064E-004
   1.2097674716091623E-004
   1.0214731251183309E-004
   6.5421075392661999E-005
   9.4791272102240107E-005
   1.3714943850269909E-004
   6.8385254740985891E-005
   9.4111918827476663E-005
   8.3548122805422861E-005
   1.1665921267170721E-004
   1.3802189277080840E-004
   9.6770565075448507E-005
   1.0714210490432156E-004
   1.1387172027191027E-004
   1.0635289686636954E-004
   1.2339842727306192E-004
   6.7005282315768812E-005
   1.3954446337940781E-004
   1.0236896969818853E-004
   6.6111931463696624E-005
   8.6198553122461330E-005
   9.2229044690015646E-005
   7.6371941182414060E-005
   8.9104935292131998E-005
   7.4827316091332654E-005
   9.0680384699549823E-005
   9.1428455532199058E-005
   1.6477985070698824E-004
   6.0625876260878747E-005
   5.9056159583043752E-005
   1.0141850811937475E-004
   5.7780868525918691E-005
   6.3402544871720063E-005
   8.6835517200791639E-005
   6.0484575344566489E-005
   5.7195511307317636E-005
   5.4166710448799843E-005
   5.4986801496250471E-005
   5.3113966300212119E-005
   1.0401377447241408E-004
   5.4319833117689460E-005
   8.9047835090445799E-005
   6.5720659474229160E-005
   9.7057636087310783E-005
   9.3209504223510365E-005
   1.6582338587010513E-004
   1.0348699827723857E-004
   1.0246657226472316E-004
   1.0207727135046854E-004
   9.2784235441740863E-005
   9.5941600601237237E-005
   7.5133823591448472E-005
   7.4063055960249779E-005
   6.5495866319041591E-005
   1.0483494737783939E-004
   9.9655696447683873E-005
   1.4928832453693351E-004
   9.0297309851547895E-005
   1.1751368579212002E-004
   7.2216236357250396E-005
   9.5606745817319693E-005
   8.2138932642956047E-005
   8.2412928415780408E-005
   1.1010761889846546E-004
   9.3219443325026893E-005
   1.1807375447760022E-004
   1.0151057809724131E-004
   1.0590419818383697E-004
   8.2498312109965539E-005
   9.6774274436098228E-005
   7.5862613733547761E-005
   1.0697927532521892E-004
   6.5309093406985008E-005
   8.0766134539440290E-005
   5.5557352890497867E-005
   7.3606112147365409E-005
   6.2540797197927538E-005
   5.9680871439268495E-005
   8.5915092249591341E-005
   6.2941520857520952E-005
   8.0532586079988137E-005
   4.9902564497296134E-005
   5.9970541718664674E-005
   8.3848388771183189E-005
   1.3102115336631850E-004
   6.8333439676636161E-005
   8.1225615303665599E-005
   1.0120748202638737E-004
   9.7178367995882055E-005
   8.6844446455809467E-005
   6.9686887752102241E-005
   7.2535853213222997E-005
   1.0480960877808927E-004
   7.5313759448322387E-005
   7.5145271076883067E-005
   8.4175198347472940E-005
   7.4605246114125453E-005
   6.7467293414097309E-005
   1.0561774544482380E-004
   9.0507247010937725E-005
   9.1289492633167711E-005
   9.3586854823411500E-005
   7.1503939449433064E-005
   9.1840275930313173E-005
   6.7467991154850559E-005
   5.6184374127859562E-005
   6.7885794852577750E-005
   9.2437160025874722E-005
   6.6084603113555652E-005
   9.8999861498276029E-005
   7.9427759050738181E-005
   8.7096749738464990E-005
   1.1535941250279045E-004
   6.5057805067412404E-005
   1.2071190279770427E-004
   7.4720492474392039E-005
   7.3158468316993793E-005
   1.1868350758110764E-004
   7.7841835523601222E-005
   7.0896240635759440E-005
   6.5913184350204214E-005
   7.4766008444246938E-005
   1.4240433658003416E-004
   7.8061158216749906E-005
   7.7333269853596798E-005
   8.6583977991255086E-005
   5.4707803280355261E-005
   5.2841584713737272E-005
   9.2754130117538841E-005
   7.8751257883818607E-005
   1.1221433360369841E-004
   8.1544389391322359E-005
   9.4454592397252604E-005
   9.9168316715179836E-005
   1.1104894919381960E-004
   7.4347244556867892E-005
   5.9541998041365872E-005
   8.0380601577689518E-005
   1.2254138237333240E-004
   5.2791930224596682E-005
   1.1090942887909285E-004
   1.0551259380710647E-004
   6.2795173887763005E-005
   5.2561721372616406E-005
   5.5978527079030254E-005
   1.0666155347855039E-004
   7.0814854435085947E-005
   7.8000666040912539E-005
   1.2567214625818591E-004
   8.5449990249290649E-005
   1.1931538972446101E-004
   5.7779540066992758E-005
   1.0834478063579070E-004
   1.0944303433518087E-004
   1.7278002900339936E-004
   1.1207996603109622E-004
   8.7027813900990609E-005
   5.6922196605685265E-005
   1.2613356675795272E-004
   8.0681882539656585E-005
   7.9383000762709173E-005
   1.0870571467131187E-004
   1.1640328416202207E-004
   1.0202850365508512E-004
   8.0377075178962793E-005
   9.1542686469252277E-005
   6.1620539184678252E-005
   1.0965632721390691E-004
   6.8416348957522997E-005
   9.5969915452430538E-005
   1.5500642137741483E-004
   8.4587575940838839E-005
   1.3182602750981759E-004
   1.0964494271028032E-004
   1.0447210482246874E-004
   8.2421706378075393E-005
   7.3907548284909481E-005
   6.6167010846614804E-005
   8.5549944256966512E-005
   1.2560271060064104E-004
   6.4886593490298507E-005
   7.0027478003566523E-005
   1.1199676756702948E-004
   8.6396855659665400E-005
   1.1670464077369509E-004
   1.5535783863049560E-004
   7.6421373111727406E-005
   1.1738349601469291E-004
   1.5570057807167195E-004
   6.9485161563204089E-005
   6.0738216108213058E-005
   4.3702681199506006E-005
   9.1497390660210231E-005
   6.1372825898586833E-005
   7.7996582134733013E-005
   1.0108117703936032E-004
   6.2752118239114976E-005
   7.9047326114058721E-005
   7.5585568837348768E-005
   6.7977699290996030E-005
   7.5072089610621985E-005
   8.2365601179223836E-005
   1.0636614327186390E-004
   7.4507694322243807E-005
   7.0519985452471747E-005
   8.8239379952730784E-005
   6.0708955764229467E-005
   1.0892178061657395E-004
   1.0986066523402221E-004
   9.7823878635367576E-005
   9.9354093566665251E-005
   7.6532023040647425E-005
   5.6570012516340993E-005
   8.3586992841918307E-005
   7.8904861030653449E-005
   1.9506733117313128E-004
   1.2839602237214675E-004
   1.1878530263836947E-004
   9.9465821840708697E-005
   5.4842427163004670E-005
   8.3170514361383515E-005
   7.2303222903132396E-005
   1.7526131301282816E-004
   8.6459415730766795E-005
   5.9720385785265086E-005
   7.7196560051760946E-005
   6.4811648694226915E-005
   6.5342047983411270E-005
   1.0863269150514245E-004
   9.3952507150479731E-005
   7.5562224723214625E-005
   6.4704578636573155E-005
   7.7781624227311611E-005
   8.0599848001244574E-005
   1.0485780047823588E-004
   8.1351760165154308E-005
   1.1845024933907764E-004
   7.4908687431479533E-005
   8.2930707523081390E-005
   6.2329219298131079E-005
   1.3465371448430374E-004
   8.6105890954991590E-005
   1.0289145845775317E-004
   5.8903855542608493E-005
   1.0514822748554188E-004
   8.3902851115404741E-005
   1.1802852841053400E-004
   8.6346498982508514E-005
   1.1448757309532546E-004
   7.6901110830563776E-005
   6.0397775168932642E-005
   6.8650442153205178E-005
   9.4466663289973225E-005
   6.1720182983864455E-005
   1.5899889936460098E-004
