   1.2135001020455771E-004
   4.6092466283884996E-005
   5.2438652726001648E-005
   1.2458797933830157E-004
   1.2060746653867407E-004
   6.9528176683619425E-005
   8.6006547979289226E-005
   7.0450262445262494E-005
   8.4039380732520218E-005
   9.6459454688819520E-005
   1.1005410413540721E-004
   1.1816931662290088E-004
   8.6855740183572672E-005
   6.8703180483704909E-005
   7.0880848744999967E-005
   7.6233940370393574E-005
   5.7267573712906886E-005
   8.8770573402614472E-005
   1.6379303188530179E-004
   5.1740430644424197E-005
   1.3853783634350613E-004
   9.0188023322088182E-005
   9.3581863370538552E-005
   9.6794549625631881E-005
   6.4386665943929995E-005
   8.1499668676293806E-005
   1.9938842306929067E-004
   9.2374306390819258E-005
   6.4744599451794236E-005
   6.3825284110177096E-005
   1.4462755991769861E-004
   9.6763485943259978E-005
   6.7356237117897227E-005
   7.9417444542771072E-005
   9.5218858733974726E-005
   8.8977313929714701E-005
   8.1247222337671687E-005
   8.2071123741364520E-005
   5.4960362311008786E-005
   4.6842911750283375E-005
   6.2417030497870595E-005
   1.1945626950413624E-004
   1.6156243942602489E-004
   8.6958545031012567E-005
   1.0059135331089335E-004
   1.1231763808392829E-004
   9.5764384242154275E-005
   1.3434405243036674E-004
   1.0443489027269356E-004
   6.0643900168771590E-005
   4.3860622274947530E-005
   6.5792072442582799E-005
   7.1645865522907966E-005
   9.4767941088805865E-005
   9.5969168470436077E-005
   4.9260847243079289E-005
   5.8647993296021954E-005
   1.0829599738411546E-004
   1.6291011586933726E-004
   8.9750296623255634E-005
   7.9697208710368886E-005
   1.0142161868940359E-004
   5.4547172880265616E-005
   4.8138489787184381E-005
   6.7410325649606151E-005
   7.1768724834830904E-005
   9.2527565006288829E-005
   7.4015440704998552E-005
   6.2624409088717344E-005
   7.7000714085650936E-005
   9.8704697468367128E-005
   6.8370644339246520E-005
   7.3890231808258853E-005
   1.1814742279842732E-004
   1.7209332337817743E-004
   8.6347755312013704E-005
   1.2121264961411649E-004
   1.1327977948600391E-004
   7.9283532876079288E-005
   1.1625081879707461E-004
   1.0422637621755615E-004
   6.0345982431935878E-005
   1.2531600078558787E-004
   8.7422266994209460E-005
   7.6087964976073879E-005
   8.5427416775801744E-005
   1.1425321533995174E-004
   8.2144956657701642E-005
   5.8865540975474025E-005
   5.1846695474764487E-005
   8.1501720787683762E-005
   6.1978733384685387E-005
   6.1192046855038546E-005
   6.5151738354880993E-005
   1.1548030150294534E-004
   6.8857681164654773E-005
   1.0708922633351972E-004
   1.0417951055951568E-004
   1.0504094756118231E-004
   1.1280086811656608E-004
   9.3063295494102074E-005
   5.2561852347046499E-005
   7.0041891312671445E-005
   8.8625846500773068E-005
   6.4917610460696684E-005
   8.9736727362162901E-005
   1.3412045613822791E-004
   7.1826476887255732E-005
   1.2250287107316076E-004
   8.0151753901097839E-005
   1.7950414599449021E-004
   9.2634765194402600E-005
   7.1465436368231203E-005
   7.7914560052306261E-005
   1.0622010767464367E-004
   6.0379572772877168E-005
   8.4957848294861703E-005
   1.0275282615841495E-004
   7.1921188469197813E-005
   9.4883778145057971E-005
   8.9370939729165611E-005
   1.0615998718351424E-004
   1.1434273514366187E-004
   5.8166018483743824E-005
   7.8824957422784231E-005
   1.0109946341836522E-004
   8.0985836894878672E-005
   7.1757783252324040E-005
   7.8777633088240504E-005
   1.4229502793803442E-004
   7.5367676393688196E-005
   8.0977018050157622E-005
   6.6045705829017258E-005
   7.7407961127730300E-005
   1.0780754981680282E-004
   1.2649600080445956E-004
   9.8948889117477209E-005
   8.1486663102122486E-005
   1.0649388071483515E-004
   5.2442972496476852E-005
   7.6826358482115221E-005
   1.4223409191617352E-004
   1.0021321699687972E-004
   1.2578420028308641E-004
   7.2140546112772649E-005
   6.9940940233909662E-005
   8.6479284281575842E-005
   1.2392148977054639E-004
   6.8938503672759610E-005
   6.6002695729313999E-005
   9.0649334362115312E-005
   5.5806148169610439E-005
   9.5954388533236315E-005
   7.4154911165253825E-005
   4.6182988587614479E-005
   7.1971233059352476E-005
   9.6534807517349722E-005
   7.4709295919448470E-005
   2.0042372115769438E-004
   1.5006279478104516E-004
   7.7385289037347759E-005
   5.2190126454695450E-005
   7.7502010569316233E-005
   5.8114528653748198E-005
   8.1664127520646342E-005
   1.0710969318616318E-004
   1.0315922744769779E-004
   8.4380672464593018E-005
   8.6352770968602045E-005
   9.4818729785351480E-005
   8.4658949212292102E-005
   5.9839669055876118E-005
   6.8471274750264371E-005
   9.7422198668965058E-005
   5.8982751890664393E-005
   9.0963738554914155E-005
   5.2064832267004698E-005
   6.9815848107270578E-005
   1.0126174842166240E-004
   9.4109793200813398E-005
   1.0452404230152027E-004
   7.6654067318714854E-005
   1.0405728419361753E-004
   8.3807913089372510E-005
   7.8559953854329240E-005
   1.3018984047622218E-004
   9.0055831337549220E-005
   8.9116107406810678E-005
   8.0394181192534707E-005
   5.1030258792890557E-005
   1.0567487180112273E-004
   1.0743128131696797E-004
   5.6626014557368911E-005
   7.5198425927696508E-005
   7.6250889229590783E-005
   8.2255564209144660E-005
   8.4681610216904077E-005
   8.5676330405343436E-005
   6.3431832367152562E-005
   8.3322810244694295E-005
   1.1864762489320073E-004
   1.1557338763676387E-004
   1.4271430167106381E-004
   7.8050458783479414E-005
   8.1782189699878185E-005
   8.6541855232232306E-005
   8.4494770191833061E-005
   1.0382248742043078E-004
   7.6483860934382128E-005
   6.6509987883990577E-005
   1.1713231706009468E-004
   1.3237893563497805E-004
   7.5241156678919303E-005
   1.2456894294444256E-004
   1.1715599155439568E-004
   1.1253627937151772E-004
   6.1507741441928679E-005
   9.6681224183485745E-005
   7.0882997705192080E-005
   5.2954047638600341E-005
   1.5560154853956441E-004
   9.2980058274969019E-005
   8.4913363403824507E-005
   7.9407693027124153E-005
   6.7506598876987322E-005
   5.7112805572301375E-005
   6.5916689866611140E-005
   1.9439995729004703E-004
   8.7637483169308221E-005
   1.3287446971755351E-004
   1.0406910559819800E-004
   1.3159247774495862E-004
   9.4105639163454837E-005
   1.0387602613592660E-004
   1.1625711531799503E-004
   1.1083770058168905E-004
   8.8187540655359513E-005
   9.7448838143879719E-005
   1.1837615034809325E-004
   1.0774779389542714E-004
   8.2048622384819014E-005
   6.9089710450919017E-005
   8.5690110609506771E-005
   9.4200610855675951E-005
   8.6981233417608863E-005
   7.1417238417560770E-005
   9.0923658912135069E-005
   1.8316700793538998E-004
   7.5216764488634391E-005
   7.0621515129231358E-005
   1.1122707480247161E-004
   7.1852727250956832E-005
   1.3961563067529383E-004
   5.3588831609711719E-005
   8.5995710350672129E-005
   9.8413313083079814E-005
   7.7247869663604938E-005
   7.9024394891570623E-005
   6.9794920510240938E-005
   9.2744077809747664E-005
   7.8062766358002149E-005
   1.4165781403895658E-004
   8.9159716305950716E-005
   7.2456633249369553E-005
   7.4041345005777586E-005
   4.9058238803710276E-005
   8.3499908907048008E-005
   1.0476804988336356E-004
   1.0016480972319272E-004
   7.0332835424255833E-005
   1.0658714122693638E-004
   7.9375803498847554E-005
   7.2757560133871396E-005
   1.8637008797016039E-004
   7.1519218064762283E-005
   9.2243881595702857E-005
   7.6271730450858777E-005
   9.2683504406450547E-005
   7.5974828623447406E-005
   7.9415871382391981E-005
   9.8111184923784222E-005
   1.0365518513706164E-004
   9.6266879505039926E-005
   7.3161907136293802E-005
   1.1486825880207073E-004
   6.8943368355202549E-005
   6.3072897617196875E-005
   1.0562618250697609E-004
   7.4937166167116339E-005
   1.2807633599074068E-004
   7.8398862062124163E-005
   1.2802297956335151E-004
   1.1711979770392980E-004
   5.1903981712696047E-005
   9.0364493653266462E-005
   6.8159678452108657E-005
   7.1977311711037277E-005
   6.8063661168495999E-005
   9.1775323996978059E-005
   7.5098067871847565E-005
   9.0093939633222148E-005
   8.1997538785806830E-005
   1.0188576937554510E-004
   8.9121535263613627E-005
   7.6819885687491620E-005
   8.6003019003323217E-005
   7.8087802267479717E-005
   1.4237534966841982E-004
   9.8188005838690130E-005
   1.0686463585873062E-004
   8.8398112877717173E-005
   5.4760226874860882E-005
   8.2138829667897012E-005
   8.6167362410298498E-005
   1.4033763021982086E-004
   9.1963418128640016E-005
   9.0397735935928106E-005
   8.1935224094718511E-005
   5.7878895422687064E-005
   7.0475409931224930E-005
   6.1987887749011090E-005
   5.4713933631924717E-005
   1.0612126421082991E-004
   9.9195070101560368E-005
   8.7061946499039598E-005
   9.6364824085381966E-005
   8.9948491405559541E-005
   6.0121996208274181E-005
   9.4416056579037312E-005
   9.9792971598466310E-005
   1.0938763867413089E-004
   1.2208917112928373E-004
   1.4243895336403620E-004
   7.1461661147118226E-005
   9.1621244584729934E-005
   8.0788285583644921E-005
   1.2935047708497014E-004
   1.7019767948842887E-004
   8.3759628321102635E-005
   8.7441743379110200E-005
   8.4180264857411634E-005
   6.5355449291560675E-005
   6.6414399581068718E-005
   1.8067686058470382E-004
   1.2113458196283396E-004
   1.0655857063815503E-004
   4.6986540908510298E-005
   7.4990959162412064E-005
   9.0784703829792439E-005
   1.1082698187914735E-004
   6.5153457037505258E-005
   9.2548315905069921E-005
   9.2201687705522866E-005
   7.0960049440302829E-005
   5.9121821841862988E-005
   6.3582169730849820E-005
   5.1520257950634751E-005
   7.1511767434394977E-005
   1.0185482540024623E-004
   1.0494153759849309E-004
   1.1552130747595037E-004
   8.4688841631243010E-005
   6.4993081277108517E-005
   1.1208629956954159E-004
   8.0539986865226876E-005
   1.0510416769972896E-004
   8.3591920442940419E-005
   2.6575398238216203E-004
   1.0802507528020881E-004
   1.6792076421318148E-004
   5.5952471619418780E-005
   7.9966893176510088E-005
   7.6380885985466671E-005
   1.0941400580211459E-004
   9.1707760450730890E-005
   1.1442683370282842E-004
   5.3585291163015630E-005
   7.9335503594797494E-005
   1.1539166476501389E-004
   5.9597971537283164E-005
   1.2524220671946803E-004
   7.5620583051043790E-005
   7.2347825104951597E-005
   8.5193155845148997E-005
   1.0691297344004691E-004
   7.5448441976272922E-005
   4.3809947587609704E-005
   1.0165233588895343E-004
   7.2860208096867568E-005
   1.1171918677225882E-004
   1.3542085656755999E-004
   9.0774258870516042E-005
   9.0225546643977328E-005
   5.3083368096413640E-005
   5.0101407883713696E-005
   6.0616798140510189E-005
   8.6955817718060158E-005
   8.4616820165441548E-005
   6.2768507036938022E-005
   9.1537599678879702E-005
   5.1980422198196218E-005
   8.8500721834333513E-005
   1.5597585096092185E-004
   9.3020493439320952E-005
   7.4173650670760079E-005
   1.3614092236119326E-004
   1.3204567884677855E-004
   5.0182892944001633E-005
   1.1466033980517996E-004
   7.4857613524422813E-005
   8.5270710335375361E-005
   9.2939542365395541E-005
   5.2967088194040249E-005
   7.3727739099051866E-005
   9.5730347063141579E-005
   6.0299470769668067E-005
   7.0559095895338179E-005
   1.0800561273436286E-004
   7.2816159969911479E-005
   6.5951201069259813E-005
   6.3967115520681216E-005
   9.9431028045062695E-005
   6.7762762811883245E-005
   8.2577226683353016E-005
   6.2942976030087652E-005
   8.0765251060799446E-005
   6.4975876815323845E-005
   8.8147231037412395E-005
   1.3503667024472948E-004
   7.8155052403610056E-005
   1.0126318247932125E-004
   9.9133593745668599E-005
   1.3467004228457291E-004
   7.9014268256606069E-005
   7.6960429490954393E-005
   9.5118221292716078E-005
   7.8982876067006479E-005
   7.4940266532339491E-005
   1.0456627336459116E-004
   8.4796321784483681E-005
   6.1936138762415944E-005
   1.1987562871073129E-004
   5.2606518972796199E-005
   1.1117234465650697E-004
   8.6960786113947803E-005
   5.8354723608575766E-005
   8.4823842866923470E-005
   6.9771716259064368E-005
   7.9739649509713757E-005
   1.6608909491760642E-004
   1.1385646146812179E-004
   1.1571880889943407E-004
   7.4995818377914910E-005
   7.7958517010037837E-005
   7.0461192633430978E-005
   8.6096693239177513E-005
   1.1234498516568839E-004
   8.2745876257790511E-005
   7.9055791528316423E-005
   7.6949923087068193E-005
   1.0416608365538330E-004
   5.9970405870600377E-005
   1.3408166998589319E-004
   9.8292290120306278E-005
   1.0434247992183496E-004
   7.0084028597440674E-005
   9.1450134315599645E-005
   1.0356488813701340E-004
   9.9978505014667275E-005
   5.8755870703129119E-005
   9.1318406483977834E-005
   6.3459295070113529E-005
   7.4669683149887340E-005
   4.5195287540639733E-005
   9.5994995776932133E-005
   7.4594225354915851E-005
   1.2861224154043561E-004
   8.4631570192794696E-005
   8.5503323232444335E-005
   7.9592588826425789E-005
   7.7582192046719541E-005
   7.3666269823706898E-005
   8.4030237237755367E-005
   8.1871439419838464E-005
   1.0185560636929704E-004
   7.8772784812610066E-005
   9.5165351597604060E-005
   7.3712414134956405E-005
   5.5863288546658799E-005
   1.4073481915053161E-004
   8.1174136906258634E-005
   6.4535637145976947E-005
   8.5327971201558660E-005
   7.1401177780302933E-005
   7.3651364762586215E-005
   5.5710279644055701E-005
   1.0702694990579851E-004
   1.1669302777504469E-004
   7.8847479416981400E-005
   9.3864776989947894E-005
   7.7363595730546556E-005
   5.6597863346676499E-005
   6.5439575519015563E-005
   8.9415503183351929E-005
   7.7282445986097130E-005
   6.3940402917759582E-005
   1.5821809265609954E-004
   9.1819275149995300E-005
   7.5459141413835432E-005
   8.6943495050007604E-005
   5.8451470970378765E-005
   1.1053939868660876E-004
   6.8268832877169499E-005
   6.9351950086741614E-005
   8.9133095326963014E-005
   5.1990629340620242E-005
   9.0247536390397856E-005
   8.0228520938487610E-005
   1.2694705544309757E-004
   7.7065962743999331E-005
   7.2975131064527800E-005
   8.2918527362569231E-005
   8.8375367319220267E-005
   8.5131569249167723E-005
   1.4545672417031101E-004
   1.0382362712026956E-004
   8.7671613694520354E-005
   1.0278263317645827E-004
   8.4119285292651237E-005
   7.8623968219439054E-005
   1.3020209521669561E-004
   1.3597236348378530E-004
   1.2580442787939904E-004
   8.8921852966184471E-005
   6.6239117205874672E-005
   9.9396983958052428E-005
   1.0260268489923444E-004
   6.6834437519430994E-005
   9.9823995155569112E-005
   1.0817555016108672E-004
   5.7957090532528706E-005
   6.7517869794171215E-005
   9.1903430461362184E-005
   8.9017648473614967E-005
   8.1751362069837542E-005
   8.9107248703639171E-005
   4.8964902540525437E-005
   7.8538958998078092E-005
   8.2635693025023718E-005
   7.0399098607831808E-005
   1.2656202235992648E-004
   6.3849631125655174E-005
   1.0993511594745727E-004
   4.7517446793619313E-005
   9.7908700359445499E-005
   5.4355089751126850E-005
   5.7158774125049481E-005
   9.1995075802550397E-005
   9.3540307342481261E-005
   1.3006762140198308E-004
   6.0227189263015516E-005
   8.3919151167719571E-005
   5.5425678024154046E-005
   8.4112974942256901E-005
   6.3710978049247112E-005
   1.3926181608634778E-004
   6.7531885179270893E-005
   1.5759734968356811E-004
   8.3258285827905122E-005
   5.6932308047958686E-005
   1.0322672200840008E-004
   9.3005266528013765E-005
   1.1220562309406591E-004
   1.4245105400113097E-004
   5.6713006527515952E-005
   1.3150007370547626E-004
   8.8838637766187713E-005
   5.5980853225943724E-005
   1.6774785674817226E-004
   5.7326274772246507E-005
   7.1009594334095906E-005
   6.4023849094667603E-005
   8.4800241066436793E-005
   4.9869818068333154E-005
   1.1450811900551861E-004
   8.4052470415191732E-005
   8.2987384086214029E-005
   8.6358255294982625E-005
   8.3000464230430516E-005
   9.8921629134891357E-005
   8.9290964473625876E-005
   1.0589849085717680E-004
   9.7217795211840767E-005
   8.5877181141754216E-005
   7.5424411108273524E-005
   6.7270235065730821E-005
   9.0899059945333458E-005
   8.0191688838134840E-005
   1.2001331983289937E-004
   9.8597762126390674E-005
   5.2946641495929745E-005
   7.4239319916057206E-005
   8.9296488028349605E-005
   8.7996839319250564E-005
   1.1721757131459112E-004
   8.2836741365424011E-005
   1.0005918441921913E-004
   9.1836898107464340E-005
   7.7622006873274353E-005
   1.6447985435802013E-004
   6.9016106246606610E-005
   9.9184362093212054E-005
   7.3669152978295412E-005
   6.7336150666382657E-005
   1.0401261880328374E-004
   7.0280951349936910E-005
   6.0778655343941833E-005
   5.7688765446727690E-005
   1.7347836040026914E-004
   7.3265081910537026E-005
   8.4680791507838013E-005
   8.0345389822301206E-005
   6.8296151752584658E-005
   6.0556466723002871E-005
   7.7582189269479935E-005
   7.0979775901817093E-005
   9.6741025161547028E-005
   1.1668485730818207E-004
   7.7641928653041033E-005
   6.3331726308024798E-005
   7.0570689461498402E-005
   7.2592647474655744E-005
   5.9413262832116709E-005
   9.0213796995530307E-005
   7.6114173146296424E-005
   7.1905293061526689E-005
   1.4846263058629304E-004
   7.2721587080184838E-005
   1.2361452049451641E-004
   7.3507516738887532E-005
   9.7430128700454286E-005
   5.3012023070742270E-005
   8.8544572935477610E-005
   1.0825712470662475E-004
   9.8465649753097842E-005
   5.7441212386438109E-005
   1.1137831803188307E-004
   1.0225346645201133E-004
   9.4866420668450807E-005
   5.0106105526052331E-005
   7.8077017949152531E-005
   9.9945076233917717E-005
   1.0040719233336232E-004
   8.5509363792410121E-005
   6.3142842906325345E-005
   7.3845545286443408E-005
   1.9183111196766669E-004
   5.1780247958414410E-005
   4.3164662633090876E-005
   9.5025784339128685E-005
   8.9013111760112527E-005
   5.4750215594442407E-005
   6.6832318231889367E-005
   7.2638995991463218E-005
   8.1158405895100569E-005
   7.4374676955588960E-005
   7.8910527136852657E-005
   7.6839862106993799E-005
   1.2159446700050423E-004
   1.0260121793668168E-004
   8.4660816668447256E-005
   9.7111030207718311E-005
   9.7054081662081986E-005
   7.4141356085670912E-005
   7.2569288202389663E-005
   1.7386570954463837E-004
   6.2974681934982655E-005
   9.2286398854109290E-005
   7.9566773947776354E-005
   1.1969537436566236E-004
   8.1905383870168518E-005
   7.9121224074294794E-005
   7.8495156775870890E-005
   1.1093717089025792E-004
   6.9016761530920739E-005
   6.8353220758182365E-005
   1.1076460117320715E-004
   1.1026237185853722E-004
   6.5206039138516659E-005
   1.0750764559056713E-004
   9.1510884390370043E-005
   7.8564693046638282E-005
   1.2371416050507131E-004
   5.3356660761973540E-005
   9.6874362390449024E-005
   8.0707513412599298E-005
   1.5853935651975813E-004
   8.1057624313254299E-005
   8.7648414785110337E-005
   5.9820386702883785E-005
   8.3388957064678263E-005
   9.3316669827827169E-005
   6.3878248130388321E-005
   1.0578255541731666E-004
   8.0395257423086596E-005
   7.3783062036516313E-005
   9.8249029988502310E-005
   8.6560727862310406E-005
   7.9555245548477554E-005
   8.0851069017345511E-005
   1.1434537395362838E-004
   7.4814052776874687E-005
   9.1054627453668639E-005
   6.8202493234122865E-005
   5.7928067564973729E-005
   6.2240740622823947E-005
   8.2486421514186859E-005
   6.5885468210039746E-005
   7.1986626622913644E-005
   7.2082347872103389E-005
   8.8278012897962318E-005
   7.5925589356039573E-005
   7.0057397885733052E-005
   7.2989250890861297E-005
   1.0433223812522321E-004
   8.8269656672026588E-005
   5.4024265408415673E-005
   6.1430774908450070E-005
   7.8056930134782834E-005
   1.1075927345328630E-004
   5.7845456773567957E-005
   7.7129272742186772E-005
   1.3514874063092031E-004
   7.6838746112635432E-005
   5.5598084721552133E-005
   1.2695545060814175E-004
   6.4487786343980701E-005
   1.0303017273183190E-004
   1.5648092926522333E-004
   1.1678972353994949E-004
   2.1840958526538558E-004
   7.8202383966086391E-005
   7.8541862467870145E-005
   1.6666052965337198E-004
   1.0821898868931142E-004
   7.4690971865374302E-005
   6.8322797701645936E-005
   7.3681521732609008E-005
   7.6553650366878323E-005
   1.0292732859171039E-004
   1.3493983444137211E-004
   7.9839454839608705E-005
   1.0890900953621337E-004
   1.1341080065760319E-004
   8.5052670166276922E-005
   1.4824742112382888E-004
   8.2954090074618492E-005
   5.0288849927670924E-005
   6.8696627677225484E-005
   6.6953727275362499E-005
   7.6630159391581263E-005
   9.8728863288285686E-005
   1.1637815351139719E-004
   6.6743500730651151E-005
   1.0596489743787012E-004
   1.1227095276941793E-004
   8.3496505167535653E-005
   1.2653215815324790E-004
   9.2592190008015110E-005
   8.4788939867384442E-005
   6.7608189378144833E-005
   8.8335404716584302E-005
   7.5274724616708702E-005
   1.0500736118829354E-004
   6.2211496912235146E-005
   1.3637235085761843E-004
   6.9260576226706295E-005
   9.8410654142785391E-005
   1.4232407574709072E-004
   5.8996150975125335E-005
   7.8103875738332214E-005
   9.3291561893703114E-005
   9.0890327641044252E-005
   5.9131634802680250E-005
   7.9150065462561356E-005
   7.0233365460503606E-005
   8.6264586705369942E-005
   9.5500530630693563E-005
   1.0223343651722614E-004
   9.9677454285972597E-005
   7.8480664069867598E-005
   8.3498820395656390E-005
   1.0103783584715321E-004
   1.0773517540339065E-004
   6.7816421434519270E-005
   7.4206946639971368E-005
   6.0386836492885302E-005
   6.7090253335411063E-005
   7.1248453802818870E-005
   5.8919396679853248E-005
   6.0622296093257731E-005
   1.6158998347613616E-004
   9.1739056411063683E-005
   1.3313535664862737E-004
   8.0246076444620603E-005
   8.4950496748475529E-005
   7.6976458011782719E-005
   1.0331544170247938E-004
   5.0650127219292004E-005
   4.6836299012801034E-005
   5.9426695669820147E-005
   5.8273303079476158E-005
   7.5117556217985725E-005
   8.5155264580803684E-005
   7.6015662445144011E-005
   6.6904578738089294E-005
   1.5490086976656514E-004
   1.0754891348455222E-004
   6.8718048126250803E-005
   6.7650732436318198E-005
   7.1323153537850383E-005
   8.2080082035121507E-005
   7.9713725862775065E-005
   1.2692040811454347E-004
   9.5918380597679226E-005
   6.1800082050642157E-005
   7.1751746154129177E-005
   9.2241869198012786E-005
   9.5922569490081023E-005
   6.6759670221295985E-005
   1.0492812401087989E-004
   5.8788037241779370E-005
   8.4852893421827994E-005
   6.2398142490780522E-005
   1.0562447122233512E-004
   1.1347675772122133E-004
   1.4406652361575466E-004
   6.7232121124079187E-005
   1.0263304876552538E-004
   9.6140723336923058E-005
   9.6814425527909132E-005
   8.7399528336379239E-005
   7.4727655125181091E-005
   5.9540468805853535E-005
   7.8679834468296203E-005
   7.8190026711468969E-005
   9.9456171033224412E-005
   9.4746141684530743E-005
   8.0091534464137108E-005
   1.4232002658588956E-004
   6.6111486914453301E-005
   1.3033885971605174E-004
   6.9652921171179391E-005
   1.2650816881790185E-004
   8.5071553549347065E-005
   5.6142619752376784E-005
   1.0913603911218573E-004
   1.1071729280403223E-004
   1.0562478101636545E-004
   1.1052048593013735E-004
   6.8319307862741181E-005
   7.1796712302083692E-005
   7.4592038317934702E-005
   1.3265153804349039E-004
   1.3556670517895467E-004
   6.9064574267476198E-005
   7.1767211121031809E-005
   8.0542888648040965E-005
   6.8884494339798222E-005
   8.6507164744353647E-005
   4.4990208676435643E-005
   6.6423587381173442E-005
   9.6068469087537059E-005
   1.0266984378231508E-004
   1.1577504119145668E-004
   5.0660927796981034E-005
   1.6644447422746063E-004
   1.0035165587240108E-004
   5.6771011182091076E-005
   1.1221649424031509E-004
   6.9354861421742193E-005
   7.9859447351584144E-005
   7.7117046461896925E-005
   6.2281807297240310E-005
   6.9056744279751272E-005
   1.1329381763460098E-004
   1.5541825138518553E-004
   9.6208310577146125E-005
   1.2486685509060483E-004
   8.2959189203740284E-005
   5.9000363302019136E-005
   6.2152704924798761E-005
   7.0901077049855961E-005
   6.8061336140718759E-005
   1.0181052987037510E-004
   6.2956729797712834E-005
   7.4126663911811379E-005
   1.1740257178336249E-004
   8.2055685184707664E-005
   5.5116138535779594E-005
   1.0726865962440787E-004
   7.5912666616523742E-005
   1.0205794915964429E-004
   1.4305316206596587E-004
   5.6069833185329582E-005
   7.0715552191638283E-005
   1.4855642501212556E-004
   4.4785897443168390E-005
   7.2961608118735416E-005
   5.8559298436158916E-005
   8.5247135800201710E-005
   6.2372619848643121E-005
   8.7402338938420598E-005
   8.6291130002065717E-005
   1.0525815276275224E-004
   5.5942386043547221E-005
   9.0708430537127460E-005
   6.1297695166320009E-005
   8.1632022195192130E-005
   6.6595949278172340E-005
   5.1772134219154073E-005
   8.7555904086278645E-005
   5.7704485881743648E-005
   6.4841849054821538E-005
   7.4148088043710339E-005
   7.3135510408512869E-005
   7.2067233961376463E-005
   9.5810905239351217E-005
   9.7907849311706070E-005
   6.0263324892871675E-005
   5.7763753980010847E-005
   6.5696396933984978E-005
   5.8848363153862982E-005
   6.8341299044826650E-005
   5.7407301762927764E-005
   8.1981030888456465E-005
   8.4693184796612431E-005
   7.8534832767540775E-005
   5.2031525046866062E-005
   6.3363931315888256E-005
   9.4602448462861532E-005
   1.1379369633245411E-004
   5.9377514058929658E-005
   6.0651206376773925E-005
   1.0565914218220771E-004
   8.9018722361528104E-005
   1.0282443286887992E-004
   7.8581506612354822E-005
   7.2244762220640630E-005
   8.5911243438048960E-005
   1.1154678346292585E-004
   1.1165656660517194E-004
   9.8400440339032754E-005
   7.3031855186920193E-005
   6.9538660134505528E-005
   8.2225426234193441E-005
   1.6161009664565832E-004
   1.1055148788084234E-004
   5.7977292941879546E-005
   6.9686509968140142E-005
   7.9744201379893922E-005
   9.3916796629164748E-005
   7.2419578539034536E-005
   6.1313162312276630E-005
   7.2618012792866160E-005
   5.3708152210240141E-005
   8.8216185078276988E-005
   1.2414191935438920E-004
   1.0950754514032297E-004
   8.4708470175334853E-005
   9.7834828245086541E-005
   6.1247065260331690E-005
   6.3277326620161321E-005
   1.0317923653190306E-004
   7.4210700358347647E-005
   7.2334240857325799E-005
   8.1640429483049748E-005
   5.8238949943037467E-005
   1.1959834670144499E-004
   6.5606270324131591E-005
   7.3751072308461850E-005
   1.0462865795546862E-004
   1.4395142662410011E-004
   6.4539729633893180E-005
   9.4895074937198352E-005
   8.2135102294889667E-005
   8.2708107073054438E-005
   9.0462495836465476E-005
   8.8330910315941933E-005
   8.6039402066779929E-005
   9.6109885763677382E-005
   1.0286519083826006E-004
   1.3558493280744073E-004
   5.2926867197981110E-005
   9.4993662200211458E-005
   8.8559210474690211E-005
   1.3433555913476767E-004
   1.0158393645894983E-004
   7.2128179048368049E-005
   1.3107192110873146E-004
   1.0516719977657524E-004
   1.8384696614197612E-004
   8.0808123429816284E-005
   7.2652031543570742E-005
   7.4314170128172597E-005
   1.3425250609823050E-004
   8.1226989807903661E-005
   7.5533340876870103E-005
   6.3318009725011153E-005
   7.3129853594114009E-005
   7.6285539375759123E-005
   7.7836575214979616E-005
   1.2508514840798497E-004
   1.0194440804046147E-004
   8.2143631533826701E-005
   6.9378334116858786E-005
   6.0152757064092429E-005
   6.4974525723212324E-005
   6.6471976160382217E-005
   5.3497447491908749E-005
   8.7427872604345242E-005
   8.9042657543691580E-005
   7.1976174516377793E-005
   5.4919821984502654E-005
   5.8715433948744115E-005
   1.2778640043092527E-004
   7.1424531655887079E-005
   7.2999053335939706E-005
   9.3893067770300077E-005
   6.3216465843599534E-005
   9.4859202619149683E-005
   6.9971633607053053E-005
   7.9487746806785811E-005
   8.2204232543167246E-005
   8.2910480389669197E-005
   1.0599606227689010E-004
   9.8264976820583818E-005
   7.8711493436130510E-005
   1.4160128036747643E-004
   5.7879238705775435E-005
   6.4824698993788701E-005
   5.7008423306726586E-005
   8.9047759592489009E-005
   8.3820969258736227E-005
   6.3192163230773571E-005
   5.5381049713105395E-005
   6.8675676011260617E-005
   9.3974874405440854E-005
   1.5716159158079594E-004
   1.1387418722902241E-004
   1.3683962222802327E-004
   6.7590704754208505E-005
   5.0718610475081224E-005
   1.3734496886279286E-004
   7.9953210520097541E-005
   7.0185579092096087E-005
   1.4097016728768113E-004
   1.0132787910365619E-004
   7.8009693057312906E-005
   7.3508614924565371E-005
   9.7026747265730389E-005
   4.9855917983282355E-005
   9.2994196398265460E-005
   8.6195346988578587E-005
   6.0607985015871031E-005
   7.2348954717184208E-005
   7.0838828332708755E-005
   1.0321759147146370E-004
   9.3181082165935840E-005
   8.4848856384483833E-005
   7.9038356045921219E-005
   8.1438433960807639E-005
   8.1968552511974024E-005
   6.1165207525838339E-005
   6.7433149902745059E-005
   7.1452519022634800E-005
   1.2257355924219992E-004
   8.6846730527492599E-005
   6.1397949596543334E-005
   6.8550423511677252E-005
   1.0695765937991135E-004
   6.0976314852359747E-005
   7.3527169002543882E-005
   5.9149211304166241E-005
   8.0127733257669129E-005
   1.1637618813105056E-004
   8.1555505280421196E-005
   7.0245045872069492E-005
   7.5572280329549505E-005
   1.1995768963517286E-004
   8.9781555551364243E-005
   6.1996093851734334E-005
   9.5758185219080999E-005
   7.1798471344814422E-005
   1.4232349130239609E-004
   7.6317383505887171E-005
   6.0259749091875918E-005
   7.7054767876989598E-005
   8.5396761322336371E-005
   6.9783585553660483E-005
   8.3766634556027661E-005
   9.2889189657682203E-005
   5.7583482808588913E-005
   7.7767461803264888E-005
   1.4347499297486186E-004
   6.1190468850832739E-005
   6.9061751162374403E-005
   6.7582669083970294E-005
   9.5976578920969151E-005
   1.5514986998969984E-004
   1.0920106346429546E-004
   6.0258564348777913E-005
   5.2009331603816776E-005
   1.5518276463534074E-004
   8.4931913001602140E-005
   1.6838650174711179E-004
   7.1566773074746782E-005
   8.6772673849330151E-005
   9.8345339135131823E-005
   9.5465740051364192E-005
   1.4597095656450999E-004
   7.5100548693624142E-005
   8.2727884003311303E-005
   3.9307836373684938E-005
   6.8621988145554252E-005
   7.1201724893915427E-005
   7.8415695113267104E-005
   8.0050050098367113E-005
   7.6485556282755330E-005
   8.9760291976737622E-005
   9.6671174510713887E-005
   7.0851732309799433E-005
   7.0745065027254253E-005
   5.3302522074810445E-005
   7.7782020204827715E-005
   1.4810371045388871E-004
   1.4816415070416901E-004
   9.4776040639754083E-005
   1.1199403542827948E-004
   6.5061122673416096E-005
   8.9672157591783730E-005
   8.0930962608616040E-005
   1.1622580282275013E-004
   9.7855196771034516E-005
   6.8299079529597837E-005
   6.5424304011864283E-005
   6.0015746500954815E-005
   1.8070075058557983E-004
   7.3518084922005378E-005
   1.3362916570917763E-004
   1.2023121987556348E-004
   1.0021261664552374E-004
   7.6412964931307179E-005
   1.2232935293994264E-004
   6.2573647397536037E-005
   8.0653762192937388E-005
   1.0638816465878875E-004
   6.7439136639928270E-005
   1.0864118134872204E-004
   9.2526962387899476E-005
   1.0484240752229450E-004
   7.8518688659521765E-005
   6.9087131656894436E-005
   5.2195059084914930E-005
   5.2972705517046504E-005
   8.0406376152328146E-005
   8.6541276310858725E-005
   6.2695156855355116E-005
   8.4359866646925200E-005
   1.0000005630387617E-004
   1.0868520755283414E-004
   1.1683380963776999E-004
   6.2600315327921940E-005
   6.0168552483821635E-005
   6.3218092323921962E-005
   7.5823053825789470E-005
   1.4041609191160060E-004
   7.9729285180156733E-005
   1.4885300911353467E-004
   1.2114112999406125E-004
   7.0570966401435693E-005
   7.5844764354351393E-005
   1.4910601050437735E-004
   8.5013421248198671E-005
   9.1638143451062707E-005
   5.3334437491827814E-005
   9.8841956114164171E-005
   7.5879878010668493E-005
   1.2499925056787863E-004
   5.8942496648538185E-005
   1.0541191477538830E-004
   4.7768447568655159E-005
   7.7409340061936120E-005
   5.9029817858768326E-005
   7.2445295249379566E-005
   1.0744247940996983E-004
   8.0114468798204031E-005
   6.2076241410878369E-005
   7.1498326604996153E-005
   6.6591149556862080E-005
   9.4788363244009430E-005
   1.0774689872828521E-004
   9.5853542294389019E-005
   9.0257538284649967E-005
   1.7921823464430803E-004
   8.5720872316123373E-005
   1.4420622982743963E-004
   1.1033959452818850E-004
   9.3760592714130147E-005
   7.6293410583866964E-005
   2.0244406725861987E-004
   1.3608035372718558E-004
   9.2149633180423703E-005
   7.8466659906896953E-005
   1.3368401271043895E-004
   5.1112253619146119E-005
   7.6119357156557809E-005
   7.1896104698876661E-005
   6.6143620541458815E-005
   7.5332670197784357E-005
   7.9993150220142591E-005
   1.0314574766808630E-004
   3.9812972101901001E-005
   1.2022182669719952E-004
   4.9251411117263794E-005
   1.7775133867306835E-004
   1.0418567985986466E-004
   1.5859882672771155E-004
   6.0173057455479069E-005
   1.0497118349933088E-004
   1.1181666935886916E-004
   8.5772903474809673E-005
   7.3347515463548812E-005
   9.2034375396255971E-005
   5.6955142766686520E-005
   1.0781091780653018E-004
   1.3461603441223706E-004
   1.0911889097533292E-004
   9.8346589780015119E-005
   7.6436067651737495E-005
   5.8357110978412960E-005
   8.0094501213556318E-005
   6.7157001802621279E-005
   1.0066498211211926E-004
   9.1254552612002237E-005
   9.1404663427003107E-005
   7.9923505049268561E-005
   7.4075578624733656E-005
   1.0196491507453977E-004
   7.3339812908203937E-005
   8.5613394662813628E-005
   7.9287585923665883E-005
   7.7323946615150176E-005
   9.8056479932332968E-005
   9.1216865631297533E-005
   1.2631211549465069E-004
   9.7212134531622269E-005
   1.3481868585959829E-004
   7.9896215376582680E-005
   6.2740785680870487E-005
   1.4408805534706228E-004
   6.7140521225677037E-005
   9.7051619801254797E-005
   8.6797608374782967E-005
   9.9091238172466548E-005
   7.4111216624163373E-005
   4.4510801360232342E-005
   7.5657275487285352E-005
   1.4130972079725687E-004
   6.9834181943521280E-005
   1.0665191912938939E-004
   8.9123492425950785E-005
   1.0717044115452692E-004
   8.2843193335843394E-005
   7.2396378391809411E-005
   6.4638335206635940E-005
   8.9363480034663012E-005
   9.9936711785335953E-005
   1.1161245426808229E-004
   1.5088796827974891E-004
   9.6923807131716735E-005
   7.5085440730830781E-005
   7.8250569359342704E-005
   4.2115265321249033E-005
   1.1094443672438296E-004
   1.2047573887963261E-004
   9.3564546318316053E-005
   8.1386074416160201E-005
   7.0347107386008434E-005
   7.9828483233905346E-005
   1.1166615055017259E-004
   7.0815939706079544E-005
   7.2710645429591731E-005
   8.0912452650316928E-005
   1.3229659341686890E-004
   1.0930138473203105E-004
   9.1756856553407528E-005
   1.2373903136945566E-004
   5.4814372226433982E-005
   7.4202940431316471E-005
   1.0268974451395924E-004
   1.1809392056926285E-004
   1.1810290952457001E-004
   8.0542669915920686E-005
   9.3504904488326770E-005
   4.9374966872140414E-005
   7.0115764315417030E-005
   7.4115397472200231E-005
   8.4506083042696235E-005
   9.1591117497494425E-005
   1.7354565352561618E-004
   9.4123467741835220E-005
   9.0509422709745594E-005
   8.1095825101276442E-005
   7.7643420964842115E-005
   9.5689516590128786E-005
   7.6400653202755327E-005
   9.1696547759117968E-005
   1.5467120030388586E-004
   7.8862136952809504E-005
   8.6996196265210185E-005
   1.1124543054705489E-004
   1.2606593253686245E-004
   9.4168615942111331E-005
   9.2298474749559343E-005
   6.5955112557053902E-005
   6.0434941816763065E-005
   1.6418554544098872E-004
   1.0872782703738723E-004
   6.2856779639598455E-005
   6.4594138623075325E-005
   7.7396427309460875E-005
   1.1645850462396990E-004
   7.3110662650943459E-005
   6.5499320736345771E-005
   6.3884614274722736E-005
   8.8759711833768398E-005
   8.9461741680601486E-005
   7.6086313603802137E-005
   9.7575521145726061E-005
   8.8013895847143848E-005
   6.6678178876704194E-005
   4.7478622215566649E-005
   9.8566333579863579E-005
   1.4811284510208965E-004
   1.0585971746604991E-004
   8.5951875691692273E-005
   1.0357381980410228E-004
   7.1880181413777429E-005
   6.6783841011515096E-005
   6.9243757112263685E-005
   8.2182562384178215E-005
   1.0066035489647744E-004
   1.0665509001898984E-004
   1.4070961426465608E-004
   6.1264575576450178E-005
   8.0514942135864436E-005
   4.5132915863956432E-005
   2.0120045284017306E-004
   1.2097207602820961E-004
   5.8354270869180239E-005
   4.6337951707596012E-005
   1.0739665654705220E-004
   7.9355714269288845E-005
   5.0914365427962867E-005
   1.4594114055355048E-004
   7.2887849869653190E-005
   6.2531783600287700E-005
   5.2782583972368215E-005
   8.1225497055134881E-005
   9.8689373919318932E-005
   8.8026287790486077E-005
   1.0501609402008101E-004
   1.0206853591314417E-004
   6.9612001315030452E-005
   6.9143649235949126E-005
   7.6947964180004467E-005
   1.2885049724438370E-004
   8.8310258353262096E-005
   8.1434185958782803E-005
   1.0593715074051711E-004
   9.1040209043014394E-005
   6.8738632282399050E-005
   8.6651075978893635E-005
   5.4483313395831909E-005
   6.9629675159559073E-005
   5.5586899910145181E-005
   8.9128211371679265E-005
   7.4113714796092338E-005
   1.1225941811352970E-004
   6.1903610552437608E-005
   6.8686161212925184E-005
   9.7444671150687364E-005
   9.6944097093536308E-005
   8.7653028634418251E-005
   7.8401004737936426E-005
   7.7878211581900765E-005
   1.0464784752644258E-004
   5.7200669770695727E-005
   7.5091194083101387E-005
   9.5196081228785947E-005
   6.1898005510530003E-005
   1.5474553082238230E-004
   4.6627486837121817E-005
   6.6222806503854142E-005
   6.1042077714883996E-005
   8.7448482783871400E-005
   8.1633805281820050E-005
   9.3753295392666160E-005
   7.5917592346690034E-005
   6.7401125063601687E-005
   6.7729391076695863E-005
   9.6158760786808114E-005
   8.6227135802534406E-005
   2.1981333619444630E-004
   7.9968003769466297E-005
   1.9635199003625330E-004
   8.4817566684653058E-005
   1.0946729439277367E-004
   8.2467779254771179E-005
   6.5451286892412964E-005
   1.1551601815059954E-004
   1.0054613386857167E-004
   8.5971888388159228E-005
   7.5848897167965444E-005
   4.7539010288612986E-005
   6.4067842928546348E-005
   1.1400065613579081E-004
   1.0909095148530686E-004
   6.5795026501176568E-005
   7.3688351939446597E-005
   8.1110136277271424E-005
   9.9715228887926031E-005
   8.1135928067098366E-005
   8.2653151953480407E-005
   5.3322615997025905E-005
   6.4595795651312157E-005
   6.9490100340434380E-005
   6.2845476300731656E-005
   1.3189604743868308E-004
   7.1800740818022768E-005
   9.3990690097550908E-005
   1.5833887512904432E-004
   7.8799919733438364E-005
   1.3106692684321968E-004
   7.9719239637330419E-005
   8.4043671689945941E-005
   7.8955357443238195E-005
   9.9848780104289689E-005
   5.1667701799370609E-005
   5.2693853841419672E-005
   7.5727346142784197E-005
   4.8119635515345513E-005
   7.5531006532644860E-005
   7.8418923879935710E-005
   9.0153664421384436E-005
   6.9676663993819212E-005
   7.3854573195028295E-005
   1.1087117396516008E-004
   1.1440549396819267E-004
   5.9441240436107705E-005
   1.3259069404241507E-004
   8.6975697935631218E-005
   8.3844638006128511E-005
   6.5995142474107511E-005
   5.7312228554847875E-005
   6.5883089303418819E-005
   1.2236324477635563E-004
   1.0759480693465278E-004
   1.1328067592375249E-004
   9.8584194407651859E-005
   8.7558491822481508E-005
   6.4620445707596063E-005
   1.1166268821057942E-004
   1.1340087049455203E-004
   1.0532096570538557E-004
   7.5272913769050545E-005
   1.0156723549163428E-004
   1.3108837421120249E-004
   6.4931114487361342E-005
   1.0346676055871120E-004
   7.9033776021045723E-005
   1.0925276135992560E-004
   1.2713887181684276E-004
   9.5342686916603524E-005
   1.0253438006284382E-004
   1.0612051403402507E-004
   1.1114479625704846E-004
   1.1546004425531272E-004
   6.3409405661106380E-005
   1.3101420707488135E-004
   9.5396529414163556E-005
   6.6721391928042917E-005
   8.2411789005926180E-005
   8.6458165648329856E-005
   7.2489057509323099E-005
   9.0786214942783212E-005
   7.0481211261625549E-005
   8.7268065529715828E-005
   8.9468077195085330E-005
   2.3688873524773903E-004
   5.7600708166252782E-005
   5.7649392057745220E-005
   9.6528903870462128E-005
   6.2489990339239900E-005
   6.6563005358170199E-005
   8.1912138584896079E-005
   6.3129832788117002E-005
   5.5127348706819654E-005
   5.5279640839273503E-005
   5.5047469251877579E-005
   6.9033916784931284E-005
   1.0094342825652806E-004
   5.3419970244608653E-005
   9.1468371385241502E-005
   7.1105715119897399E-005
   9.1818486194537912E-005
   8.8716449494802201E-005
   1.5797128365593698E-004
   9.7149373502319609E-005
   9.6130070313392075E-005
   1.0281002690617416E-004
   8.7710403844350429E-005
   1.1389683432538066E-004
   7.1850709493951205E-005
   7.1972589027942776E-005
   7.3330636259372314E-005
   1.0854445193892732E-004
   9.7535312183971864E-005
   1.3910516872973788E-004
   8.3907699169451198E-005
   1.1108658320685333E-004
   6.8127602008374486E-005
   8.9623013502658375E-005
   7.9323975656911394E-005
   7.7830692158035672E-005
   1.0536893706676702E-004
   9.3052512016273417E-005
   1.1194669413090145E-004
   9.7692604417230782E-005
   1.0234430295149062E-004
   7.7562960079941357E-005
   9.0456957699986849E-005
   7.4838272951166583E-005
   1.0932963204309043E-004
   7.0970550014890491E-005
   1.0734831609472319E-004
   5.3268329505643594E-005
   6.8644644656951331E-005
   6.7478172398191256E-005
   5.9274318438687727E-005
   8.3773386640562434E-005
   6.3919230468653042E-005
   7.6948514562561325E-005
   5.6255863458413977E-005
   5.6610374256083076E-005
   7.9677037366395232E-005
   1.2079657829917599E-004
   7.0694145083819820E-005
   7.7297428307905068E-005
   9.4749031849140970E-005
   9.1900092039744462E-005
   8.1899349913348862E-005
   6.6235806197423305E-005
   6.9438057803844293E-005
   1.2467049275120357E-004
   7.9272784552220793E-005
   7.6548342538209046E-005
   9.2288227734998633E-005
   7.2601551866988053E-005
   6.5445309433539197E-005
   1.1134024902765412E-004
   9.0796154960894501E-005
   1.0019393824932427E-004
   9.0997477893923812E-005
   7.9100663838418031E-005
   8.8352391503435774E-005
   6.8911198344113992E-005
   5.3559830972298126E-005
   6.4857085425291684E-005
   9.1347907431029804E-005
   6.9133873551173011E-005
   1.2593422848400211E-004
   8.6025541740168015E-005
   9.1912432180127362E-005
   1.1234088343349027E-004
   6.4109966764609074E-005
   1.1283547431574826E-004
   7.1270070999580361E-005
   6.8534081813334852E-005
   1.1393249255519069E-004
   8.6145535657287795E-005
   6.8429374220310330E-005
   9.2052541214046810E-005
   7.6087836109387229E-005
   1.6049266001841122E-004
   8.3350064220631640E-005
   9.5322228350632775E-005
   1.2515497184325010E-004
   5.2935184684596250E-005
   5.1167592200390146E-005
   8.6287802701926991E-005
   8.0556021885373931E-005
   1.0670704854856006E-004
   8.2018127039210721E-005
   9.5648795372974869E-005
   9.8547820999405901E-005
   1.0499929176643252E-004
   7.3208085233527357E-005
   5.8049457448260701E-005
   7.9624542749976264E-005
   1.1347226306195711E-004
   6.9258102516526958E-005
   1.0640871827401667E-004
   1.1365749365923549E-004
   6.6671184846282038E-005
   5.9779874251694867E-005
   5.8370757912422911E-005
   1.0079549551321378E-004
   6.8495323817798043E-005
   8.6456827077570074E-005
   1.3052091865537371E-004
   8.3534935415722830E-005
   1.2071469344284473E-004
   5.5638174036093782E-005
   1.0520707120556918E-004
   1.0661852043332780E-004
   1.6413452241935980E-004
   1.1059772322784060E-004
   9.4839165741983185E-005
   5.4206284932096840E-005
   1.4433125890360692E-004
   7.5116816305681935E-005
   7.5017873390464352E-005
   1.1083096992877142E-004
   1.3176064353503120E-004
   9.8995419632351284E-005
   8.0558084406030596E-005
   8.7924779765510998E-005
   5.8144734891858113E-005
   1.0305185572079643E-004
   6.5058342117886971E-005
   8.8490364507959191E-005
   1.5008816993983162E-004
   8.1663727008303419E-005
   1.2665822139165968E-004
   1.0299692403500917E-004
   1.0119896408444124E-004
   8.7729238995924640E-005
   7.0407551169991312E-005
   6.5601725205436309E-005
   8.1012895538996790E-005
   1.2089275665372234E-004
   6.5651882813850518E-005
   7.4530102556017138E-005
   1.6823996477034062E-004
   8.4100323002708115E-005
   1.1220630137048273E-004
   1.4605476675120420E-004
   7.4258904984252487E-005
   1.1301606932938363E-004
   1.5387654466639405E-004
   7.6848712308821485E-005
   6.3361567478294246E-005
   4.6135154111874546E-005
   8.8065485335626442E-005
   6.0064510854670028E-005
   7.4608671915931424E-005
   9.5946865827667760E-005
   5.9321278442687042E-005
   8.3092887570639269E-005
   7.3817223724370520E-005
   6.3988972356532949E-005
   7.5792589254029165E-005
   7.9325006397380147E-005
   1.0198486037829565E-004
   7.2844219753126146E-005
   6.6086463086604738E-005
   8.5223310938074883E-005
   6.5013412873361702E-005
   1.0289095031822561E-004
   1.0231832158680572E-004
   9.8408254581088914E-005
   9.4913196244505405E-005
   7.5847579511879233E-005
   7.7724607718496555E-005
   8.6538785346691586E-005
   9.7668571735242361E-005
   1.8501559565844335E-004
   1.2034231355242702E-004
   1.1360057197071468E-004
   9.6451498591237811E-005
   5.4029801106418345E-005
   7.8032286725069754E-005
   7.8292942184883567E-005
   1.6603108434659457E-004
   8.6119711778683946E-005
   6.0753865677279500E-005
   7.5483009800820022E-005
   6.4549851473298168E-005
   7.3287216709007189E-005
   1.0416986594310918E-004
   1.0163234581782704E-004
   8.0117286223862366E-005
   7.5217428855788929E-005
   7.3492954123111377E-005
   8.0774843241696070E-005
   1.0019955214719509E-004
   7.7216600600431111E-005
   1.2539384277666007E-004
   7.2136855391534746E-005
   8.1272406922555348E-005
   6.5226579953742923E-005
   1.5248681493739157E-004
   8.7349572402773136E-005
   1.0493823184333135E-004
   5.9825620930349690E-005
   1.0097651393231084E-004
   1.0608879426967690E-004
   1.3452090231364219E-004
   8.1188025936461714E-005
   1.0629201901024850E-004
   7.5686670922222178E-005
   7.0180390027624464E-005
   6.7801007638080635E-005
   9.2539615115750181E-005
   6.3922259987687482E-005
   1.4952622974332308E-004
