   1.2492061772638322E-004
   4.7238655803518563E-005
   5.2516879427540166E-005
   1.2150591339481937E-004
   1.0045831012697214E-004
   6.0998359671951132E-005
   8.8389494938751736E-005
   5.5567550689436311E-005
   8.2111712978174845E-005
   9.9629221712947173E-005
   1.1385512121415476E-004
   1.2230362461072481E-004
   8.6829423863329341E-005
   6.5417165094233451E-005
   7.1574445976337162E-005
   7.1860177898202008E-005
   5.7312054945304182E-005
   8.1638711831585192E-005
   1.4102567965106378E-004
   5.1983308612198534E-005
   1.3908762533389567E-004
   9.2308597594255437E-005
   8.7983130751709957E-005
   9.4457445549743022E-005
   6.2017665826253466E-005
   7.8073931146305320E-005
   2.0610689458909850E-004
   9.4739318212597293E-005
   6.4629410714367783E-005
   6.2776051881488861E-005
   1.4674381448541429E-004
   1.0038779859687071E-004
   6.9855343100348562E-005
   7.8450688837369980E-005
   9.7727852221025487E-005
   9.1455501263632610E-005
   8.0927815524530983E-005
   7.8375609692802993E-005
   5.3818332009391556E-005
   4.7817993895233848E-005
   6.3345096163973171E-005
   1.0730396930263399E-004
   1.6799172894267517E-004
   8.9807417010168451E-005
   1.0328793919346573E-004
   1.1611768222139721E-004
   9.9532423713916148E-005
   1.3309597306955550E-004
   1.0709779289695203E-004
   5.5394119486488370E-005
   4.4450335903765445E-005
   6.7731744374956374E-005
   6.8211584377758668E-005
   9.7077570439549132E-005
   9.9587649915856111E-005
   5.0390630218723830E-005
   6.0341768867194911E-005
   1.1255612289156411E-004
   1.6758504500783967E-004
   8.9519408403037891E-005
   8.0207967271284526E-005
   9.9747118678279598E-005
   5.6308131206593642E-005
   4.9147760932609100E-005
   6.5413017665721674E-005
   7.4270364676246766E-005
   9.5874935561087609E-005
   7.5384716613417866E-005
   6.4298997453719447E-005
   7.8809482215960193E-005
   1.0215251313176606E-004
   6.9791077671795492E-005
   7.1263226193266630E-005
   1.2183277526839060E-004
   1.7637530521508941E-004
   8.9586847475642240E-005
   1.2596383365803278E-004
   1.1624859066234068E-004
   8.0178631513989082E-005
   1.2010381212097930E-004
   1.0701452057302019E-004
   6.2571279107369711E-005
   1.2998735256636006E-004
   8.9615100575064432E-005
   7.7956871096889415E-005
   8.7956815012306649E-005
   9.4827347472322364E-005
   8.4374515180403169E-005
   6.0774446917974922E-005
   5.2443663856148011E-005
   8.2278028949997118E-005
   6.3678073905120124E-005
   5.7932037175769137E-005
   6.7202458921359720E-005
   1.0950563155223464E-004
   6.8271142587739072E-005
   1.0816584213794527E-004
   1.0836632830247339E-004
   1.0625627568556964E-004
   9.0546745619257888E-005
   9.3486606359984757E-005
   5.3470806528870045E-005
   7.1896130260285432E-005
   9.0640620185957439E-005
   5.2789962672599601E-005
   9.2928195498136670E-005
   1.3736107516330691E-004
   6.8291158544871365E-005
   1.2323953861695353E-004
   8.2437547877143945E-005
   1.6374852759792801E-004
   9.3844961465965293E-005
   7.0073607372287560E-005
   7.9279478163339460E-005
   1.1007028379269332E-004
   6.2213638036268359E-005
   6.4115076107534072E-005
   1.0229595698351286E-004
   7.4345672449744441E-005
   9.7559380093618735E-005
   8.7599804051957853E-005
   1.1023262737099750E-004
   1.1641657718230793E-004
   5.7400675954467624E-005
   7.5018557043198927E-005
   9.9368606851648076E-005
   8.1692519261910058E-005
   7.3357558438069762E-005
   7.5379332244968460E-005
   1.4189692540968353E-004
   7.7552144189789156E-005
   8.3171415063318886E-005
   6.7731355015170289E-005
   7.8963502752917418E-005
   9.4495351076901880E-005
   1.2298114325435828E-004
   9.5453243781557043E-005
   8.3215929122950895E-005
   1.1007778391273236E-004
   5.3259093688061608E-005
   7.8466661407647757E-005
   1.4602465716880993E-004
   1.0431578280333448E-004
   1.3087293943926429E-004
   7.2108907885717107E-005
   7.1904304156571058E-005
   8.9618491559018338E-005
   1.2500085847948721E-004
   7.1065483857603952E-005
   6.8225308661893223E-005
   9.3002014276033333E-005
   5.6823968282583631E-005
   9.7428775377688518E-005
   7.6091252608233349E-005
   4.7263243796525731E-005
   7.3012662010664859E-005
   9.6744892202707704E-005
   7.6992372989168683E-005
   2.0766758556322036E-004
   1.4751229007866335E-004
   7.8811738334684165E-005
   5.3087349971828876E-005
   7.9617895128174823E-005
   6.0150822153764216E-005
   8.2199509811129446E-005
   9.8918512662560221E-005
   1.0355156831433172E-004
   8.7348449061425921E-005
   8.9225890210203676E-005
   9.8515297858475150E-005
   8.0550270252358218E-005
   5.8940390179635158E-005
   7.0531398198014011E-005
   1.0098166330631875E-004
   6.1181366552603153E-005
   9.2602391122034464E-005
   5.2482802173009451E-005
   7.0251001046731551E-005
   9.6644702993262430E-005
   8.4241019855251255E-005
   1.0405034851980549E-004
   7.2586878263289988E-005
   1.0468227072625397E-004
   8.5574687686526990E-005
   7.8229946176321753E-005
   1.3421706943747566E-004
   9.1214321570194624E-005
   9.0272357453545623E-005
   7.9973163805128642E-005
   5.2570047929533579E-005
   1.0867119419989639E-004
   1.0661717753719995E-004
   5.8292925514488463E-005
   7.7281947421534394E-005
   7.8023506853454086E-005
   8.2740827415788307E-005
   7.8604517460094435E-005
   8.8949108829779991E-005
   6.3905563555969244E-005
   8.1492769820043322E-005
   1.0392602472098563E-004
   1.1864836169490534E-004
   1.0679098879459521E-004
   8.0549548970424502E-005
   8.1322408571324198E-005
   8.8940797558174098E-005
   8.7566679302021827E-005
   1.0535529412288006E-004
   7.8092704651716531E-005
   6.6373046721907589E-005
   1.2188007959455349E-004
   1.3732498427305290E-004
   7.5943117084458287E-005
   1.2672181535082459E-004
   1.1351402402459416E-004
   1.1468898751126564E-004
   5.8867547399373894E-005
   7.0274607199174823E-005
   6.8581929154921473E-005
   5.2313119463965574E-005
   1.5891133541448218E-004
   9.6163086744482657E-005
   8.7521311382504733E-005
   8.2200785259754200E-005
   6.9474829696554034E-005
   5.8490899465763228E-005
   6.8422610645904803E-005
   2.0039779468432502E-004
   8.9771900838034110E-005
   1.3363491213013768E-004
   8.8192884330673562E-005
   1.3667638695500094E-004
   8.5965400543443337E-005
   9.1250016946676981E-005
   1.1960117120997890E-004
   1.1404546054631038E-004
   6.9682440866546545E-005
   9.9825528131461063E-005
   1.2195207028481876E-004
   1.1008458059570247E-004
   8.5177030161062749E-005
   7.0000160741665401E-005
   8.6095143931661858E-005
   9.5752684463433550E-005
   9.0222432365974733E-005
   7.3806336944899314E-005
   9.3740374817857761E-005
   1.8545959647111907E-004
   6.4247373174566589E-005
   7.2088053122378273E-005
   1.1512575706880540E-004
   7.4133129119454064E-005
   1.4209339100737509E-004
   5.3435870797180964E-005
   8.2531560805859799E-005
   9.4266759631445306E-005
   7.9846058204073676E-005
   8.1690072964720202E-005
   7.1971063694017514E-005
   9.5777559530579626E-005
   7.9818587248073493E-005
   1.4735911947719003E-004
   9.1575038966711832E-005
   7.4637393273118075E-005
   7.5890904865962168E-005
   4.9629652650480137E-005
   8.6819648421271521E-005
   1.0861730853593529E-004
   1.0361587209155272E-004
   7.2303773286247863E-005
   1.1033079749836140E-004
   7.8744431443571005E-005
   6.7883918836993742E-005
   1.7117030052104051E-004
   6.3788368317326772E-005
   9.5564349751490880E-005
   7.2688917846226004E-005
   9.3196029369526173E-005
   7.7259334615430145E-005
   7.4556758206363195E-005
   1.0110755433540629E-004
   1.0738490426495384E-004
   9.9240065657954827E-005
   7.3948859393071400E-005
   1.0329910969577474E-004
   6.5711399476393271E-005
   6.4958123209484536E-005
   1.0828688255209870E-004
   7.6545159096947835E-005
   1.2909418679201361E-004
   7.5479977698566421E-005
   1.3259757941256806E-004
   1.1940329979760765E-004
   5.1087646065518298E-005
   8.9832411868795135E-005
   6.8308925228271409E-005
   7.4067268365550466E-005
   6.9882212419903356E-005
   8.9623047098484623E-005
   6.6697943520709630E-005
   9.3300839156647251E-005
   7.8175062394722489E-005
   1.0005829791750446E-004
   9.2025318213854857E-005
   7.8548738879284682E-005
   8.3618823391139516E-005
   7.7437750914484887E-005
   1.4783544364780959E-004
   1.0187440676923651E-004
   1.0831047690847628E-004
   9.1310391699894652E-005
   5.6259757395047549E-005
   8.4715433271039941E-005
   8.7136546633876524E-005
   1.3907811901363103E-004
   9.5318828252844847E-005
   9.1232699141756353E-005
   8.4788101299843353E-005
   5.9322310045887956E-005
   7.2992496300655122E-005
   6.4040298864021411E-005
   5.4966059333891521E-005
   1.0691084697950216E-004
   9.3572859209707117E-005
   8.0518920175120051E-005
   8.8810703520339924E-005
   8.8200425131167672E-005
   6.1710942266045087E-005
   8.6985076496559109E-005
   1.0324083478635944E-004
   1.1348764807584069E-004
   1.2652106078049231E-004
   1.4776481716596105E-004
   6.2485233825798061E-005
   9.0075237394997534E-005
   8.3069254160611218E-005
   1.3319870678279452E-004
   1.7457736052320957E-004
   8.0653729433868805E-005
   9.0475552879437318E-005
   8.6408686804018188E-005
   6.7677450466227317E-005
   6.8268243540086756E-005
   1.8598515574320674E-004
   1.2220752763585216E-004
   1.0096417532132650E-004
   4.7501763994313063E-005
   7.7317250700295896E-005
   7.1535894179782517E-005
   1.1403969057038665E-004
   6.7138758904445735E-005
   9.6127002643261122E-005
   9.5162470919026154E-005
   7.1807398841035298E-005
   6.0076997603344692E-005
   6.4437118324237960E-005
   5.1264313441848813E-005
   7.3075463866875860E-005
   1.0596455532700624E-004
   1.0760353449155240E-004
   1.1886748166377149E-004
   8.2447280659650256E-005
   6.5097633093487808E-005
   1.1664776601694406E-004
   8.3333782289554610E-005
   1.0882960294153804E-004
   8.4165485143880396E-005
   2.7727335173173084E-004
   1.1202993537641246E-004
   1.2929358937736313E-004
   5.7342584896761505E-005
   8.1725321516356285E-005
   7.1128363123306964E-005
   1.1307795665580056E-004
   9.4836867760430472E-005
   1.1821405814747329E-004
   5.5433759119688973E-005
   8.1837208806852244E-005
   1.1950536040951370E-004
   6.1059501058149506E-005
   1.2840285555209527E-004
   7.2478772377768819E-005
   7.4273133328868113E-005
   5.8342253044055705E-005
   1.0942819215514555E-004
   7.7846807978411878E-005
   4.1664010324444336E-005
   1.0418141125326592E-004
   7.5789885183054828E-005
   1.1595628646570586E-004
   1.2734092161475834E-004
   9.3653613008904454E-005
   9.1892750582445935E-005
   5.4848698282171005E-005
   5.0578924074647615E-005
   6.1492381976903382E-005
   8.9947835209180148E-005
   8.7708212685430365E-005
   6.4105376221309542E-005
   8.0455143292820075E-005
   5.3222360373856170E-005
   9.1783346243074480E-005
   1.4335229465757348E-004
   9.3162223571522081E-005
   7.5873298706089781E-005
   1.4043092435459925E-004
   1.1697170889009020E-004
   5.0564157231195632E-005
   1.1810385940479518E-004
   7.7359993803099400E-005
   8.8783188307812113E-005
   9.5631084498039418E-005
   5.1703626770884071E-005
   7.6051197390343282E-005
   9.9439964170172759E-005
   6.1287868485357304E-005
   7.1743296674501040E-005
   1.1001262255229596E-004
   6.5936627513979838E-005
   6.5434470707871942E-005
   6.1013673348583888E-005
   1.0112595456850057E-004
   7.0343399537498220E-005
   8.5519457901432231E-005
   5.3440100159990256E-005
   7.4869919282373671E-005
   6.4615959355518912E-005
   8.6876586949057553E-005
   1.3907267654143947E-004
   8.0753130133317483E-005
   1.0373635025166220E-004
   8.2299219363706635E-005
   1.3237029265539919E-004
   8.0022768383154400E-005
   7.4117464742900707E-005
   9.7071143536355117E-005
   8.1197771013777890E-005
   7.5751950949658618E-005
   1.0808367183318056E-004
   8.8252496058274937E-005
   6.3586715063416489E-005
   1.1072817563083545E-004
   5.1745293533569108E-005
   1.0412245615047701E-004
   8.4926375097409506E-005
   5.8506182540421809E-005
   8.5289433796845900E-005
   7.1439566024233145E-005
   7.5933673254711061E-005
   1.7061413135588358E-004
   1.1764110616415282E-004
   1.2055663160416209E-004
   7.4579129258927026E-005
   7.7548933140261821E-005
   6.9019505375308738E-005
   8.3257313578158874E-005
   1.0479405266879868E-004
   8.2099713385001830E-005
   8.1588799730636022E-005
   7.9812268975583059E-005
   1.0756146218652899E-004
   6.1566270077114915E-005
   1.0506516630646853E-004
   9.8342392133518583E-005
   1.0606119116889594E-004
   7.1180188125066421E-005
   8.9571806823268799E-005
   1.0619460210574025E-004
   9.1562829837654296E-005
   5.1386917218046088E-005
   9.3606658604965701E-005
   6.5484579031194207E-005
   5.9628129677162704E-005
   4.5921553642601067E-005
   9.5432904599362787E-005
   7.6624822144985151E-005
   1.3008091324842637E-004
   7.1867267519046339E-005
   8.6334546267620077E-005
   8.2146232754006169E-005
   7.9611795773572303E-005
   7.5985271714374198E-005
   8.5921145168622789E-005
   8.5056976155141670E-005
   1.0530334895629040E-004
   8.1466228122528865E-005
   9.8468555726754036E-005
   6.8873212610510905E-005
   5.5649814203745836E-005
   1.4454606339656787E-004
   8.3859047667575641E-005
   6.5666169974772204E-005
   7.8059958464578693E-005
   7.1282285077225050E-005
   7.5836840739479741E-005
   5.5904467702232756E-005
   1.0296013827641295E-004
   1.1634672122277942E-004
   8.1452629501791357E-005
   9.7125027813071307E-005
   7.9200269773077521E-005
   5.8654395850579201E-005
   6.8141596702410854E-005
   9.2320978005760413E-005
   7.2506265305391195E-005
   5.6169781232405756E-005
   1.4863823684919554E-004
   9.5200180457699751E-005
   7.6808773062958768E-005
   8.6057127547383116E-005
   5.9395149178242082E-005
   1.1401934428143122E-004
   6.6870386327228863E-005
   7.1241889046135123E-005
   9.2982405584299190E-005
   5.3662057823783124E-005
   9.2979354431248082E-005
   7.8016519377908635E-005
   1.2257756470465949E-004
   7.6047788243405347E-005
   7.4456954971793355E-005
   7.3290928963548743E-005
   8.9061434628291358E-005
   8.5552099649915635E-005
   1.2659682243261206E-004
   1.0573827844497411E-004
   9.1180532954455271E-005
   1.0527526305149622E-004
   7.7916969420229872E-005
   8.0479324756425419E-005
   1.1863468611529453E-004
   1.3791467698267589E-004
   1.2908934417912157E-004
   8.9841329189639180E-005
   6.6708343971476437E-005
   1.0333139520061566E-004
   1.0548612131775390E-004
   6.9051143320631228E-005
   9.2417824715710769E-005
   1.1157621343485687E-004
   5.9279642336554022E-005
   6.9482367985548171E-005
   9.4782772459883657E-005
   7.8740673731740802E-005
   6.9325876439474413E-005
   8.7867848714303905E-005
   4.8236352158221716E-005
   8.1193707489468736E-005
   8.4745434337733954E-005
   7.2637485383366735E-005
   1.3138186149472345E-004
   6.5131208801876854E-005
   1.1116019960132864E-004
   4.8259782414905563E-005
   9.6813347931318220E-005
   5.1511375128129428E-005
   5.5955203002510840E-005
   9.1403878270840039E-005
   9.6731735955873913E-005
   1.3533788864086935E-004
   5.9927237503024935E-005
   8.7183993538267075E-005
   5.5048094673673136E-005
   8.5078897336203661E-005
   6.4281862289085556E-005
   1.4407581465410713E-004
   6.7478843334743503E-005
   1.6339472645252517E-004
   8.5807758142879381E-005
   5.7762378803985345E-005
   8.9028984436995926E-005
   9.3695465971134457E-005
   1.1087734490265181E-004
   1.4023697205427295E-004
   5.8033036673681702E-005
   1.3511631344384546E-004
   9.0630706749902421E-005
   5.7396634313051138E-005
   1.7366617516153732E-004
   5.8486940224060930E-005
   7.2070291888167695E-005
   6.6444329647711041E-005
   8.8381110817463163E-005
   5.1669542797545819E-005
   1.1889932981367886E-004
   8.5667817290539179E-005
   8.4293144586908419E-005
   8.7735230432723642E-005
   8.5420256458453465E-005
   9.6559882085039256E-005
   9.0534654033645477E-005
   1.0064174148506428E-004
   1.0077277120593717E-004
   8.9038611200170889E-005
   7.7700690209246641E-005
   6.9513739166321463E-005
   8.3894648956612508E-005
   8.1061827461646296E-005
   1.2455738655567901E-004
   9.9904140174143056E-005
   5.4577369045615596E-005
   7.4704024799608759E-005
   9.1740425914427071E-005
   8.7617482875673933E-005
   1.2141644059781682E-004
   8.6244331387029711E-005
   1.0356540988075453E-004
   9.5220562931672291E-005
   7.6494341714467815E-005
   1.7155224139232751E-004
   7.1378305389840593E-005
   1.0274125768671799E-004
   7.6023809237999961E-005
   6.9910948792151412E-005
   1.0824576219749473E-004
   7.1447405018209789E-005
   5.3903094873082754E-005
   5.9211636626381548E-005
   1.6537558945981705E-004
   7.4106823699270492E-005
   8.2146009254895416E-005
   8.2441267268445499E-005
   6.5426071455172027E-005
   6.2680586233948744E-005
   8.0468330923601309E-005
   7.3331144216486633E-005
   1.0007828866802943E-004
   1.2131934045349189E-004
   8.0207490208114633E-005
   5.2306388347535855E-005
   7.2295105546851679E-005
   7.5100736627018615E-005
   6.0517107143261809E-005
   9.3206306315825910E-005
   7.5436111853941989E-005
   6.9615580660199695E-005
   1.5038597352900777E-004
   7.5013642836290392E-005
   1.2563077346339078E-004
   7.1318963564718409E-005
   9.9009912050170441E-005
   5.4365541333886251E-005
   9.0084243241166928E-005
   1.1075285513241925E-004
   9.3826740752318174E-005
   5.8954756992541024E-005
   1.1624521156282074E-004
   1.0398394607594106E-004
   8.8580761188136159E-005
   5.0828269091169915E-005
   7.8064986233739928E-005
   9.8426228160712528E-005
   1.0395467165621593E-004
   8.7273702994913736E-005
   6.5221359049061442E-005
   7.6261357844987509E-005
   1.9515458703815765E-004
   5.3614951964685146E-005
   4.4256924783602132E-005
   8.4551305308043669E-005
   9.2223321705954466E-005
   5.6371846500429248E-005
   6.8610776676370619E-005
   6.8991108793367196E-005
   8.2857416494108756E-005
   7.6069636901321375E-005
   8.2008166116777823E-005
   7.9588941294665407E-005
   1.2467341586666763E-004
   1.0633241581661703E-004
   8.6951896139985922E-005
   1.0038112804247267E-004
   9.6596634796132172E-005
   7.6817428863435792E-005
   7.3753745446832704E-005
   1.4092449023227142E-004
   6.4130185401500329E-005
   9.4449714204442701E-005
   8.2229854413532508E-005
   1.2455437088060910E-004
   8.3544365842900934E-005
   7.9156968331379774E-005
   6.9539687569437406E-005
   1.1439187622260262E-004
   6.7373728292673002E-005
   7.0473801219177689E-005
   1.1552613817942609E-004
   1.1314164326054259E-004
   6.7223396545846185E-005
   1.0974437824584427E-004
   9.3579413324562584E-005
   8.1016117112431120E-005
   1.2129589590351461E-004
   5.4578669212048649E-005
   9.4472762419403367E-005
   7.6974843829206676E-005
   1.5013562387501561E-004
   7.3280767129954601E-005
   8.8635352211071649E-005
   6.1647267628309774E-005
   8.5974751066707336E-005
   9.6809548232627807E-005
   6.6081690765512857E-005
   1.0934199678373088E-004
   8.1177403962517773E-005
   7.4456100011832834E-005
   9.9172382132913656E-005
   8.8154694291766748E-005
   8.2199946166231318E-005
   8.3371427248985524E-005
   1.0961971573760323E-004
   7.3215011947709501E-005
   9.3962307777173152E-005
   7.0069585118854297E-005
   5.7220325334374022E-005
   5.6812678597469088E-005
   7.9152483854068605E-005
   6.6544693874468779E-005
   7.4228226849580144E-005
   7.1618674496811883E-005
   9.0580362448154216E-005
   7.3893949793993663E-005
   7.0724677577374954E-005
   6.8878425148795414E-005
   8.8581121907312544E-005
   9.1674837645079320E-005
   5.5432327362572468E-005
   6.2889515804511422E-005
   7.6632180275437882E-005
   1.1443665893649673E-004
   6.0076789602917297E-005
   7.5522303248194797E-005
   1.4068148141085099E-004
   7.4702639996161851E-005
   5.5991669861924284E-005
   1.2650209306233986E-004
   6.2777676218325434E-005
   9.9486591060559142E-005
   1.3999503896168795E-004
   1.2020952628759671E-004
   2.0886569922635583E-004
   8.0514600274277518E-005
   8.1654027592651418E-005
   1.6797526342025135E-004
   1.0775717329484426E-004
   7.6334498133165513E-005
   6.9901893455484476E-005
   7.2837560297703776E-005
   7.8132484347694632E-005
   1.0685483054110435E-004
   1.3976488828214634E-004
   8.1728573182999979E-005
   1.1051036605618151E-004
   1.1185500697729399E-004
   8.7179863099512880E-005
   1.1108676652320552E-004
   7.4575754542517345E-005
   5.1630350140953183E-005
   7.1184126729247120E-005
   6.8685944604837625E-005
   7.9493443705221212E-005
   1.0260357423333156E-004
   9.8712508503431649E-005
   6.5496503413254317E-005
   1.0243113236682435E-004
   1.0890077869902610E-004
   8.6001695714391714E-005
   1.2937079036042982E-004
   9.6066946353099927E-005
   8.7824351748270503E-005
   6.7810528120032111E-005
   9.0987693471827720E-005
   7.7864992085066318E-005
   9.4956521102695097E-005
   6.3649400106505761E-005
   1.4165830081071975E-004
   7.1224143804961504E-005
   9.6443486893089917E-005
   1.4491568245569804E-004
   5.8636288336342276E-005
   7.9768154959537619E-005
   9.5307609034540289E-005
   8.9703920003746028E-005
   5.9542402144862698E-005
   8.1952658316708767E-005
   7.1742207930001049E-005
   8.9459602826499654E-005
   9.8526463242225990E-005
   1.0477352149291811E-004
   1.0334051945238110E-004
   8.0879740974883809E-005
   8.5183732623106997E-005
   9.1428269728756033E-005
   9.5750256781575898E-005
   6.6376359828685270E-005
   7.1447891817807884E-005
   6.1968019508233516E-005
   6.6227833156806134E-005
   6.2526002525468933E-005
   5.7921138377419749E-005
   6.2345302015545155E-005
   1.6778905472060774E-004
   9.5290124696065015E-005
   1.2097853931290162E-004
   8.0355418671491382E-005
   8.7378392150849624E-005
   7.5577707778474824E-005
   9.1115135117190627E-005
   5.0315363213921981E-005
   4.6870262542292746E-005
   6.1035441813088272E-005
   6.0065995730735266E-005
   7.7844126769934443E-005
   8.8116719432590671E-005
   7.7427504913766182E-005
   6.3463118482022288E-005
   1.5815335851316486E-004
   9.4843875909601333E-005
   5.9308680743258254E-005
   6.8810389893225507E-005
   7.3791291412622046E-005
   8.4771956434695703E-005
   8.2476966406560938E-005
   1.3133558873961853E-004
   9.9239215326419648E-005
   6.3485777260613124E-005
   7.3406595745724204E-005
   9.0106890127779368E-005
   9.5812278285748825E-005
   6.8333232775621367E-005
   1.0830722060912260E-004
   5.9553359712511666E-005
   8.7237298054622302E-005
   6.3329201645632825E-005
   1.0203938628101872E-004
   9.5434645878822588E-005
   1.4130642846211931E-004
   6.7289724235475098E-005
   1.0658936859328413E-004
   9.9229651639673084E-005
   9.7954547470820283E-005
   9.0410265927109106E-005
   7.7468696520920785E-005
   6.1179065615687070E-005
   7.9442551657773799E-005
   7.5941472093805871E-005
   1.0196163153406264E-004
   9.4132457646478344E-005
   8.1837839454306681E-005
   1.4503717771844035E-004
   6.7941294124172343E-005
   1.3381832457527585E-004
   6.9807523835104258E-005
   1.3128562042779817E-004
   8.5823903016380917E-005
   5.7498914599983141E-005
   1.0259303388443119E-004
   1.1287551487030192E-004
   1.0798262686132695E-004
   8.9700399253645415E-005
   6.8279744725607681E-005
   7.1856720625001984E-005
   7.7275219557116081E-005
   1.0521306905601444E-004
   1.2613544621937524E-004
   7.0581957585321375E-005
   7.3778837235642411E-005
   7.6210609482152441E-005
   6.4012508746630445E-005
   8.9429369010816546E-005
   4.5753804819737642E-005
   6.7286290325181978E-005
   9.2372087171256259E-005
   1.0573525166063613E-004
   1.2012418638759007E-004
   4.7701130148768217E-005
   1.7273296192701188E-004
   1.0410122169854968E-004
   5.7161569440319710E-005
   1.1130216737613598E-004
   6.8121206452167760E-005
   8.0048830973563861E-005
   7.7718935542041694E-005
   6.3867202566341905E-005
   6.8970143436338042E-005
   1.1452557514860273E-004
   1.5698610355256167E-004
   9.3779818445545153E-005
   1.2998096472228952E-004
   8.6360858837827332E-005
   5.6147477090901727E-005
   6.0459310297106855E-005
   7.1600886435081010E-005
   6.6249892639146419E-005
   1.0542389278148558E-004
   6.0589704829794090E-005
   7.5751253294778110E-005
   1.0880354935000862E-004
   7.9752525437809058E-005
   5.6232240900367206E-005
   1.0124463330091022E-004
   7.8304121102326099E-005
   9.6613370213867800E-005
   1.2902694438336987E-004
   5.6132525654409869E-005
   6.9332026800330950E-005
   1.5299171281823640E-004
   4.1789566531631438E-005
   7.4390032042625387E-005
   5.8072968269389007E-005
   8.3126497190023733E-005
   6.3492804179963704E-005
   9.0720324763942449E-005
   8.6476894393247659E-005
   1.0700025862413810E-004
   5.6759941592481885E-005
   9.3834071600532791E-005
   5.9859141254068742E-005
   6.1507270544829546E-005
   6.8077404128487381E-005
   5.3159081005987973E-005
   8.5942727523100748E-005
   5.7803042990386047E-005
   6.4015765910666611E-005
   7.6617655452591632E-005
   7.5704378914350084E-005
   5.9443890412385235E-005
   9.4065601824442252E-005
   1.0069838197634951E-004
   6.1280845304594655E-005
   5.9022789253940400E-005
   6.7485897167490346E-005
   6.0546964122846066E-005
   6.6544556801679909E-005
   5.8136538918766371E-005
   7.4441237538303820E-005
   8.8022367804972113E-005
   8.1453723994473809E-005
   5.3628957661078973E-005
   6.3883206271669692E-005
   9.8210416872865719E-005
   1.1748092015937675E-004
   5.9415005378707895E-005
   6.0161490736579325E-005
   8.4463564076414763E-005
   8.6878610795142902E-005
   1.0658943549134514E-004
   7.9568837607005424E-005
   7.3554714407334337E-005
   8.9216213773061611E-005
   1.1551887779804649E-004
   1.1254605034283803E-004
   9.7465140544115845E-005
   7.5296118331893755E-005
   6.2498328664557453E-005
   7.8855030887512061E-005
   1.6001608454352690E-004
   1.1024194075193118E-004
   5.9267643586458066E-005
   7.1397053878018753E-005
   7.8112829257424624E-005
   9.5110907879441671E-005
   7.1986122118178632E-005
   6.1818779995924793E-005
   7.0389106271610984E-005
   5.4738135968310887E-005
   8.1963422460413441E-005
   1.2505272718661982E-004
   1.1363435461841092E-004
   8.5928054936307058E-005
   1.0149810826899709E-004
   6.3253704270769943E-005
   6.2570103378177782E-005
   1.0666207874249765E-004
   6.9816035711071047E-005
   6.7516517533096682E-005
   8.3135925130430890E-005
   5.8822548463016730E-005
   1.2091850250706608E-004
   6.6637148351871036E-005
   7.6581919579470314E-005
   1.0816217910679679E-004
   1.4892436979016226E-004
   6.5520418979990143E-005
   9.7159689800082827E-005
   8.4605364672915841E-005
   8.5399063531280145E-005
   9.2292089812324085E-005
   9.0892943515694715E-005
   8.7358834541185573E-005
   9.7099330488948030E-005
   1.0607428642059601E-004
   1.4112387292434226E-004
   5.1814745748609237E-005
   9.6175038608724744E-005
   8.9588649048331096E-005
   1.2400320015453278E-004
   1.0369428377627162E-004
   7.4207745704168217E-005
   1.3652057337056663E-004
   1.0645068312719907E-004
   1.7754671183274810E-004
   5.6973748845623042E-005
   7.1892912131700921E-005
   7.5659876734918133E-005
   1.3964810163248205E-004
   8.4137422937167965E-005
   7.2166944436148400E-005
   6.4960062620537351E-005
   7.1876192124585691E-005
   6.0814116484657414E-005
   7.0508262327739904E-005
   1.2541873187751595E-004
   1.0188186018700738E-004
   8.5493462093731406E-005
   7.1760152060608995E-005
   6.1395216941842980E-005
   6.4984027995475092E-005
   6.8157334675142679E-005
   5.3537527894674099E-005
   9.0333120949149612E-005
   9.1804717029753935E-005
   7.0459583034944770E-005
   5.4636996584852799E-005
   6.0299270500098408E-005
   1.3098351411876201E-004
   7.3080132071868983E-005
   7.3728302928198174E-005
   9.7188539921476281E-005
   5.8398688335180452E-005
   9.6624398508008292E-005
   6.5236502643613333E-005
   8.2376840348759463E-005
   8.3457474267131424E-005
   8.2731202301569408E-005
   1.0166827505739731E-004
   9.7627793930144506E-005
   8.0569727986628709E-005
   1.3967165168596185E-004
   5.9571258404640482E-005
   6.3509157030637210E-005
   5.7562931012628755E-005
   8.4787224563498913E-005
   8.6799835228472356E-005
   6.5231347704611982E-005
   5.7222387202078162E-005
   6.9273085609908606E-005
   9.5571460361689603E-005
   1.6190137769128110E-004
   1.1766781921624874E-004
   1.3625669935905826E-004
   6.8876186157672254E-005
   5.1565885836890791E-005
   1.4027856212248604E-004
   7.8161411355567311E-005
   7.1860851863263936E-005
   1.4618482826545608E-004
   1.0071422103418232E-004
   7.8047244436285496E-005
   7.4927475920290749E-005
   9.8346413095024655E-005
   4.9399206113879022E-005
   9.2379570650700377E-005
   8.8018045343860933E-005
   6.1798732346728704E-005
   7.4242411369112248E-005
   7.2977335089714090E-005
   1.0368258047262602E-004
   9.6773999741311414E-005
   8.7919190428979995E-005
   7.7603471090288519E-005
   8.4051489248703005E-005
   8.1873714551918456E-005
   6.1557694754877618E-005
   6.9703478248041721E-005
   7.3562460699629038E-005
   1.2713015696995609E-004
   8.1799019152677769E-005
   6.1525568348050011E-005
   6.5125982748870601E-005
   1.1152356541743815E-004
   6.1413737402523947E-005
   7.6561584958730666E-005
   6.1351762418349634E-005
   8.1948978517798888E-005
   1.0231900910899789E-004
   8.1392206752525158E-005
   7.1730714396421732E-005
   7.5724510753544448E-005
   1.2248718732227996E-004
   9.2823179496211435E-005
   6.3512636711679865E-005
   9.6019666505521161E-005
   6.4817293889635717E-005
   1.4713820913834637E-004
   7.8655125359283119E-005
   5.9087638682773571E-005
   7.5695878191099647E-005
   8.8366912961928496E-005
   7.0611828846061072E-005
   7.7720897639923839E-005
   9.5490006775093367E-005
   5.9658612634451216E-005
   8.0810581514454693E-005
   1.4505562583184720E-004
   6.2600507201153937E-005
   7.0124693676691752E-005
   6.9532040553997481E-005
   9.7295250833434314E-005
   1.5635691328103258E-004
   1.1227319524562429E-004
   6.1817226154719837E-005
   5.0703033804494664E-005
   1.5727966500871449E-004
   8.6910439502674522E-005
   1.7479993958695062E-004
   7.2896939956572837E-005
   8.9857936901622639E-005
   9.9008353220067234E-005
   9.7396437005021688E-005
   1.5168777436494379E-004
   7.7712098622166373E-005
   8.5765010906066933E-005
   3.9293895742642770E-005
   7.0236665318342448E-005
   6.6463103504346441E-005
   7.9644423830537152E-005
   8.1070364024494353E-005
   7.8280998452282267E-005
   8.7675345379760358E-005
   9.4028591755473671E-005
   7.3051936181370668E-005
   7.0734717963719581E-005
   5.4377706625084974E-005
   8.0507351824470348E-005
   1.4146386817770416E-004
   1.5177373410309400E-004
   9.7109537054464670E-005
   1.1212207824073854E-004
   6.3466594505663738E-005
   9.2515057335349933E-005
   8.3540995017035159E-005
   1.1463023115309426E-004
   1.0031049203655200E-004
   6.4469487546924079E-005
   6.0490291824264140E-005
   6.0420671254523673E-005
   1.8008905279396462E-004
   7.4373839788864955E-005
   1.3259249479027850E-004
   1.1993143252475554E-004
   1.0295864560112506E-004
   7.9227377508632555E-005
   1.2706154624315749E-004
   6.2891265003023423E-005
   8.2862081756534926E-005
   1.0936901924130590E-004
   6.9941376124036091E-005
   1.1098153252748393E-004
   9.5804797944772357E-005
   1.0781122997851715E-004
   7.6032657347707157E-005
   6.8981492543989558E-005
   5.1846550606017707E-005
   5.4486876404504083E-005
   8.1713723509414633E-005
   8.6113102735826689E-005
   6.3573731005780657E-005
   8.7857037469904074E-005
   1.0360235932930374E-004
   9.5761854702598213E-005
   1.1995303829947565E-004
   6.2897170819202714E-005
   5.7368543321723316E-005
   6.1387991969351130E-005
   7.6427878097161313E-005
   1.4357818123961958E-004
   7.6112377623176563E-005
   1.3587282583180937E-004
   1.2527808621368150E-004
   7.1763692809882702E-005
   7.8372530893323417E-005
   1.4836128266435168E-004
   8.7631740585451310E-005
   7.1131433457343797E-005
   5.4363366167322579E-005
   1.0237085878447165E-004
   7.8252730408301003E-005
   1.2368739227545258E-004
   5.9829963831462408E-005
   9.7138805701697339E-005
   4.8297577677863548E-005
   7.9914941787619090E-005
   6.0830365004907516E-005
   7.2692595723297231E-005
   1.0594465159810425E-004
   8.1706668150961269E-005
   6.3031135932179873E-005
   6.9618242200260644E-005
   6.8151380102286850E-005
   9.3538047595849081E-005
   1.0090432435688833E-004
   8.8432977787910843E-005
   9.0741401771867583E-005
   1.7542011557706051E-004
   8.6719375790426603E-005
   1.4946663693075137E-004
   1.1024305756366295E-004
   9.7524902857346987E-005
   7.7776727389995494E-005
   2.0924888641596481E-004
   1.4035038618412802E-004
   9.2609848483807378E-005
   7.5102884152543293E-005
   1.3562685444418220E-004
   5.2272898344689379E-005
   7.6553433008457605E-005
   6.5895922234477809E-005
   6.7942187048051209E-005
   7.5076162218161170E-005
   8.0722286577589015E-005
   9.9051295138723124E-005
   3.8611874970719061E-005
   1.2336486006665713E-004
   4.9241943319950112E-005
   1.8481944193241432E-004
   1.0787262634270959E-004
   1.6204966941586038E-004
   6.1975239755004656E-005
   1.0692984622208468E-004
   1.1588548630309304E-004
   8.8375091995754812E-005
   7.4207284814529291E-005
   9.1481779632173626E-005
   5.7976286129896119E-005
   1.0533869071989316E-004
   1.2537821569543996E-004
   1.0456370394397891E-004
   9.7328402187420480E-005
   7.8729948928749242E-005
   5.9403608047271422E-005
   8.1816075201524469E-005
   6.8919432161085328E-005
   1.0017368916789021E-004
   8.7238244505518175E-005
   9.2879202401883952E-005
   8.3142551555779562E-005
   7.3622686352327966E-005
   1.0472407958302578E-004
   6.1041610602396702E-005
   8.2585416555780330E-005
   8.1766776870831123E-005
   7.9796679353044542E-005
   9.6095808633788667E-005
   8.4401971307661303E-005
   1.2682238002730776E-004
   9.9653619837641205E-005
   1.3843708955395774E-004
   8.2749161227775749E-005
   6.4946232299794795E-005
   1.5005253153479417E-004
   6.9368627147029733E-005
   9.4579040234053167E-005
   8.7850291655290353E-005
   1.0036788939355502E-004
   7.4589897424401529E-005
   4.5176695416041662E-005
   7.6461736830509637E-005
   1.4563760459666134E-004
   7.2214809014972767E-005
   1.0906406611971985E-004
   9.1602535800752217E-005
   1.0955353141741548E-004
   8.3476712178149907E-005
   7.4180099498071618E-005
   6.5744592512635607E-005
   8.8756272377205401E-005
   1.0082532215989412E-004
   1.1573530491892801E-004
   1.4221426825138317E-004
   9.5994703505146122E-005
   7.7698822951155586E-005
   7.9907264500996971E-005
   3.8133697938956882E-005
   1.1516376337480164E-004
   1.2396363716136956E-004
   7.7695228309858697E-005
   8.2954204592878723E-005
   6.8668596267913774E-005
   7.9275988101599025E-005
   1.1516985356378636E-004
   7.1435765121080543E-005
   7.5234018769477229E-005
   8.2954938831631461E-005
   1.3682078683497598E-004
   1.1205861735555848E-004
   7.8146877656697366E-005
   1.1746586719865037E-004
   5.4812168442172763E-005
   7.0192212514831424E-005
   9.5942599031671960E-005
   1.1777870026164568E-004
   1.2064073820785900E-004
   7.8543135921135780E-005
   9.6660915147526931E-005
   4.8954367525128101E-005
   7.2030846017595104E-005
   7.6325746724564722E-005
   8.5771346610158383E-005
   9.1798790992310352E-005
   1.7947381486142596E-004
   7.1736228668665904E-005
   9.3669760443972007E-005
   8.3895701133795820E-005
   7.9600184611041904E-005
   9.7610660850951418E-005
   7.7776686610677123E-005
   9.4895201332514495E-005
   1.6111139514833541E-004
   8.1807969463943827E-005
   8.3671632125157386E-005
   1.1441199299530526E-004
   1.2790465425657155E-004
   9.3564748020963761E-005
   8.0317585131737141E-005
   6.3332896497408748E-005
   5.7109358152922845E-005
   1.6703629412771935E-004
   1.1230250140066733E-004
   6.5002520910758930E-005
   6.6318930149269779E-005
   6.9914223480780683E-005
   1.2017660579240209E-004
   7.5711001921388837E-005
   6.7394508449571060E-005
   6.5722169544518363E-005
   9.0334652935436898E-005
   9.2484137838964747E-005
   7.6725045199070379E-005
   9.8829253159871184E-005
   9.1481984273800160E-005
   6.8758483168692306E-005
   4.6341330150616869E-005
   1.0141877895755072E-004
   1.5397637000655627E-004
   1.0985975990932102E-004
   8.7186499284357350E-005
   1.0689099386260928E-004
   7.2004147727131496E-005
   6.8466784561539587E-005
   6.1149152037642831E-005
   8.1424163006475124E-005
   1.0438052632467295E-004
   1.1079465995716614E-004
   1.4592289760522953E-004
   6.0610084458995981E-005
   8.3287073019470967E-005
   4.5972262247944240E-005
   2.0593369170409650E-004
   1.0169150030303080E-004
   5.5182488359445529E-005
   4.7084141477348031E-005
   1.1090120642469044E-004
   7.8574452639945406E-005
   5.1636281018946386E-005
   1.5076773374854256E-004
   7.2781625841910474E-005
   6.4189211136261081E-005
   5.2443340437960773E-005
   7.9339011712087023E-005
   9.2276500843814740E-005
   8.7262936695524265E-005
   1.0849532679804965E-004
   9.4542021437130910E-005
   6.6882212530895715E-005
   6.8120774280064833E-005
   7.9638676403549693E-005
   1.3352441638548142E-004
   9.1574523786352576E-005
   8.3746862741636928E-005
   1.0821987724563117E-004
   9.2602247077061168E-005
   7.0279122241525261E-005
   8.8448869223000087E-005
   5.2520787076029797E-005
   6.6449565591588796E-005
   5.4725694512532352E-005
   9.0472119187965823E-005
   7.3467221289386507E-005
   1.1464574676490399E-004
   6.4110394062227207E-005
   7.0882258269503213E-005
   8.0250673485518100E-005
   9.4247702784785398E-005
   8.9869050677502318E-005
   7.8399051836044672E-005
   6.6204030847819787E-005
   1.0782451551337144E-004
   5.7079542645197325E-005
   7.6442409558253506E-005
   9.7845133598926717E-005
   6.2635270913698632E-005
   1.4730080762897279E-004
   4.7395949397908877E-005
   6.7924717235852113E-005
   6.2641680697770298E-005
   8.9914113663313685E-005
   7.8642031769645261E-005
   8.9461874134617476E-005
   7.7444900057178920E-005
   6.9568894253811133E-005
   7.0014064950114566E-005
   9.9929305923763276E-005
   8.9243953737752862E-005
   2.0718420728923663E-004
   7.4881274138835930E-005
   1.9476653727810284E-004
   8.7831460113013641E-005
   1.0576250106965766E-004
   8.0360810465031278E-005
   6.6414445751584954E-005
   1.1843170562297851E-004
   9.9817741121921682E-005
   8.7379559884274581E-005
   7.6809667685134641E-005
   4.8810585991436434E-005
   6.1250218975242898E-005
   1.0440890748371074E-004
   1.0794313193969668E-004
   6.6932394328727849E-005
   7.3240504138743104E-005
   7.6106215890801634E-005
   9.8926895520073293E-005
   7.7651963899553428E-005
   7.8111507946005174E-005
   4.8801636034408466E-005
   6.6600935098290676E-005
   7.1385631886963579E-005
   5.8128804978268792E-005
   1.3584814173791599E-004
   6.5020579986065438E-005
   8.9426266037431960E-005
   1.5204872902585889E-004
   7.7395900171061525E-005
   1.3609896197162486E-004
   8.1475469390091210E-005
   8.2627811266131090E-005
   8.0069027253378531E-005
   1.0377832574688402E-004
   5.1703406546567701E-005
   5.2651638452745141E-005
   7.7701073927494640E-005
   4.8781254318696303E-005
   7.7100731985147114E-005
   8.0007798646607691E-005
   9.3770449696397679E-005
   7.2535810860128007E-005
   7.6825405842450857E-005
   1.1336231017116207E-004
   1.1608118847048652E-004
   6.1327714418239998E-005
   1.2665774030505363E-004
   8.9219530877472002E-005
   8.6412176258735890E-005
   6.4500041003001527E-005
   5.6873941346302952E-005
   6.8030125698182505E-005
   1.2670459210179603E-004
   1.0950654504137648E-004
   1.1747194557305855E-004
   9.6533423645682654E-005
   8.5057531402486300E-005
   6.5900439381279206E-005
   1.1390430798757164E-004
   1.1597113915424183E-004
   1.0312474472917579E-004
   6.7865040702834429E-005
   9.8197817747859291E-005
   1.3213229193937534E-004
   6.7167171588816726E-005
   1.0298483876111787E-004
   8.1062436420338077E-005
   1.1199831875204935E-004
   1.3223957375669093E-004
   9.4710246292778780E-005
   1.0594280245540866E-004
   1.0965833438992512E-004
   1.1089348731377113E-004
   1.1875545396860851E-004
   6.5305110915397146E-005
   1.3386269598368735E-004
   9.8810957015194926E-005
   6.5152708665963858E-005
   8.3307134168716332E-005
   8.8554617008346955E-005
   7.4424822533857748E-005
   8.8563756157049951E-005
   7.2365009935278839E-005
   8.8315253102036492E-005
   8.7711966515259862E-005
   2.0967522280029494E-004
   5.8669389093788151E-005
   5.7316247436818808E-005
   9.7858341115082616E-005
   5.6760163837117923E-005
   6.8511607517382926E-005
   8.4418435334391789E-005
   6.3235413357297813E-005
   5.5910612875774855E-005
   5.4661209837339037E-005
   5.4849091308468832E-005
   5.4763065898429343E-005
   1.0247764327959791E-004
   5.4541446156638318E-005
   8.6814774108084572E-005
   7.3408625900359223E-005
   9.4138580358660664E-005
   9.1384347601516396E-005
   1.5999701972582782E-004
   1.0016182712970146E-004
   9.8945669931597497E-005
   9.8705833109384740E-005
   9.0112976244825411E-005
   1.1870047042515042E-004
   7.4546209741820497E-005
   7.2364441766539162E-005
   6.4048204911858295E-005
   1.1145202328324383E-004
   9.8908762528439773E-005
   1.4314247125885713E-004
   8.6841380849421435E-005
   1.1294238951708097E-004
   6.9464506669231308E-005
   9.1851292468824616E-005
   7.9730315966984494E-005
   8.0584902068654433E-005
   1.0942653253937727E-004
   9.1197767959266371E-005
   1.1472904913221634E-004
   1.0048868570342383E-004
   1.0592091810481345E-004
   8.0067253289860756E-005
   9.3453618389840881E-005
   7.3765866246486335E-005
   1.0530601330200666E-004
   6.5901812905937298E-005
   9.9390861906673470E-005
   5.5062001134542807E-005
   7.0683149331934229E-005
   6.2616148455637023E-005
   5.9970078942907926E-005
   8.4122916811608272E-005
   6.5474194596453443E-005
   7.8521913732404344E-005
   4.9884367795787694E-005
   5.8106387160343595E-005
   8.2549650707004947E-005
   1.2560695041226590E-004
   6.9272957457205733E-005
   7.9265426739548166E-005
   9.7364970245150591E-005
   9.4817344578119859E-005
   8.4244626196872000E-005
   6.7516489585605518E-005
   7.1654737644563136E-005
   1.2182700145805562E-004
   7.4209861396087239E-005
   7.5874685051582070E-005
   9.0366872237661311E-005
   7.1635403438400621E-005
   6.6731225807116531E-005
   1.1241388709231857E-004
   9.3703427169033985E-005
   9.8755652393215539E-005
   9.0639867885851358E-005
   7.1091340451445628E-005
   9.1323537581844416E-005
   6.6289205441448523E-005
   5.4254078728754567E-005
   6.6461921817323076E-005
   9.3962657771074404E-005
   6.4781351683374603E-005
   1.1480117104871123E-004
   8.7810111288261173E-005
   8.5244255136770881E-005
   1.1545643587399254E-004
   6.3811235588652064E-005
   1.1616291625821499E-004
   7.2961556571220204E-005
   7.0247773358869328E-005
   1.1376516739788397E-004
   8.1179130926415790E-005
   7.0262729136933054E-005
   9.0684076016401969E-005
   7.4682887978249580E-005
   1.6118084185631060E-004
   8.3913288526970187E-005
   9.5511153391439661E-005
   1.0163187668413944E-004
   5.2834809841215094E-005
   5.2384557639102902E-005
   8.9583216710946632E-005
   7.9905470528162753E-005
   1.0818123454268845E-004
   8.1419267828138222E-005
   9.3468465564199314E-005
   1.0057334152594193E-004
   1.0783814385943992E-004
   7.5031156516977852E-005
   5.9709328511942354E-005
   7.8538655233684583E-005
   1.1731101649631297E-004
   5.1006101082851635E-005
   1.0911207620485172E-004
   1.0166119316778009E-004
   6.4386075889956472E-005
   5.7600754275172863E-005
   5.7326170312916025E-005
   1.0428435012982018E-004
   6.8427946531974287E-005
   8.2588807482916838E-005
   1.3073021360405048E-004
   8.2707248299667441E-005
   1.2052601540307629E-004
   5.6631043011970579E-005
   1.0602046461880501E-004
   1.0926605477741183E-004
   1.6831641360497899E-004
   1.1239260498456681E-004
   9.5707038455060720E-005
   5.5622373431024192E-005
   1.2492609811362939E-004
   7.7595748874516467E-005
   7.7009566917851592E-005
   1.0774712777014287E-004
   1.2323270094766152E-004
   1.0093076506282059E-004
   8.0629022003467560E-005
   8.9593911771748577E-005
   5.9520598256599431E-005
   1.0632667087129612E-004
   6.7271685559863165E-005
   9.1987796471684150E-005
   1.5218805330731626E-004
   8.2124951552135143E-005
   1.2673978826066785E-004
   1.0607596649751240E-004
   1.0428583094742169E-004
   8.6714180615198575E-005
   7.2470420642435315E-005
   6.7345310517908898E-005
   8.2394221389772425E-005
   1.2101057121162910E-004
   6.4044031465818502E-005
   7.5200267468313392E-005
   1.4666198049467473E-004
   8.5651953531500636E-005
   1.1628209435863463E-004
   1.5025915028455853E-004
   7.7006720320282264E-005
   1.1270866631368880E-004
   1.4970094437267824E-004
   7.3344637205546257E-005
   6.0203826084135314E-005
   4.2983604987002130E-005
   8.8887342103751677E-005
   5.9326522447973366E-005
   7.6517963865700049E-005
   9.9675756451795704E-005
   6.0657796099109167E-005
   7.9549971276396327E-005
   7.6386712156251122E-005
   6.6120976225785713E-005
   7.2915742920353683E-005
   7.9939200976673788E-005
   1.0216731553312312E-004
   7.1809402698651907E-005
   6.8074707530911638E-005
   8.5618475243593928E-005
   6.5973411207588339E-005
   1.0697671144251728E-004
   1.0601741652720215E-004
   1.0211118760631002E-004
   9.6744771702649991E-005
   7.7958372990942292E-005
   6.7055800286642579E-005
   8.3708092269537719E-005
   8.0729870852896542E-005
   1.8944244081103083E-004
   1.2505956229925548E-004
   1.1735634184711220E-004
   9.9058546462971200E-005
   5.3209527809247058E-005
   8.0619773505551679E-005
   7.7992438556204015E-005
   1.6974374785651375E-004
   8.4985899969796671E-005
   5.9536578442982953E-005
   7.6379925947936552E-005
   6.4328583614928518E-005
   7.5216135233400263E-005
   1.0785008890840883E-004
   9.7384240676567436E-005
   7.3269928645242660E-005
   7.0139249722676173E-005
   7.5149046945480985E-005
   8.1448446266191112E-005
   1.0184399416162827E-004
   7.8635931685366208E-005
   1.2770869760047354E-004
   7.2788059193710014E-005
   8.4180373010513099E-005
   6.3892511592384467E-005
   1.3273867845100900E-004
   8.5349408362468432E-005
   9.8782192052878338E-005
   6.0731057642689367E-005
   1.0437207261473483E-004
   9.8582884535789543E-005
   1.3909104482775974E-004
   8.3764693752566807E-005
   1.1020549728638924E-004
   7.7813500929101715E-005
   7.2403058626590471E-005
   7.0060268093957533E-005
   9.3612468903400846E-005
   6.1659575964445829E-005
   1.5368004828566218E-004
