   1.3089229691387258E-004
   4.9096638186336309E-005
   5.1859392119087315E-005
   1.2108457611032502E-004
   6.4218770556441842E-005
   6.0110612319229370E-005
   8.9532482507352604E-005
   4.6151702364390592E-005
   7.3071019756351806E-005
   9.6705258642211628E-005
   1.1407642419984522E-004
   1.2644958773941502E-004
   7.8186883609196662E-005
   6.5550274742344998E-005
   7.0719715127325248E-005
   7.4640251434098399E-005
   5.6509982082120512E-005
   7.2361463820285043E-005
   1.4021403173334189E-004
   5.2820002942343701E-005
   1.4404645827547732E-004
   8.8722623971956917E-005
   8.9887918003378177E-005
   8.5230521916981403E-005
   6.1838616157809792E-005
   7.1236513077447912E-005
   2.1210425069811205E-004
   9.8427632344040179E-005
   6.6116910142155315E-005
   6.2271510101917317E-005
   1.5206406665301174E-004
   7.2990800389738039E-005
   7.1174041996841328E-005
   8.0354295313162254E-005
   1.0143588179223020E-004
   9.3296399398861121E-005
   7.9847842643894463E-005
   7.9305190298621601E-005
   5.1652006890474471E-005
   4.9483050707580239E-005
   6.3261234905422048E-005
   9.3833479963721065E-005
   1.7428337944090175E-004
   9.3602253516568255E-005
   1.0508634920659473E-004
   1.1995926108351328E-004
   1.0215429116556956E-004
   1.3152439176722911E-004
   1.1077509472925527E-004
   5.6336385595629229E-005
   4.3747403084432395E-005
   6.4026229843822360E-005
   6.2948995773780416E-005
   9.4170362027199615E-005
   1.0345108804865984E-004
   5.1959811722153620E-005
   6.1837217632954556E-005
   1.1776135612272284E-004
   1.7496678288962526E-004
   8.3554639414871995E-005
   7.6211575953510910E-005
   9.4242905730485698E-005
   5.7139253624199838E-005
   5.0141907144936893E-005
   5.1176615856824338E-005
   7.2483265058282699E-005
   9.7369460312557381E-005
   7.6215438907516913E-005
   6.5579808874738718E-005
   8.2731589955548055E-005
   1.0024153862131732E-004
   7.1591804187106365E-005
   6.9309651974308156E-005
   1.2096232440408491E-004
   1.8153958151260886E-004
   9.3753189106600288E-005
   1.2899545600195131E-004
   1.1714407261449738E-004
   7.3081358031352884E-005
   1.2222406433203497E-004
   1.0213817473322458E-004
   6.4475608148745564E-005
   1.3700564831264353E-004
   9.3802435328098650E-005
   7.5831085893307820E-005
   9.0771980469411568E-005
   9.6039920377928405E-005
   8.6858634624088483E-005
   6.2390340152337060E-005
   5.1220082328446768E-005
   8.3826915263714231E-005
   6.5941929224630941E-005
   5.4568077584312235E-005
   6.9285031762203976E-005
   1.1398909771647733E-004
   6.4389190268044629E-005
   1.0683642742754317E-004
   1.1275150667105063E-004
   1.0810860331120000E-004
   8.6918724601157569E-005
   9.5542783572417970E-005
   5.4588197836438773E-005
   6.3054443156023782E-005
   9.3596712332277924E-005
   5.1504240058429027E-005
   9.7093727766165610E-005
   1.3065326249819844E-004
   6.5349960114025692E-005
   1.2593963943605677E-004
   8.4036264765398387E-005
   1.6291553204395186E-004
   9.4263921702441192E-005
   7.1356079778825323E-005
   8.3127143886695736E-005
   1.1184792449101296E-004
   6.4453534141279358E-005
   6.6409922401866308E-005
   1.0680528990732485E-004
   7.2280884650150937E-005
   9.0578642293206440E-005
   8.5959813469084243E-005
   1.1459796544342063E-004
   1.1334726324398591E-004
   5.7020162620869122E-005
   7.7902689465928455E-005
   1.0222395020086393E-004
   6.7854370771404252E-005
   7.5454538206984242E-005
   7.6023861308400280E-005
   1.4678582064778066E-004
   7.5243513697163933E-005
   8.6738558082516461E-005
   7.0395646167248715E-005
   7.8522954364101193E-005
   7.1979636197270670E-005
   1.1859146045223353E-004
   9.2002663537093249E-005
   8.3687671975503318E-005
   1.1214720851966826E-004
   5.4759681414238303E-005
   7.9409451499730952E-005
   1.5050162735343397E-004
   1.0068638756911960E-004
   1.3730601944984309E-004
   7.3970017815048791E-005
   7.3522230267929729E-005
   9.0639351709201297E-005
   1.2953174286562750E-004
   7.0499051672315221E-005
   6.8991039035962455E-005
   9.6513908625386115E-005
   5.7270647354686653E-005
   8.9183257289924016E-005
   6.7228125626559977E-005
   4.8292486047605522E-005
   7.2236871967188359E-005
   9.8899816575209322E-005
   7.5733037969444647E-005
   2.0105358712976923E-004
   1.5202260597819333E-004
   7.7047964270799489E-005
   4.7411561206744580E-005
   8.3387383588684897E-005
   6.2897222991507493E-005
   8.3224596278889100E-005
   9.1622285642890971E-005
   1.0683774446209888E-004
   8.3719034511297766E-005
   9.1673587914931786E-005
   1.0243251604421986E-004
   8.2257252863531866E-005
   5.9360062196198205E-005
   6.9189906770965854E-005
   1.0468023001377686E-004
   6.3815508812593510E-005
   9.4917480941757949E-005
   5.0243160863355995E-005
   6.0198473519023066E-005
   9.7707384225108969E-005
   7.7436619226133418E-005
   9.6337482087643388E-005
   6.5756409231907054E-005
   9.5285494431688930E-005
   8.8494633260261473E-005
   8.1011119547404542E-005
   1.4040786685158566E-004
   9.5640396197678980E-005
   9.4681442511128838E-005
   8.0050501382750646E-005
   5.3365956921253298E-005
   1.1023482868473399E-004
   1.0109215223716573E-004
   5.9298094673589938E-005
   7.4393911328630904E-005
   7.9221429220667681E-005
   8.1872642939606480E-005
   7.4315347543955077E-005
   9.2974100397764912E-005
   6.2903871592843218E-005
   8.2567927948312982E-005
   1.0600974651168955E-004
   1.2381865138250597E-004
   8.6661230739239106E-005
   8.3588744968578714E-005
   8.0786960598465364E-005
   9.1560209553484087E-005
   9.1398202624778672E-005
   1.0632992191546166E-004
   7.4217760806693969E-005
   6.8433830004358754E-005
   1.2287694360665116E-004
   1.4058617267023905E-004
   7.9683180571472179E-005
   1.3304516922657935E-004
   1.0651152401631189E-004
   1.1833195707181521E-004
   5.9659815350814730E-005
   6.8484437334174344E-005
   6.0211248149369756E-005
   5.3886738819887091E-005
   1.6358604613812548E-004
   9.9807900731824469E-005
   8.5741268035748224E-005
   8.5558962376076125E-005
   7.0482613683065106E-005
   6.0850155782951631E-005
   7.1228796670888686E-005
   2.1127907200191437E-004
   9.2434249547147598E-005
   1.3817264738375635E-004
   7.4913343310379805E-005
   1.4371714299508479E-004
   7.9927627581785187E-005
   7.1495947635340037E-005
   1.2522764585073463E-004
   1.1811197124532967E-004
   6.8363748975494522E-005
   1.0342007003902605E-004
   1.2587281706884240E-004
   1.1096428315209467E-004
   8.4316063702139833E-005
   6.4044175433236066E-005
   8.6447864937045998E-005
   9.9308446758069739E-005
   9.1280521770868082E-005
   7.6147804870944037E-005
   9.7400645130088886E-005
   1.9230838865027616E-004
   6.4308569972489516E-005
   7.4468530485392111E-005
   1.1766632668642892E-004
   7.5512821626712892E-005
   1.4782949651976244E-004
   4.9351228084524380E-005
   7.2984029971928264E-005
   8.5432270117010185E-005
   8.3001681573555367E-005
   8.5505171530006387E-005
   7.4033311147487184E-005
   9.1915160295619677E-005
   8.0435486490677981E-005
   1.5282517374204429E-004
   9.5284617054554362E-005
   7.3999789761988399E-005
   7.9682411307211868E-005
   5.1652434759228597E-005
   8.9882806626981481E-005
   1.0934900726038197E-004
   1.0841390962395276E-004
   7.5608299989769068E-005
   9.8985607945633534E-005
   8.0319764547079551E-005
   6.4068780520474720E-005
   1.4505408152183996E-004
   6.1967269614734088E-005
   9.9965147877774813E-005
   7.4664962542018328E-005
   9.6407009588143390E-005
   7.1268642914225990E-005
   6.7782254783787935E-005
   1.0481640319198926E-004
   1.1050158197401060E-004
   1.0120074243230756E-004
   7.7024293327102530E-005
   9.4658201008653069E-005
   6.5990957800037291E-005
   6.5956506790217136E-005
   1.1109329385292904E-004
   6.7039131490395347E-005
   1.3077607650428255E-004
   7.8228472878987850E-005
   1.3866798527800201E-004
   1.2475018745902467E-004
   5.0818773889498485E-005
   9.0882836653728897E-005
   6.4804055084200640E-005
   6.6864524357124251E-005
   7.2341659806602655E-005
   9.1118168182557444E-005
   5.4512972842557382E-005
   8.6459574441792101E-005
   6.3571738897322930E-005
   1.0374785960847173E-004
   8.7231420512558591E-005
   7.3395040695702489E-005
   7.9603091564726846E-005
   7.7293653411654285E-005
   1.5481425348741140E-004
   1.0570131020982980E-004
   1.0888155925202013E-004
   8.8470696745848366E-005
   5.5093474275822794E-005
   8.6933502457986746E-005
   8.9835902987026091E-005
   1.4266548977020965E-004
   9.4514828416319955E-005
   9.0587472772982416E-005
   8.6210854537185740E-005
   5.6151119911521073E-005
   7.5443039981982503E-005
   6.3228414368686077E-005
   4.9491455916617357E-005
   1.0990882590162838E-004
   9.1084402482534304E-005
   6.5903176000090067E-005
   8.9668224040058786E-005
   8.7702091319134188E-005
   6.2897160116435726E-005
   7.5518503035730303E-005
   1.0778411447391777E-004
   1.1898522749729063E-004
   1.3136476995798281E-004
   1.5477611219205797E-004
   5.2255642346338209E-005
   9.2490733931170724E-005
   8.3393501556106820E-005
   1.3847055899183974E-004
   1.8316931890296833E-004
   8.1969781082158629E-005
   7.9421777867215502E-005
   8.7278396496117216E-005
   7.0221352920999165E-005
   4.4202084426224354E-005
   1.8844089557559253E-004
   1.2605476346806542E-004
   1.0113928826960778E-004
   4.7601581826907048E-005
   8.0144459779570831E-005
   6.7576774468531994E-005
   1.1560533429266144E-004
   6.9031635404285716E-005
   9.8337284088180122E-005
   9.5750597267955074E-005
   7.4770365802507172E-005
   6.2613651744600839E-005
   6.6678580256412392E-005
   5.2632433372440642E-005
   7.4985025148121488E-005
   1.0950290727003957E-004
   8.1893101903224516E-005
   1.2160728242836710E-004
   7.2354479591879535E-005
   6.3726062435125706E-005
   1.2201208763322575E-004
   8.6201631962311810E-005
   1.1123253385070553E-004
   8.5676236536730480E-005
   2.9215440117154339E-004
   1.0419686240718930E-004
   9.9602150017486673E-005
   5.8018352853627013E-005
   8.4368266710998748E-005
   7.1645417284066631E-005
   1.1734969851096106E-004
   9.7479689586245534E-005
   1.2381039207929240E-004
   5.5971044421899336E-005
   8.4340195548365771E-005
   1.2450354057257345E-004
   6.2948498908959035E-005
   1.3069028029975778E-004
   7.3642385060487182E-005
   5.9868579267418175E-005
   5.7145976068545680E-005
   1.1015294303550674E-004
   7.6373904864563360E-005
   4.1583982576581796E-005
   1.0922543230802790E-004
   7.8485739336766388E-005
   1.2083728049950506E-004
   1.2511227962790485E-004
   9.5156204871787132E-005
   9.0236449621525485E-005
   5.5017109804407210E-005
   4.6711617063532352E-005
   6.3264683588665419E-005
   9.3736995193939313E-005
   8.5201264417196891E-005
   6.5100820505685446E-005
   7.7778782173582901E-005
   4.7954279677057055E-005
   8.9409092196358848E-005
   1.4258713033957101E-004
   8.3074766039122622E-005
   6.7946166474889419E-005
   1.4728084529795488E-004
   1.2200304767746544E-004
   5.1521199691245693E-005
   1.2381190072177170E-004
   7.2921255291043149E-005
   9.2919696699822287E-005
   9.9415092397545326E-005
   5.2677569738707476E-005
   7.2259457628136666E-005
   1.0130802141389582E-004
   6.3480173523635695E-005
   7.4295967805971478E-005
   1.1313851398192653E-004
   6.7938013089499942E-005
   5.2476772582949029E-005
   6.1687845301774019E-005
   8.8229667190126658E-005
   6.6588497106787354E-005
   8.7931819086229827E-005
   5.3445354135517529E-005
   6.7293849738094173E-005
   6.0129252047806135E-005
   9.0494337134939450E-005
   1.4624733171966761E-004
   8.3476355798985176E-005
   1.0605088752582696E-004
   7.4053897499817795E-005
   1.3478569353075724E-004
   8.3132640945841408E-005
   7.7048608480437963E-005
   9.9021283241426555E-005
   8.4880187503897338E-005
   7.8342154885891699E-005
   1.1128181612383394E-004
   9.0793787461916430E-005
   6.6305951966421961E-005
   1.1348766756660289E-004
   5.2016879719791491E-005
   1.0769013210351052E-004
   8.8443859087763242E-005
   5.8990653424834317E-005
   8.9340466434997676E-005
   7.3210647721072591E-005
   7.6985397060568800E-005
   1.7341415898972887E-004
   1.1784440215750705E-004
   1.2666537915556711E-004
   7.7949990384154023E-005
   7.5299418103739454E-005
   6.9330669408110136E-005
   8.4744709418197744E-005
   1.0897282086661631E-004
   8.2878302571160931E-005
   8.4927649103252182E-005
   7.9405878519200586E-005
   1.0365208510248946E-004
   5.8032017206903338E-005
   8.4179424136480394E-005
   9.9971468261366160E-005
   1.1070976555773948E-004
   7.1824170973704902E-005
   7.8907146259283597E-005
   1.0040063721134143E-004
   9.4852124025186435E-005
   5.2744345332825360E-005
   9.7399104682489125E-005
   6.7419488702548928E-005
   5.5047445939549261E-005
   4.7537417389477550E-005
   9.5502123845782826E-005
   7.7584766185633704E-005
   1.3331931980431957E-004
   6.3061582015296809E-005
   7.8810141218068421E-005
   8.0526664953195799E-005
   8.2160503591165336E-005
   7.6980807098744661E-005
   8.9336063267472709E-005
   7.8809190206451389E-005
   1.0290211157813086E-004
   8.2597499322990177E-005
   8.7103665508225239E-005
   6.8708992857820244E-005
   5.5688442992655694E-005
   1.4119034244052694E-004
   8.1947666735978148E-005
   6.6042323818451005E-005
   7.9683289609783599E-005
   5.7685448445263272E-005
   7.6234491922133930E-005
   5.7832434912918373E-005
   1.0156465432569734E-004
   1.0533091739392394E-004
   8.4215887695526060E-005
   1.0026323356562487E-004
   8.3031208174534304E-005
   6.1006403271195691E-005
   6.5898752797130227E-005
   9.5678907939641589E-005
   7.0578430387669013E-005
   4.6166450837689566E-005
   1.4025912678864271E-004
   9.7721654801865814E-005
   7.4886882879163550E-005
   7.8631162741486275E-005
   6.1401066575550266E-005
   1.1811697959313972E-004
   6.8145864442153701E-005
   6.6286732596798934E-005
   9.0179820080631921E-005
   5.4164577337080302E-005
   9.5165549643035649E-005
   7.9059005457411341E-005
   1.2548324991235155E-004
   7.9566573149679996E-005
   7.6565151010130490E-005
   6.2687804711585444E-005
   9.2676801053666479E-005
   8.2504773491758119E-005
   1.2470548474856593E-004
   1.1026907779503436E-004
   9.4067320924703606E-005
   1.0475911253123930E-004
   7.4712801833706636E-005
   7.7655492230365965E-005
   9.4110929215036613E-005
   1.4422654943042982E-004
   1.3589994278965939E-004
   9.1954118893785436E-005
   6.2742697004629648E-005
   1.0748692263363057E-004
   1.1001351161894329E-004
   7.1990679656231584E-005
   9.0330397217361512E-005
   1.1370850911122355E-004
   6.1711165730095154E-005
   7.1444607377936671E-005
   9.4348765369986950E-005
   7.5352197938353201E-005
   6.6669848274237685E-005
   9.1661412132046184E-005
   4.9772932663325453E-005
   8.2726037385729123E-005
   8.4032702189631485E-005
   7.1114106056941817E-005
   1.3681838531033098E-004
   6.0131073631316584E-005
   1.1646024185356756E-004
   4.9905415181997788E-005
   1.0116285196038210E-004
   5.1833006842873981E-005
   5.5416859865263579E-005
   9.4652628817139053E-005
   9.6348697243474714E-005
   1.4156655720943637E-004
   6.1844383070153858E-005
   8.9344119901268307E-005
   5.5271373863608867E-005
   8.0307869015662289E-005
   6.5793978608067016E-005
   1.5076123578740345E-004
   6.5568336141224386E-005
   1.6113213520029543E-004
   8.8008509490280235E-005
   5.4350459616422239E-005
   5.7153434230624161E-005
   9.5202078884812190E-005
   1.1222072568630097E-004
   1.0087620296121701E-004
   5.6422131562146048E-005
   1.3588139228307952E-004
   8.3355695028329530E-005
   5.8620693410950774E-005
   1.7213137133187926E-004
   5.9709530399480521E-005
   7.2440081451636361E-005
   6.9089901406513629E-005
   9.2860202567144172E-005
   5.3788055539838571E-005
   1.1764365616777647E-004
   7.8239104402197019E-005
   8.7734279996961730E-005
   9.0766263758798363E-005
   8.9033851485996715E-005
   9.8407300654809041E-005
   9.3280716099832211E-005
   1.0095209909491114E-004
   1.0027317148816431E-004
   9.1895635629636626E-005
   7.9636318796756091E-005
   7.2836074532193329E-005
   8.2289539438704112E-005
   8.1095848915759678E-005
   1.2924413656209918E-004
   1.0358544892309537E-004
   5.4261159387219204E-005
   7.5435882461094512E-005
   9.1598042608291664E-005
   8.8556205200892435E-005
   1.2572511146431080E-004
   9.0411938825250924E-005
   1.0703625785690449E-004
   9.8706430132867651E-005
   7.4416869533244887E-005
   1.7907095582770426E-004
   7.0795561819312117E-005
   1.0681565634989705E-004
   7.7978953743291867E-005
   7.1194773582871856E-005
   1.0994191011485461E-004
   7.3585943639048690E-005
   5.4232512516704124E-005
   6.1261300846034291E-005
   1.3595221752176151E-004
   6.6931352708966973E-005
   8.4292908310379505E-005
   8.3419203965315797E-005
   6.2903494199725119E-005
   5.8981257763698383E-005
   8.4068694921724394E-005
   7.3059626534831794E-005
   1.0446628322973694E-004
   1.2704205823768465E-004
   7.5998377572747359E-005
   5.2909413437312568E-005
   7.4270847785131911E-005
   7.6739443315282214E-005
   6.0633199388548485E-005
   9.6818554424286327E-005
   7.0793267208182133E-005
   6.7062997606026368E-005
   1.5613792557720146E-004
   6.5416162245687166E-005
   1.1524465926113907E-004
   6.7557226612933798E-005
   8.6633349573821816E-005
   5.4474853059660421E-005
   8.2970487836518035E-005
   9.6276625303371051E-005
   9.6608144100312433E-005
   6.1387164117173926E-005
   1.2150509048776635E-004
   1.0863565269871374E-004
   8.3731607897034307E-005
   5.0022466546001095E-005
   7.8820911359354554E-005
   1.0096980573396979E-004
   1.0770993010950795E-004
   8.3354008100237198E-005
   6.7099495321351794E-005
   7.8577334920263957E-005
   1.9749875741222238E-004
   5.3914792197158546E-005
   4.4106534815625184E-005
   8.7924051674593065E-005
   9.6289867365264897E-005
   5.8788270358090184E-005
   7.1643319205188328E-005
   7.1186524873272184E-005
   8.6903172083950745E-005
   6.5251386135336734E-005
   8.5203344177673304E-005
   7.4745365079514325E-005
   1.2842104205822654E-004
   1.0756194404454030E-004
   8.8172506350425370E-005
   1.0504567405626700E-004
   9.6876481059259483E-005
   7.9057206389096391E-005
   7.5761110358132594E-005
   9.1049330512857170E-005
   6.6292397479227641E-005
   9.7405835428442442E-005
   8.5355356843943485E-005
   1.2956589274143026E-004
   8.5037336736320542E-005
   7.9949730081401587E-005
   6.5698196851197933E-005
   1.1813823183315849E-004
   6.9478563230890422E-005
   7.3665244151242836E-005
   1.1742065635105194E-004
   1.1820331821015323E-004
   6.9693019391054461E-005
   1.0815191932302716E-004
   9.7861457461343902E-005
   8.4396153797406379E-005
   1.2595159415979302E-004
   5.1611562478265866E-005
   9.5168143185067177E-005
   7.5201647464935291E-005
   1.4837553013977441E-004
   6.5670554533102529E-005
   8.9006205058724336E-005
   6.2787503528716519E-005
   8.9166303462283954E-005
   1.0090194611085572E-004
   6.8550431382463360E-005
   1.0882445784023572E-004
   7.7962219938212807E-005
   7.2813456514070790E-005
   1.0313026035278506E-004
   8.6428238797479546E-005
   7.7267617991289900E-005
   8.3836426477690499E-005
   1.0980293292879291E-004
   7.4240711602339304E-005
   9.5088492981829792E-005
   6.6049993519583000E-005
   5.6449600677908815E-005
   5.8901979140372274E-005
   8.2398309482057406E-005
   6.8053529924698598E-005
   7.5682638071932664E-005
   7.2167439579833364E-005
   7.3551133328478969E-005
   6.7461208541475223E-005
   6.9667035888872748E-005
   6.4708272502408026E-005
   7.1794164906212814E-005
   9.3782802385635302E-005
   5.6925976835179925E-005
   6.3167792234411442E-005
   7.6117631889981423E-005
   1.1835121749851745E-004
   6.2706344697514515E-005
   7.3627984586768227E-005
   1.4620012735537424E-004
   7.4658837447135322E-005
   5.6939888591634374E-005
   1.0949667739113705E-004
   5.6674923645727142E-005
   9.8484567217870452E-005
   1.2644059282700902E-004
   1.2257403516195985E-004
   2.1041905709095975E-004
   8.3557367530186609E-005
   8.1656384257482406E-005
   1.7399446317013469E-004
   1.1209560248774230E-004
   7.9382698348480558E-005
   7.0574053075289612E-005
   7.3352127249725770E-005
   7.6290370208969169E-005
   1.1026679610160916E-004
   1.4644769483554703E-004
   8.5274266718642517E-005
   1.0607477870498408E-004
   1.1637853915517008E-004
   8.4210533149616261E-005
   1.0108870862523686E-004
   7.5894070627880825E-005
   4.8298470774615875E-005
   6.2080120599252104E-005
   7.1115955625479776E-005
   7.4941908642483859E-005
   9.6584129833506571E-005
   9.1688856836146611E-005
   6.6786475554881438E-005
   1.0098174300669250E-004
   9.9959428212387379E-005
   8.7218539707388905E-005
   1.3418012874458814E-004
   9.9642691924698519E-005
   9.0699556234533104E-005
   6.8803960801568472E-005
   9.3239486702243550E-005
   7.4642387513413320E-005
   9.1923364570349259E-005
   6.4272729503027034E-005
   1.4866072331040799E-004
   7.1067240969135476E-005
   9.5179140788077639E-005
   1.4699712115583027E-004
   5.9592985477278226E-005
   7.8408007794921838E-005
   9.4337597791104122E-005
   7.7223992813456950E-005
   6.1691816726535973E-005
   7.0681248536754067E-005
   6.8386854101675689E-005
   8.9068647995921402E-005
   9.6016517550817914E-005
   1.0631910857310165E-004
   1.0778241124620109E-004
   8.3347648879607313E-005
   8.3115216911460059E-005
   8.9383578506782715E-005
   9.7368840111763407E-005
   6.8168878108783903E-005
   7.3103964679603053E-005
   6.1847093107356941E-005
   6.8835880926196804E-005
   5.4612455053866914E-005
   5.9250248012242765E-005
   6.3811972078454653E-005
   1.7460711893143332E-004
   9.7049979735551434E-005
   1.2547817593139187E-004
   8.1096044827043103E-005
   9.0803183667314475E-005
   7.6651270608870769E-005
   8.3140176706588144E-005
   5.1205352297239905E-005
   4.6418549385385460E-005
   6.2042743920433596E-005
   6.1610070345016204E-005
   7.9594023291494083E-005
   9.1832078307041120E-005
   7.5554144676953471E-005
   6.1853602117192388E-005
   1.2741457044871573E-004
   9.6145264815308810E-005
   4.9773613798316853E-005
   7.0999633375001903E-005
   7.7409493418055482E-005
   8.3281582543024118E-005
   8.3663273811413215E-005
   1.3341516552271704E-004
   1.0127559991699346E-004
   6.4951600512481303E-005
   7.5235175730724440E-005
   8.7809213888963465E-005
   9.1030295040959912E-005
   6.7427386981333578E-005
   8.9533978119067876E-005
   6.1024377122534729E-005
   9.1271849923332140E-005
   6.1186611289295760E-005
   1.0648252355090932E-004
   9.8251600361734696E-005
   1.4700429704027893E-004
   6.8770564253158554E-005
   1.1105105801231550E-004
   9.9880549831140306E-005
   9.7611350385791031E-005
   8.4805904053108076E-005
   7.6655446716175244E-005
   6.3650649467847966E-005
   8.2890239181105749E-005
   7.6745036773775226E-005
   1.0665894418656213E-004
   9.3400230996779139E-005
   7.9909679476147544E-005
   1.4913158380679186E-004
   6.9076134205280882E-005
   1.3178545237059586E-004
   6.8451838307803341E-005
   1.1731241206126862E-004
   8.8768512486724432E-005
   5.9778669036852648E-005
   1.0715740656751803E-004
   1.1551155256919294E-004
   1.0873912473814217E-004
   6.5143817290902337E-005
   6.8998077832442049E-005
   6.9739423699404369E-005
   7.9248998831283455E-005
   9.1294461255380838E-005
   1.2363908776048726E-004
   7.2940313927086057E-005
   7.7188218418142317E-005
   7.7235148869114520E-005
   6.5298815739349913E-005
   8.7588881599686376E-005
   4.6712955663826275E-005
   6.1467345777479579E-005
   8.6530611841136769E-005
   1.0987578442576297E-004
   1.2581637828528301E-004
   4.8607115717739878E-005
   1.7449867656004124E-004
   1.0885300044592056E-004
   5.8595596836746106E-005
   1.0537758597485621E-004
   6.9759885615724941E-005
   8.3660319245909353E-005
   7.9057806574733326E-005
   5.8138246268712201E-005
   6.9748854499665277E-005
   1.1656399917742784E-004
   1.5142341626359475E-004
   9.5264759010991795E-005
   1.3695571732780850E-004
   9.0672958264939203E-005
   5.4658445318740749E-005
   5.9136517349904078E-005
   6.7053523926968606E-005
   6.8988403109068475E-005
   1.0902381981259405E-004
   6.0899663472897981E-005
   7.8475288442655919E-005
   1.1324916606086779E-004
   8.1068326128781279E-005
   5.7900379548792180E-005
   9.9013158707314715E-005
   8.1276183866879295E-005
   8.7789071451286371E-005
   1.3140493440518349E-004
   5.7207197522755662E-005
   7.0544393153430229E-005
   1.3633823923011571E-004
   4.2538478018951548E-005
   7.3695155053619743E-005
   5.7588311361382726E-005
   8.6946957595822764E-005
   6.5858357240640829E-005
   8.6858386119517477E-005
   8.7956876771621027E-005
   1.0126861299983239E-004
   5.7562438509446116E-005
   9.7747496473556735E-005
   6.2006316756817677E-005
   6.3663794066539265E-005
   7.1315060288730176E-005
   5.3211903459512453E-005
   8.7024680398766434E-005
   5.4525425651528791E-005
   6.1137671708834761E-005
   7.5505742396282378E-005
   7.8387546579142928E-005
   5.8734367967971310E-005
   9.7974692879699207E-005
   1.0331153088849441E-004
   6.0581490676350362E-005
   6.0885927311131708E-005
   7.0388345110809021E-005
   6.1658101037806456E-005
   6.5587312336422250E-005
   5.4004543714849741E-005
   7.0838408123521728E-005
   8.6125423579269024E-005
   7.7471752052785109E-005
   5.4943005920684230E-005
   6.6017543332478850E-005
   1.0319791914094358E-004
   1.2264748585249577E-004
   6.1574501880321729E-005
   5.9885533940817626E-005
   7.0214893267834296E-005
   9.0242892053606229E-005
   1.0902579516426413E-004
   7.8766579478759842E-005
   7.3080913578219963E-005
   9.2727985897672822E-005
   1.2006492289971694E-004
   1.0449173779168177E-004
   9.9706066870262661E-005
   7.7829324979932453E-005
   6.3833712892716861E-005
   7.1934160311552681E-005
   1.6577492851486568E-004
   1.1621751471065337E-004
   5.8884897554106817E-005
   7.1598367297860124E-005
   7.8387741886892651E-005
   9.9636793617584524E-005
   7.5002795360822625E-005
   6.3965058754162182E-005
   7.3396898980943723E-005
   5.4177243058169057E-005
   8.3146183734917776E-005
   1.2289529046261585E-004
   1.1630328734958875E-004
   8.5265429234219068E-005
   1.0652764880626276E-004
   6.0529665359272089E-005
   6.2422025114581767E-005
   1.0773639277494766E-004
   6.9491978461010270E-005
   6.3736813057282228E-005
   8.6239629431288420E-005
   5.3389843360536809E-005
   1.2492570019570674E-004
   6.5171623000728022E-005
   7.9762922788343812E-005
   1.1239570066069752E-004
   1.5634026532226536E-004
   6.7280459762334601E-005
   9.1442634049618767E-005
   8.5044337165774515E-005
   7.5523386826302816E-005
   8.3722407527301858E-005
   9.3082579574774648E-005
   8.6232099932721465E-005
   1.0134161665024308E-004
   1.0231308401709860E-004
   1.4706959514277862E-004
   5.3614195090866285E-005
   9.8187020451477670E-005
   9.0227909222645295E-005
   1.0728145605624948E-004
   1.0511866807788321E-004
   7.7421159469432928E-005
   1.4302512646646362E-004
   1.0791489687962022E-004
   1.8321755931912287E-004
   5.7713360968973910E-005
   7.3322397517621332E-005
   6.5062293184594679E-005
   1.4055188679488553E-004
   8.7817506028568321E-005
   7.2981670042319424E-005
   5.7712754015508762E-005
   7.2209688870870001E-005
   4.3973477463456617E-005
   6.3636620807852091E-005
   1.3147955144309970E-004
   1.0194484807482297E-004
   8.8140557251069514E-005
   7.2756696241086221E-005
   6.3132905411928216E-005
   6.2545139034218334E-005
   7.0783963149281118E-005
   5.5195044505212127E-005
   9.3803452815106967E-005
   9.2345264702821387E-005
   7.2692103342564799E-005
   5.2341529986660555E-005
   6.2456057186120300E-005
   1.3694820903862874E-004
   7.4298070635036149E-005
   7.3890286422848017E-005
   1.0116372104970343E-004
   5.8133945745188246E-005
   1.0021287396183190E-004
   6.7055731939002830E-005
   8.3507062398566388E-005
   8.5483006695361165E-005
   7.8960517463569460E-005
   8.9275731731186671E-005
   9.2481285985320086E-005
   8.3388112149560033E-005
   1.3788627813356624E-004
   6.1226666119006497E-005
   6.5986208876496938E-005
   5.4764097642189554E-005
   7.3737230904271590E-005
   9.0798857356716580E-005
   6.3888093667162116E-005
   5.7163543375929688E-005
   6.9308761882155612E-005
   9.6747142334994133E-005
   1.6773779243269325E-004
   1.2327912021006446E-004
   1.3758593908434798E-004
   7.1926818682777714E-005
   5.3395420982219882E-005
   1.4134769804527995E-004
   7.9675995098549634E-005
   7.4798768391457664E-005
   1.5325020358033110E-004
   9.9607494534773399E-005
   7.8714746824569802E-005
   7.6942454438430025E-005
   1.0283413157030981E-004
   5.0999634926482915E-005
   9.4471068450232431E-005
   8.9041184729714344E-005
   6.4280179410798664E-005
   7.6124591719904118E-005
   7.3378095361433215E-005
   1.0240554967519805E-004
   1.0045687932005084E-004
   9.1582203972866095E-005
   7.9026758223883268E-005
   8.4913179187789679E-005
   7.5723015330990133E-005
   6.1685449012934408E-005
   7.1627487154053517E-005
   7.2968767794340757E-005
   1.2785624909945808E-004
   7.8551484705246792E-005
   6.2696211510275153E-005
   6.5165354992156117E-005
   1.1469616506286447E-004
   6.3700779188962474E-005
   8.0484537635768625E-005
   6.3863174861342713E-005
   8.5860018870168497E-005
   9.5436263983180109E-005
   8.3178372365633088E-005
   7.3921503438536220E-005
   7.8603247407306711E-005
   1.2773450020715028E-004
   9.6549103279081332E-005
   6.2822007394652791E-005
   1.0012806262162860E-004
   6.4635054336852096E-005
   1.5179236252900165E-004
   6.0765036097218461E-005
   6.0699484601738813E-005
   7.8515036990110156E-005
   8.3563656726654787E-005
   7.2945667683209475E-005
   8.1515190310764456E-005
   9.9559924063311967E-005
   6.2121317822026777E-005
   7.7408157791968363E-005
   1.4957342054546088E-004
   6.0184585090475504E-005
   7.3086877486952550E-005
   6.9199625947199508E-005
   9.7350301373050222E-005
   1.6227557103863635E-004
   1.0903304035165599E-004
   6.3184247795216377E-005
   5.2235643870742480E-005
   1.3031049528164495E-004
   8.5807960351776848E-005
   1.6430326557326114E-004
   7.2752058934532775E-005
   9.2096460189026785E-005
   9.7733808555523473E-005
   9.9277163862775865E-005
   1.5611607851769601E-004
   7.9544946958985397E-005
   8.8165635975886273E-005
   3.7626874852331253E-005
   7.3537835636908883E-005
   6.9088633396843777E-005
   8.2737181493856027E-005
   8.0919784869301904E-005
   7.7635587370261612E-005
   8.9121323558523889E-005
   8.5739787169371664E-005
   7.4486934285148600E-005
   6.8683013879461389E-005
   5.6119535066456991E-005
   8.3607651952252317E-005
   1.1569295127224015E-004
   1.5951984174243579E-004
   1.0098363756387594E-004
   1.1668357170635437E-004
   6.5258749252198537E-005
   9.4369463525014206E-005
   8.6847957825954121E-005
   1.1948544467685006E-004
   1.0319369438777975E-004
   6.2586178833862039E-005
   4.9757669259857662E-005
   6.2234329794011179E-005
   1.3235653278421646E-004
   7.6523016725322921E-005
   1.2921141270415477E-004
   1.2198178605611782E-004
   1.0151633320591453E-004
   7.4147116406264707E-005
   1.3177423137923308E-004
   6.5219465273035499E-005
   8.3069564718386325E-005
   1.0867422408326164E-004
   6.6303820597820169E-005
   1.0190713707728720E-004
   9.7390421264431624E-005
   1.1287886169654367E-004
   7.3566999136546833E-005
   6.8934938470001947E-005
   5.2263958626818318E-005
   5.6593523376414241E-005
   8.3271688056217399E-005
   8.9810573953774152E-005
   5.7227851607734424E-005
   8.6591239259866407E-005
   1.0687744701095326E-004
   9.5449400482916537E-005
   1.2341381168569422E-004
   6.4300093786659324E-005
   5.8684358277656704E-005
   6.0562961532456081E-005
   7.9333833625715909E-005
   1.3713619130282191E-004
   7.6500842425974983E-005
   1.4190335245215787E-004
   1.2645607689319323E-004
   6.7441545306326753E-005
   8.0033311812852567E-005
   1.4554537520312388E-004
   8.3719730294177740E-005
   6.6823283613134124E-005
   5.3611595365411348E-005
   9.2557970529717819E-005
   8.1260730072364398E-005
   1.1566368267425744E-004
   5.8949017632080509E-005
   5.5267076584041739E-005
   4.8465973465179970E-005
   8.2613253536523512E-005
   6.2569517083484229E-005
   6.5813011118728634E-005
   1.0917312911397029E-004
   8.0545896728826877E-005
   6.5653936474478940E-005
   7.1940738584634566E-005
   6.9371636367984902E-005
   8.8653410044235592E-005
   7.8957591756381008E-005
   8.8205528456107013E-005
   9.1671630097270174E-005
   1.7941186662345703E-004
   8.1654950812494264E-005
   1.5616044127136401E-004
   1.1478595278109325E-004
   1.0203799944167456E-004
   8.0110826228682290E-005
   2.1594201833739015E-004
   1.4337738858988117E-004
   9.6408820798815745E-005
   7.6174122645217000E-005
   1.3875549448978328E-004
   5.3137560422928255E-005
   7.7757522762329526E-005
   6.5598774108445305E-005
   6.9214207839214296E-005
   6.9476811220639786E-005
   8.3456363875703408E-005
   9.9060666095121108E-005
   3.7219637891920828E-005
   1.2860406214500341E-004
   5.1020190292269575E-005
   1.9464420654718797E-004
   1.1347125178279322E-004
   1.6599073539285507E-004
   6.4534342653229334E-005
   1.1012545564301436E-004
   1.2127387828332412E-004
   9.2545639418054667E-005
   7.6146723037217567E-005
   8.3977414118604276E-005
   6.0169090305238506E-005
   1.0779704599336210E-004
   1.3088049079210568E-004
   1.0878478659318483E-004
   1.0231310065047317E-004
   7.8383858882132717E-005
   6.1673069889259721E-005
   8.5249829888895813E-005
   7.1248806937816608E-005
   1.0194761075837429E-004
   8.5236469849795228E-005
   9.6643603790920124E-005
   8.6599906238223924E-005
   7.3019744794864536E-005
   1.0842451099546010E-004
   6.2989865879472699E-005
   8.5931871423362670E-005
   8.4286070773973351E-005
   8.2239026481283823E-005
   1.0080939515410627E-004
   8.0749512228597207E-005
   1.2573580680270150E-004
   1.0153473119827137E-004
   1.4297984547928280E-004
   8.3785795460245997E-005
   6.5908270615800215E-005
   1.5564591348799577E-004
   7.2225970175499054E-005
   9.9126613826929199E-005
   8.9775007704115029E-005
   1.0187121913225656E-004
   7.7799611334221084E-005
   4.6703367715312758E-005
   7.9082384295655546E-005
   1.4776827506511353E-004
   7.4305355469945052E-005
   1.1226634193682305E-004
   9.5296995972650453E-005
   1.1459681711679779E-004
   8.7368360233566061E-005
   7.1142570860843274E-005
   6.7738802718489045E-005
   6.7246312821282779E-005
   1.0419156190550024E-004
   1.2136242689155094E-004
   1.4484573674097134E-004
   8.5319186119611721E-005
   7.5034135054369991E-005
   8.3425757340017395E-005
   3.9082505475995278E-005
   1.2051257987424065E-004
   1.2980024986806549E-004
   7.9598176982625474E-005
   8.5524279908269377E-005
   6.6409850401567315E-005
   7.7256427798943358E-005
   1.1979310015434669E-004
   7.2972160391155847E-005
   7.7444833760897372E-005
   6.7184076842902049E-005
   1.4057099908114425E-004
   1.1455927951277803E-004
   7.9145989198590582E-005
   1.1719479188134301E-004
   5.5795475706676738E-005
   6.8397391165366309E-005
   8.4350018205144942E-005
   1.1929518660965579E-004
   1.2160859763894858E-004
   8.1098782712583063E-005
   9.8691001915710653E-005
   4.9847175102166144E-005
   7.5002505586746444E-005
   7.8503367724486187E-005
   8.9108199188881401E-005
   8.4851403190061312E-005
   1.7483244568916026E-004
   6.4892111065039762E-005
   9.6407368103446135E-005
   8.6502290472564058E-005
   8.1365788625425682E-005
   1.0233567449088708E-004
   7.5064446999151518E-005
   9.3633491806643956E-005
   1.6544667979356771E-004
   8.2103984392556194E-005
   7.8215959187455099E-005
   1.0851727400842461E-004
   1.3224597474877436E-004
   8.6071380479813654E-005
   5.8616172024372526E-005
   6.3532277361744846E-005
   5.3657516882426385E-005
   1.7299572010511847E-004
   1.1733487522480361E-004
   6.6242397958548717E-005
   6.7588116108883159E-005
   6.8539520088528534E-005
   1.2541323083699297E-004
   7.6645483057532162E-005
   6.6414052871980196E-005
   6.8333183221167484E-005
   8.8631060066675984E-005
   8.8002132125121460E-005
   7.7158510007967914E-005
   1.0230781620466353E-004
   9.5011452886813991E-005
   7.0508379807935411E-005
   4.3697695592555532E-005
   9.1200342283233435E-005
   1.6209937059937575E-004
   1.1367135816197563E-004
   9.0808859426201173E-005
   1.1244166407574249E-004
   7.4056025529540610E-005
   7.0438376739049671E-005
   6.1643215630111903E-005
   7.8665258849447403E-005
   1.0828004158163051E-004
   1.0964975928842367E-004
   1.1941092756907603E-004
   6.2317432137795321E-005
   8.6662287329194161E-005
   4.7407617157542290E-005
   1.8559386096034160E-004
   1.0152383209889999E-004
   5.6895793598773214E-005
   4.8309933622179947E-005
   1.1547436029373228E-004
   7.3855130685033070E-005
   5.2174791367602415E-005
   1.3559483507855289E-004
   7.1602750892679588E-005
   6.7157804954384135E-005
   5.4475443572519782E-005
   8.0752409903131283E-005
   9.2855306580929620E-005
   8.7419127895850958E-005
   1.1301251839041665E-004
   9.4923462475329529E-005
   6.9483943361402814E-005
   7.0061558400204499E-005
   8.0500486040879749E-005
   1.3264366688665963E-004
   9.3243315399897973E-005
   7.6934445371602180E-005
   1.1066148615950954E-004
   9.6008100011786362E-005
   7.3338943036050096E-005
   9.1382759663595890E-005
   5.3663384139842912E-005
   6.4391735681403669E-005
   5.6631407100388340E-005
   9.0203727038426672E-005
   6.5413442913257603E-005
   1.1798209242667816E-004
   6.4482719342104624E-005
   7.3319635156849866E-005
   7.9033998800786653E-005
   9.2230301679434204E-005
   9.3480386000373598E-005
   7.6979143729810208E-005
   6.8290322369025217E-005
   1.1235900693263682E-004
   5.3918823815915836E-005
   7.7417732685711047E-005
   9.0326951158081864E-005
   6.4290764908218046E-005
   1.5033608153503653E-004
   4.8690922174615088E-005
   7.0086962652396768E-005
   6.3192217689269918E-005
   9.1246384370186680E-005
   6.9399973282814495E-005
   7.5647946298905313E-005
   8.0058578798326309E-005
   7.1084583781849141E-005
   7.2057273838166638E-005
   9.3566729566652810E-005
   9.2262655529300958E-005
   1.7326118615828073E-004
   7.7301643161921301E-005
   1.8383314434309919E-004
   8.6870710129178470E-005
   8.6745734321304539E-005
   8.2400108177739360E-005
   6.6867299089150346E-005
   1.2411726549200805E-004
   1.0288683462312543E-004
   8.7003084866638504E-005
   7.1444298488163103E-005
   4.9589184004120299E-005
   6.2676981120160031E-005
   7.9496649513540471E-005
   1.0731788083387234E-004
   6.5791620444898685E-005
   6.6174040893793431E-005
   7.7490461348105733E-005
   8.7947426012191415E-005
   8.0238241483492138E-005
   7.7843296050404779E-005
   4.8669397524204382E-005
   6.7866944542422240E-005
   7.4072267271908196E-005
   5.9698422601766295E-005
   1.4252653290406617E-004
   6.4537776986388107E-005
   8.1055197879409475E-005
   1.5719367206456144E-004
   8.0815162876834474E-005
   1.3681900581359095E-004
   8.1035890220877740E-005
   8.6119056375023973E-005
   8.2691121194679860E-005
   1.0862007073660348E-004
   5.1357480241914097E-005
   5.3128751785909320E-005
   8.0455108999314458E-005
   4.9965399282953252E-005
   7.9546204300960359E-005
   7.2488692303704640E-005
   9.8119095861882302E-005
   7.5621027570875785E-005
   7.9130381982829871E-005
   1.1093306436509599E-004
   1.1643136023036676E-004
   6.3311554486369801E-005
   1.3118339630020223E-004
   9.2912607090369614E-005
   9.0374481653985060E-005
   6.6938041946158557E-005
   5.7064724517263385E-005
   7.0861725413168375E-005
   1.3244661259742619E-004
   1.1407518631425773E-004
   1.2361951451937545E-004
   9.7187869988261136E-005
   8.6013000293274239E-005
   6.7121852661129158E-005
   1.1917022872938909E-004
   1.2160818412924860E-004
   1.0091536240715675E-004
   6.5864098262338660E-005
   9.4123037397987085E-005
   1.3798449404057973E-004
   6.8526618947147293E-005
   9.3599923634148815E-005
   8.4106568851742441E-005
   1.1711914120850722E-004
   1.3848725260385956E-004
   9.7031691807755532E-005
   1.0673440830033561E-004
   1.1453181529337085E-004
   1.0265948675647293E-004
   1.2408863039965509E-004
   6.7438576354983691E-005
   1.4044352600493351E-004
   1.0298706827383854E-004
   6.6358513668521323E-005
   8.6291762125448570E-005
   9.0967684941639632E-005
   7.6724452795032404E-005
   8.9303616687355013E-005
   7.2070063560459135E-005
   9.0671343508677191E-005
   9.1974745423414073E-005
   1.5430856321155712E-004
   6.0940565527105162E-005
   5.9241957994534501E-005
   1.0198097077016431E-004
   5.8109539939397475E-005
   6.3675420622766505E-005
   8.7212691342683992E-005
   6.0753278002893078E-005
   5.7473959226709507E-005
   5.4145946274559745E-005
   5.5243727622322460E-005
   5.3168340075673524E-005
   1.0465704602714343E-004
   5.4548039742392903E-005
   8.8334133479053438E-005
   6.5905306874542162E-005
   9.7628081866029005E-005
   9.3779073786361825E-005
   1.6681236023270260E-004
   1.0404120152077710E-004
   1.0308723699786332E-004
   1.0196782628806803E-004
   9.3253175838761598E-005
   9.1585744326718572E-005
   7.5481794179616240E-005
   7.1524496295035506E-005
   6.5766351602915802E-005
   1.0315640699055421E-004
   1.0015596375176739E-004
   1.5015044528850525E-004
   8.9519786763483445E-005
   1.1646605593217983E-004
   7.1643455509215747E-005
   9.6058633563110579E-005
   8.2492463340607292E-005
   8.0508979308923148E-005
   1.1074256953535572E-004
   9.3328020435403693E-005
   1.1880801611500651E-004
   1.0047470712928732E-004
   1.0645625292671395E-004
   8.2960015862112695E-005
   9.7092098894075503E-005
   7.6178090695913563E-005
   1.0759177742281665E-004
   6.5384531136348888E-005
   7.6340405654168531E-005
   5.4950110205508816E-005
   7.4101629042394021E-005
   6.2866177490295889E-005
   5.9940787255104834E-005
   8.3966659036335733E-005
   6.3162664159752439E-005
   8.1012674984777330E-005
   5.0107574610274564E-005
   6.0347590317703008E-005
   8.3984848256995909E-005
   1.3187794253636758E-004
   6.8510660720086437E-005
   8.1708277092513442E-005
   1.0184164807441869E-004
   9.7831725879669813E-005
   8.7454894334492009E-005
   6.9996689741124661E-005
   7.2966348042318279E-005
   1.0555100001807706E-004
   7.5745824804305910E-005
   7.5440305975943702E-005
   8.1446391900531049E-005
   7.5028702821008681E-005
   6.7747165320434372E-005
   1.0624821506852071E-004
   8.8739156685658350E-005
   8.9982763133273811E-005
   9.4092227572188680E-005
   7.1341961884732367E-005
   9.2245166174189679E-005
   6.6519114219662419E-005
   5.6401605932284773E-005
   6.7467456248074785E-005
   9.0886725290149740E-005
   6.5562534385681817E-005
   9.4866775739732158E-005
   7.9685102585760016E-005
   8.7644505672783367E-005
   1.1553605981635596E-004
   6.5236457410982107E-005
   1.2125438086513511E-004
   7.5005029786428116E-005
   7.2581427748347297E-005
   1.1939490849466227E-004
   7.7712457127669110E-005
   7.1239205941471193E-005
   6.5615959805996889E-005
   7.5072695960034274E-005
   1.3951980955563469E-004
   7.7931634857969414E-005
   7.4236288837771855E-005
   8.6893071942758455E-005
   5.5026229570325584E-005
   5.3098900064034709E-005
   9.3402538345202060E-005
   7.9286467179728347E-005
   1.1290457120021301E-004
   8.1954673097467501E-005
   9.5111551164326274E-005
   9.9272647078836295E-005
   1.1058741808840685E-004
   7.4662152410803675E-005
   5.9528707012505924E-005
   8.0806802037393014E-005
   1.2329430099896696E-004
   5.2907015801440221E-005
   1.1162382574976246E-004
   1.0620597979149024E-004
   6.3134025057528869E-005
   5.2831327084721751E-005
   5.4714524436893501E-005
   1.0245222116441125E-004
   7.0879331248357571E-005
   7.8414324917205024E-005
   1.2449756006762297E-004
   8.4424795874653999E-005
   1.1992862492388898E-004
   5.7715826601755040E-005
   1.0879075316050436E-004
   1.0909407411322554E-004
   1.7346132886632536E-004
   1.1246367843068800E-004
   8.6593341225303481E-005
   5.6995561535964780E-005
   1.2699442781208134E-004
   8.1191877326524799E-005
   7.9843908224830833E-005
   1.0909010854772260E-004
   1.1439905697712843E-004
   1.0150279724270179E-004
   8.0673543734109974E-005
   9.1187201984228394E-005
   6.1831651700388829E-005
   1.1024270730319917E-004
   6.7961944109744127E-005
   9.6494422056245613E-005
   1.5599358244604676E-004
   8.5048838086064838E-005
   1.3269053145428803E-004
   1.1020778812698481E-004
   1.0477722016470778E-004
   8.2467086150314443E-005
   7.3554318943569750E-005
   6.6360723842213295E-005
   8.5951993919484534E-005
   1.2595808149109240E-004
   6.5219553839696611E-005
   6.8485841239746299E-005
   1.0476796859793036E-004
   8.6992854534307054E-005
   1.1747398451171901E-004
   1.5531485522794522E-004
   7.6552718700298827E-005
   1.1799364229627508E-004
   1.5657643893031046E-004
   6.9674555736307068E-005
   6.0948486210920239E-005
   4.3843300317212437E-005
   9.2071505281919068E-005
   6.1753746185345761E-005
   7.8456875319100604E-005
   1.0162920195629621E-004
   6.2955707210473461E-005
   7.9535953982301090E-005
   7.5736244701220219E-005
   6.8302989288372424E-005
   7.4286972927156835E-005
   8.1013542121097083E-005
   1.0408059188289318E-004
   7.4902079347690672E-005
   7.0696266939618320E-005
   8.8802628519698345E-005
   6.1052549854765775E-005
   1.0747495949072798E-004
   1.0946991756318974E-004
   9.5144412503400262E-005
   9.9698225510431638E-005
   7.6853225916523191E-005
   5.4202963524222865E-005
   8.3931424178309319E-005
   7.9255031470598818E-005
   1.9589511303493530E-004
   1.2782768075306097E-004
   1.1930039419244042E-004
   9.9982204273153981E-005
   5.5238117810665746E-005
   8.3561947068202556E-005
   7.0939554273232488E-005
   1.7569916793765196E-004
   8.7010755694933193E-005
   6.0036520577388399E-005
   7.7614032962220660E-005
   6.5159380046727139E-005
   6.1427589162973514E-005
   1.0904019935913326E-004
   9.4445639411874937E-005
   7.5134882109741550E-005
   6.4957139853803162E-005
   7.8278807667433393E-005
   8.0968300761647441E-005
   1.0380119606854878E-004
   8.1766282371261182E-005
   1.1923375242269631E-004
   7.5418694660710412E-005
   8.3378626705374824E-005
   6.2586946899561053E-005
   1.3556759686550761E-004
   8.6562015902774786E-005
   1.0343636719892000E-004
   5.9188613632736227E-005
   1.0582576938387297E-004
   8.4304781581380167E-005
   1.1499415620987998E-004
   8.6575341229847862E-005
   1.1513346256093562E-004
   7.7350845193786930E-005
   6.0563437013724520E-005
   6.8714240538827117E-005
   9.4969506354569309E-005
   6.1856044955360071E-005
   1.6008137729076519E-004
