   1.2599445320221766E-004
   4.7399482771252741E-005
   5.0920350315532944E-005
   1.1999828599710452E-004
   9.2896178207556472E-005
   6.0191623305953408E-005
   8.8978607287644625E-005
   4.9636749008631252E-005
   8.0781909032801721E-005
   1.0052952012088221E-004
   1.1489506581730768E-004
   1.2321458959857408E-004
   8.4616154555464771E-005
   6.4629916583287291E-005
   7.1500300968570178E-005
   7.2352512294609675E-005
   5.7551851568664432E-005
   7.3391158810509044E-005
   1.3745690324664056E-004
   5.1271954201549356E-005
   1.3972644372857990E-004
   9.2624432337850361E-005
   8.8180984013728762E-005
   8.9419264847053162E-005
   6.2389497541656937E-005
   7.7606964591460771E-005
   2.0799052384975662E-004
   9.5636782556916000E-005
   6.4955449670864635E-005
   6.2878758986275904E-005
   1.4806703239038680E-004
   9.9669812773948551E-005
   7.0337213741727782E-005
   7.8835790877853496E-005
   9.8463205205420983E-005
   9.0801048670428067E-005
   7.9178030834581002E-005
   7.8628933352341792E-005
   5.1507749722047072E-005
   4.8058540206695131E-005
   6.2720899665658780E-005
   1.0142744663575043E-004
   1.6948506824151301E-004
   9.0519247283013068E-005
   1.0422341357006797E-004
   1.1725191408619283E-004
   1.0032836657896113E-004
   1.3409211272511515E-004
   1.0777030645959741E-004
   5.5603989175819078E-005
   4.4491596657603036E-005
   6.8127125017702469E-005
   6.5912575657438020E-005
   9.7363409394294462E-005
   1.0029486934105034E-004
   5.0649257823024644E-005
   6.0868184567737505E-005
   1.1368115368123318E-004
   1.6916494576109153E-004
   8.8517116919034262E-005
   8.0667918984974983E-005
   9.6429921084883476E-005
   5.6436176767809381E-005
   4.9531312551573650E-005
   6.1858450395282027E-005
   7.4626401177184599E-005
   9.4354813275740845E-005
   7.5827423749411405E-005
   6.4861968368505745E-005
   7.9531314672053925E-005
   1.0305098112786265E-004
   7.0219999757104631E-005
   7.1708211218945422E-005
   1.2224889813981427E-004
   1.7648210136305255E-004
   9.0408804967921617E-005
   1.2715075355604656E-004
   1.1732341178969121E-004
   8.0277595967524114E-005
   1.2100467182256241E-004
   1.0760651730470751E-004
   6.2961982247918279E-005
   1.3132808429014374E-004
   9.0459340337312812E-005
   7.7810013372153715E-005
   8.8569907186749684E-005
   9.2788598780328929E-005
   8.4290524514269008E-005
   6.1218203388975078E-005
   5.2858759200318383E-005
   8.2878367617004751E-005
   6.4103975509376192E-005
   5.6782840856851120E-005
   6.7471955371877182E-005
   1.1048936257380431E-004
   6.8816448230174534E-005
   1.0844073710139775E-004
   1.0924932397920801E-004
   1.0568085763741853E-004
   8.3964945847098273E-005
   9.3919926231319459E-005
   5.3825644273072108E-005
   7.2501703966483823E-005
   9.1420520545185273E-005
   5.3056493832114397E-005
   9.3775707270359808E-005
   1.3802537490317470E-004
   6.8565809497759980E-005
   1.2263655401464674E-004
   8.2928140725019897E-005
   1.6046180635029543E-004
   9.4340060349456099E-005
   7.0693020657551850E-005
   8.0023392110721933E-005
   1.1068717551567890E-004
   6.2593825968683330E-005
   6.4559123546166424E-005
   1.0329616380882144E-004
   7.4903572800773756E-005
   9.8378649520748058E-005
   8.2570749334326011E-005
   1.1089133648052651E-004
   1.1722037474112219E-004
   5.7604336758998413E-005
   7.5749781973372281E-005
   9.9755341998519493E-005
   7.8088670415892846E-005
   7.3491221649287430E-005
   7.4628067708053741E-005
   1.4150406772737385E-004
   7.8118553104875268E-005
   8.3726022580826943E-005
   6.8113215488818212E-005
   7.9530976669692175E-005
   9.0061673946164640E-005
   1.1976108392180984E-004
   9.4101521016036656E-005
   8.3865008127635146E-005
   1.0996687558012751E-004
   5.3436514978212066E-005
   7.8963730421328140E-005
   1.4743903689587502E-004
   1.0534257167152371E-004
   1.3220685393556153E-004
   7.2329639058322135E-005
   7.0711265378067619E-005
   9.0118227850408402E-005
   1.2609823912105911E-004
   6.9716526784544881E-005
   6.8684965201326668E-005
   9.3694957535714877E-005
   5.7104112237409478E-005
   9.7276684314336257E-005
   7.3716350591026774E-005
   4.7408677592086272E-005
   7.3643783773022286E-005
   9.7213084191431054E-005
   7.6048215074229464E-005
   2.0117904475999953E-004
   1.4873613307348917E-004
   7.9527255497294680E-005
   5.3368969345999602E-005
   8.0292237013858365E-005
   6.0671451493659756E-005
   8.2695552514334855E-005
   9.5664711681505297E-005
   1.0403381014724368E-004
   8.8060403772452438E-005
   8.9411764688558665E-005
   9.9217352213236545E-005
   8.1091705657091354E-005
   5.8594644884013081E-005
   7.0884665468350476E-005
   1.0187353800875482E-004
   6.1718913290677779E-005
   9.3432948043510852E-005
   5.2913096543176712E-005
   6.9202085920124848E-005
   9.5568436938522084E-005
   8.4591268220613584E-005
   1.0125002678819572E-004
   6.9344188609695521E-005
   1.0399642831377102E-004
   8.6030894016707318E-005
   7.8456317193205115E-005
   1.3540329881718961E-004
   9.2028077831072256E-005
   9.1091722983154314E-005
   8.0723834004077909E-005
   5.2818576757625988E-005
   1.0763320982017679E-004
   1.0393303998397278E-004
   5.8752510151303887E-005
   7.7351370710935390E-005
   7.8751961923376461E-005
   7.9532503572526313E-005
   7.4516030393976320E-005
   8.9598160889753741E-005
   6.4194655560717150E-005
   8.1610524878219663E-005
   1.0463709471584692E-004
   1.1973415971199293E-004
   1.0110339525957083E-004
   8.1129889439202006E-005
   8.0833041080067547E-005
   8.8844325631682201E-005
   8.8286343718671270E-005
   1.0624789061458025E-004
   7.8838241071018202E-005
   6.6603672330997542E-005
   1.2278210802441002E-004
   1.3850164120028497E-004
   7.6624265371127799E-005
   1.2774449784171368E-004
   1.1347742789561311E-004
   1.1512862446022908E-004
   5.9237631075628246E-005
   6.9705886133449005E-005
   6.8120825032864487E-005
   5.2778864396293796E-005
   1.5837457779826117E-004
   9.6904201336033680E-005
   8.8156881793583601E-005
   8.2897502336393961E-005
   7.0026175903187548E-005
   5.8934290103132782E-005
   6.9084006011147503E-005
   2.0231019046775014E-004
   9.0438823230420238E-005
   1.3429166819842211E-004
   8.3153251441352705E-005
   1.3790217275560937E-004
   7.9999081399323511E-005
   8.9234437642446622E-005
   1.2064651365395936E-004
   1.1483996769573495E-004
   6.6474293694221518E-005
   1.0038483017893437E-004
   1.2309722984894184E-004
   1.1111540718255025E-004
   8.5937796862962782E-005
   7.0540535272719580E-005
   8.6634498257809114E-005
   9.6245034084841284E-005
   9.0946689246680000E-005
   7.4458685912953508E-005
   9.4571881192384591E-005
   1.8714469700714778E-004
   6.2784882291832639E-005
   7.2571639577390093E-005
   1.1619947594412289E-004
   7.4777914751732999E-005
   1.4343986880943391E-004
   5.3674558984871006E-005
   8.2277319207782831E-005
   8.9632595370386372E-005
   8.0447580710941570E-005
   8.2499139493264037E-005
   7.2440579650904360E-005
   9.4378051449005304E-005
   7.9983617792039392E-005
   1.4870827945303160E-004
   9.2352159680759825E-005
   7.5323584773074172E-005
   7.6433047415016972E-005
   4.9992360178146136E-005
   8.7445351690071759E-005
   1.0955430946057395E-004
   1.0462981678136974E-004
   7.2993240575506697E-005
   1.1121376829983145E-004
   7.9279354503982374E-005
   6.5305836994301002E-005
   1.6094976658648555E-004
   6.2636355899430587E-005
   9.6430993000446908E-005
   7.3350955820340635E-005
   9.4084522355258063E-005
   7.7537388126545876E-005
   6.8352808828920831E-005
   1.0184720554360685E-004
   1.0844787559201973E-004
   1.0016587563548979E-004
   7.4530681009079986E-005
   9.9276496945219963E-005
   6.6173443239056262E-005
   6.5465847718656174E-005
   1.0933802612672237E-004
   7.3217340021918743E-005
   1.2929922802989581E-004
   7.6070079507052982E-005
   1.3349075897292425E-004
   1.2051355978269890E-004
   5.1301612537331508E-005
   8.8466870239386849E-005
   6.6133835457812644E-005
   7.4509121615193760E-005
   7.0117548745012896E-005
   8.9163018867545967E-005
   6.3015882342651815E-005
   9.3987215100031313E-005
   7.6895940976351202E-005
   1.0067931414282303E-004
   9.2835903849681719E-005
   7.9184298276799980E-005
   8.4419677217703539E-005
   7.7550551165334619E-005
   1.4877595104649692E-004
   1.0275008240953326E-004
   1.0837506345927625E-004
   9.0522634344821650E-005
   5.6514618048453197E-005
   8.5396351267510895E-005
   8.7480748522828324E-005
   1.3810852395642064E-004
   9.5814397867502969E-005
   9.0448660511213187E-005
   8.5560890946485100E-005
   5.9750828878208395E-005
   7.3632204139584132E-005
   6.4312650728325489E-005
   5.3440009018472760E-005
   1.0756528089706417E-004
   9.4251031450084862E-005
   7.8620487391949638E-005
   8.7608706985375223E-005
   8.6614815746480843E-005
   6.1832636509317869E-005
   8.0949365501257258E-005
   1.0380147151453916E-004
   1.1451250702226349E-004
   1.2764729436404648E-004
   1.4887694060428591E-004
   5.6670769012263155E-005
   9.0737697897002689E-005
   8.3220144109639186E-005
   1.3393856834461687E-004
   1.7616879071633817E-004
   8.1384194885622524E-005
   9.1173138730136919E-005
   8.6926659001913072E-005
   6.8197483167861417E-005
   6.8538601676249540E-005
   1.8231429993725317E-004
   1.2157497306297786E-004
   1.0164428072544203E-004
   4.7829705835949386E-005
   7.8062957234693609E-005
   6.9379499289034475E-005
   1.1488218454459258E-004
   6.7297234769396567E-005
   9.6987409304296278E-005
   9.5938806154822559E-005
   7.2192159962630791E-005
   6.0569048433896958E-005
   6.4617167385643196E-005
   5.1352452522833962E-005
   7.3514851652859415E-005
   1.0689879174467541E-004
   1.0774976811861808E-004
   1.1860739207182817E-004
   8.0269712594271568E-005
   6.5609164488446289E-005
   1.1775402862659836E-004
   8.3995550781515365E-005
   1.0983393455876610E-004
   8.4936423734341331E-005
   2.8005234206794773E-004
   1.1288787807069523E-004
   1.2272345654846232E-004
   5.7544561416115802E-005
   8.2250810021471332E-005
   7.0379129208442812E-005
   1.1373092055480988E-004
   9.5620775665128748E-005
   1.1928919409055717E-004
   5.5829146854139746E-005
   8.2554894951931149E-005
   1.2058720641329312E-004
   6.1617552969853205E-005
   1.2955027148129714E-004
   7.2849416862299867E-005
   7.4907388425322240E-005
   5.7883281730237827E-005
   1.1034888229894230E-004
   7.8533831746366431E-005
   4.1169770767481264E-005
   1.0504369286765755E-004
   7.6531604742869310E-005
   1.1707939902911824E-004
   1.2419750760819654E-004
   9.4501886712708896E-005
   9.2595919457210947E-005
   5.5293247138952743E-005
   4.9958848140612048E-005
   6.2009357388164400E-005
   9.0622306938494289E-005
   8.8535345412289379E-005
   6.4025251543028104E-005
   7.7157431595953983E-005
   5.3661317641558720E-005
   9.2633601685914802E-005
   1.4146392667255310E-004
   9.3610660316029170E-005
   7.5138787557019922E-005
   1.4171188951875882E-004
   1.1801214113155208E-004
   5.0563754392433772E-005
   1.1921505434253552E-004
   7.8030816398112467E-005
   8.9545969770681128E-005
   9.6381859013356918E-005
   5.2152262588449762E-005
   7.6176320312741944E-005
   1.0036666415817410E-004
   6.1693188417104205E-005
   7.1899877893938626E-005
   1.1095275704397450E-004
   6.6336917420701849E-005
   6.4105696376664460E-005
   6.1190204014808738E-005
   1.0197719407923925E-004
   7.0756528442671591E-005
   8.6168607181405353E-005
   5.3915517699757589E-005
   7.5401167722048318E-005
   6.2884087939993845E-005
   8.7585218190700786E-005
   1.4035154362908263E-004
   8.1331194296111993E-005
   1.0469127270738237E-004
   8.0595704033555219E-005
   1.2981255041215803E-004
   8.0489899977756905E-005
   7.4322525830406003E-005
   9.5624836557019435E-005
   8.1657159397263950E-005
   7.6378926418815935E-005
   1.0831822592186414E-004
   8.9045966925080733E-005
   6.4147076853640565E-005
   1.1139020031442297E-004
   5.0471137512027127E-005
   1.0435959570987407E-004
   8.5599501076413534E-005
   5.8778500665141234E-005
   8.6041446249714913E-005
   7.1704896665063952E-005
   7.6603172979754312E-005
   1.7231414134107680E-004
   1.1833061003607317E-004
   1.2179677951439377E-004
   7.5293544121067063E-005
   7.8027145491969347E-005
   6.7711991914262088E-005
   8.3822877740417700E-005
   1.0552678151571470E-004
   7.9856992752390781E-005
   8.1874909161726680E-005
   8.0400987442827567E-005
   1.0844866680824652E-004
   6.1938989899522990E-005
   9.4309627615684664E-005
   9.9127990332263517E-005
   1.0711313845927762E-004
   7.1135224317111926E-005
   8.4501851766224416E-005
   1.0697894113529337E-004
   9.1789134104600375E-005
   5.1435649236609154E-005
   9.4073849363830508E-005
   6.5950420524669100E-005
   5.8168690425763737E-005
   4.6175563970724048E-005
   9.3052492799826773E-005
   7.7092846874402676E-005
   1.3105744877726439E-004
   6.8550223601950607E-005
   8.2273080219818909E-005
   8.0336624842070566E-005
   7.9501968760458473E-005
   7.6554055578608352E-005
   8.6723826466162871E-005
   8.5879797494176337E-005
   1.0601007615142636E-004
   8.1816407269784023E-005
   9.7686021073278200E-005
   6.7377628014352845E-005
   5.5915845478029292E-005
   1.4566256368965958E-004
   8.4579092434222160E-005
   6.5977930282780560E-005
   7.7780117632902975E-005
   7.1875571547903581E-005
   7.6393903477202894E-005
   5.6360184138121393E-005
   1.0270420115798483E-004
   1.1308998553019811E-004
   8.2175480769864829E-005
   9.7821020071538314E-005
   7.9902661166731561E-005
   5.9187473134195818E-005
   6.8821176133217370E-005
   9.3063506760942332E-005
   6.8640984064762952E-005
   5.4768942110091323E-005
   1.4649176126714487E-004
   9.5994778448125652E-005
   7.4977269134898772E-005
   8.6205393901782671E-005
   5.9845163417222049E-005
   1.1508121878930010E-004
   6.7418369001588587E-005
   7.1628336520061369E-005
   9.3740108270071016E-005
   5.3884405172687672E-005
   9.3224183620298966E-005
   7.8584881321501596E-005
   1.2165724490236362E-004
   7.6591715450185328E-005
   7.5085070355954302E-005
   6.9831615368251543E-005
   8.9719749502744807E-005
   8.5341938772135544E-005
   1.2737424969296967E-004
   1.0660572602557988E-004
   9.1668611908060020E-005
   1.0441451293706730E-004
   7.4613568070472456E-005
   8.1083687048717800E-005
   1.1185977761739124E-004
   1.3899482971951630E-004
   1.3037264730260658E-004
   9.0581374828232098E-005
   6.4876157155652200E-005
   1.0431648555478908E-004
   1.0619838057875775E-004
   6.9455580455217832E-005
   8.9351194462838185E-005
   1.1193532072715495E-004
   5.9557024215619099E-005
   7.0094452596625783E-005
   9.5515285056989443E-005
   7.6948278420630269E-005
   6.9896304530560419E-005
   8.8574618148718487E-005
   4.8377485954049327E-005
   8.1949675361866188E-005
   8.4757158877656204E-005
   7.2633866047351408E-005
   1.3216645561544939E-004
   6.5289372044354489E-005
   1.1198131018127480E-004
   4.8435555992493459E-005
   9.7161277482298085E-005
   5.1820813204237864E-005
   5.6365331795177433E-005
   9.2221643839001966E-005
   9.7535947285605148E-005
   1.3667334714343368E-004
   6.0476218751828936E-005
   8.7625610137175621E-005
   5.5458566021378480E-005
   8.2976028622773327E-005
   6.4535726113296746E-005
   1.4549674751058444E-004
   6.4150689871267128E-005
   1.6481012251345158E-004
   8.6594794988835590E-005
   5.8140514099401426E-005
   7.8972919802940467E-005
   9.3238124055996748E-005
   1.0937709286520020E-004
   1.3388887827820676E-004
   5.8329632098477222E-005
   1.3629821877527028E-004
   9.1460407471664898E-005
   5.7756365394518489E-005
   1.7531869089162095E-004
   5.8859322859961713E-005
   7.2034522587015052E-005
   6.7008939516579477E-005
   8.9204225375385978E-005
   5.2155083036689407E-005
   1.2008525819570173E-004
   8.6507242192248126E-005
   8.5074350875407253E-005
   8.8548648039868668E-005
   8.6130565015083010E-005
   9.5085058569464005E-005
   9.1022885868398789E-005
   9.8132329498642158E-005
   1.0161707263666480E-004
   8.9821659269291820E-005
   7.8297417415494177E-005
   7.0176174953649983E-005
   8.4501714931286531E-005
   8.1869889505137338E-005
   1.2558559525759720E-004
   1.0086523513728066E-004
   5.4876188439175011E-005
   7.4863342379391743E-005
   9.2323930397155386E-005
   8.7326361621720629E-005
   1.2203947119944019E-004
   8.7051684722007613E-005
   1.0435449881861228E-004
   9.6101983037771445E-005
   7.6744065212422033E-005
   1.7324794442454450E-004
   7.2116253656047567E-005
   1.0362155603091816E-004
   7.5225957339956982E-005
   7.0383804899333877E-005
   1.0925860588966018E-004
   7.2006215263274180E-005
   5.4170069404448542E-005
   5.9614756865700574E-005
   1.6319184967168474E-004
   7.3274412234457172E-005
   8.2706996947309893E-005
   8.2887302265902962E-005
   6.3800444098249961E-005
   6.2975234561074014E-005
   8.0997279499322758E-005
   7.3690447401700832E-005
   1.0102549600563132E-004
   1.2237442794610668E-004
   7.9845311840016515E-005
   5.1902737665616903E-005
   7.2774678421979908E-005
   7.5523839115969758E-005
   6.0668784649753858E-005
   9.3993649886022268E-005
   7.2485616828767000E-005
   6.6812807406011526E-005
   1.5117293995248898E-004
   7.5151479753498768E-005
   1.2288633780447347E-004
   7.0105711479380260E-005
   9.6762012951560349E-005
   5.4510445886140535E-005
   9.0860505040543695E-005
   1.1176814921731005E-004
   9.4419533441051035E-005
   5.9473636642821948E-005
   1.1729295782413339E-004
   1.0441546930869592E-004
   8.4312783968907345E-005
   5.0408521106323073E-005
   7.6964805508658951E-005
   9.9235850643817546E-005
   1.0484531126151525E-004
   8.8011964630285990E-005
   6.5764891413738467E-005
   7.6863307156505646E-005
   1.9709166008577319E-004
   5.4179097251645055E-005
   4.4377635132368145E-005
   8.4930430119829959E-005
   9.2813167758913742E-005
   5.6857352608950550E-005
   6.8969609040262446E-005
   6.9353153585652576E-005
   8.3556295556889195E-005
   7.1975592711090279E-005
   8.2783389067845117E-005
   7.8644673622784399E-005
   1.2442118937848039E-004
   1.0723559507407111E-004
   8.7402612343905184E-005
   1.0110835971676863E-004
   9.6729453232038707E-005
   7.7327424716434087E-005
   7.3837840202899935E-005
   1.3265035695731264E-004
   6.4369124008871917E-005
   9.5007215704683560E-005
   8.2652798908353136E-005
   1.2474889265263523E-004
   8.2278201001273162E-005
   7.7531230452841719E-005
   6.9791254749534791E-005
   1.1535961140778136E-004
   6.7470856196530723E-005
   7.1039406599286231E-005
   1.1656721560193322E-004
   1.1403672739182394E-004
   6.7700242573826266E-005
   1.0986893899785031E-004
   9.4110644093433311E-005
   8.1694931594373848E-005
   1.2236387087578271E-004
   5.4041596999254306E-005
   9.4001007502111478E-005
   7.6195074068516631E-005
   1.4862725689986122E-004
   6.7747925431837892E-005
   8.6433591562316538E-005
   6.2125845456076831E-005
   8.6735694858546016E-005
   9.7573120720196910E-005
   6.6659950066618950E-005
   1.1036208458726726E-004
   8.1936419151321463E-005
   7.4862726392514961E-005
   9.9943859493413048E-005
   8.8519003289131456E-005
   8.2653249812221456E-005
   8.3155128354618030E-005
   1.1011972416940621E-004
   7.3887234458934708E-005
   9.4742829041262935E-005
   7.0625863661044085E-005
   5.7571849112727696E-005
   5.7209693287270292E-005
   7.9822052641813932E-005
   6.7058405390510353E-005
   7.4951339143136786E-005
   7.2262527385555020E-005
   9.1327613132168126E-005
   6.9410815568296682E-005
   6.9563889689699731E-005
   6.5736124049281544E-005
   8.4893282217950278E-005
   9.2309075715802240E-005
   5.5803098022272192E-005
   6.3172313077644807E-005
   7.6989286162414380E-005
   1.1554787010418812E-004
   6.0680713296474195E-005
   7.4329629930337059E-005
   1.4196813850051964E-004
   7.3531522123788308E-005
   5.6232319156980046E-005
   1.1849731208843654E-004
   6.2921286407429758E-005
   9.9496851338044505E-005
   1.3280361099842831E-004
   1.2092358589031242E-004
   2.0828546130440868E-004
   8.1124002436829728E-005
   8.2099630925950076E-005
   1.6963664220382915E-004
   1.0873092091699755E-004
   7.6866905385456865E-005
   6.9449616352830121E-005
   7.1970199561908885E-005
   7.5530834809489999E-005
   1.0732891487816598E-004
   1.4098932280454698E-004
   8.2235464537063128E-005
   1.0329403803309317E-004
   1.1282083766443722E-004
   8.5669662245787365E-005
   1.0441976622057328E-004
   7.5261507427775806E-005
   5.2082042338731913E-005
   7.1479967027025674E-005
   6.9234066703784458E-005
   7.9005625736114135E-005
   1.0339201753402901E-004
   9.9398049709217577E-005
   6.5190897845230527E-005
   1.0306603405982693E-004
   1.0395781322571635E-004
   8.6515490671426091E-005
   1.3054372234815522E-004
   9.6900549575573212E-005
   8.8366323799380592E-005
   6.8379912003295641E-005
   9.1436822405165544E-005
   7.6913417978828348E-005
   9.5372963218454576E-005
   6.4159923091310685E-005
   1.4283975155769183E-004
   7.1684938629778977E-005
   9.4438130379846994E-005
   1.4500374348268299E-004
   5.8789110837991938E-005
   7.9716723833435092E-005
   9.3914109633562383E-005
   8.6003789940341082E-005
   5.9902309567912500E-005
   8.2109306014058300E-005
   7.2238312075539939E-005
   9.0290717747169375E-005
   9.9466105711886496E-005
   1.0574655609428537E-004
   1.0369779505312093E-004
   8.0886776997949323E-005
   8.3503178673987840E-005
   8.9944539787800414E-005
   9.6494078279258091E-005
   6.6397860444684505E-005
   7.1920580636378702E-005
   6.2379359993015385E-005
   6.6743367091477558E-005
   6.3105390233488074E-005
   5.8435516401573669E-005
   6.2745621281622648E-005
   1.6944965568331524E-004
   9.5885373602180125E-005
   1.2163767461759634E-004
   7.8882961521791801E-005
   8.7512681374383875E-005
   7.4105407095628891E-005
   8.5892221688593898E-005
   5.0421878879011876E-005
   4.7196055659881991E-005
   6.1583395943410650E-005
   6.0352434727660697E-005
   7.8459336835249921E-005
   8.8867717312962177E-005
   7.8113423951036185E-005
   5.9597332401801585E-005
   1.5849220695207257E-004
   9.4189671063779119E-005
   5.4157357075872942E-005
   6.9121529431645298E-005
   7.4448144203570745E-005
   8.5226472606215610E-005
   8.3018272944751243E-005
   1.3229362545351788E-004
   9.9911391746890962E-005
   6.3631245311410482E-005
   7.3473061979091299E-005
   8.7922459129934568E-005
   9.1252128552423060E-005
   6.8716641727805929E-005
   1.0902140165172222E-004
   5.9726575946070794E-005
   8.7797285226120229E-005
   6.3415111753381941E-005
   1.0287315635591800E-004
   9.6161971120225714E-005
   1.4253142558116985E-004
   6.7829433205794280E-005
   1.0754975971644505E-004
   9.9494987162040079E-005
   9.8562538867507158E-005
   9.0972534331178800E-005
   7.8091913666750583E-005
   6.1659275431571946E-005
   8.0073121467389238E-005
   7.6149926146622086E-005
   1.0278734059507157E-004
   9.3191834091831827E-005
   8.2558546931338182E-005
   1.4643212797422645E-004
   6.8495058836227124E-005
   1.3502432439153536E-004
   7.0101675009269520E-005
   1.3233942475097821E-004
   8.6520069837741647E-005
   5.7898260896084203E-005
   1.0344869110512670E-004
   1.1146231639788892E-004
   1.0707569538046428E-004
   7.9745266025669758E-005
   6.8595504086159942E-005
   7.2481020100149544E-005
   7.7812389437981747E-005
   9.0550484010893504E-005
   1.2685388644966718E-004
   7.1022915792593166E-005
   7.4298179233571790E-005
   7.4333791638166947E-005
   6.4510232700830777E-005
   8.9353804613772714E-005
   4.6086723456450351E-005
   6.7230444066887637E-005
   8.7332696128371171E-005
   1.0639780204597204E-004
   1.2129131857637595E-004
   4.8094560674496208E-005
   1.7442497825637649E-004
   1.0502291988513208E-004
   5.7598027828181457E-005
   1.0799860820443529E-004
   6.7671125558522140E-005
   8.0842344217006105E-005
   7.8205363471995300E-005
   6.4384878044316222E-005
   6.9235054381064495E-005
   1.1557867754479490E-004
   1.5568392359930567E-004
   9.2728430353698367E-005
   1.3135738778357608E-004
   8.6947929494096769E-005
   5.4053098656174287E-005
   6.0558981906941808E-005
   6.8877812788098298E-005
   6.6713947682888296E-005
   1.0642374883444673E-004
   6.1102997876721004E-005
   7.6077651998879796E-005
   1.0942207823447318E-004
   7.9922222685695565E-005
   5.6484980481547538E-005
   1.0100220509822036E-004
   7.8941106370715840E-005
   8.9451410121278526E-005
   1.2713971364584477E-004
   5.6542649677736889E-005
   6.9889280334503381E-005
   1.5435341688338974E-004
   4.2126185512461583E-005
   7.5110805978993741E-005
   5.8496925276469224E-005
   8.3791375770040123E-005
   6.3672202403820019E-005
   9.0458894707781529E-005
   8.7109399807352707E-005
   1.0701842521413812E-004
   5.6821494027988830E-005
   9.4182866312595486E-005
   6.0371314117207365E-005
   6.1792700565327342E-005
   6.8636148155751012E-005
   5.3625852124759137E-005
   8.6725079933711689E-005
   5.7833703610572665E-005
   6.1666125995397047E-005
   7.7229179237482389E-005
   7.6312498408616865E-005
   5.9397758352566142E-005
   9.4898248335206808E-005
   1.0064554882422815E-004
   6.1800114583408691E-005
   5.9518848721764216E-005
   6.8090094541889474E-005
   6.0731762317409601E-005
   6.7382427337379201E-005
   5.8468512180902992E-005
   7.4662906619183479E-005
   8.8258734380519538E-005
   8.2141450205644071E-005
   5.4115820801027324E-005
   6.4333886279307670E-005
   9.8985608821783828E-005
   1.1774717806023599E-004
   5.9771935986579042E-005
   5.8622480505721023E-005
   7.1975910073853084E-005
   8.7398714615804932E-005
   1.0744741995480534E-004
   7.7248378225061029E-005
   7.1064323186421482E-005
   8.9935041401635591E-005
   1.1653129219304745E-004
   1.1272778278474115E-004
   9.5737125611966949E-005
   7.5024464090679141E-005
   6.2677217978461869E-005
   7.5059151182909074E-005
   1.6111783978346191E-004
   1.1131099851260676E-004
   5.9607502943527917E-005
   6.9486666915897607E-005
   7.7476120206875258E-005
   9.5922614655913265E-005
   7.2277669149474830E-005
   6.2069548628380713E-005
   7.0973922323809381E-005
   5.3842558610757948E-005
   8.1258416619220581E-005
   1.2445296133571469E-004
   1.1455617358991931E-004
   8.6698058009389829E-005
   1.0244025432105997E-004
   6.3680273318657000E-005
   6.2628180838697530E-005
   1.0757548525148098E-004
   7.0118666952609523E-005
   6.1847919961397296E-005
   8.3733200036232254E-005
   5.8079819394054382E-005
   1.2191326455254458E-004
   6.7207224740701955E-005
   7.7306375513155450E-005
   1.0901923336877906E-004
   1.4995152261718147E-004
   6.5930268318878171E-005
   9.6601650923253536E-005
   8.5250991176012928E-005
   8.5641834011898296E-005
   9.1177580356312322E-005
   9.1601682585443645E-005
   8.7538874324710424E-005
   9.7841238568458812E-005
   1.0682186680717222E-004
   1.4242422895065953E-004
   5.1710775003552915E-005
   9.4828446996481652E-005
   8.8819411244861371E-005
   1.1892161564299001E-004
   1.0426036482712633E-004
   7.4772691557179410E-005
   1.3772626945457396E-004
   1.0733550318688677E-004
   1.7841365979594448E-004
   5.6741936500301574E-005
   7.2291314158342410E-005
   7.3916258112177534E-005
   1.4075604729469013E-004
   8.4758525013452665E-005
   7.2468227550722580E-005
   6.4946276433739205E-005
   7.2402809002871613E-005
   5.1883003807209943E-005
   6.8189611303835250E-005
   1.2649994367231260E-004
   1.0050839449400323E-004
   8.5699155986456710E-005
   7.2213509304868618E-005
   6.1742786567034331E-005
   6.5068478001459955E-005
   6.8731450241738494E-005
   5.3904682938749177E-005
   9.1175286763452794E-005
   9.2816060205124672E-005
   7.0962301259417006E-005
   5.4817469977906616E-005
   6.0658660105440870E-005
   1.3128595719505849E-004
   7.3672376852174150E-005
   7.4168274045784219E-005
   9.8027724098008457E-005
   5.8865379326702861E-005
   9.7323280534031311E-005
   6.4759018641944712E-005
   8.2156926667130946E-005
   8.4274181594449344E-005
   7.8404980136950893E-005
   9.9481757678409195E-005
   9.7681917443156603E-005
   8.1263152063419444E-005
   1.3801806536846762E-004
   5.9849451517970550E-005
   6.3964013503335697E-005
   5.7719520064393013E-005
   7.8669885106190260E-005
   8.7552258629146207E-005
   6.4736188489130240E-005
   5.7655145013377523E-005
   6.8911863581651899E-005
   9.5756673823012967E-005
   1.6339417052174945E-004
   1.1872307769935932E-004
   1.3479326553500481E-004
   6.9467319624483094E-005
   5.1861529326447037E-005
   1.4166157347888855E-004
   7.8562940264491590E-005
   7.2343407840918842E-005
   1.4758203091971034E-004
   1.0112481161042408E-004
   7.6984462113511675E-005
   7.4460299156057309E-005
   9.9001621810846597E-005
   4.9809858895069471E-005
   9.2068516431829294E-005
   8.8753884307331174E-005
   6.2320169781881492E-005
   7.4672469686694952E-005
   7.2475307295317068E-005
   1.0341052301257891E-004
   9.7283150823885875E-005
   8.8678565965995526E-005
   7.6745233736658200E-005
   8.4674856835521544E-005
   8.2657707069064382E-005
   6.2098342489793593E-005
   7.0075293693446295E-005
   7.4034951417506278E-005
   1.2829895285043603E-004
   8.2539807134238884E-005
   6.1576791384150141E-005
   6.4330054977795078E-005
   1.1036724850524864E-004
   6.1695776882361798E-005
   7.7354528203642749E-005
   6.1952667601583911E-005
   8.2563065908540333E-005
   9.6583523184838463E-005
   8.2079849928820044E-005
   7.2308405924476974E-005
   7.6081360126836384E-005
   1.2354927021174621E-004
   9.3644914679077610E-005
   6.3309914941215279E-005
   9.6429142412204840E-005
   6.4886090485064023E-005
   1.4863475576888175E-004
   7.9281175489469434E-005
   5.9518658091647428E-005
   7.6296157582596023E-005
   8.9128067962203862E-005
   7.1160398640321629E-005
   7.8458448012685855E-005
   9.6475163609352751E-005
   6.0189293311358663E-005
   8.1387143625356669E-005
   1.4633365072325700E-004
   6.3200810914972329E-005
   7.0704741937374025E-005
   7.0155098771911015E-005
   9.8196159179427743E-005
   1.5762888945455896E-004
   1.1334189941615509E-004
   6.2094181092424238E-005
   5.1187535222438401E-005
   1.5880419084658153E-004
   8.7683260532196152E-005
   1.7636621887481813E-004
   7.1183811957742021E-005
   9.0420518595904953E-005
   9.9499990133892252E-005
   9.7627087714174823E-005
   1.5311825557059246E-004
   7.8385985734817748E-005
   8.6384643950350283E-005
   3.7669839239370016E-005
   7.0793193116025854E-005
   6.6934424861447232E-005
   7.9799231404431816E-005
   8.0595227551382600E-005
   7.8838124227667791E-005
   8.6643780403266414E-005
   8.8491967996755523E-005
   7.3471400695301932E-005
   7.0610779303883662E-005
   5.4788430341883193E-005
   8.1257828827461265E-005
   1.3806177936941675E-004
   1.5313829740762474E-004
   9.7858978370077008E-005
   1.1182703553481738E-004
   6.3671478665082432E-005
   9.3155631745311471E-005
   8.4059683948327311E-005
   1.1519175925059149E-004
   1.0123660117525081E-004
   6.2967963219690988E-005
   5.5246780709882578E-005
   6.0785055079515799E-005
   1.7285508978682663E-004
   7.4648347870267092E-005
   1.3224105012049490E-004
   1.1857390605047188E-004
   1.0393835259052047E-004
   7.8957668690557729E-005
   1.2827400754016559E-004
   6.3316030267453733E-005
   8.3532938768878672E-005
   1.1033091336276056E-004
   7.0530137411102981E-005
   1.1191208892820716E-004
   9.6475917206960773E-005
   1.0878348512443211E-004
   7.6740266325302917E-005
   6.9437365289156406E-005
   5.2234094948014100E-005
   5.4812067338735882E-005
   8.2505050578177955E-005
   8.6946993249949997E-005
   6.4116479567072869E-005
   8.8692818042268321E-005
   1.0451440658968176E-004
   9.3763391867756468E-005
   1.1939167637589885E-004
   6.3320521386407515E-005
   5.7880798400283482E-005
   6.1440896366414966E-005
   7.6524510250899653E-005
   1.4508860714194030E-004
   7.6857462742422478E-005
   1.3695808196555274E-004
   1.2631368138849662E-004
   7.1979271738034712E-005
   7.9064431379599604E-005
   1.4469710885945536E-004
   8.8063420075951455E-005
   6.5286591121422642E-005
   5.4068066295539782E-005
   9.5951754161525374E-005
   7.8983085404765656E-005
   1.2093197278160533E-004
   6.0181685522192687E-005
   9.2722099275983522E-005
   4.8529995531296562E-005
   8.0627651515970879E-005
   6.1248119441415790E-005
   7.3097051150332337E-005
   1.0526326676673426E-004
   7.9033859294536338E-005
   6.3559097309199021E-005
   6.9949465663327618E-005
   6.8359467016245135E-005
   9.3402577815082034E-005
   1.0154683804927671E-004
   8.9155194561166558E-005
   9.0630571157477912E-005
   1.7546046958667405E-004
   8.6782921372501295E-005
   1.5036303062581645E-004
   1.1065802565560474E-004
   9.8355674957051000E-005
   7.8371977914345190E-005
   2.0989590856244770E-004
   1.4122009495369926E-004
   9.3444205395421003E-005
   7.5436816208139176E-005
   1.3477037165852631E-004
   5.1337863893411952E-005
   7.5859552867604081E-005
   6.4868322070271863E-005
   6.8196354491594399E-005
   7.3379989954730810E-005
   8.1266465791390543E-005
   9.8814681247729689E-005
   3.8350603834657620E-005
   1.2446119178857810E-004
   4.9305187846251747E-005
   1.8642277235090843E-004
   1.0887258700266465E-004
   1.6363129741422760E-004
   6.2438024220153566E-005
   1.0796322258943073E-004
   1.1698754593880638E-004
   8.9153193732062868E-005
   7.3967368798740643E-005
   8.9239888060691747E-005
   5.8357152465244372E-005
   1.0383086016769368E-004
   1.2623162177675227E-004
   1.0525631120454938E-004
   9.8180449886909666E-005
   7.7773131021364428E-005
   5.9830746542640797E-005
   8.2584952184771142E-005
   6.9493581004485483E-005
   9.8195395112000278E-005
   8.3208610267220147E-005
   9.3765788874179354E-005
   8.3910629684597285E-005
   7.2853983106690770E-005
   1.0516091093825143E-004
   6.1510362744819790E-005
   8.3170640396241371E-005
   8.2469805145196824E-005
   8.0501953868547917E-005
   9.7021505772832651E-005
   8.5027080056311905E-005
   1.2236194900951090E-004
   1.0033157004369417E-004
   1.3981749948217942E-004
   8.3311124159992132E-005
   6.5464594873618825E-005
   1.5126520205375836E-004
   6.9588616697870855E-005
   9.5361270931421853E-005
   8.8580687471639534E-005
   1.0090014723629142E-004
   7.5004784800588586E-005
   4.5588792474530881E-005
   7.6739134189912517E-005
   1.4371484057619188E-004
   7.2712656312767674E-005
   1.0880193733043696E-004
   9.2165900074330168E-005
   1.1029795495259014E-004
   8.4033741430559851E-005
   7.4730806918442395E-005
   6.6162449191192862E-005
   8.3747618479598302E-005
   1.0154542286367479E-004
   1.1682923906513884E-004
   1.4323069133886162E-004
   9.4296629766431583E-005
   7.8050642867477107E-005
   8.0469539900650640E-005
   3.8256252098705675E-005
   1.1613940399091458E-004
   1.2500119896837530E-004
   7.8325408100660056E-005
   8.3664048455922831E-005
   6.8877744212678541E-005
   7.8967822477532578E-005
   1.1628679127606253E-004
   7.1582219182642664E-005
   7.5600515081110611E-005
   8.0143046787641939E-005
   1.3788185039421803E-004
   1.1308908189185885E-004
   7.6452099134301184E-005
   1.1726280846312682E-004
   5.4124037648523532E-005
   7.0175859519111834E-005
   8.8308504237916228E-005
   1.1769642789120808E-004
   1.2074298291302666E-004
   7.9093419558573860E-005
   9.7500478159129585E-005
   4.9361018809899619E-005
   7.2674645492851365E-005
   7.6433834598365127E-005
   8.6468663671818713E-005
   9.1921805285179756E-005
   1.7842786669512091E-004
   6.9232926782454129E-005
   9.4418741633558212E-005
   8.4076877916241101E-005
   7.9990069209628586E-005
   9.8450793631042538E-005
   7.8483406995368709E-005
   9.5812413337795249E-005
   1.6272157064455191E-004
   8.2542733510898651E-005
   8.4401910946884393E-005
   1.1519251237999467E-004
   1.2904408788481206E-004
   9.4261956618720339E-005
   7.6327753145903569E-005
   6.3444360349660211E-005
   5.3054993642731054E-005
   1.6860388195281311E-004
   1.1322192924110028E-004
   6.5555610414076820E-005
   6.6784546367522544E-005
   7.0350310721958961E-005
   1.2097848899804336E-004
   7.4884414792605560E-005
   6.5919939964129701E-005
   6.6194566462741714E-005
   8.9154877427435674E-005
   9.3275645149581236E-005
   7.7385205677823899E-005
   9.8768850188491481E-005
   9.2061651252817623E-005
   6.8248793673522019E-005
   4.3813124236939389E-005
   1.0170779557598827E-004
   1.5550934682499867E-004
   1.1083841220209938E-004
   8.7742795700679487E-005
   1.0792527919515053E-004
   7.2377253618665540E-005
   6.8888873169987346E-005
   6.0818220056223480E-005
   7.8137776725830383E-005
   1.0463759703305854E-004
   1.1030575767188139E-004
   1.4681983718697471E-004
   6.1025293712785334E-005
   8.3854124335971532E-005
   4.6378549106878486E-005
   2.0687124878936519E-004
   1.0018775160334507E-004
   5.4753724616419835E-005
   4.7176172495750590E-005
   1.1174954177711295E-004
   7.8150586029629570E-005
   5.1879711807997008E-005
   1.4516891511352472E-004
   7.2297974966200088E-005
   6.4713407309249739E-005
   5.2746528381057379E-005
   7.9891221502777625E-005
   9.3041558178890200E-005
   8.6746127800865227E-005
   1.0922822683903798E-004
   9.5176432770171328E-005
   6.7466160892817618E-005
   6.8296972404989603E-005
   8.0384012972329884E-005
   1.3419569218141211E-004
   9.2295713850431481E-005
   8.4097262601693203E-005
   1.0712176834575939E-004
   9.3348676140972124E-005
   7.0890890004816895E-005
   8.9148686318256818E-005
   5.2895238812503688E-005
   6.7050483549384876E-005
   5.5144346730486681E-005
   8.7013879804678467E-005
   7.2258867165895906E-005
   1.1570825028880591E-004
   6.4621220822873093E-005
   7.0883953903840214E-005
   7.9686979073348297E-005
   9.4675639982117266E-005
   9.0701645513249093E-005
   7.8850834221607638E-005
   6.6773131621936229E-005
   1.0831361298336699E-004
   5.7410857389373157E-005
   7.6286873446046360E-005
   9.8528263521022917E-005
   6.2385941978075247E-005
   1.4654002295522885E-004
   4.7681877203418627E-005
   6.8109533909077846E-005
   6.3064348855347582E-005
   9.0340082115832721E-005
   7.6717021640850466E-005
   8.3413127163947269E-005
   7.7799414278157506E-005
   6.9926236531433377E-005
   7.0462890105450044E-005
   1.0089631540615798E-004
   8.9965647257073022E-005
   2.0703675447215997E-004
   7.4802936337399224E-005
   1.9616789869303784E-004
   8.8354176085715062E-005
   1.0111982259003693E-004
   8.0630783572527032E-005
   6.6252969414423398E-005
   1.1931613184015752E-004
   1.0038745919499834E-004
   8.7644560845262352E-005
   7.7175453481580689E-005
   4.9190744499029796E-005
   6.1648493469809818E-005
   1.0222026336201889E-004
   1.0705599146718268E-004
   6.6878663270800986E-005
   7.2544131395408675E-005
   7.6502171603074219E-005
   9.3723952744322885E-005
   7.8164594508738875E-005
   7.8765895585158357E-005
   4.7847198088239128E-005
   6.7068986008221660E-005
   7.1907565871652028E-005
   5.8570934167942291E-005
   1.3691806569065624E-004
   6.5444052870178727E-005
   8.9290041307174106E-005
   1.5342936557975116E-004
   7.8110176032437930E-005
   1.3740933573504427E-004
   8.2165844748605658E-005
   8.3322397915616296E-005
   8.0557433667252887E-005
   1.0461355014468730E-004
   5.1986257428211160E-005
   5.3107544664743203E-005
   7.8253786282654977E-005
   4.9104341129417631E-005
   7.7636764341223492E-005
   8.0693823423951780E-005
   9.4515699903559289E-005
   7.3261021525648494E-005
   7.7607052990176731E-005
   1.1146905686959973E-004
   1.1498049069090368E-004
   6.1585445125483497E-005
   1.2779673299557259E-004
   8.9992284944189624E-005
   8.7203175090597767E-005
   6.4707767810564737E-005
   5.5224449512292621E-005
   6.8514363285480801E-005
   1.2793906214692290E-004
   1.0989541591122488E-004
   1.1858739648217150E-004
   9.5685685998033907E-005
   8.5694415231979290E-005
   6.6280144062484187E-005
   1.1476501695988379E-004
   1.1684229806955462E-004
   1.0387990412764222E-004
   6.8135616488337482E-005
   9.1842413929581874E-005
   1.3319909120385100E-004
   6.7296600667131188E-005
   9.6244419090954806E-005
   8.1575948321287035E-005
   1.1273092280955498E-004
   1.3325794227242528E-004
   9.5310680260861835E-005
   1.0480210950750143E-004
   1.1012729095912018E-004
   1.1132868147903408E-004
   1.1962194248797979E-004
   6.5814448909325338E-005
   1.3517215299692660E-004
   9.9602091051888779E-005
   6.5435014826451522E-005
   8.4000304247261915E-005
   8.9326494701194646E-005
   7.4602299481219542E-005
   8.9234363580139092E-005
   7.2761351245210533E-005
   8.9070880302610577E-005
   8.8344082422693867E-005
   2.0069351610552591E-004
   5.9061958852141081E-005
   5.7715839668058945E-005
   9.8586937228190206E-005
   5.6699884417482203E-005
   6.4012451113256731E-005
   8.5136653637162848E-005
   6.3650971716997545E-005
   5.6391201403089657E-005
   5.5094532022958130E-005
   5.4082708636259571E-005
   5.4925196451130896E-005
   1.0309357494025324E-004
   5.4487374027436812E-005
   8.7506145639865672E-005
   6.8464215437883110E-005
   9.4849081669401140E-005
   9.1150647635396137E-005
   1.6134129877024033E-004
   1.0107807440142595E-004
   9.9892353367239466E-005
   9.9684826634186682E-005
   9.0874134619676013E-005
   1.1865931576571165E-004
   7.4780008771606473E-005
   7.2881161494958569E-005
   6.3962532101217615E-005
   1.0986589787718514E-004
   9.9823667875927505E-005
   1.4456324887706694E-004
   8.7600935463465657E-005
   1.1357818229918159E-004
   6.9946913285627745E-005
   9.2660125508362692E-005
   8.0311237494211686E-005
   8.1050312552841456E-005
   1.0818052860569505E-004
   9.1041454265034224E-005
   1.1514638090082112E-004
   9.8696064670609544E-005
   1.0694455933382786E-004
   8.0780869368287465E-005
   9.4196723867877400E-005
   7.3399986297757760E-005
   1.0626797657147279E-004
   6.5686427893918114E-005
   9.5863658910627544E-005
   5.5328489329002458E-005
   7.1296592935989468E-005
   6.2975754719434110E-005
   6.0439866292403591E-005
   8.4458377190173867E-005
   6.5792750870492515E-005
   7.8700332715165046E-005
   4.8366282980469987E-005
   5.8277896997914156E-005
   8.3301462969471592E-005
   1.2678900255396063E-004
   6.8389248316589417E-005
   7.9744291405999294E-005
   9.8155642815110153E-005
   9.5575514457568403E-005
   8.4829386248014581E-005
   6.7708146052266780E-005
   7.1752283422684858E-005
   1.1910907799681865E-004
   7.3862628962310990E-005
   7.3145081236609025E-005
   8.8986159436386895E-005
   7.2287113157497974E-005
   6.6853713704051782E-005
   1.1128908383489364E-004
   9.3788758176172130E-005
   9.6534978836198491E-005
   9.1220079169172856E-005
   7.0724970234203494E-005
   9.1107547011383787E-005
   6.6530774528513985E-005
   5.4614558484824965E-005
   6.6355220785405580E-005
   9.4683812385755483E-005
   6.5221972870577383E-005
   1.1170189073043827E-004
   8.7215431366589093E-005
   8.5847031985635555E-005
   1.1626849519398046E-004
   6.4269186038451779E-005
   1.1695428142191389E-004
   7.3275688423027723E-005
   7.0833884458660815E-005
   1.1484116962007683E-004
   8.1400562976942150E-005
   6.9693387164947276E-005
   9.0184842918273865E-005
   7.5095353805390813E-005
   1.5967248235034491E-004
   8.4805587891705178E-005
   9.5859862791179950E-005
   9.4433598778341046E-005
   5.3227841973211506E-005
   5.2834021881846042E-005
   9.0108131980314764E-005
   7.8546629989343885E-005
   1.0874376284197053E-004
   7.9019750877590598E-005
   9.3787408298863620E-005
   9.9303444877032153E-005
   1.0843604196399206E-004
   7.5614334770164712E-005
   5.9399158944378999E-005
   7.8997664411045051E-005
   1.1836590363433172E-004
   5.1393706186502640E-005
   1.1010789700828832E-004
   1.0236572419207239E-004
   6.2706957393550986E-005
   5.3977465658156242E-005
   5.6813152388026730E-005
   1.0444923609536410E-004
   6.8820900518020228E-005
   8.2068803548749676E-005
   1.3106876689172674E-004
   8.3240048524282665E-005
   1.1658805150503830E-004
   5.6472270202338135E-005
   1.0689550688849042E-004
   1.0877183106623363E-004
   1.6696806249384520E-004
   1.1126935672780971E-004
   9.4486697488275595E-005
   5.5683224825808478E-005
   1.2383794550491659E-004
   7.8293862591530733E-005
   7.7612664630775005E-005
   1.0812661564752149E-004
   1.1686458078895614E-004
   1.0166292140917166E-004
   8.1237773792635661E-005
   9.0188811104338382E-005
   5.9905698714374746E-005
   1.0723399454497075E-004
   6.7740677800554424E-005
   9.2782352307981312E-005
   1.5079280453492015E-004
   8.2464204677438642E-005
   1.2775945351520455E-004
   1.0700580870643005E-004
   1.0507045492460829E-004
   8.1447247032145710E-005
   7.2337992829786397E-005
   6.7421885474530535E-005
   8.3023017161777039E-005
   1.2184334211398543E-004
   6.4629594389863305E-005
   7.3495774698216263E-005
   1.3659458956962104E-004
   8.6234446880130775E-005
   1.1705149741782747E-004
   1.5167337907223493E-004
   7.7491278096753790E-005
   1.1373058546203734E-004
   1.5096382190114984E-004
   7.2438882884944298E-005
   6.0549686051232600E-005
   4.3225283048879684E-005
   8.9688878394235792E-005
   5.9759002722281108E-005
   7.7065901012193954E-005
   1.0032457643268621E-004
   6.1045597249858154E-005
   8.0224056254673943E-005
   7.7067328044190756E-005
   6.6753427734315946E-005
   7.3420814095068442E-005
   8.0495096658412686E-005
   1.0297218455938361E-004
   7.2239448960516100E-005
   6.8590816756186683E-005
   8.6400329512186552E-005
   6.6419987190750006E-005
   1.0783813612446194E-004
   1.0685971456053402E-004
   1.0305550507821766E-004
   9.7223622968736236E-005
   7.8622337892372089E-005
   6.6195855167614171E-005
   8.3747348088475547E-005
   7.7170955926161614E-005
   1.9123280548352051E-004
   1.2621530322948712E-004
   1.1815404451261512E-004
   9.9912180702931610E-005
   5.3576781459327054E-005
   8.1389835151444043E-005
   7.5978668538853871E-005
   1.6984117428085077E-004
   8.5725622307318398E-005
   5.9703427789070776E-005
   7.6619727624492186E-005
   6.3566940620873204E-005
   7.5751752028223942E-005
   1.0860834407068542E-004
   9.4154833182496256E-005
   7.3761859816511433E-005
   6.7905081200077635E-005
   7.5866453815807031E-005
   8.0500096994071688E-005
   1.0187206330255758E-004
   7.8978182836006116E-005
   1.2406188538213815E-004
   7.2762284813950181E-005
   8.3142705148320280E-005
   6.0809144419761706E-005
   1.3002239429434241E-004
   8.5883759335064056E-005
   9.9528378754086877E-005
   6.0703523909739219E-005
   1.0514504256058713E-004
   9.7570136623806739E-005
   1.3884274994536514E-004
   8.4515582672847430E-005
   1.1095736602355214E-004
   7.7526862176014857E-005
   7.2426532040215894E-005
   7.0490174884739094E-005
   9.2491843236066387E-005
   6.1912825290659474E-005
   1.5486006969658446E-004
