   1.2118227991546935E-004
   4.6066343649139854E-005
   5.2545387169679786E-005
   1.2460947224973847E-004
   1.2092393596755031E-004
   6.9655196032229562E-005
   8.6224390573078728E-005
   7.0651809078624734E-005
   8.4275644618164201E-005
   9.6724235192598094E-005
   1.1015781085150219E-004
   1.1829332033552990E-004
   8.7036649287069231E-005
   6.8807879719844206E-005
   7.0789050332976789E-005
   7.6380931491015774E-005
   5.7400630237590556E-005
   8.8910035775486944E-005
   1.6168690559612115E-004
   5.1845952705644954E-005
   1.3879658717827026E-004
   9.0342505368430829E-005
   9.3491326386450788E-005
   9.6985680251135566E-005
   6.4462791855831821E-005
   8.0220361555902108E-005
   1.9974767501132256E-004
   9.2582039269848253E-005
   6.4901485228975117E-005
   6.3946229343325364E-005
   1.4496984686551242E-004
   9.7025878510465736E-005
   6.7542612768413510E-005
   7.9579834187134453E-005
   9.5318178065919294E-005
   8.9099084837459942E-005
   8.1042815813471425E-005
   8.1848031858308925E-005
   5.4983053731600446E-005
   4.6957096791489196E-005
   6.2460551798829714E-005
   1.1972604538697143E-004
   1.6200215018539161E-004
   8.7189733994071870E-005
   1.0085405753277975E-004
   1.1259822340574447E-004
   9.5925048736825421E-005
   1.3442941016063558E-004
   1.0445761306550653E-004
   6.0125442684015799E-005
   4.3923324863801488E-005
   6.5926002174467683E-005
   7.1642526542846043E-005
   9.4970193029612890E-005
   9.6212489488414828E-005
   4.9368784605368596E-005
   5.8791666292255093E-005
   1.0855481614382343E-004
   1.6306621934752906E-004
   8.9673957966784735E-005
   7.9873044453460158E-005
   1.0168215597755446E-004
   5.4654797553415687E-005
   4.8216803845355988E-005
   6.7526970512057495E-005
   7.1951098103675306E-005
   9.2754555812133081E-005
   7.4198085216937954E-005
   6.2676894710686650E-005
   7.7157541082027823E-005
   9.8779999537232507E-005
   6.8486420358609040E-005
   7.3525228543219843E-005
   1.1842855825422074E-004
   1.7256426223579834E-004
   8.6562420084546239E-005
   1.2150720017230903E-004
   1.1310380186388556E-004
   7.9469002626648771E-005
   1.1646786859466537E-004
   1.0433547543830188E-004
   6.0471182711519496E-005
   1.2559334549770696E-004
   8.7435509364270332E-005
   7.6280755056536495E-005
   8.5605022048118435E-005
   1.1444368507786808E-004
   8.2287463440223067E-005
   5.9018676829695462E-005
   5.1768703779180932E-005
   8.1690405483885535E-005
   6.2112332471868183E-005
   6.1191631322857142E-005
   6.5124471452243559E-005
   1.1321796138556206E-004
   6.8831244396003115E-005
   1.0550183317970976E-004
   1.0439444894998670E-004
   1.0521787079778684E-004
   1.1025851490185047E-004
   9.2846106697047002E-005
   5.2547837213213100E-005
   6.9951066297015846E-005
   8.8822850511784696E-005
   6.4919444265674250E-005
   8.9966217383220554E-005
   1.3446720817897196E-004
   7.1919272957403683E-005
   1.2204444417477826E-004
   8.0171677136276441E-005
   1.7945706759214415E-004
   9.2793571538627912E-005
   7.1403024079445530E-005
   7.6874179323647643E-005
   1.0639942147657724E-004
   6.0462236396646241E-005
   8.5112210341031221E-005
   1.0300810562030295E-004
   7.2046535542427957E-005
   9.5132518357304396E-005
   8.9548524470807418E-005
   1.0643387957859368E-004
   1.1367524339169243E-004
   5.8272426237503653E-005
   7.9008176250291041E-005
   1.0133414501993037E-004
   8.0955944368393652E-005
   7.1353687392571350E-005
   7.8983445867304597E-005
   1.4259863308540863E-004
   7.5432511321445720E-005
   8.1085465823972454E-005
   6.6104874419326947E-005
   7.7567814961812632E-005
   1.0807427108687996E-004
   1.2681553083675521E-004
   9.8869508028318596E-005
   8.1590046350556134E-005
   1.0676292758492640E-004
   5.2471103794553925E-005
   7.6946367500500590E-005
   1.4154856789423172E-004
   1.0048268061795531E-004
   1.2600518262547938E-004
   7.2289954565777265E-005
   7.0092282874177484E-005
   8.6554883534166956E-005
   1.2418499541977070E-004
   6.9110707398366806E-005
   6.6153382297190502E-005
   9.0851554646009339E-005
   5.5932286603461218E-005
   9.5153410623931899E-005
   7.4377397576168205E-005
   4.6379120903995390E-005
   7.2141538052521238E-005
   9.6773324003348907E-005
   7.4888078947433611E-005
   2.0094150040939228E-004
   1.5044730605683090E-004
   7.7599914857486520E-005
   5.2326126910549161E-005
   7.7576088843222008E-005
   5.8083858223399878E-005
   8.0281294763715822E-005
   1.0734626395617855E-004
   1.0255796911669815E-004
   8.4558328639928272E-005
   8.6465585777648006E-005
   9.5022190835960369E-005
   8.4573440657975703E-005
   5.9301276381619529E-005
   6.8493619256469775E-005
   9.7670053899113463E-005
   5.9094109148345432E-005
   9.1169499673232567E-005
   5.2190380964370171E-005
   6.9995598833623324E-005
   1.0147825558339740E-004
   9.4372421866367113E-005
   1.0476922762927556E-004
   7.6836824620889308E-005
   1.0431116815474433E-004
   8.3889874708782479E-005
   7.7175903229291266E-005
   1.3037299324577230E-004
   9.0034858236088383E-005
   8.9357549658344236E-005
   8.0606524267557569E-005
   5.1136388883249794E-005
   1.0595354157246356E-004
   1.0772059814827953E-004
   5.6756714380856110E-005
   7.5341322703092976E-005
   7.6360097659655273E-005
   8.2401918192275697E-005
   8.4822470802113300E-005
   8.5852576046778587E-005
   6.3569056110830094E-005
   8.3527753338459920E-005
   1.1881386787345584E-004
   1.1570500088519584E-004
   1.3859566462715329E-004
   7.8154303224062569E-005
   8.1976908034577030E-005
   8.6696183900566024E-005
   8.4645266033027517E-005
   1.0407046219206959E-004
   7.6600876547026008E-005
   6.6605384494761296E-005
   1.1741088910296118E-004
   1.3265935611992183E-004
   7.5254189543994847E-005
   1.2416335984971163E-004
   1.1737549330619095E-004
   1.1281929078862767E-004
   6.1086091535214512E-005
   9.3694714515083765E-005
   7.1016344312165245E-005
   5.3068040467111806E-005
   1.5603711230568882E-004
   9.3214537390712881E-005
   8.4910362696589978E-005
   7.9570362248234975E-005
   6.7594614342458961E-005
   5.7208178120587702E-005
   6.6109138805028777E-005
   1.9372102523464738E-004
   8.7780093616951813E-005
   1.3312139595286814E-004
   1.0253862581261463E-004
   1.3192412140340632E-004
   9.4265968767256227E-005
   1.0299214462366328E-004
   1.1645887131326739E-004
   1.1111395036531389E-004
   8.7308222608038677E-005
   9.7654934785138832E-005
   1.1862242552944664E-004
   1.0791223713725385E-004
   8.2269808905382016E-005
   6.9061974800363281E-005
   8.5147020968044809E-005
   9.4435049374214420E-005
   8.7222045311503328E-005
   7.1497598266396530E-005
   9.0910966724003429E-005
   1.8281492319690564E-004
   7.5318931593332789E-005
   7.0604221937576420E-005
   1.1148373944694637E-004
   7.2035902503497944E-005
   1.3997516294604839E-004
   5.3714454959906982E-005
   8.5793411400045090E-005
   9.8611740641420557E-005
   7.7354308949011155E-005
   7.9112815240588345E-005
   6.9987976902254883E-005
   9.2792094897543981E-005
   7.8268962674563305E-005
   1.4203184991431783E-004
   8.8827447699193400E-005
   7.2344751222209829E-005
   7.4181582307993613E-005
   4.9158136629970879E-005
   8.3696176919161199E-005
   1.0502334301133033E-004
   1.0037719016190715E-004
   7.0419911967828651E-005
   1.0666723648062015E-004
   7.7820626408037552E-005
   7.2921381845426902E-005
   1.8566017853558961E-004
   7.1113372062600233E-005
   9.2436331033641560E-005
   7.6435426994082029E-005
   9.2850509984297963E-005
   7.5433380349113649E-005
   7.9602605075180702E-005
   9.8149108307204851E-005
   1.0380625926087232E-004
   9.6012901623257583E-005
   7.3050815209045139E-005
   1.1507501923673607E-004
   6.9001293041571178E-005
   6.3207105618387063E-005
   1.0589891661785141E-004
   7.5139562911400666E-005
   1.2830517948404067E-004
   7.8511116647237369E-005
   1.2784227204028757E-004
   1.1742986686888617E-004
   5.2002987463093459E-005
   9.0581995547717539E-005
   6.8274512606984831E-005
   7.1875880094526416E-005
   6.8107632829278770E-005
   9.0550591052672577E-005
   7.3659215178103343E-005
   9.0277250675805190E-005
   8.2157203103270618E-005
   1.0213769927200376E-004
   8.9301402331823203E-005
   7.7001928922523040E-005
   8.6234387453005729E-005
   7.8280815580156825E-005
   1.4270528821818646E-004
   9.8269337812985556E-005
   1.0712327859377768E-004
   8.8606058985117109E-005
   5.4755507341860370E-005
   8.2316384336835011E-005
   8.6385696320395706E-005
   1.4070101202649717E-004
   9.2199211354765235E-005
   9.0599655105643104E-005
   8.2149957504162101E-005
   5.8007378455308530E-005
   7.0647362392937236E-005
   6.2210999384680333E-005
   5.4839618776718681E-005
   1.0629173804466734E-004
   9.9395659191927097E-005
   8.6453115857333161E-005
   9.6568923315575825E-005
   9.0089973328058502E-005
   6.0187823988304121E-005
   9.4473748086026842E-005
   1.0004501525592967E-004
   1.0963322436663338E-004
   1.2238385880622839E-004
   1.4279996799591179E-004
   7.1507735565598819E-005
   9.1667187764627375E-005
   8.0900655307627960E-005
   1.2967978475790059E-004
   1.7063248773277511E-004
   8.3424923699520741E-005
   8.7664898310555302E-005
   8.4375700922970168E-005
   6.5505448949001419E-005
   6.6592889078956902E-005
   1.8097424465952837E-004
   1.2115183140562156E-004
   1.0584046146930005E-004
   4.6975711547716266E-005
   7.5076831040220605E-005
   9.1038053293313560E-005
   1.1106470379731705E-004
   6.5314073402402041E-005
   9.2747640933635441E-005
   9.2409944797204152E-005
   7.1110912993392424E-005
   5.9256558791303420E-005
   6.3228037191360667E-005
   5.0166169766416440E-005
   7.1504692595746053E-005
   1.0206444114185436E-004
   1.0498729979449384E-004
   1.1581014133755642E-004
   8.4756603914846069E-005
   6.5159433711917553E-005
   1.1237878036432397E-004
   8.0720935264036084E-005
   1.0531299653964980E-004
   8.3753301660550701E-005
   2.6643683391392885E-004
   1.0822810421078846E-004
   1.6497331913204792E-004
   5.6040407485198367E-005
   7.9956706588107514E-005
   7.6229420626050095E-005
   1.0967690201204483E-004
   9.1704500359227279E-005
   1.1472833984445087E-004
   5.3688551047825031E-005
   7.9522069474646212E-005
   1.1567947766220626E-004
   5.9614315502450319E-005
   1.2542257562830569E-004
   7.5277394069124992E-005
   7.2428805577781259E-005
   8.4548071487464593E-005
   1.0719127962882213E-004
   7.5566076981344125E-005
   4.3903011039711893E-005
   1.0148267226443259E-004
   7.3040194433119851E-005
   1.1201103774499460E-004
   1.3572389274988213E-004
   9.0835460936847210E-005
   9.0058109300210590E-005
   5.3151974823523925E-005
   5.0111768897949937E-005
   6.0698438308144446E-005
   8.7118089836386514E-005
   8.4820036722989007E-005
   6.2901260878344358E-005
   9.0087867735544558E-005
   5.1997676981034169E-005
   8.8702435771506193E-005
   1.5634671456691844E-004
   9.3143515837056730E-005
   7.4347592346250336E-005
   1.3650534706123450E-004
   1.2953183427693400E-004
   4.9460419962406292E-005
   1.1485933464412160E-004
   7.5040880157939803E-005
   8.5473275391876363E-005
   9.2875335399221140E-005
   5.2374033991845773E-005
   7.3841981128092425E-005
   9.5962242022182921E-005
   6.0418387754348144E-005
   7.0713385337615737E-005
   1.0775668084531955E-004
   7.3019365292898835E-005
   6.5886447966185385E-005
   6.4059367245669494E-005
   9.9689191317777146E-005
   6.7876234398393448E-005
   8.2697020026695388E-005
   6.1505630411922929E-005
   8.0830006422396913E-005
   6.4595310047432214E-005
   8.7771363600077222E-005
   1.3522726541105809E-004
   7.8270486517260473E-005
   1.0108253931045860E-004
   9.8828876260924873E-005
   1.3499523752087729E-004
   7.9115873474275714E-005
   7.7063694482154609E-005
   9.5165153592319623E-005
   7.9151593912606921E-005
   7.5099494567259074E-005
   1.0484526082848919E-004
   8.4998682575905752E-005
   6.2043267700155150E-005
   1.1950035913431890E-004
   5.2414546831391884E-005
   1.1039922362763617E-004
   8.7172488661220766E-005
   5.8447028709881028E-005
   8.5027880930625983E-005
   6.9957266461513168E-005
   7.9938352526807028E-005
   1.6652920063922280E-004
   1.1414494973857921E-004
   1.1598993634372619E-004
   7.3966229089485517E-005
   7.7985420385247452E-005
   7.0580573500422043E-005
   8.6331349021538271E-005
   1.1188544344502730E-004
   8.2934573631134796E-005
   7.9272252281906868E-005
   7.7133502762603910E-005
   1.0429155903319806E-004
   6.0104415019065520E-005
   1.3233149052843042E-004
   9.8498789846707900E-005
   1.0402104114769491E-004
   7.0048827613871482E-005
   9.1686029323045446E-005
   1.0381087186793150E-004
   9.9172620569605907E-005
   5.8072239263503794E-005
   9.1438462782165915E-005
   6.3595146962181862E-005
   7.3689323474015808E-005
   4.5232183898501221E-005
   9.6210847105928916E-005
   7.4741893533408662E-005
   1.2879152217517184E-004
   8.4106220896966704E-005
   8.5688169944869589E-005
   7.9704095806760116E-005
   7.7702197831808290E-005
   7.3830994573039095E-005
   8.4184887275618882E-005
   8.2059622533033120E-005
   1.0205034336295955E-004
   7.8957648455374856E-005
   9.5421916619401251E-005
   7.3873813807807861E-005
   5.5908193492213626E-005
   1.4099178791104878E-004
   8.1291074878377199E-005
   6.4697160297437590E-005
   8.4248921761900989E-005
   7.1450263905992534E-005
   7.3696922797786014E-005
   5.5545654155138001E-005
   1.0730153126819458E-004
   1.1696189726790105E-004
   7.9048873352453554E-005
   9.4044020527714412E-005
   7.7401725600285382E-005
   5.6695602299032533E-005
   6.5600865617796784E-005
   8.9658128295254833E-005
   7.7405762241124855E-005
   6.4115382970114787E-005
   1.5859704333391853E-004
   9.2036352871098143E-005
   7.5637811583032150E-005
   8.6577239372784216E-005
   5.8589094197068275E-005
   1.1079041036712255E-004
   6.8324766582146846E-005
   6.9483216708744400E-005
   8.9370722223779594E-005
   5.2116757498708826E-005
   9.0408661881574213E-005
   7.9309480691233314E-005
   1.2699252892175560E-004
   7.6478584847966194E-005
   7.2836262009989407E-005
   8.2073201953513833E-005
   8.8596759849705742E-005
   8.5318618736499453E-005
   1.4213742712216009E-004
   1.0405325324838510E-004
   8.7861849293197555E-005
   1.0297787680440623E-004
   8.4296297935115076E-005
   7.8828956516715251E-005
   1.2957055352633988E-004
   1.3552421981842370E-004
   1.2600817446112129E-004
   8.9132558457890961E-005
   6.6389161605437437E-005
   9.9620715364585099E-005
   1.0278181099583100E-004
   6.7146304155016234E-005
   1.0007346442376017E-004
   1.0841338790651861E-004
   5.7981835152884944E-005
   6.7685185658388253E-005
   9.2141579288826080E-005
   8.8557664524207348E-005
   7.9011547011900883E-005
   8.9229538099178872E-005
   4.8272994926545767E-005
   7.8624548922568829E-005
   8.2752533954202586E-005
   7.0604046641257944E-005
   1.2680589990251946E-004
   6.3727088006186575E-005
   1.1012518829318963E-004
   4.7609819851259159E-005
   9.8119059957631796E-005
   5.4387643041340146E-005
   5.6586215737684841E-005
   9.2208824393255750E-005
   9.3714585425440226E-005
   1.3041039876592706E-004
   6.0369656794645144E-005
   8.4141851501136968E-005
   5.5541793409242713E-005
   8.4279221209347427E-005
   6.3833045252352101E-005
   1.3957622315602310E-004
   6.7583607632436778E-005
   1.5792562738989896E-004
   8.3382995015019281E-005
   5.6913411827948346E-005
   1.0341156153364122E-004
   9.3209956423013875E-005
   1.1245973181417166E-004
   1.4276954878458196E-004
   5.6848292818457939E-005
   1.3175893667536717E-004
   8.9053488446446392E-005
   5.6045228772263289E-005
   1.6780320797240509E-004
   5.7299917950029684E-005
   7.1042836942719219E-005
   6.4193143317891761E-005
   8.4957705146847387E-005
   4.9936144264440276E-005
   1.1481026194569603E-004
   8.4183655559559440E-005
   8.3197140638067608E-005
   8.6282243660675822E-005
   8.3184110195753410E-005
   9.9128058385233257E-005
   8.9449494772098458E-005
   1.0612044510286531E-004
   9.7447151267488855E-005
   8.6115170065588088E-005
   7.5608126056239379E-005
   6.7400501161470259E-005
   9.1039558445402816E-005
   8.0352728783459544E-005
   1.2030994137917187E-004
   9.8588860198782930E-005
   5.3066053418425041E-005
   7.4391496555747082E-005
   8.9483833561403004E-005
   8.8213660100222777E-005
   1.1752402178118323E-004
   8.3035054687720871E-005
   1.0026115264040494E-004
   9.2086212959655700E-005
   7.7784620249810997E-005
   1.6490245849803270E-004
   6.9192825142104692E-005
   9.9421303179848342E-005
   7.3720690980561267E-005
   6.7441052532812105E-005
   1.0420936662327306E-004
   6.9705785268441199E-005
   5.9905302669993286E-005
   5.7836232463465937E-005
   1.7119882009148350E-004
   7.3425888574534654E-005
   8.4381936374299920E-005
   8.0554917538161214E-005
   6.8481691175127654E-005
   6.0719018140336332E-005
   7.7766475832259974E-005
   7.1120129349942212E-005
   9.6968189167347311E-005
   1.1698398534275485E-004
   7.7817858087521140E-005
   6.3511264683751447E-005
   7.0757735517641110E-005
   7.2772727385192430E-005
   5.9539408369504181E-005
   9.0372250657886071E-005
   7.6282326509424003E-005
   7.2077220439811961E-005
   1.4863130147602094E-004
   7.2828497814930447E-005
   1.2377436762720515E-004
   7.3269742104292005E-005
   9.7677061287099941E-005
   5.3126710641621855E-005
   8.8747537309161298E-005
   1.0848389242766140E-004
   9.8520483371527129E-005
   5.7125785932709781E-005
   1.1166894882245270E-004
   1.0251655666934676E-004
   9.5041249040533503E-005
   5.0098425294890370E-005
   7.8271849401835783E-005
   9.9477535689347085E-005
   1.0053325413536486E-004
   8.5593450652874669E-005
   6.3260980702379196E-005
   7.4051623276374630E-005
   1.9119652019469486E-004
   5.1890748949245117E-005
   4.3260323441868431E-005
   9.3493136191344207E-005
   8.9254957372674731E-005
   5.4874429482068944E-005
   6.6597748684172288E-005
   7.2777512146167921E-005
   8.0771086531324454E-005
   7.4439634362187261E-005
   7.9114758661935332E-005
   7.7034600118621986E-005
   1.2184278164731292E-004
   1.0261102559055268E-004
   8.4859875035293568E-005
   9.6952655667590929E-005
   9.6160639653262392E-005
   7.4318503144080872E-005
   7.2653757361553501E-005
   1.7131499565083643E-004
   6.3026286284278730E-005
   9.2505421378105649E-005
   7.9793140816569817E-005
   1.2002362209201772E-004
   8.2012505682919719E-005
   7.8278969879348571E-005
   7.8304145141654515E-005
   1.1082353933318283E-004
   6.8747934912051378E-005
   6.8543971524319053E-005
   1.1104803926256953E-004
   1.1052221571686193E-004
   6.5322242253817005E-005
   1.0771135161509216E-004
   9.1742425743877724E-005
   7.8669635523069976E-005
   1.2331704779678187E-004
   5.3206279395843916E-005
   9.7116651215318144E-005
   8.0903188771996808E-005
   1.5637008482607690E-004
   8.1219929025565729E-005
   8.7791192301844045E-005
   5.9829101261190011E-005
   8.3541945328437049E-005
   9.3504593900162574E-005
   6.3966789581912741E-005
   1.0571654208003149E-004
   8.0543514509014160E-005
   7.3875841765187942E-005
   9.8495099666842689E-005
   8.6750916504702258E-005
   7.9615375610210079E-005
   8.1000739527246316E-005
   1.1449088348449704E-004
   7.4426661108325021E-005
   9.1124078541231370E-005
   6.7688795419721184E-005
   5.5528613720045955E-005
   6.1228458846721297E-005
   8.1658211721910481E-005
   6.6019905509104093E-005
   7.2174985585628454E-005
   7.2244596578239766E-005
   8.8497884814275738E-005
   7.6121159798120589E-005
   7.0236458481861739E-005
   7.3066982316246433E-005
   1.0460426130342173E-004
   8.8510798486952181E-005
   5.4099891435601576E-005
   6.1429561573963937E-005
   7.7302790001391642E-005
   1.1042410688586226E-004
   5.8000119722351242E-005
   7.5943785317521300E-005
   1.3550150370798502E-004
   7.7036094097157379E-005
   5.5736561255503820E-005
   1.2667721517457492E-004
   6.4011145367945594E-005
   1.0297060518015374E-004
   1.5688718086699280E-004
   1.1711285814391930E-004
   2.1849542046986108E-004
   7.8367096503597340E-005
   7.8728551187783277E-005
   1.6616599581723886E-004
   1.0839528252309434E-004
   7.4877127207258461E-005
   6.8477273012148345E-005
   7.3022010053417917E-005
   7.5857022727643988E-005
   1.0317687512676338E-004
   1.3528371618446315E-004
   8.0010549165209524E-005
   1.0915310123794015E-004
   1.1356312162715966E-004
   8.5104940737608842E-005
   1.4331636498369813E-004
   8.2665398864260938E-005
   5.0403122259949531E-005
   6.8885339244385596E-005
   6.7029388814461989E-005
   7.6790712596892601E-005
   9.8961659136672912E-005
   1.1412246798244391E-004
   6.6734219513036846E-005
   1.0608650710576579E-004
   1.1249480483387104E-004
   8.3709198165599091E-005
   1.2670868486830349E-004
   9.2730413911325301E-005
   8.5002415695517963E-005
   6.7758605754208469E-005
   8.8546313857909160E-005
   7.5458944323537506E-005
   1.0527745970718591E-004
   6.2310828925399016E-005
   1.3671448083011430E-004
   6.9426943967602011E-005
   9.8667120956651781E-005
   1.4268674468527427E-004
   5.9131924925578381E-005
   7.8262910706521918E-005
   9.3467062841849459E-005
   9.1058795047470873E-005
   5.9248427307487875E-005
   7.9328831030890922E-005
   7.0387436318377643E-005
   8.6473475367660895E-005
   9.5718346594841322E-005
   1.0243645903167550E-004
   9.9901134954547460E-005
   7.8635507777013736E-005
   8.3686257294702794E-005
   9.8988324511413314E-005
   1.0660873105786102E-004
   6.7889463727078086E-005
   7.4375272679083718E-005
   6.0493281579116196E-005
   6.6812038445437179E-005
   6.8669474131985263E-005
   5.8566577996725434E-005
   6.0637459124274714E-005
   1.6194830058731245E-004
   9.1989880369641651E-005
   1.3240085534365909E-004
   8.0388878631858381E-005
   8.5140909736662401E-005
   7.7152385838840447E-005
   1.0347451118047560E-004
   5.0747868984505041E-005
   4.6698776482699494E-005
   5.9583184975250654E-005
   5.8397493057699944E-005
   7.5265418240799448E-005
   8.5358491298437823E-005
   7.6106134211651578E-005
   6.7105820193421415E-005
   1.5524171970097208E-004
   1.0770946502700281E-004
   6.8850156635325132E-005
   6.7764236894463285E-005
   7.1443214430738262E-005
   8.2242357379094013E-005
   7.9885634772229665E-005
   1.2722774638405864E-004
   9.6134106224172929E-005
   6.1613958167266796E-005
   7.1286751921584616E-005
   9.2300358652302214E-005
   9.6159329478099045E-005
   6.6907007582492673E-005
   1.0513777133117949E-004
   5.8945241875950183E-005
   8.5054102638046326E-005
   6.2432342155668437E-005
   1.0478851632636320E-004
   1.1375789516020401E-004
   1.4388633975080084E-004
   6.7320572841585269E-005
   1.0287586889394985E-004
   9.6325646385687200E-005
   9.7043777824708558E-005
   8.7629491068151987E-005
   7.4871835925349728E-005
   5.9689863864077261E-005
   7.8817870166972889E-005
   7.8391529543537535E-005
   9.9695238665054381E-005
   9.4861404956374300E-005
   8.0210139114372372E-005
   1.4260189813212736E-004
   6.6279380453684934E-005
   1.3064325559868713E-004
   6.9769837655834035E-005
   1.2683726121016052E-004
   8.5231006868126399E-005
   5.6286496646331045E-005
   1.0891746512805744E-004
   1.1100061693015957E-004
   1.0573365118630566E-004
   1.0913091068616249E-004
   6.8431375856148013E-005
   7.1908712657360116E-005
   7.4752024257776701E-005
   1.3157863252670685E-004
   1.3453744303216391E-004
   6.9205524490600215E-005
   7.1905255165471472E-005
   8.0562469165142221E-005
   6.9064194567511626E-005
   8.6698412548586983E-005
   4.4976043552946959E-005
   6.5375604888934843E-005
   9.6203407538008982E-005
   1.0289945649017616E-004
   1.1605576649374764E-004
   5.0431457966228070E-005
   1.6684021933007203E-004
   1.0058826997418519E-004
   5.6914579739769196E-005
   1.1248732320262769E-004
   6.9199024776472621E-005
   8.0008098334941166E-005
   7.7088050681900535E-005
   6.2226000452410363E-005
   6.9203436680232496E-005
   1.1342388011746749E-004
   1.5537207315016158E-004
   9.6432582240692482E-005
   1.2517133825612419E-004
   8.3185746753876817E-005
   5.9145145142414611E-005
   6.2284708385840670E-005
   7.0984021116712718E-005
   6.8065224903530552E-005
   1.0194063467111031E-004
   6.1989144941901653E-005
   7.4205103488513506E-005
   1.1670670371211730E-004
   8.1420576758937230E-005
   5.5184401587574927E-005
   1.0756801024430331E-004
   7.6077735704221892E-005
   1.0223915825015354E-004
   1.3925387247925238E-004
   5.6037421200481678E-005
   7.0816179470963746E-005
   1.4891339731675743E-004
   4.4720555983453611E-005
   7.3090657209430818E-005
   5.8479125416904171E-005
   8.5412334216885559E-005
   6.2531686237322597E-005
   8.7609395785269271E-005
   8.6508303920686326E-005
   1.0539836882261574E-004
   5.5995892504562431E-005
   9.0941049474816207E-005
   6.0732757106045535E-005
   7.7220952362197360E-005
   6.6638406217934610E-005
   5.1851560725917089E-005
   8.7749062580406368E-005
   5.7813285015610543E-005
   6.4865101652541199E-005
   7.4315959008016116E-005
   7.3296954259241163E-005
   7.2174449276038997E-005
   9.4922630137278752E-005
   9.8155502411173467E-005
   6.0389655535163994E-005
   5.7888124080568057E-005
   6.5866765259291424E-005
   5.8989319179356279E-005
   6.8530688266445664E-005
   5.7518105976823970E-005
   8.1219859018940815E-005
   8.4918340429743019E-005
   7.8728513822472928E-005
   5.2099221705314464E-005
   6.3329092941424701E-005
   9.4830691859834084E-005
   1.1408159152677934E-004
   5.9477003033263704E-005
   6.0728909452332357E-005
   1.0575710722267975E-004
   8.8692204713237258E-005
   1.0303327690344759E-004
   7.8197610639329503E-005
   7.2440084091879745E-005
   8.6080872013509594E-005
   1.1178978024433477E-004
   1.1113671717944248E-004
   9.8161401587239941E-005
   7.3105674159163931E-005
   6.9709464924149736E-005
   8.2264199425670649E-005
   1.6093757018199683E-004
   1.1059410862993757E-004
   5.7931923337802218E-005
   6.9850193263052579E-005
   7.9709381468142236E-005
   9.3565024567348145E-005
   7.1660998189979324E-005
   6.1458692966937989E-005
   7.2786905297101895E-005
   5.3648143996162066E-005
   8.8369539202133633E-005
   1.2446461547637735E-004
   1.0970802781215090E-004
   8.4816916577197491E-005
   9.8020213242433883E-005
   6.1363556866847517E-005
   6.3393305270475342E-005
   1.0334232241752202E-004
   7.2801825316741960E-005
   7.2463356223353021E-005
   8.1774601141402099E-005
   5.8286777677059194E-005
   1.1967361412042346E-004
   6.5784196881081268E-005
   7.3924735379955070E-005
   1.0487487246591147E-004
   1.4427826456859266E-004
   6.4715327487567724E-005
   9.5150502145930450E-005
   8.2326468796834832E-005
   8.2872839229073471E-005
   9.0697875399707315E-005
   8.8530878314889129E-005
   8.6186669228304369E-005
   9.6309773071029842E-005
   1.0309935126667086E-004
   1.3591811767922740E-004
   5.3074613648881716E-005
   9.4929440345454245E-005
   8.8121491907315952E-005
   1.3463807295880631E-004
   1.0181536784376916E-004
   7.2215375252116028E-005
   1.3141691127053245E-004
   1.0547372506051500E-004
   1.8270693548050478E-004
   7.9078407759811855E-005
   7.2811491374085834E-005
   7.4508149146805609E-005
   1.3461700845797961E-004
   8.1394695573617652E-005
   7.5632245268593789E-005
   6.3378586943779904E-005
   7.2993847222580039E-005
   7.5725239444265384E-005
   7.6814370799153318E-005
   1.2531987077301376E-004
   1.0220096051961582E-004
   8.2325960805987907E-005
   6.9462013708865023E-005
   6.0104560232090122E-005
   6.4419192076881385E-005
   6.6583739475433817E-005
   5.3377816979715420E-005
   8.7654298727029588E-005
   8.9215022427795222E-005
   7.2153081373067652E-005
   5.4578560293479030E-005
   5.8816558382238031E-005
   1.2804268221640967E-004
   7.1513042393245643E-005
   7.2592835192818332E-005
   9.4117802095531683E-005
   6.3263269809581490E-005
   9.5084009712539664E-005
   7.0124366159461497E-005
   7.9668147817383452E-005
   8.2399822775203012E-005
   8.3056270739779295E-005
   1.0625043758103046E-004
   9.8431931409295929E-005
   7.8216174779182065E-005
   1.3978499869105650E-004
   5.7885333896255926E-005
   6.4964442268834372E-005
   5.7056118026745797E-005
   8.8948591912100242E-005
   8.4039121683666710E-005
   6.3335508208386279E-005
   5.5507146875774634E-005
   6.8827683557764465E-005
   9.4134015364060668E-005
   1.5753003675512967E-004
   1.1417162565401808E-004
   1.3720582893130193E-004
   6.7686392079743484E-005
   5.0846019292051661E-005
   1.3759284532260067E-004
   7.8639130423469988E-005
   7.0198358132591597E-005
   1.4135234580549928E-004
   1.0155957047562900E-004
   7.8204175789121119E-005
   7.3473491086906037E-005
   9.7274648088920424E-005
   4.9873520108286533E-005
   9.3137926633790396E-005
   8.6342051561014147E-005
   6.0769832886508162E-005
   7.2508679995945746E-005
   7.0889107937991205E-005
   1.0346779374602316E-004
   9.3427662189261715E-005
   8.5078954077328806E-005
   7.9182626961923718E-005
   8.1532028514311942E-005
   8.2135563102721094E-005
   6.1252603518573159E-005
   6.7598440307144883E-005
   7.1504121288718298E-005
   1.2291583797137130E-004
   8.7025638745005308E-005
   6.1535778299414554E-005
   6.8410264378232879E-005
   1.0724114413246779E-004
   6.1127299291181939E-005
   7.3712701354026019E-005
   5.9288686268737732E-005
   8.0319814932750514E-005
   1.1506272148792713E-004
   8.1753389345774711E-005
   7.0454565835713516E-005
   7.5696113473504534E-005
   1.1955529983955263E-004
   9.0009176233207754E-005
   6.2111625256540691E-005
   9.6021099431595926E-005
   7.0246349088981685E-005
   1.4270349494767455E-004
   7.6490685958927661E-005
   6.0298815101079925E-005
   7.6821795639219278E-005
   8.5617597221071374E-005
   6.9970383799082030E-005
   8.2248467184960967E-005
   9.3081234596396561E-005
   5.7731125405980054E-005
   7.7995438500298993E-005
   1.4384418483101127E-004
   6.1253954361309386E-005
   6.8537572118382127E-005
   6.7732113508273765E-005
   9.6208094415424275E-005
   1.5349586916018848E-004
   1.0940258598605558E-004
   6.0414681176158571E-005
   5.2120594537463277E-005
   1.5519806644378607E-004
   8.4570246822112511E-005
   1.6882421398238838E-004
   7.1749564581660198E-005
   8.6993722593976678E-005
   9.8451405493033353E-005
   9.5577410166974031E-005
   1.4641767386015187E-004
   7.5267008561813066E-005
   8.2884806793257447E-005
   3.9392552189779292E-005
   6.8804192628823808E-005
   7.0060156723365083E-005
   7.7999566191848461E-005
   8.0213694114198016E-005
   7.6661432709620065E-005
   8.9998215387388224E-005
   9.6923044823140811E-005
   7.1000218169478907E-005
   7.0925693601955834E-005
   5.3420059048647665E-005
   7.7939630299012351E-005
   1.4846074186915470E-004
   1.4861170222407958E-004
   9.4971522968525929E-005
   1.1225145413180141E-004
   6.5125096659071871E-005
   8.9886028956614666E-005
   8.1045070127023662E-005
   1.1585908562299625E-004
   9.8071761763579424E-005
   6.8470634727330523E-005
   6.5587821769652550E-005
   6.0169057518564469E-005
   1.8115493064785898E-004
   7.3626553502395545E-005
   1.3386997052851807E-004
   1.2049055361785788E-004
   1.0046250429775524E-004
   7.6510745471381305E-005
   1.2251467176739960E-004
   6.2729048446984328E-005
   8.0820269665912676E-005
   1.0665190818970762E-004
   6.7599779251498440E-005
   1.0884112943454316E-004
   9.2768672551735227E-005
   1.0506716612641505E-004
   7.8578832588790425E-005
   6.9213396748728207E-005
   5.1013484997380806E-005
   5.3073630632994601E-005
   8.0542398280772351E-005
   8.6678326206576629E-005
   6.2687310685097635E-005
   8.4555217238491579E-005
   1.0010293400024083E-004
   1.0893470098557900E-004
   1.1706889669921610E-004
   6.2746612331372563E-005
   6.0301591206888788E-005
   6.3296904807255987E-005
   7.5933078614476006E-005
   1.4006794768089872E-004
   7.8886394588853687E-005
   1.4635296048024458E-004
   1.2138610418183093E-004
   7.0704358401348251E-005
   7.5924660944303221E-005
   1.4941446727949581E-004
   8.5100551175618596E-005
   9.1780744017193780E-005
   5.3445749279108919E-005
   9.9092219953899759E-005
   7.5965769494639119E-005
   1.2532793401847400E-004
   5.9061735869065927E-005
   1.0562433217282472E-004
   4.7865814123525054E-005
   7.7532331084613016E-005
   5.9131228678086572E-005
   7.2620877545011097E-005
   1.0594765205283216E-004
   8.0307626819996463E-005
   6.2097005514781040E-005
   7.0456624883268235E-005
   6.6743384835160911E-005
   9.5036746394618600E-005
   1.0727637056096976E-004
   9.5780854858830148E-005
   9.0420201680754242E-005
   1.7962970461643993E-004
   8.5857485518680247E-005
   1.4449933028067905E-004
   1.1000076070245398E-004
   9.3985133618480147E-005
   7.6357203156418433E-005
   2.0295864160607075E-004
   1.3643957912197517E-004
   9.2396007743922380E-005
   7.8660012430641513E-005
   1.3397941155301833E-004
   5.1207017766249510E-005
   7.5233731412364434E-005
   7.1946387556529029E-005
   6.6292315326289597E-005
   7.5410492337623386E-005
   8.0031127296275104E-005
   1.0316762102941108E-004
   3.9877243582598500E-005
   1.2052732132679442E-004
   4.9302194581219921E-005
   1.7821685307448044E-004
   1.0432586864857088E-004
   1.5879287044372425E-004
   6.0227391167384479E-005
   1.0496873197954889E-004
   1.1208830940500901E-004
   8.5887338265582916E-005
   7.3547953758907171E-005
   9.2157744238982012E-005
   5.7122842142899198E-005
   1.0810063928571598E-004
   1.3261024225885330E-004
   1.0927419981276914E-004
   9.8547802907853258E-005
   7.6510148485750020E-005
   5.8437814408845134E-005
   8.0291658176100800E-005
   6.7291908072421514E-005
   1.0084440588722853E-004
   9.1014555099212208E-005
   9.0483767420646827E-005
   8.0147235236457744E-005
   7.3602019048813705E-005
   1.0222485040502718E-004
   7.2207535990296724E-005
   8.5559208341693763E-005
   7.9429895270149330E-005
   7.7470433518845932E-005
   9.7888122990802813E-005
   9.0982268551785482E-005
   1.2573360044454627E-004
   9.7409947809600013E-005
   1.3513510254541160E-004
   8.0076330594922000E-005
   6.2839406907604073E-005
   1.4435637460708415E-004
   6.7317154267263914E-005
   9.6668068863598272E-005
   8.7058195769688349E-005
   9.9350286106075615E-005
   7.4300515055779673E-005
   4.4596866129258305E-005
   7.5736545842724571E-005
   1.4038431143596471E-004
   6.9905294861812310E-005
   1.0682941973118177E-004
   8.9184292529226135E-005
   1.0752827563839029E-004
   8.3029068280353235E-005
   7.2467366345154620E-005
   6.4780242731246981E-005
   8.9531365439689489E-005
   1.0018735131623895E-004
   1.1186244811429637E-004
   1.4997828299539832E-004
   9.6860410181492265E-005
   7.5283508715860429E-005
   7.8053261108822599E-005
   4.2239322649463970E-005
   1.1124459199647880E-004
   1.2069239143429121E-004
   9.1552294285923762E-005
   8.1577162063262273E-005
   7.0511916246523168E-005
   7.9994438012830792E-005
   1.1188357737901656E-004
   7.0970190444265047E-005
   7.2835998134827140E-005
   8.0639399939987132E-005
   1.3255486466427419E-004
   1.0954185098176211E-004
   9.1402533218614367E-005
   1.2309271078056599E-004
   5.4819258072797363E-005
   7.4339810645931628E-005
   1.0287541236301336E-004
   1.1648735399485715E-004
   1.1810988770274159E-004
   8.0700871855400765E-005
   9.3666666120398377E-005
   4.9367760001759398E-005
   7.0299272979125157E-005
   7.4245200288879711E-005
   8.4712107153312995E-005
   9.1776143734422432E-005
   1.7399679465593081E-004
   9.2161305512402161E-005
   9.0649188919350465E-005
   8.1082111238362821E-005
   7.7693623980412251E-005
   9.5445866663944974E-005
   7.6244971749093231E-005
   9.1947795781438757E-005
   1.5506713777009749E-004
   7.9077103916775794E-005
   8.6173318478390744E-005
   1.1148830905428744E-004
   1.2638185327699640E-004
   9.4426002581355479E-005
   9.2505178908637047E-005
   6.6046261659593255E-005
   6.0584305177502736E-005
   1.6444480155564106E-004
   1.0873734443771142E-004
   6.3021775877774292E-005
   6.4773520773696002E-005
   7.7363551770181897E-005
   1.1661236674706447E-004
   7.3225567268644131E-005
   6.5661753373622025E-005
   6.4032157127242057E-005
   8.8993375661345977E-005
   8.9595850700093660E-005
   7.6242418772610833E-005
   9.7780536364616203E-005
   8.8234919608712418E-005
   6.6832967018000533E-005
   4.7580883863043663E-005
   9.8817043866804367E-005
   1.4842335157754373E-004
   1.0610757191126211E-004
   8.6107840842099704E-005
   1.0386084646023282E-004
   7.1861863446448870E-005
   6.6898812561389317E-005
   6.9266028632855375E-005
   8.2083200570981949E-005
   1.0082670823041085E-004
   1.0689738208869689E-004
   1.4103644022091130E-004
   6.1387409550495649E-005
   8.0735243934228237E-005
   4.5215004003318571E-005
   2.0060430861137336E-004
   1.2060379797476141E-004
   5.7958796403975119E-005
   4.6377935967768384E-005
   1.0760545725816248E-004
   7.9533151933718305E-005
   5.0861978625703009E-005
   1.4599131618638655E-004
   7.2993620976721606E-005
   6.2637952213895261E-005
   5.2866525664860014E-005
   8.1361522483922347E-005
   9.7716619901738717E-005
   8.8239052863113308E-005
   1.0514087159354935E-004
   9.9849956812668496E-005
   6.9690716067769660E-005
   6.9291680423111962E-005
   7.7091140209819880E-005
   1.2907278313145122E-004
   8.8501572559651368E-005
   8.1659511578594372E-005
   1.0593841394238563E-004
   9.0648947995388993E-005
   6.8925248851307123E-005
   8.6467863683755629E-005
   5.4157400415761322E-005
   6.9769880223784990E-005
   5.5653794923861013E-005
   8.9273278926152897E-005
   7.4197672200997550E-005
   1.1046572950781514E-004
   6.2025080880422236E-005
   6.8862462050970936E-005
   9.7635704357527459E-005
   9.6974037554720506E-005
   8.7814489136461041E-005
   7.7858337495378147E-005
   7.7836145754898810E-005
   1.0483481778675335E-004
   5.6067373810302621E-005
   7.4503483582250132E-005
   9.5419133461281024E-005
   6.1990103049386604E-005
   1.5484355114978363E-004
   4.6664554401942681E-005
   6.6382059374283257E-005
   6.1180088977849537E-005
   8.7321792492237239E-005
   8.1607101619825164E-005
   9.3918391366384021E-005
   7.5084475050595108E-005
   6.7537028305932035E-005
   6.7845852352458062E-005
   9.6417130117190170E-005
   8.6433484813385568E-005
   2.2025216478898711E-004
   7.9964269432540307E-005
   1.9615707014564287E-004
   8.4974937123631194E-005
   1.0974989644318734E-004
   8.1611008229721621E-005
   6.5573269660167748E-005
   1.1550923692586762E-004
   1.0073839409235239E-004
   8.6095696324883883E-005
   7.6030581856954737E-005
   4.7637491839448507E-005
   6.3308756861178586E-005
   1.1406831023925874E-004
   1.0930755646580462E-004
   6.5851045075448897E-005
   7.3524592902945879E-005
   7.8179355923170044E-005
   9.9945049084675580E-005
   8.0512837462104280E-005
   8.2012590869151296E-005
   5.3367139836389164E-005
   6.4519788699598981E-005
   6.9507427932405668E-005
   6.3004739512267512E-005
   1.3219252204039664E-004
   7.1460524733298029E-005
   9.4117721345197028E-005
   1.5821199681349287E-004
   7.8138158301678193E-005
   1.3128012712050483E-004
   7.9714266553778076E-005
   8.4262927089817852E-005
   7.9169160753303125E-005
   1.0011360838541012E-004
   5.1713150462698139E-005
   5.2746463980835285E-005
   7.5936182899669218E-005
   4.8154822194415734E-005
   7.5696969044610100E-005
   7.8537403920379712E-005
   9.0280365495851164E-005
   6.9810516161858369E-005
   7.3961200291142198E-005
   1.1114123252334978E-004
   1.1463118420471971E-004
   5.9563723259187050E-005
   1.3269903284836962E-004
   8.7162282064081107E-005
   8.4072938235825895E-005
   6.6164079238870306E-005
   5.7440936181631124E-005
   6.6059690897058123E-005
   1.2267023089934494E-004
   1.0788525897145339E-004
   1.1352344013238806E-004
   9.8734058868756245E-005
   8.7717689140212588E-005
   6.4778778214961624E-005
   1.1194917030900194E-004
   1.1370772446736216E-004
   1.0557581526112871E-004
   7.5401022478109874E-005
   1.0180842259199436E-004
   1.3136236013685834E-004
   6.5080737578187173E-005
   1.0368374146373261E-004
   7.9178400871327893E-005
   1.0949960698434788E-004
   1.2746818190973919E-004
   9.4524127755773982E-005
   1.0278068738293039E-004
   1.0640339754609511E-004
   1.1131806404480731E-004
   1.1562257075401378E-004
   6.3525722816985518E-005
   1.3130748961457736E-004
   9.5657594908955346E-005
   6.6643017118427612E-005
   8.2242849445816831E-005
   8.6538314376436549E-005
   7.2558153779019607E-005
   8.9538475400224933E-005
   7.0638162988068582E-005
   8.7380080703622381E-005
   8.9613103825396533E-005
   2.3627631671303869E-004
   5.7643320095812205E-005
   5.7734411051163437E-005
   9.6761706143013072E-005
   6.2567645255201645E-005
   6.6679193214520870E-005
   8.1721000350175129E-005
   6.3135490463393909E-005
   5.5217951186568512E-005
   5.5377875656418728E-005
   5.5181359564235461E-005
   6.7454087240234793E-005
   1.0111891981493160E-004
   5.3220358691262526E-005
   9.1705518051585208E-005
   7.1295449408871175E-005
   9.2033702218774236E-005
   8.8935019033285122E-005
   1.5787776914869391E-004
   9.7361871337945174E-005
   9.6367462018737498E-005
   1.0298004733475292E-004
   8.7914916009814562E-005
   1.1419143486299961E-004
   7.1985535557044238E-005
   7.1879872851522147E-005
   7.1960406041964939E-005
   1.0881187998364732E-004
   9.7675322637090251E-005
   1.3941412716705884E-004
   8.4115939367898670E-005
   1.1125567520894464E-004
   6.8302777186765909E-005
   8.9938545405912631E-005
   7.9528558743827114E-005
   7.8009346631051029E-005
   1.0562807361190340E-004
   9.3206182839759353E-005
   1.1220305187420657E-004
   9.7820832969478720E-005
   1.0254638913633946E-004
   7.7608063005129955E-005
   9.0681857594989009E-005
   7.4882941699111884E-005
   1.0944903163921774E-004
   7.1149705561975089E-005
   1.0759441861820468E-004
   5.3389843233125781E-005
   6.8774952737919877E-005
   6.5332830673888023E-005
   5.9373645453376716E-005
   8.3992629607341501E-005
   6.4050116015037527E-005
   7.6414585647366178E-005
   5.5754996364087361E-005
   5.6739198804100251E-005
   7.9882834700373821E-005
   1.2113397814439715E-004
   7.0830975863309646E-005
   7.7392798931322202E-005
   9.5021388328232645E-005
   9.2196815842668985E-005
   8.2108629861163776E-005
   6.6343776750910348E-005
   6.9597832907693544E-005
   1.2484974833223183E-004
   7.8602689174281652E-005
   7.6718477511235244E-005
   9.2485677823427804E-005
   7.2176662416339495E-005
   6.5528161553212689E-005
   1.1158688396089519E-004
   9.0989218539606461E-005
   1.0040483773676533E-004
   9.1160526725904647E-005
   7.9277511619260351E-005
   8.8563706112439988E-005
   6.8909896398107597E-005
   5.3547338249851577E-005
   6.5021760222914337E-005
   9.1585396939369908E-005
   6.7732368689340432E-005
   1.2561976313238548E-004
   8.5838119073246516E-005
   9.0298486480784159E-005
   1.1263154708989026E-004
   6.4152857490056139E-005
   1.1248068024834407E-004
   7.1442822161768324E-005
   6.8699969922215773E-005
   1.1422573992474161E-004
   8.6349859270506063E-005
   6.8584399505630095E-005
   9.2233517027073548E-005
   7.6278991666048218E-005
   1.6020566915555263E-004
   8.3454811727965163E-005
   9.5500968187811218E-005
   1.2523234032435441E-004
   5.2902864007410230E-005
   5.1268126506938779E-005
   8.6497184415166889E-005
   8.0683896729289483E-005
   1.0696321963934350E-004
   8.2116658653392282E-005
   9.5405812594885137E-005
   9.8685280857049824E-005
   1.0521461532750991E-004
   7.3371665964646737E-005
   5.8156074560240086E-005
   7.8967680971477711E-005
   1.1373858506339579E-004
   6.9400077748766104E-005
   1.0650854164373346E-004
   1.1056778854503867E-004
   6.6703992575706104E-005
   5.9891786337270871E-005
   5.8397239437572440E-005
   1.0104588478657863E-004
   6.8587830540732026E-005
   8.6629246719687689E-005
   1.3080690569023998E-004
   8.3423931729880699E-005
   1.2085959036570878E-004
   5.5750270870188489E-005
   1.0544583432891118E-004
   1.0679172071275854E-004
   1.6451785816714551E-004
   1.1085806351577143E-004
   9.5079237150006977E-005
   5.4207530890607887E-005
   1.4266750509928103E-004
   7.5307124269566889E-005
   7.5082322860729319E-005
   1.0960780851242977E-004
   1.3208148423801314E-004
   9.9232158380615414E-005
   8.0717010357259531E-005
   8.8075686648543837E-005
   5.8224944601382875E-005
   1.0332167384865241E-004
   6.5223870959931613E-005
   8.8700676594360644E-005
   1.5036342635704682E-004
   8.1753370186312785E-005
   1.2695147671935576E-004
   1.0324113965019677E-004
   1.0134144029742076E-004
   8.7945100695468103E-005
   7.0586159176186600E-005
   6.5729149833004843E-005
   8.0688255884509135E-005
   1.2058173328142656E-004
   6.5135476860478614E-005
   7.4403147841013682E-005
   1.6582482775848829E-004
   8.4118647919133015E-005
   1.1251637632076674E-004
   1.4644550899578791E-004
   7.4428949839107133E-005
   1.1260906349242458E-004
   1.5202572090481983E-004
   7.6634948231914834E-005
   6.3468077384143834E-005
   4.6156637975537419E-005
   8.8152867059877773E-005
   5.9617285932599262E-005
   7.4701526079472508E-005
   9.6158100110755619E-005
   5.9516316251389386E-005
   8.2235677088103414E-005
   7.4014544040521698E-005
   6.4128425904947222E-005
   7.5893825641291975E-005
   7.9488115541164739E-005
   1.0188238675284547E-004
   7.2911907226748323E-005
   6.6230157549318001E-005
   8.5554017237219872E-005
   6.4315702076372079E-005
   1.0316588873661798E-004
   1.0273027304794473E-004
   9.8655243995112997E-005
   9.5107927859439559E-005
   7.6002571452370594E-005
   7.7391517054855316E-005
   8.6545832208391194E-005
   9.6274937484802008E-005
   1.8470467379498804E-004
   1.2056831442647862E-004
   1.1388178915987631E-004
   9.6599565519654422E-005
   5.3628621596725707E-005
   7.7872983751253489E-005
   7.8486948203324662E-005
   1.6647707734721096E-004
   8.6294749935363250E-005
   6.0390277636111119E-005
   7.5140871889712164E-005
   6.4623678214379224E-005
   7.3407502978627332E-005
   1.0440388091224722E-004
   1.0177889588648174E-004
   7.9740694965237707E-005
   7.5408639985117127E-005
   7.3698419466263846E-005
   8.0946288720574189E-005
   1.0046468479790875E-004
   7.7418989196330706E-005
   1.2565656156730002E-004
   7.2175141134219348E-005
   8.1427685863432391E-005
   6.4717778671554736E-005
   1.5069647036467494E-004
   8.6307504078886676E-005
   1.0443075668436091E-004
   5.9920921139571719E-005
   1.0119773540770171E-004
   1.0599330883232789E-004
   1.3472142948608301E-004
   8.1299950392765960E-005
   1.0652610685561098E-004
   7.5861149086900442E-005
   7.0154978388198359E-005
   6.7974577143085761E-005
   9.2703925585332415E-005
   6.3313722814689052E-005
   1.4979550410633666E-004
