   1.2246017243284721E-004
   4.6532763188875027E-005
   5.2948519145016142E-005
   1.2432203326523367E-004
   1.1858059069628468E-004
   6.6764648190981724E-005
   8.6806151782859876E-005
   6.8834824813921480E-005
   8.5173762562848674E-005
   9.7321884098792153E-005
   1.1151192331866416E-004
   1.1972509119850580E-004
   8.8031374377220032E-005
   6.9347038919964852E-005
   7.1228705840551741E-005
   7.2720312634173237E-005
   5.6771071698526045E-005
   8.8125614391314951E-005
   1.5633784958411640E-004
   5.2171938158979890E-005
   1.4038723242951442E-004
   9.0763386844460746E-005
   9.0832163834583324E-005
   9.8161033131824687E-005
   6.2872606140975578E-005
   7.7749132463326024E-005
   2.0225231725937273E-004
   9.2648033935915179E-005
   6.5361208947119833E-005
   6.4674119397247038E-005
   1.4376848456730526E-004
   9.8147040209914141E-005
   6.8359640008128404E-005
   7.8514163246289547E-005
   9.6127476377546971E-005
   8.9581550779686150E-005
   8.1451153164256495E-005
   8.0619897003479180E-005
   5.5481137668451772E-005
   4.6897679427685962E-005
   6.2779679330445090E-005
   1.2108607919453502E-004
   1.6363892519983430E-004
   8.8048667444501192E-005
   1.0099418327665297E-004
   1.1345355167352967E-004
   9.7057994756365770E-005
   1.3135112375982529E-004
   1.0539185412560967E-004
   5.5450375468216393E-005
   4.4376998767115172E-005
   6.6589104519099304E-005
   7.1145347484516649E-005
   9.5277407920019706E-005
   9.7123979331779339E-005
   4.9700480852081096E-005
   5.9220543845746098E-005
   1.0975987940889784E-004
   1.6350635167363967E-004
   9.0742259719988618E-005
   7.9448451413507176E-005
   1.0207563854805729E-004
   5.5295846573821006E-005
   4.8744069896384863E-005
   6.8271355457278247E-005
   7.2649749130133999E-005
   9.3658726403460064E-005
   7.3639198151868060E-005
   6.2964455459679184E-005
   7.8045207320382774E-005
   9.9947350314571998E-005
   6.9153039563130868E-005
   7.1309073217164581E-005
   1.1950413112903624E-004
   1.7467366290991639E-004
   8.7695686596630224E-005
   1.2303207959051910E-004
   1.1340690871789662E-004
   7.9838594296206204E-005
   1.1746449321122642E-004
   1.0541914551377120E-004
   6.1115124873339086E-005
   1.2676135490998606E-004
   8.8011137704778171E-005
   7.6459223208827229E-005
   8.6592279172529875E-005
   1.0536199073282821E-004
   8.2946852988477094E-005
   5.9504478405067424E-005
   5.1474990880719987E-005
   8.2645046474223726E-005
   6.2580127094871344E-005
   5.7453451428427070E-005
   6.5788073663835368E-005
   1.1077561660566453E-004
   6.9157158115600882E-005
   1.0625038999763563E-004
   1.0566956006099349E-004
   1.0484368708704930E-004
   1.0292083213894420E-004
   9.2344124658618086E-005
   5.2712773507705335E-005
   7.0243760948596884E-005
   8.9516944053365079E-005
   5.9000067630520024E-005
   9.0933418067748082E-005
   1.3603811445704849E-004
   7.0823268630454005E-005
   1.2249799372001920E-004
   8.0944061546509035E-005
   1.7810013500012465E-004
   9.3401821857635436E-005
   7.0956987570220848E-005
   7.7591095849954014E-005
   1.0754813220955210E-004
   6.0970666969025664E-005
   7.9284292800777597E-005
   1.0234297849793249E-004
   7.2888851809103773E-005
   9.5969620072897775E-005
   9.0660731541777475E-005
   1.0765366669406617E-004
   1.1446366120756723E-004
   5.7083320312305267E-005
   7.7557266726654682E-005
   1.0219948230005948E-004
   8.1777055165358325E-005
   7.1996712321767672E-005
   7.7571323847092433E-005
   1.4159990042551576E-004
   7.6197809911142603E-005
   8.1870828315572396E-005
   6.6833453314620286E-005
   7.7927184786531143E-005
   1.0463844893055958E-004
   1.2793513989773969E-004
   9.9409158744177373E-005
   8.1899504346614991E-005
   1.0804932705951378E-004
   5.2658111243398692E-005
   7.7635824442712570E-005
   1.4237146859240766E-004
   1.0180622701870858E-004
   1.2781064339048952E-004
   7.2828262314117098E-005
   7.0981845694980520E-005
   8.7618886488290720E-005
   1.2308055608669454E-004
   6.9830824513096010E-005
   6.6788560152709032E-005
   9.1970091685625213E-005
   5.6348539787491177E-005
   9.6089117303456859E-005
   7.4919397222099714E-005
   4.6545986488909280E-005
   7.1556444458707933E-005
   9.8095193745946073E-005
   7.5846890832054260E-005
   2.0312592973719350E-004
   1.4830993068737469E-004
   7.8366505329109776E-005
   5.2548047383993646E-005
   7.8483971290253021E-005
   5.8793363335678226E-005
   8.1238671852288955E-005
   1.0851293494126001E-004
   1.0134035065201518E-004
   8.5460450911872346E-005
   8.7303931736324407E-005
   9.6301976487072800E-005
   8.5527879378613489E-005
   5.8352481749296725E-005
   6.9023071467054246E-005
   9.8906272847095413E-005
   5.9760397072278483E-005
   9.0288505477881449E-005
   5.2143322370121705E-005
   7.0927261353753154E-005
   1.0213453850687360E-004
   9.3022741606789452E-005
   1.0578119031503944E-004
   7.7196816558542527E-005
   1.0563113274963297E-004
   8.3476731637242515E-005
   7.6689683984842679E-005
   1.3093367824380703E-004
   8.9037653725735716E-005
   8.8920121780354514E-005
   7.8549159851876401E-005
   5.1706279679714158E-005
   1.0690136837035947E-004
   1.0878806551157035E-004
   5.7247029815598852E-005
   7.5681742265515487E-005
   7.7295434201176178E-005
   8.3298554278387403E-005
   8.5520585449431563E-005
   8.6699600588478816E-005
   6.2972824291614884E-005
   8.4221204819755590E-005
   1.1762244760866254E-004
   1.1660917407383515E-004
   1.2978697854580247E-004
   7.8887240105933215E-005
   8.1606453420787845E-005
   8.7577793992387875E-005
   8.5640332782316406E-005
   1.0548616907408913E-004
   7.7463193955973529E-005
   6.4814748260068862E-005
   1.1887393237667859E-004
   1.3418054555963319E-004
   7.5502759727528145E-005
   1.2584552322546751E-004
   1.1662356570455914E-004
   1.1226008243311818E-004
   5.9849990474375554E-005
   7.9407040777567487E-005
   7.1410920642324294E-005
   5.3656530196172687E-005
   1.5796556385443426E-004
   9.4018985714487552E-005
   8.5709604293805590E-005
   8.0264706498161530E-005
   6.8449762184506354E-005
   5.7661467840466883E-005
   6.6868722725310355E-005
   1.9521881015313930E-004
   8.8647104407273361E-005
   1.3454074225190745E-004
   1.0020121123000729E-004
   1.3352538222899737E-004
   9.5258717424321653E-005
   9.7475556725439970E-005
   1.1772387305514125E-004
   1.1208421317615471E-004
   8.1820710576980990E-005
   9.8550811418744488E-005
   1.1989078883344462E-004
   1.0894480193786092E-004
   8.3370484154947724E-005
   6.8809428686959613E-005
   8.4495511426673360E-005
   9.5323674706968432E-005
   8.8082451374086804E-005
   7.2078057332438625E-005
   9.1501615951043388E-005
   1.8090839032738128E-004
   7.2328207060227203E-005
   7.0796066311128522E-005
   1.1272514486213046E-004
   7.2932122440247108E-005
   1.4177194677159901E-004
   5.3804905743995493E-005
   8.4195501727029500E-005
   9.8788299545960007E-005
   7.8134753108553067E-005
   7.9900237713519798E-005
   7.0486172398908763E-005
   9.3526486281897059E-005
   7.8973799839927937E-005
   1.4395281066498195E-004
   8.9884819002733615E-005
   7.3001510958045502E-005
   7.4938265439011950E-005
   4.9590474648293154E-005
   8.4734068665096089E-005
   1.0626510605650623E-004
   1.0135774132511987E-004
   7.1131352129750428E-005
   1.0783274778007784E-004
   7.8230487031005113E-005
   7.1840376921124957E-005
   1.8287444611954695E-004
   6.8262294332835683E-005
   9.3576356967488026E-005
   7.6326985660308812E-005
   9.3630380394941793E-005
   7.6040047919164578E-005
   8.0479102521083921E-005
   9.9469732792721352E-005
   1.0494925732760355E-004
   9.6891881295962888E-005
   7.3440889019481229E-005
   1.1219203665661227E-004
   6.4919750960311303E-005
   6.3678000821072535E-005
   1.0711866471326325E-004
   7.5664303506622611E-005
   1.2992975115479368E-004
   7.9408973965431956E-005
   1.2922475677978540E-004
   1.1872529932578056E-004
   5.2027564487696490E-005
   9.1634080170033004E-005
   6.8887066069811344E-005
   7.2788958147534480E-005
   6.8980363555163371E-005
   8.7639889475338875E-005
   7.2272827508567801E-005
   9.1344890040263182E-005
   8.1803542065274085E-005
   1.0187857437341657E-004
   8.9924263991117339E-005
   7.7029367971190231E-005
   8.6149993024871958E-005
   7.8975109647756242E-005
   1.4472231249809252E-004
   9.9677233641159941E-005
   1.0852097877741963E-004
   8.9612997121354880E-005
   5.5081727545634601E-005
   8.3012735168251414E-005
   8.6834200827224089E-005
   1.4221169728721207E-004
   9.3279849209822036E-005
   9.1427482578018254E-005
   8.2738737897385087E-005
   5.8506969755286705E-005
   7.1334080957472177E-005
   6.2886696137959947E-005
   5.5487099572990979E-005
   1.0646985601937862E-004
   9.2916152230726969E-005
   8.4311301023632724E-005
   9.6893657979536194E-005
   9.1108878617993420E-005
   6.0733593209708348E-005
   9.5356494665515133E-005
   1.0134804997609555E-004
   1.1103918600082358E-004
   1.2361291381925106E-004
   1.4460144578783038E-004
   7.1875188396186644E-005
   9.0397267307689935E-005
   8.1538023680719838E-005
   1.3091985201056869E-004
   1.7259219577636547E-004
   8.1958250834056248E-005
   8.8526566736934901E-005
   8.5235210914162430E-005
   6.6315561529623057E-005
   6.7326136137910161E-005
   1.8342133525814624E-004
   1.2145011413481688E-004
   1.0245895441013182E-004
   4.6946596091428585E-005
   7.5949062792990684E-005
   8.2667925795366137E-005
   1.1226638008245851E-004
   6.5689091487012153E-005
   9.3937897360755248E-005
   9.3525270093123468E-005
   7.0280450237693277E-005
   5.9958901452570221E-005
   6.4008307150855329E-005
   5.0504905373153777E-005
   7.2003840099766291E-005
   1.0342488472404853E-004
   1.0602953571908798E-004
   1.1676252836193968E-004
   8.2246277283917925E-005
   6.4014855535676971E-005
   1.1379543411789502E-004
   8.1718246674823260E-005
   1.0638454305789739E-004
   8.4628494330045881E-005
   2.7018908409368378E-004
   1.0954221699334212E-004
   1.5258903505048255E-004
   5.6521210755172906E-005
   8.0619419551154447E-005
   7.5552821476878326E-005
   1.1100680435767384E-004
   9.2658329106829604E-005
   1.1527785408280075E-004
   5.4271197707132000E-005
   8.0139888573062148E-005
   1.1702169560796782E-004
   6.0183915294011742E-005
   1.2619045807582438E-004
   7.3810835957424011E-005
   7.2967269417063238E-005
   7.1869136662054122E-005
   1.0842721583109652E-004
   7.6299064100552620E-005
   4.3800836754471709E-005
   1.0260039098351328E-004
   7.3951118558017974E-005
   1.1312797520219732E-004
   1.3500861604261275E-004
   9.1447018964207111E-005
   9.0960628024938921E-005
   5.3737129365847594E-005
   5.0683409128162679E-005
   6.1137951022026464E-005
   8.8039098663489368E-005
   8.5841728728467605E-005
   6.3082556661882297E-005
   8.5341677549350645E-005
   5.2326694441897013E-005
   8.9748210086787832E-005
   1.5457735154740510E-004
   9.1001714298707576E-005
   7.5258107444162498E-005
   1.3834007508486371E-004
   1.2317594028385842E-004
   4.9727881024839821E-005
   1.1534403614391329E-004
   7.5443551420829275E-005
   8.6487316529302972E-005
   9.3587147785570914E-005
   5.2622405330417348E-005
   7.4597720693376712E-005
   9.7149329051125460E-005
   6.0102637915964005E-005
   7.1305159965878416E-005
   1.0774335313652623E-004
   7.0238165829365865E-005
   6.6205966424893041E-005
   6.4070766523505694E-005
   9.8912157269800553E-005
   6.8709241418475877E-005
   8.3628357665549785E-005
   5.5360647749568513E-005
   7.6433365018746625E-005
   6.3301956961924385E-005
   8.4978345935092717E-005
   1.3656073930776779E-004
   7.9233571017622406E-005
   1.0224667062847363E-004
   9.4899906343061841E-005
   1.3671544805720327E-004
   7.9449834731212406E-005
   7.7921124700075828E-005
   9.6247126785514611E-005
   7.9968397007413290E-005
   7.5734915352392371E-005
   1.0614765018678263E-004
   8.6172292093979593E-005
   6.2464059731014477E-005
   1.1860445872323461E-004
   5.2032818013359536E-005
   1.0755318674766122E-004
   8.7762047340430937E-005
   5.8725279219003839E-005
   8.4261972764488005E-005
   7.0619076757729671E-005
   7.8613745600269541E-005
   1.6653249713097115E-004
   1.1545147681092750E-004
   1.1753343992622914E-004
   7.4364698613086456E-005
   7.8245289986779253E-005
   7.1224314437368051E-005
   8.5426860601809493E-005
   1.0749875601839084E-004
   8.2506358098965776E-005
   8.0186762056846372E-005
   7.8192950452930145E-005
   1.0515143855635339E-004
   6.0605693449117647E-005
   1.2262700718018450E-004
   9.9623791881271959E-005
   1.0531907561244888E-004
   7.0774549656774736E-005
   9.2892333296098570E-005
   1.0489297123779555E-004
   9.3318664112498613E-005
   5.2725952919836166E-005
   9.1805913389196518E-005
   6.4212418843946100E-005
   6.6142890125505156E-005
   4.5481038352277477E-005
   9.6651269865547504E-005
   7.5253716016739788E-005
   1.2759348973329838E-004
   7.5664472834401460E-005
   8.6604813543969279E-005
   8.0602944911553907E-005
   7.8542605539791644E-005
   7.4456903280466829E-005
   8.4787923737190051E-005
   8.3141285235189494E-005
   1.0303166514870345E-004
   8.0018786267819033E-005
   9.6692073979161571E-005
   7.3247695753138179E-005
   5.5691438263068929E-005
   1.4141207294050842E-004
   8.2310731203380006E-005
   6.5533569289408011E-005
   8.0126638794214626E-005
   7.0426597337616510E-005
   7.4526719159606226E-005
   5.6045004355838101E-005
   1.0864605027608320E-004
   1.1826697358301847E-004
   7.9717323285138564E-005
   9.5027731798350430E-005
   7.7748473826570212E-005
   5.7334242855564269E-005
   6.6452886757041067E-005
   9.0777298734541189E-005
   7.8264569743985099E-005
   6.4724009236361607E-005
   1.5911982685463011E-004
   9.3144321410175914E-005
   7.6415813854711575E-005
   8.5407760371326426E-005
   5.9169692042629551E-005
   1.1214600012841900E-004
   6.6998849268781613E-005
   7.0085766140906485E-005
   9.0608576800958718E-005
   5.2654820660925291E-005
   9.1683613565814837E-005
   8.0389574568768600E-005
   1.2403306755031361E-004
   7.4572014339966365E-005
   7.3700515883305464E-005
   7.6101415363580670E-005
   8.7336625595281340E-005
   8.5126915107956085E-005
   1.3323141192326529E-004
   1.0516976306849586E-004
   8.9048521147746328E-005
   1.0398181183739018E-004
   8.5487688049291075E-005
   7.9639851026828178E-005
   1.2904501557749144E-004
   1.3556586831271156E-004
   1.2592017564333301E-004
   8.8788569048521091E-005
   6.6423652321609189E-005
   1.0089800444633419E-004
   1.0379135455806345E-004
   6.7804245860536279E-005
   9.4065162799690573E-005
   1.0984582552117024E-004
   5.8562397869156538E-005
   6.8499471131181549E-005
   9.3185372842500156E-005
   8.4160559147193912E-005
   7.0815711617963929E-005
   8.6676715286043999E-005
   4.8444631929435380E-005
   7.9282121117703599E-005
   8.3613195623613703E-005
   7.1299115467817378E-005
   1.2828030775459423E-004
   6.4017068846130410E-005
   1.0956087674207061E-004
   4.8051696501519753E-005
   9.9194429129648482E-005
   5.0563403951042643E-005
   5.7045723802631227E-005
   9.3368009187426052E-005
   9.4741472732428947E-005
   1.3197729349920300E-004
   6.0920011694013995E-005
   8.5257874461746206E-005
   5.6006543233415525E-005
   8.4955048179425526E-005
   6.4274401025212795E-005
   1.4131478965830735E-004
   6.7905648957828618E-005
   1.5970084042187842E-004
   8.4316447645671613E-005
   5.7506927749029050E-005
   1.0464489284631600E-004
   9.3150091942081364E-005
   1.1048940348246522E-004
   1.4449180600298650E-004
   5.7545219581424819E-005
   1.3265501405412196E-004
   8.9452782676805931E-005
   5.6633558826460209E-005
   1.6980025855952048E-004
   5.7453555004378109E-005
   7.1511437865061321E-005
   6.4972063751576759E-005
   8.6129921012778171E-005
   5.0540105882129440E-005
   1.1610198008497539E-004
   8.5130584639603690E-005
   8.4232217526953145E-005
   8.6208748791689622E-005
   8.3930646000997302E-005
   1.0009996928353106E-004
   8.9336890029736475E-005
   1.0741466195935818E-004
   9.8509281191418011E-005
   8.6978620824235830E-005
   7.6497098348722188E-005
   6.8032572935735098E-005
   8.8144379133112304E-005
   8.0581875794017297E-005
   1.2188780612347611E-004
   9.8672178389327256E-005
   5.3649724531112448E-005
   7.5192057674086665E-005
   9.0267315105160275E-005
   8.9286326968784173E-005
   1.1895599668934602E-004
   8.4130634369128837E-005
   1.0138459366688455E-004
   9.3330643952711632E-005
   7.8575820532410381E-005
   1.6715599780848354E-004
   7.0120743630521878E-005
   1.0059215505368711E-004
   7.4346547462730703E-005
   6.8194283981609744E-005
   1.0550319732134821E-004
   7.0430765531342488E-005
   5.6187056637024629E-005
   5.8304763797549808E-005
   1.6745688763028212E-004
   7.4183180153606176E-005
   8.4838672524491815E-005
   8.0782653328581678E-005
   6.9383852029091401E-005
   6.1560251919311339E-005
   7.8851731535202132E-005
   7.1961878631520768E-005
   9.7795809229933044E-005
   1.1839187160653701E-004
   7.8596098904144482E-005
   6.4263620654363384E-005
   7.1472988131911767E-005
   7.3695372269998971E-005
   6.0128131506542131E-005
   9.1430665610115524E-005
   7.7302984779296425E-005
   7.3056581630620877E-005
   1.5049377708628480E-004
   7.3567481377368924E-005
   1.2515046248542255E-004
   7.1901424872129383E-005
   9.8908965340819240E-005
   5.3675291718080936E-005
   8.8109626093383999E-005
   1.0833512903516429E-004
   9.9541405017625681E-005
   5.7750845062751093E-005
   1.1323906262638396E-004
   1.0387622972321809E-004
   9.6080039663259305E-005
   5.0344725088205987E-005
   7.7398496073559990E-005
   9.6119982244622761E-005
   1.0171156942792158E-004
   8.5675514558784154E-005
   6.4025636462659890E-005
   7.4520812979233370E-005
   1.9376019923706260E-004
   5.2553000312966277E-005
   4.3472943477417808E-005
   8.8683668783609267E-005
   9.0528239694542207E-005
   5.5648585854880301E-005
   6.7301790531141184E-005
   6.9597106341777280E-005
   8.0941026318374424E-005
   7.4439100898990684E-005
   8.0013445447473539E-005
   7.7956908298775369E-005
   1.2307164585488773E-004
   1.0401450832487178E-004
   8.5976055220862772E-005
   9.8267742222891031E-005
   9.7464905309951490E-005
   7.5207151120815040E-005
   7.3486793334344541E-005
   1.6352820125456360E-004
   6.3620575706530575E-005
   9.3036884767528036E-005
   8.0606581649705146E-005
   1.2145575900828679E-004
   8.1906555517960569E-005
   7.7618339247126824E-005
   7.5032297017481271E-005
   1.1234492180037389E-004
   6.9329669432987694E-005
   6.9381596640008441E-005
   1.1260678018948971E-004
   1.1149429335168783E-004
   6.6109270547156984E-005
   1.0902584793431421E-004
   9.1419668373808529E-005
   7.9417497142998631E-005
   1.2049073769157655E-004
   5.3569644454043050E-005
   9.8351358045812367E-005
   8.1896298092708751E-005
   1.5294095281552319E-004
   8.1999594925421927E-005
   8.8816923746314221E-005
   6.0320203583627609E-005
   8.4028521775424424E-005
   9.4762353697655052E-005
   6.4618644839244634E-005
   1.0704717922615690E-004
   8.1157000932299250E-005
   7.3832995040849501E-005
   9.8080991917409615E-005
   8.7434785016685232E-005
   8.0376854928028901E-005
   8.2000432198152092E-005
   1.1086178333529421E-004
   7.2486640151330921E-005
   9.1943134276948349E-005
   6.8532383347469613E-005
   5.6145737547590254E-005
   5.6791014370268171E-005
   8.0729894665488143E-005
   6.6638393058966310E-005
   7.2667643694751880E-005
   7.0778204779499014E-005
   8.8808281904271012E-005
   7.7096025243125971E-005
   7.1055676407647277E-005
   7.3783564031027038E-005
   1.0414792403301940E-004
   8.9712593266039889E-005
   5.4622924301686506E-005
   6.1979095452616376E-005
   7.6606338522993144E-005
   1.1171899709240384E-004
   5.8758645199927646E-005
   7.5723813265687846E-005
   1.3731592500755582E-004
   7.7917335262991014E-005
   5.6233985901472639E-005
   1.2805423062629712E-004
   6.2073076339441916E-005
   1.0298768004372346E-004
   1.5645336424472200E-004
   1.1844194931534989E-004
   2.1620929848037003E-004
   7.8996255160296064E-005
   7.9809516481501726E-005
   1.6531643481905884E-004
   1.0938292369116357E-004
   7.5681806562967967E-005
   6.9093236543324259E-005
   7.3227822761068309E-005
   7.6825777087246585E-005
   1.0421903931986237E-004
   1.3683753985339856E-004
   8.0836448967683109E-005
   1.1040537510992863E-004
   1.1444304989016443E-004
   8.5820197149032602E-005
   1.3198242427556696E-004
   7.6002486627137412E-005
   5.0858098545003626E-005
   6.9573598353837363E-005
   6.7418003990160901E-005
   7.7767775197540913E-005
   1.0015069001645879E-004
   1.0489541470834246E-004
   6.5592303203959042E-005
   1.0531984178391526E-004
   1.1372652544329254E-004
   8.4686264681771870E-005
   1.2812386121750780E-004
   9.3936563795617522E-005
   8.5823001457362247E-005
   6.6676352161786775E-005
   8.9502002699598328E-005
   7.6355323088719187E-005
   1.0658918709411645E-004
   6.2751415487961754E-005
   1.3841043151940441E-004
   6.9809422345450573E-005
   9.9255910853825616E-005
   1.4449304498595307E-004
   5.9781419454518823E-005
   7.8763854364307943E-005
   9.4420354966030630E-005
   9.1783937017158172E-005
   5.9563577628547619E-005
   8.0274978734374102E-005
   7.1127764949082930E-005
   8.7386384332662599E-005
   9.6585839965838879E-005
   1.0371233495258579E-004
   1.0116987839735273E-004
   7.9519785348822103E-005
   8.4290711561577856E-005
   9.5022000217039480E-005
   1.0031585060446161E-004
   6.8027013547411786E-005
   7.3039960315417698E-005
   6.0802191714258934E-005
   6.4644548277002439E-005
   6.8748860290881948E-005
   5.7920551907518542E-005
   6.1234348051589913E-005
   1.6355134800981631E-004
   9.3070178140338704E-005
   1.2221017826507873E-004
   8.1275303942970873E-005
   8.6097533097475478E-005
   7.8041601252817980E-005
   1.0474613675021634E-004
   5.1001030997828539E-005
   4.6125064523478543E-005
   6.0072808989400490E-005
   5.9050443656838323E-005
   7.6054351468594043E-005
   8.6437314647995632E-005
   7.6944348273042554E-005
   6.7750233859245588E-005
   1.5683813007234907E-004
   1.0794718163120803E-004
   6.9349350095212724E-005
   6.8250954700925878E-005
   7.2248373656980144E-005
   8.3163629412488915E-005
   8.0616821750078047E-005
   1.2884386510617172E-004
   9.6978959062721755E-005
   6.2084467018321432E-005
   7.2191674007379667E-005
   9.3496968552931096E-005
   9.7268671447654615E-005
   6.7576852885333746E-005
   1.0634207900292743E-004
   5.9733879704668220E-005
   8.6200030451969242E-005
   6.2331515400509350E-005
   1.0237130332534795E-004
   1.1005496851044102E-004
   1.3966735245615086E-004
   6.5949010824471028E-005
   1.0418360143857538E-004
   9.7249379159888697E-005
   9.5705266433234286E-005
   8.8424451657314595E-005
   7.5693528690211437E-005
   6.0408522611461920E-005
   7.8409881636369542E-005
   7.8513703642715978E-005
   9.9843807158469023E-005
   9.5906079866361151E-005
   8.1117693685220840E-005
   1.4345305736458247E-004
   6.6531226250147378E-005
   1.3117831244389465E-004
   6.9881254455298456E-005
   1.2810237674055266E-004
   8.3807300606894133E-005
   5.6439217556977824E-005
   1.0139973949304205E-004
   1.1223105511678080E-004
   1.0686667311621034E-004
   1.0440465168182249E-004
   6.8561521888377725E-005
   7.0930671193282635E-005
   7.5486065736681413E-005
   1.2653583520529394E-004
   1.3171491625012458E-004
   6.9688334700457238E-005
   7.2372526585704570E-005
   7.8536223163161529E-005
   6.8162385371682173E-005
   8.7691955523534724E-005
   4.5314063136240512E-005
   6.6187429795703227E-005
   9.6845665442675706E-005
   1.0425467565618452E-004
   1.1734196062523341E-004
   4.7694537904194678E-005
   1.6908272625843515E-004
   1.0188017458891752E-004
   5.7564685888891283E-005
   1.1355184251485240E-004
   6.7518738083744716E-005
   7.8390724671626024E-005
   7.6409535945137763E-005
   6.2551007851642884E-005
   6.9925169133375347E-005
   1.1277302423993749E-004
   1.5727956884838666E-004
   9.6075409105147170E-005
   1.2683003013496194E-004
   8.4309916569527655E-005
   5.9821607662097089E-005
   6.2745021617218022E-005
   7.1737200310221190E-005
   6.4763185296909696E-005
   1.0296592239346711E-004
   5.9330790400528376E-005
   7.4614693490197221E-005
   1.1077751743131919E-004
   7.9836009261616403E-005
   5.5380125444625534E-005
   1.0353212529805647E-004
   7.7007512767662996E-005
   1.0331690768271886E-004
   1.3146786595355514E-004
   5.6312042761597654E-005
   7.1194934721198686E-005
   1.5066902607638251E-004
   4.1457227257609940E-005
   7.3476452059480086E-005
   5.7322249041100226E-005
   8.1089654355232768E-005
   6.3207029845836976E-005
   8.8694733428380299E-005
   8.7501366172733060E-005
   1.0591957929001671E-004
   5.5899861598183602E-005
   9.2012465905735689E-005
   6.0421960770646190E-005
   6.5758370295210933E-005
   6.7389818933926899E-005
   5.2369173087278430E-005
   8.4470614599730696E-005
   5.7528978375229759E-005
   6.5339593911253855E-005
   7.4767657162486847E-005
   7.4166117564746764E-005
   6.9682831676196012E-005
   9.1821857669143307E-005
   9.9378048134753463E-005
   6.0910093615331569E-005
   5.8327601613246904E-005
   6.6640154962890175E-005
   5.9606125036553815E-005
   6.9141374885651392E-005
   5.7629741001522830E-005
   7.7600803926326255E-005
   8.5856559045651324E-005
   7.9561834624526385E-005
   5.2583120122754410E-005
   6.3799033592487370E-005
   9.6092647388215817E-005
   1.1550000848306266E-004
   5.9857198483528346E-005
   6.1125869606252616E-005
   1.0636950525596360E-004
   8.5344455086952377E-005
   1.0411727141279070E-004
   7.7794556675231133E-005
   7.3415702227242488E-005
   8.6966168961879461E-005
   1.1286414087669792E-004
   1.1199787685103031E-004
   9.9307547470196554E-005
   7.3764225280570559E-005
   6.6442890843052455E-005
   8.2029368920896284E-005
   1.5643221490765788E-004
   1.0763207088353151E-004
   5.8403219257863618E-005
   7.0682554441234987E-005
   8.0590231327031992E-005
   9.3560624162103572E-005
   7.1028941025380555E-005
   6.0918128372834012E-005
   6.9649578839827100E-005
   5.3581787994321216E-005
   8.3602186770853385E-005
   1.2357152136954232E-004
   1.1105266928613966E-004
   8.4027150560108706E-005
   9.9229177127178289E-005
   6.2057171662761228E-005
   6.4014756764900948E-005
   1.0449492413708156E-004
   7.1962693525216598E-005
   7.3213648042667697E-005
   8.2587578672630932E-005
   5.7654284895106225E-005
   1.1991339950378609E-004
   6.5840123879781209E-005
   7.4765960852865988E-005
   1.0565573000311762E-004
   1.4547924163375609E-004
   6.5205301417463942E-005
   9.5610377237829869E-005
   8.3107377719927915E-005
   8.3808857364255473E-005
   9.1929300919024162E-005
   8.9360931890121911E-005
   8.5805415154276539E-005
   9.5628457453033990E-005
   1.0430406540008111E-004
   1.3763400629491666E-004
   5.2933692636335503E-005
   9.5852496335593925E-005
   8.8698131888456831E-005
   1.3411107941736406E-004
   1.0159805897891436E-004
   7.2818821094177479E-005
   1.3310043807170148E-004
   1.0409861413048875E-004
   1.7786482151271676E-004
   7.6285445270679871E-005
   7.3457225694185561E-005
   7.4383349925275627E-005
   1.3628025370765454E-004
   8.2415667394181819E-005
   7.5658230247465286E-005
   6.3931854441133063E-005
   7.0295158157686807E-005
   6.9631882674344299E-005
   7.3253886837540644E-005
   1.2692605269615625E-004
   1.0358108547402269E-004
   8.3467047486630722E-005
   7.0281966908058624E-005
   6.0029653317358265E-005
   6.5143913573896474E-005
   6.7427235109656221E-005
   5.3509247123507806E-005
   8.8837334489171932E-005
   9.0377384124321942E-005
   7.2486022331512667E-005
   5.5097555043218992E-005
   5.9282565673018348E-005
   1.2766470732716181E-004
   7.1893420892416932E-005
   7.3312563979197238E-005
   9.5093352424358135E-005
   6.3827234396723111E-005
   9.5824824259312723E-005
   6.8706095676157849E-005
   8.0681420834903121E-005
   8.2171949546264530E-005
   8.3663155265659462E-005
   1.0756143108296896E-004
   9.9532573297385918E-005
   7.8856204062283623E-005
   1.4146809160428791E-004
   5.8296305909704014E-005
   6.5734716881509671E-005
   5.7019046515242481E-005
   8.8251954213041054E-005
   8.4876639469271160E-005
   6.4115685953019367E-005
   5.6120913777650109E-005
   6.8428211270954307E-005
   9.3645518026268395E-005
   1.5942125052957460E-004
   1.1554852327356617E-004
   1.3901074984743790E-004
   6.8109430618718710E-005
   5.1389802743064030E-005
   1.3833414485534134E-004
   7.7301200820486174E-005
   7.0738054121685838E-005
   1.4312683762827535E-004
   1.0275731890353801E-004
   7.8595110760816198E-005
   7.3825171751842083E-005
   9.8359183956140236E-005
   5.0277692774388758E-005
   9.3996786138601210E-005
   8.7403658479666508E-005
   6.1450422994411134E-005
   7.3115634753801177E-005
   7.1588989279767730E-005
   1.0466967254847540E-004
   9.4405796450413679E-005
   8.6010036062577917E-005
   8.0009839978940732E-005
   8.2168263223313307E-005
   8.2586366842839348E-005
   6.0808198294795573E-005
   6.8484112698737173E-005
   7.2022004107365512E-005
   1.2420663874513238E-004
   8.7853124191663911E-005
   6.1883795522327961E-005
   6.5742667799960060E-005
   1.0867261807979896E-004
   6.1785980545528188E-005
   7.4621704711179334E-005
   6.0097824305193843E-005
   8.0728507636810114E-005
   1.1635453147415243E-004
   8.2583028679174777E-005
   7.0274831470733138E-005
   7.4407379208388033E-005
   1.2071692874117374E-004
   9.1049641108525292E-005
   6.2602683341834704E-005
   9.7054521414753709E-005
   6.5447849872096863E-005
   1.4443678420120805E-004
   7.6923640362016934E-005
   6.0827483800571279E-005
   7.7593288998320555E-005
   8.6587636608508641E-005
   7.0557247885342890E-005
   7.8694049101455407E-005
   9.3863671322936361E-005
   5.8464549824961291E-005
   7.8983094734350382E-005
   1.4565425607447567E-004
   6.1092771991903513E-005
   6.9094256381830845E-005
   6.7892239123175301E-005
   9.5080771867128702E-005
   1.5262415430942987E-004
   1.1023826059869252E-004
   6.0959250323726418E-005
   5.1646769048451901E-005
   1.5598857578508199E-004
   8.5470163624857553E-005
   1.7077085962371931E-004
   7.1377461903200643E-005
   8.8170810205071969E-005
   9.7943021731016869E-005
   9.5631792426173405E-005
   1.4823804354964447E-004
   7.5949980983727600E-005
   8.3789771794839877E-005
   3.9675678591638802E-005
   6.9497686594132530E-005
   6.5621138272182401E-005
   7.7984894654959048E-005
   7.9801721146255576E-005
   7.7049721121439201E-005
   9.0975726435079017E-005
   9.8084099388723208E-005
   7.1740805194424036E-005
   7.1013415195121982E-005
   5.3936794405797437E-005
   7.8928531047306526E-005
   1.4983447890195247E-004
   1.5032596128032786E-004
   9.5951290943832628E-005
   1.1366688846239017E-004
   6.5402547584560928E-005
   9.1005668809876215E-005
   8.1821615429768970E-005
   1.1369541468950359E-004
   9.8130071170119030E-005
   6.8664369050177169E-005
   6.6252062398730539E-005
   6.0854337370943557E-005
   1.8365104120110143E-004
   7.4284376531695047E-005
   1.3567249743570684E-004
   1.2211576801319084E-004
   1.0050856188547496E-004
   7.7284900696705588E-005
   1.2397824264751713E-004
   6.2644611524176748E-005
   8.1628589351161404E-005
   1.0811901335739927E-004
   6.8485734299484870E-005
   1.0980088642266659E-004
   9.3938503595909176E-005
   1.0519485846921430E-004
   7.9412445403336180E-005
   6.9949722732956819E-005
   5.1498166529122327E-005
   5.3724866989051348E-005
   8.1073069175022726E-005
   8.4724330794286329E-005
   6.2473926485420118E-005
   8.5715236870385409E-005
   1.0122368104387620E-004
   1.0969486799559396E-004
   1.1831416696485461E-004
   6.1713259249404222E-005
   5.8907080013490452E-005
   6.2262191989533139E-005
   7.6938391060503926E-005
   1.4042760364868954E-004
   7.6556709279855528E-005
   1.4414623141407377E-004
   1.2274765942829624E-004
   7.1548817497615094E-005
   7.6836249899923801E-005
   1.5107074834291555E-004
   8.6028723348014621E-005
   9.2922075929665484E-005
   5.3805339021470277E-005
   9.9904090367312264E-005
   7.6652190133521351E-005
   1.2704112886439804E-004
   5.9487108338185592E-005
   1.0502161920320624E-004
   4.7825257552422217E-005
   7.8452391614219812E-005
   5.9719149624252816E-005
   7.1319366382984457E-005
   1.0368259700513671E-004
   8.1237355152482220E-005
   6.2582275848791026E-005
   7.0681799844405019E-005
   6.7385054077684435E-005
   9.6105189926021445E-005
   1.0103280216485596E-004
   9.2806245680861687E-005
   9.1382192674784168E-005
   1.8021867657468045E-004
   8.6700631956710276E-005
   1.4605622860924347E-004
   1.0783459294302615E-004
   9.5189990797223738E-005
   7.6554078065604436E-005
   2.0520360043315648E-004
   1.3812652121828438E-004
   9.3194400190636003E-005
   7.9015598229753280E-005
   1.3460874933205123E-004
   5.1624825712071009E-005
   7.5625244198800702E-005
   7.2724754809340577E-005
   6.7102954917291002E-005
   7.6268587182299374E-005
   8.1146510870431487E-005
   1.0008618843798267E-004
   3.9352119179143305E-005
   1.2171030681709042E-004
   4.9393275785160990E-005
   1.8026800362259433E-004
   1.0534158421261098E-004
   1.6074132476143251E-004
   6.0765429690717847E-005
   1.0603591260123611E-004
   1.1342342699101943E-004
   8.6783255702890732E-005
   7.4228031549891031E-005
   9.3085517121330058E-005
   5.7638415455274288E-005
   1.0949200850887496E-004
   1.2959493564618807E-004
   1.0926583072898119E-004
   9.9445167363659465E-005
   7.7345190650812153E-005
   5.8793577851830145E-005
   8.1220134447011343E-005
   6.7927544578073881E-005
   1.0171726217371965E-004
   8.9366896059638515E-005
   9.0749005774028900E-005
   8.1104180884601597E-005
   7.4445187630791366E-005
   1.0295427452707497E-004
   6.6299723001529980E-005
   8.2476099336237371E-005
   8.0190450134117077E-005
   7.8147420960640745E-005
   9.7611359937008798E-005
   8.9757628942089762E-005
   1.2713650145251560E-004
   9.8442286536707817E-005
   1.3664653369454532E-004
   8.0940547957596460E-005
   6.3487204233885050E-005
   1.4618256136371839E-004
   6.8187752073517818E-005
   9.5313212307015190E-005
   8.7657950637331852E-005
   9.9662874678403839E-005
   7.3465403502641756E-005
   4.4783396595231090E-005
   7.6301259327493819E-005
   1.4226150054193667E-004
   7.0694467584976012E-005
   1.0671409930015842E-004
   8.9887207274288148E-005
   1.0693074169356977E-004
   8.3053593474934038E-005
   7.3211278553030103E-005
   6.5575375441296102E-005
   9.0066636275233579E-005
   1.0030654458519951E-004
   1.1310161790830719E-004
   1.4189020414420408E-004
   9.7756546586608592E-005
   7.6105620000939834E-005
   7.8233757749448442E-005
   3.8662855631619386E-005
   1.1264985094723862E-004
   1.2182103473208313E-004
   8.3105792785400327E-005
   8.2444040479551906E-005
   7.0538349425022196E-005
   8.0844189424121422E-005
   1.1296956959109446E-004
   7.1340254855365250E-005
   7.3530438068404870E-005
   8.1565685767319310E-005
   1.3429601397425616E-004
   1.0950535117129527E-004
   9.0290201735722031E-005
   1.1997526926929945E-004
   5.5358799101098905E-005
   7.5049770876774326E-005
   1.0435539672622248E-004
   1.1599854534979569E-004
   1.1914326012801671E-004
   8.0213907741776846E-005
   9.4603913260646715E-005
   4.8963534260447303E-005
   7.1030161301961591E-005
   7.5048886388285731E-005
   8.5475030887926213E-005
   9.2641249582323039E-005
   1.7596690533380909E-004
   8.4681164275585090E-005
   9.1775821676910263E-005
   8.2008162037156104E-005
   7.8405503847763877E-005
   9.5721231666962307E-005
   7.6042572000406325E-005
   9.2947194956259554E-005
   1.5717475395977907E-004
   7.9980284980913491E-005
   8.1782109412069354E-005
   1.1230554209312723E-004
   1.2524620086984184E-004
   9.4224447401124108E-005
   9.3622421193306231E-005
   6.5497588638034989E-005
   6.1043563459204362E-005
   1.6469561967080899E-004
   1.1000828674077172E-004
   6.3740086710407758E-005
   6.5092878964438010E-005
   7.2968943724668558E-005
   1.1755548955484699E-004
   7.4278416890514131E-005
   6.6242375071939389E-005
   6.4532801790095700E-005
   9.0183192325189588E-005
   9.0491774596275561E-005
   7.6651523732669573E-005
   9.8969799528745165E-005
   8.9367052118938844E-005
   6.7609992686120800E-005
   4.7839181688643257E-005
   9.9909749316982508E-005
   1.5028478867202294E-004
   1.0730361459714423E-004
   8.5354676867759551E-005
   1.0510399277577748E-004
   7.1441163782849990E-005
   6.7130211883070147E-005
   6.2406490726627436E-005
   8.1716947498570978E-005
   1.0196745821818580E-004
   1.0824814807995934E-004
   1.4274729790004795E-004
   6.2000828711443668E-005
   8.1530389465458731E-005
   4.5553591924505521E-005
   2.0292591801078253E-004
   1.1890758860124940E-004
   5.5855152992434212E-005
   4.6549739676979353E-005
   1.0865026831814841E-004
   8.0360919860319015E-005
   5.1291190966613251E-005
   1.4730226774906381E-004
   7.3757368238841619E-005
   6.3247645097544027E-005
   5.2855819434393673E-005
   7.9825635301927563E-005
   9.3602907138799139E-005
   8.8683972343879612E-005
   1.0623919510167293E-004
   9.6375813527818622E-005
   6.9415562452923048E-005
   6.9072127213485032E-005
   7.8013196163435010E-005
   1.3063651407740719E-004
   8.9475923903517622E-005
   8.2710960342124006E-005
   1.0658701547212983E-004
   9.1207441013539770E-005
   6.9848313212649406E-005
   8.7516890724475874E-005
   5.2774045646996843E-005
   7.0434202621289833E-005
   5.6123867587890647E-005
   9.0443963089947203E-005
   7.5105747654554810E-005
   1.1189103456950766E-004
   6.2756470330356618E-005
   6.9722958932829783E-005
   8.9588678078308696E-005
   9.6120359297260436E-005
   8.8375789855963709E-005
   7.8532422126330770E-005
   7.4967785033600465E-005
   1.0571276196219581E-004
   5.6477375270558662E-005
   7.5350872513806880E-005
   9.5740974644581149E-005
   6.2576874788741857E-005
   1.5401083393901487E-004
   4.6899708503450434E-005
   6.6809359110843225E-005
   6.1429316423307326E-005
   8.8159704266579700E-005
   8.1061701651573555E-005
   9.2945226973141574E-005
   7.5648669884674334E-005
   6.8305077738901150E-005
   6.8724303932989197E-005
   9.7745322454828457E-005
   8.7461695682835864E-005
   2.1762055893340728E-004
   7.8749606578353492E-005
   1.9076650058519210E-004
   8.5929838194879454E-005
   1.1120132928687954E-004
   8.0377553079546252E-005
   6.5727838096651421E-005
   1.1563649363012033E-004
   1.0175976703526817E-004
   8.6933542041971423E-005
   7.6785042939510431E-005
   4.7879693534887560E-005
   6.0899190531790744E-005
   1.0849934572257018E-004
   1.1050370386547037E-004
   6.6455787339469934E-005
   7.3950031586943763E-005
   7.5400497598531420E-005
   1.0107128264533713E-004
   7.6808866891893001E-005
   7.7815674753627063E-005
   5.1418803149654484E-005
   6.5188394537521888E-005
   7.0194748944470066E-005
   6.1247491436117581E-005
   1.3358023153742211E-004
   6.6863817428086130E-005
   9.4756688412281741E-005
   1.5198984960216455E-004
   7.6629617621693752E-005
   1.3305183358167604E-004
   8.0771551939017971E-005
   8.5297975354675017E-005
   8.0070265581881584E-005
   1.0120659009254581E-004
   5.1082276082661943E-005
   5.2918541207844562E-005
   7.6562719878924148E-005
   4.8451229653753311E-005
   7.6464234580691411E-005
   7.8891094348364435E-005
   9.1477907849399584E-005
   7.0753767801821259E-005
   7.4896625452524064E-005
   1.1248258150476680E-004
   1.1602094015990958E-004
   6.0080388565205464E-005
   1.2893076284409429E-004
   8.7652441914173637E-005
   8.5168283828555611E-005
   6.4541284973260637E-005
   5.8098297676213105E-005
   6.6711154826783615E-005
   1.2434318664754327E-004
   1.0908569784519201E-004
   1.1486750209487923E-004
   9.8717430147787205E-005
   8.8546335191164662E-005
   6.4439561025196525E-005
   1.1280527283783181E-004
   1.1461299874698849E-004
   1.0408235040370513E-004
   7.1575450908377766E-005
   1.0305906503034032E-004
   1.3011060223936776E-004
   6.5838846753226579E-005
   1.0463726200429214E-004
   7.9625728672393784E-005
   1.1062847356080369E-004
   1.2905232185777372E-004
   9.2914098573708425E-005
   1.0379739531273549E-004
   1.0749735187628250E-004
   1.1184456193985527E-004
   1.1619564766507509E-004
   6.4224589775247615E-005
   1.3248099978025642E-004
   9.6704784130871644E-005
   6.5613045392044490E-005
   8.2210491764381658E-005
   8.6648390614365006E-005
   7.3373741234405401E-005
   8.9413114007657677E-005
   7.1138971533184599E-005
   8.8501256847051032E-005
   8.8624473006933477E-005
   2.2547636895668785E-004
   5.7892209343842087E-005
   5.8121395153078391E-005
   9.7920295515656444E-005
   5.6491141732664164E-005
   6.7270780483144515E-005
   8.2609856757716145E-005
   6.3821844006165248E-005
   5.5491188660462891E-005
   5.4236305778931608E-005
   5.5556310034932787E-005
   5.9027629868869338E-005
   1.0047775242471275E-004
   5.3708125006301447E-005
   9.0391036544779148E-005
   7.1851893340929999E-005
   9.2276671481369553E-005
   8.9581489308098551E-005
   1.5615806416896383E-004
   9.8409999527714501E-005
   9.6879568077869052E-005
   1.0411176489105447E-004
   8.8744737537187725E-005
   1.1564049643968349E-004
   7.2942169196451060E-005
   7.2660962309372865E-005
   6.4117459517446551E-005
   1.0976103124303963E-004
   9.6974287178090997E-005
   1.4096443246094232E-004
   8.4973536843467305E-005
   1.1276685042454996E-004
   6.9034760299871499E-005
   9.0409675181430020E-005
   8.0088151305052508E-005
   7.8572431137255324E-005
   1.0684928221371481E-004
   9.1805941085211515E-005
   1.1281079355866846E-004
   9.8485710028918950E-005
   1.0350362017134799E-004
   7.8233234514076379E-005
   9.1634720353352581E-005
   7.3332529151100102E-005
   1.0639424387320341E-004
   7.0286414020164978E-005
   1.0872138967158779E-004
   5.3979882924466950E-005
   6.9124162408585411E-005
   6.1199907753015572E-005
   5.8787168223008899E-005
   8.4919271939640502E-005
   6.4679905953853056E-005
   7.6864879778340133E-005
   5.6374051478262434E-005
   5.7168637126780315E-005
   8.0876061542623661E-005
   1.2257266188089836E-004
   7.1263575989741958E-005
   7.8199499087946360E-005
   9.5689660631476944E-005
   9.3077369313943986E-005
   8.2825195317601889E-005
   6.6080856147372903E-005
   7.0372519239081076E-005
   1.2566554147981453E-004
   7.8158085846124567E-005
   7.5987965079879350E-005
   9.0757768335901032E-005
   7.0999094770759805E-005
   6.6013326037643165E-005
   1.1259822469453252E-004
   9.2115660413412577E-005
   1.0161633470912149E-004
   9.1022890010871165E-005
   7.5398115897855670E-005
   8.9639685172705777E-005
   6.9692152247545188E-005
   5.3909513651893502E-005
   6.5785210898272039E-005
   9.2003896559031924E-005
   6.4917164588694943E-005
   1.2330612213732849E-004
   8.6769022047797773E-005
   8.6173936287134157E-005
   1.1291453723329137E-004
   6.4000024840010444E-005
   1.1371954565614169E-004
   7.2040090949508227E-005
   6.9114060336029646E-005
   1.1530935242152629E-004
   8.3471460056869581E-005
   6.9290265996139742E-005
   9.1601218955443775E-005
   7.7013047185583893E-005
   1.6209611430204575E-004
   8.3864188035749727E-005
   9.5179957532471679E-005
   1.1994443860327646E-004
   5.2958028277022275E-005
   5.1545026681358215E-005
   8.7441825534806617E-005
   8.1602543769963623E-005
   1.0813237800943076E-004
   8.3137999951761043E-005
   9.2231999197710254E-005
   9.9632468076360004E-005
   1.0619183708851759E-004
   7.4077938056696789E-005
   5.8569782244385946E-005
   7.8771907137735583E-005
   1.1500611628580162E-004
   6.3084054705052711E-005
   1.0696442148543993E-004
   1.0461686992224668E-004
   6.7043672196010891E-005
   5.9751079460513877E-005
   5.8104008629733550E-005
   1.0217531908213669E-004
   6.8128796624509599E-005
   8.7296139694176134E-005
   1.3134455958728646E-004
   8.1514614225077869E-005
   1.2215006049715393E-004
   5.6021132318415981E-005
   1.0612185552823397E-004
   1.0798403220664814E-004
   1.6671573615881360E-004
   1.1101549507574580E-004
   9.4846583418461484E-005
   5.4539055398591578E-005
   1.3165397891476055E-004
   7.6279292243670445E-005
   7.5372730093939484E-005
   1.0642789495471567E-004
   1.3346966512205270E-004
   9.9118859758523580E-005
   8.0995737617330232E-005
   8.7544775996339900E-005
   5.8803310302742275E-005
   1.0384882306038945E-004
   6.5859558791168076E-005
   8.9830534886160333E-005
   1.5207475451118867E-004
   8.2512563034658134E-005
   1.2759590086320992E-004
   1.0404275653214218E-004
   1.0252996406810372E-004
   8.9002031060783149E-005
   7.1242768521937475E-005
   6.6365780493266485E-005
   8.1415988443806370E-005
   1.2069512721711984E-004
   6.5095469979703022E-005
   7.4925610827260143E-005
   1.5642720282498177E-004
   8.4493074219357947E-005
   1.1380333255032740E-004
   1.4803669363670180E-004
   7.5350818467281324E-005
   1.1190669100943077E-004
   1.4655530016912299E-004
   7.3050645950831818E-005
   6.1793901076241342E-005
   4.5608325866229862E-005
   8.7688977116538199E-005
   5.8174041391436769E-005
   7.5386029693518992E-005
   9.7395955520821563E-005
   5.9501343032485072E-005
   7.9423549778454494E-005
   7.4840338904935130E-005
   6.4857899163511503E-005
   7.4708309285307438E-005
   7.8141056868884028E-005
   1.0033752763032186E-004
   7.3630372501877825E-005
   6.6582210741699869E-005
   8.4211010966664965E-005
   6.4957940219044394E-005
   1.0432153098841759E-004
   1.0352529784553412E-004
   9.9726129976778296E-005
   9.6004121630735836E-005
   7.6463155419122385E-005
   6.6108461895165898E-005
   8.6224571921082047E-005
   9.4101637507618973E-005
   1.8611248334490029E-004
   1.2206448576057529E-004
   1.1522350660828805E-004
   9.7210291221379761E-005
   5.2592002781090436E-005
   7.8603032534609073E-005
   7.9373124265117104E-005
   1.6880307048968297E-004
   8.6624182148321616E-005
   5.9197376191938551E-005
   7.4954162970227727E-005
   6.5191657627894367E-005
   7.3741901141703952E-005
   1.0564688375208762E-004
   1.0241235012368437E-004
   7.4783949081152636E-005
   7.5824805583857269E-005
   7.4571288102595113E-005
   8.1748297472829454E-005
   1.0141234310832464E-004
   7.7599427796774445E-005
   1.2623389323355256E-004
   7.2939257165202735E-005
   8.2148469525325358E-005
   6.2836048307707043E-005
   1.4116908921255479E-004
   8.6272711923353741E-005
   1.0038983192243913E-004
   6.0336923530658076E-005
   1.0233056193440700E-004
   1.0077721901659608E-004
   1.3638230961576399E-004
   8.2334831948916240E-005
   1.0792019616410912E-004
   7.6775561331529038E-005
   7.0804909209334999E-005
   6.8698242767086231E-005
   9.3112345298867121E-005
   6.1656772797968163E-005
   1.5130121405813302E-004
