   1.2328502342201565E-004
   4.6668840557841085E-005
   5.2686811222474784E-005
   1.2452660426943559E-004
   1.1367273121695311E-004
   6.4009060544119539E-005
   8.7368736295373637E-005
   6.5788548400783309E-005
   8.5643317006086400E-005
   9.8135433993268279E-005
   1.1236461075073373E-004
   1.2071935633853814E-004
   8.8762745433332684E-005
   6.9906678791182989E-005
   7.0907524110066725E-005
   7.0800883944657772E-005
   5.6542533325406199E-005
   8.6484796532997459E-005
   1.5207509167198716E-004
   5.2291259071973358E-005
   1.4151555765303450E-004
   9.1444855029679519E-005
   9.1580069846182617E-005
   9.9004218869795541E-005
   6.1581210643349557E-005
   7.7195361997863104E-005
   2.0409390353542497E-004
   9.3355451798860059E-005
   6.5478202992664262E-005
   6.5094887107817039E-005
   1.4426689081667142E-004
   9.8913775585823585E-005
   6.8967096988950988E-005
   7.9148702121317231E-005
   9.6953592142166075E-005
   9.0311664645406037E-005
   8.0482739146849215E-005
   7.9355938818547237E-005
   5.5895535407783226E-005
   4.7216196259662578E-005
   6.3234611989143076E-005
   1.1945789048137498E-004
   1.6511825643534498E-004
   8.8532120716558113E-005
   1.0175379010319050E-004
   1.1448417848165431E-004
   9.7927634711170462E-005
   1.3188050267044115E-004
   1.0603111104482851E-004
   5.5593771334981192E-005
   4.4539201127224035E-005
   6.7009735457104365E-005
   7.1612427235363276E-005
   9.5449313240281926E-005
   9.7929925611471195E-005
   4.9761794525321931E-005
   5.9404220971739397E-005
   1.1067251755811355E-004
   1.6500618491879288E-004
   9.1496725664803183E-005
   7.9517881792264266E-005
   1.0269010619059981E-004
   5.5632183477959278E-005
   4.8968694288558126E-005
   6.8699518207283983E-005
   7.3178617259810020E-005
   9.4390106586349077E-005
   7.4203628197209604E-005
   6.3263735068206560E-005
   7.7496715097616001E-005
   1.0069102853173558E-004
   6.9348656644365727E-005
   7.0539375969568842E-005
   1.2025703917977231E-004
   1.7606028613947634E-004
   8.8295058811520887E-005
   1.2411741435855127E-004
   1.1442332224645008E-004
   8.0418252247914534E-005
   1.1852655578737833E-004
   1.0635233638442548E-004
   6.1589835104031957E-005
   1.2776631414936006E-004
   8.8380997970464667E-005
   7.7053426963918020E-005
   8.6589424980022860E-005
   1.0260372599184270E-004
   8.3471904382619304E-005
   5.9996094887095359E-005
   5.1673126789479128E-005
   8.1980042685778968E-005
   6.2923875092438136E-005
   5.7739142806187303E-005
   6.6215951738913037E-005
   1.0888257949710401E-004
   6.9388847581099294E-005
   1.0708905485458685E-004
   1.0661846930737260E-004
   1.0550868698767342E-004
   1.0063300950668854E-004
   9.2800504404389397E-005
   5.2713274178734236E-005
   7.0824186002166196E-005
   9.0098048824442106E-005
   5.8525220770810717E-005
   9.1668819912290193E-005
   1.3678614420647417E-004
   6.8437200841536702E-005
   1.2160487980666616E-004
   8.1315144862300856E-005
   1.7399817171627298E-004
   9.2998069794516595E-005
   6.9978011401490347E-005
   7.8136356506709718E-005
   1.0829993602622756E-004
   6.1470162901725644E-005
   7.3706619237202099E-005
   1.0105488578663905E-004
   7.3439583919084322E-005
   9.6142167636142979E-005
   9.1319681385482310E-005
   1.0856357509771673E-004
   1.1531318358854458E-004
   5.7264515485359306E-005
   7.5908258669546373E-005
   1.0259444811287650E-004
   8.2307700679593566E-005
   7.2537616743576674E-005
   7.7104487854700525E-005
   1.4035246566852073E-004
   7.6558692383294627E-005
   8.2156453767046240E-005
   6.7213653015789210E-005
   7.8340673611031740E-005
   9.8597448921591136E-005
   1.2530138933015636E-004
   9.7701944087976678E-005
   8.2505400300578652E-005
   1.0886966747913464E-004
   5.2808181604716081E-005
   7.7894338184075873E-005
   1.4364087855767583E-004
   1.0260048927442255E-004
   1.2893723997538025E-004
   7.1165910539269906E-005
   7.0934358926985541E-005
   8.8283662629138850E-005
   1.2381172224033198E-004
   7.0277654883877627E-005
   6.7233141224181151E-005
   9.2798499141585230E-005
   5.6394417197519928E-005
   9.6703347289564618E-005
   7.5363990611344788E-005
   4.6818745800696616E-005
   7.2138462485926610E-005
   9.8881040949417228E-005
   7.6439935550730816E-005
   2.0468344582937222E-004
   1.4536668694413525E-004
   7.7600459785662101E-005
   5.2634012965425721E-005
   7.8870383071004085E-005
   5.9322423569362675E-005
   8.1831204437895808E-005
   1.0877373640221573E-004
   1.0220018804905681E-004
   8.6172955870587761E-005
   8.7982281787263810E-005
   9.7121650826760425E-005
   8.6184980234033659E-005
   5.8135029991367894E-005
   6.9478695344561079E-005
   9.9782145359201388E-005
   6.0217877528049937E-005
   9.1089418413928811E-005
   5.2485034893480164E-005
   7.1399983183697297E-005
   1.0259884289542801E-004
   9.2101155502172870E-005
   1.0662002364741239E-004
   7.6847748308253908E-005
   1.0649350112065319E-004
   8.4135496635064203E-005
   7.7269458001133040E-005
   1.3200882027935434E-004
   8.9731570678073345E-005
   8.9607283152009554E-005
   7.8866742941418049E-005
   5.1896821009935830E-005
   1.0732461161507394E-004
   1.0848857914688135E-004
   5.7638871147907316E-005
   7.6256930903892379E-005
   7.6820726964916256E-005
   8.1671201764350518E-005
   8.5915233876096976E-005
   8.7434334958668553E-005
   6.2940552108251780E-005
   8.2320059564952076E-005
   1.1381202398940577E-004
   1.1725673052507091E-004
   1.2465378966987787E-004
   7.9440595641756131E-005
   8.1919597507495751E-005
   8.8030215904095691E-005
   8.6216137003417660E-005
   1.0504115268052870E-004
   7.7686179339247894E-005
   6.5249925023922598E-005
   1.1986207374126028E-004
   1.3521824107442907E-004
   7.4915315428279318E-005
   1.2482106629244189E-004
   1.1510267876716763E-004
   1.1306070792171932E-004
   5.8291362481797794E-005
   7.7378451223136089E-005
   6.8031922421084488E-005
   5.1644285623801346E-005
   1.5905702093347025E-004
   9.4832047081246795E-005
   8.6271295073156760E-005
   8.0952762967032821E-005
   6.8864236159038448E-005
   5.7979489434799094E-005
   6.7306687905916850E-005
   1.9692623604459345E-004
   8.9301354798877673E-005
   1.3538011981881109E-004
   9.5568049584349393E-005
   1.3454109972095907E-004
   9.6042876435034830E-005
   9.5561267456195593E-005
   1.1759960571512095E-004
   1.1244893657421202E-004
   7.7645500291368641E-005
   9.9120905567046751E-005
   1.2032201285769722E-004
   1.0956641712278693E-004
   8.4004956517592309E-005
   6.9166913176737293E-005
   8.4872486589431044E-005
   9.6013243101640859E-005
   8.8836203101928899E-005
   7.2574273021690027E-005
   9.2075516756777318E-005
   1.8231676737187350E-004
   6.8822000748141322E-005
   7.1102674334830784E-005
   1.1353712923715190E-004
   7.3406968041857024E-005
   1.4026519673670612E-004
   5.2958498324373984E-005
   8.2935597488259814E-005
   9.8746348509526962E-005
   7.8681075997219220E-005
   8.0597751385725491E-005
   7.1031627898530321E-005
   9.4330998043244525E-005
   7.9404425778222359E-005
   1.4522490667270326E-004
   9.0389390462172121E-005
   7.3471268318729623E-005
   7.5355470404067965E-005
   4.9610890537605126E-005
   8.5470027178526133E-005
   1.0717745479486443E-004
   1.0214597872141036E-004
   7.1577841851812378E-005
   1.0877937216122836E-004
   7.8792860182268906E-005
   7.1367738138212848E-005
   1.8021586361061307E-004
   6.4582774404847308E-005
   9.4264834844113495E-005
   7.2253148283856237E-005
   9.1820715756770719E-005
   7.6457855410876847E-005
   8.1143630594675468E-005
   1.0033739556947332E-004
   1.0577588594689990E-004
   9.7773170076529941E-005
   7.3755036598204489E-005
   1.0948626391306123E-004
   6.5289387830698604E-005
   6.4153289285494546E-005
   1.0785390176834352E-004
   7.5780543702782675E-005
   1.3090100428938178E-004
   8.0048455858992241E-005
   1.3036331385449213E-004
   1.1948774998423844E-004
   5.1289094323081236E-005
   9.0104038559152253E-005
   6.9364472458871906E-005
   7.3128401108066014E-005
   6.9289662049888741E-005
   8.8349999517858620E-005
   7.0517703596907180E-005
   9.1918590627753014E-005
   8.0869765041459573E-005
   1.0092465678098361E-004
   9.0549752670992267E-005
   7.7347136986721638E-005
   8.3945020518230300E-005
   7.9310766831923208E-005
   1.4606975180432049E-004
   1.0057888317942593E-004
   1.0895695986193453E-004
   9.0223774560007936E-005
   5.5493729954742605E-005
   8.3488442603128462E-005
   8.7162635824790892E-005
   1.3933658391099136E-004
   9.3874286590354505E-005
   9.2079860236936965E-005
   8.3369764717043359E-005
   5.8662842418422274E-005
   7.1802095865237326E-005
   6.3181012375678421E-005
   5.5728243823564080E-005
   1.0613154272727010E-004
   9.2080860295551566E-005
   8.2727578031378509E-005
   9.7122663012279555E-005
   9.1804428475669080E-005
   6.1091469116369545E-005
   9.5308586208127263E-005
   1.0175654953148898E-004
   1.1161602206436644E-004
   1.2453676318365393E-004
   1.4561306442699478E-004
   6.8916368650551629E-005
   8.9266384698488297E-005
   8.1905717581472984E-005
   1.3178703456713080E-004
   1.7160527527324102E-004
   7.9366828258579559E-005
   8.8897365216741235E-005
   8.5205202707289127E-005
   6.6612645977669148E-005
   6.7677950707444419E-005
   1.8441863967915827E-004
   1.2218732231387698E-004
   1.0251793745377708E-004
   4.7049806748425859E-005
   7.6374578818769374E-005
   7.7447475894432672E-005
   1.1273001206696884E-004
   6.6145643905507037E-005
   9.4521244048550789E-005
   9.3854021857855843E-005
   7.0733813218226878E-005
   6.0412114826475358E-005
   6.4424072819694792E-005
   5.0637719753894421E-005
   7.2373838288670935E-005
   1.0423506800119488E-004
   1.0659926343031433E-004
   1.1758324748152578E-004
   8.2666552680005180E-005
   6.4363078089174999E-005
   1.1462635058871885E-004
   8.2084133649363449E-005
   1.0720547255130854E-004
   8.5281684609109405E-005
   2.7270882056022012E-004
   1.1038030634878283E-004
   1.4501721453920400E-004
   5.6870898203998438E-005
   8.0957116304321836E-005
   7.4572786586985505E-005
   1.1179592347941795E-004
   9.3372002584152930E-005
   1.1613187670290574E-004
   5.4732394883831740E-005
   8.0783539029310013E-005
   1.1773591367359866E-004
   6.0195154094675647E-005
   1.2670177518649497E-004
   7.2103705213638595E-005
   7.3357665007581658E-005
   6.6504006897073081E-005
   1.0938059184859163E-004
   7.6751921206637052E-005
   4.3196909060332325E-005
   1.0303756918896649E-004
   7.4580470239295861E-005
   1.1400390803157143E-004
   1.3114186861126712E-004
   9.2086386673919323E-005
   9.1472603327315659E-005
   5.4126048672421538E-005
   5.1025731215162015E-005
   6.1387589421935522E-005
   8.8655089770554011E-005
   8.6273098703682847E-005
   6.3412892987221273E-005
   8.1598169495688833E-005
   5.2431877286851915E-005
   9.0484674265978239E-005
   1.5486919376307934E-004
   9.1776141946971874E-005
   7.5740979018908629E-005
   1.3932256750431607E-004
   1.1730194108857413E-004
   4.9994323389019633E-005
   1.1615895637269781E-004
   7.6079700858993577E-005
   8.7240651015873898E-005
   9.4256979611478172E-005
   5.0998103134393917E-005
   7.5042830261808676E-005
   9.8012632969952652E-005
   6.0635623090385675E-005
   7.1753810008180866E-005
   1.0842270445854482E-004
   6.7531685230568536E-005
   6.6421222848615503E-005
   6.0676005257869925E-005
   9.9657302621333630E-005
   6.9296396156664095E-005
   8.4330378676020920E-005
   5.2823470390363744E-005
   7.3700988171482225E-005
   6.3838028139289829E-005
   8.5674350649805490E-005
   1.3771805443668289E-004
   7.9877740361072980E-005
   1.0298661263622294E-004
   9.0277462043363344E-005
   1.3524603316410064E-004
   7.9951838128041911E-005
   7.7136628443668606E-005
   9.6991649070907231E-005
   8.0560901989064983E-005
   7.6273554949058515E-005
   1.0718811794791012E-004
   8.6982297853412604E-005
   6.2884898974223462E-005
   1.1561689503903456E-004
   5.2198467023762047E-005
   1.0401949377275164E-004
   8.8074692389205172E-005
   5.8459327839753958E-005
   8.4769047597027435E-005
   7.1084630343461658E-005
   7.4705097231381187E-005
   1.6755100859795351E-004
   1.1612536738021722E-004
   1.1852935996259421E-004
   7.3660939559581690E-005
   7.7105103122470999E-005
   7.1357837546294852E-005
   8.2252165725903525E-005
   1.0359702420131243E-004
   8.3090721269381574E-005
   8.0808240836471632E-005
   7.8744766985158209E-005
   1.0581186942707998E-004
   6.0815796364721298E-005
   1.1645057453348003E-004
   1.0029559573704786E-004
   1.0453141237900707E-004
   7.0560540754773359E-005
   9.3137742660611312E-005
   1.0467736755832336E-004
   9.0034603170092715E-005
   5.1019022156810492E-005
   9.2583729028418245E-005
   6.4568592157807200E-005
   6.2590930839706620E-005
   4.5408360014562795E-005
   9.6254580990960098E-005
   7.5504111331199658E-005
   1.2835585940657263E-004
   7.5876107500684437E-005
   8.7240717619404680E-005
   8.1104128332264264E-005
   7.8699599897776081E-005
   7.4999075790547047E-005
   8.5489251283353779E-005
   8.3746306847238313E-005
   1.0375307746364888E-004
   8.0570863592844570E-005
   9.7166796887936224E-005
   6.8680769415159013E-005
   5.5961735523341752E-005
   1.4256553265488690E-004
   8.3002118069736323E-005
   6.6098066360723926E-005
   7.8584309432482138E-005
   7.0863651650754356E-005
   7.5172478175863507E-005
   5.6453971848793806E-005
   1.0932180101084161E-004
   1.1924150533457138E-004
   8.0307528843315116E-005
   9.5717279006832020E-005
   7.8415016394477193E-005
   5.7832642803806417E-005
   6.7032374875423406E-005
   9.1311118283676372E-005
   7.8485774269586357E-005
   5.9250738977603045E-005
   1.5643468918143417E-004
   9.3937566429753449E-005
   7.7034910377573560E-005
   8.6002008916164743E-005
   5.9650480936180793E-005
   1.1309432083636595E-004
   6.7222060223322261E-005
   7.0565649835995669E-005
   9.1438663409210515E-005
   5.3035938237932716E-005
   9.2355186788943992E-005
   7.7539535990396236E-005
   1.2489191328630663E-004
   7.5075137625740064E-005
   7.4310505860811408E-005
   7.6466463648112954E-005
   8.7704539086180561E-005
   8.4770693621880774E-005
   1.2902899363326697E-004
   1.0572737539483692E-004
   8.9870494021885715E-005
   1.0482038037776694E-004
   8.6148213243694528E-005
   8.0014301062645459E-005
   1.2768289321050301E-004
   1.3626990063124626E-004
   1.2694140961948174E-004
   8.8475055848256137E-005
   6.5707150959324291E-005
   1.0164208900704241E-004
   1.0423186622678427E-004
   6.8405485768071973E-005
   9.2215476328873762E-005
   1.1085020225685341E-004
   5.8577286788555982E-005
   6.8997935225664385E-005
   9.3600391575514240E-005
   8.1780745271250766E-005
   6.8631313195699099E-005
   8.7037509674258961E-005
   4.8587577697616267E-005
   7.9851518879903960E-005
   8.4128913761075328E-005
   7.1898561020183036E-005
   1.2942204490189855E-004
   6.4522244868790314E-005
   1.0955524059617068E-004
   4.8071049978853014E-005
   9.9961234404279624E-005
   5.0969057756794552E-005
   5.7442382942289176E-005
   9.4155147404201674E-005
   9.5600460558278573E-005
   1.3317792221067951E-004
   6.0824528126954989E-005
   8.5915797248388827E-005
   5.6226635452008003E-005
   8.5640077181071850E-005
   6.4517020541257760E-005
   1.4181886854245179E-004
   6.8023000227346119E-005
   1.6096276768589026E-004
   8.4940090961950452E-005
   5.7916302953977849E-005
   1.0563063825463532E-004
   9.3855787041305055E-005
   1.1017072432142194E-004
   1.4549763940127020E-004
   5.7934268440983334E-005
   1.3357641941229713E-004
   8.9547554359457144E-005
   5.7048205969612534E-005
   1.7094500890918807E-004
   5.7888102449174536E-005
   7.2075540625697737E-005
   6.5542848997003820E-005
   8.6863425228050889E-005
   5.0851925002738832E-005
   1.1708884544699116E-004
   8.4660078190115142E-005
   8.3188328122254252E-005
   8.6661231924426335E-005
   8.4266194728428433E-005
   1.0027107050304218E-004
   8.9555333985044176E-005
   1.0832483491399379E-004
   9.9266106435009319E-005
   8.7557079251459496E-005
   7.6746162010442280E-005
   6.8403564230093192E-005
   8.3874400819177508E-005
   8.1212931117591349E-005
   1.2273455392742972E-004
   9.8320256398211995E-005
   5.3868239100471274E-005
   7.3548922330423904E-005
   9.0625847657761739E-005
   8.9789993814406004E-005
   1.1960930542240819E-004
   8.4805288178418003E-005
   1.0203884849832758E-004
   9.3932056135084179E-005
   7.7953907001896065E-005
   1.6867183429003941E-004
   7.0706102258558063E-005
   1.0134652678917566E-004
   7.4872116819321791E-005
   6.8741275583082936E-005
   1.0643731866451789E-004
   7.0785319733350440E-005
   5.4067691750462924E-005
   5.8671931988159771E-005
   1.6622317323650583E-004
   7.4546994632885034E-005
   8.5410769028744301E-005
   8.1359878310367312E-005
   6.9939667202736577E-005
   6.2097108123549541E-005
   7.9504707568390397E-005
   7.2560956205795462E-005
   9.8550187243880947E-005
   1.1923449413462669E-004
   7.8982314183185406E-005
   6.3482127253722547E-005
   7.1974221668081188E-005
   7.4176638382402932E-005
   6.0596519082351952E-005
   9.2203821297247562E-005
   7.7973910328779867E-005
   7.3707312795471874E-005
   1.5164161552498650E-004
   7.4171160691469129E-005
   1.2621053352931968E-004
   7.2453941194131345E-005
   9.9638629468350447E-005
   5.4079219453051002E-005
   8.8859790370473602E-005
   1.0926666723503996E-004
   1.0042613499371119E-004
   5.8228027257858953E-005
   1.1423383469658074E-004
   1.0470273497758360E-004
   9.6813371257535005E-005
   5.0248871002682242E-005
   7.7947279966812351E-005
   9.6889442688639544E-005
   1.0260863472231752E-004
   8.6365420142316775E-005
   6.4516450044011623E-005
   7.5122860235029087E-005
   1.9551658006561673E-004
   5.2950738308111072E-005
   4.3741544922779378E-005
   8.3837612900978143E-005
   9.1209169984354392E-005
   5.5498908274235699E-005
   6.7827863585032518E-005
   6.8561489969711976E-005
   8.1675749212531783E-005
   7.4969224566474391E-005
   8.0661006382392355E-005
   7.8541648409452235E-005
   1.2390744746640755E-004
   1.0488846121517280E-004
   8.6655143514204402E-005
   9.9187594416320850E-005
   9.8141239401833014E-005
   7.5731088608555928E-005
   7.3658589261017888E-005
   1.5887275053554450E-004
   6.3887991011684126E-005
   9.2864594720004496E-005
   8.0872729349088578E-005
   1.2246626920278447E-004
   8.2316935157571839E-005
   7.8157824522804813E-005
   6.9752188646853258E-005
   1.1336621183763424E-004
   6.7107563094228546E-005
   6.9891950636756297E-005
   1.1360748425025643E-004
   1.1161924710856152E-004
   6.6481965287154451E-005
   1.0792966180104969E-004
   9.2068653806241975E-005
   8.0014266051147879E-005
   1.1957541502669664E-004
   5.3879496555251307E-005
   9.9145303203300751E-005
   8.2501818926523384E-005
   1.4887443039500670E-004
   8.2597569118453667E-005
   8.9371321679921397E-005
   6.0773434043344366E-005
   8.4771439413641397E-005
   9.5548681008015334E-005
   6.5083045008712496E-005
   1.0782165663110994E-004
   8.0986884455976421E-005
   7.3831264694999960E-005
   9.8925484931007004E-005
   8.8110687162007615E-005
   8.0921651217646302E-005
   8.2343382359159275E-005
   1.0803625017421147E-004
   7.1989611869845743E-005
   9.2643996983326856E-005
   6.9047822408460023E-005
   5.6590055321956352E-005
   5.6624637946665788E-005
   7.8483080198416295E-005
   6.7017990533532854E-005
   7.3233383853616463E-005
   7.0833489649004317E-005
   8.9379265310890403E-005
   7.7771019679578955E-005
   7.1663484775018557E-005
   7.4132563278635189E-005
   9.9711510308607879E-005
   9.0508122038233138E-005
   5.5010942972813153E-005
   6.2408585481940208E-005
   7.7242711908886039E-005
   1.1258233790693175E-004
   5.9215539827545073E-005
   7.6003439296281328E-005
   1.3844045691221481E-004
   7.8139697981026443E-005
   5.6547965227424320E-005
   1.2917943657744121E-004
   6.1985384440525838E-005
   1.0266922525835686E-004
   1.5112350871712140E-004
   1.1861919696005938E-004
   2.1418856831177869E-004
   7.9363807864157615E-005
   8.0325171853503000E-005
   1.6534036362800164E-004
   1.0998674640583121E-004
   7.6017024394119456E-005
   6.9568564875585918E-005
   7.3699997221898347E-005
   7.7044541794550050E-005
   1.0499127724818305E-004
   1.3791295656762894E-004
   8.1560103184279180E-005
   1.1122206059149954E-004
   1.1355033972379245E-004
   8.6172351975350627E-005
   1.2349721827011203E-004
   7.4214672798164773E-005
   5.1061431279053883E-005
   7.0151067006212969E-005
   6.7897278443456027E-005
   7.8169699419618159E-005
   1.0094320042550334E-004
   9.8574720952286784E-005
   6.6031856701118268E-005
   1.0615490664018003E-004
   1.1461272900380176E-004
   8.5456464727526606E-005
   1.2891163243415339E-004
   9.4605040626852624E-005
   8.6397601350037643E-005
   6.6689802818154564E-005
   8.9537080295940964E-005
   7.6830840587952876E-005
   1.0558212981623962E-004
   6.2976408038249796E-005
   1.3960104936603729E-004
   7.0416468686625573E-005
   1.0002659173105613E-004
   1.4581261132905174E-004
   6.0164281901225015E-005
   7.8698384229595200E-005
   9.4258002986925138E-005
   9.2327518274158113E-005
   5.9277784702000483E-005
   8.0915129305023456E-005
   7.1731889929728821E-005
   8.8092229106472044E-005
   9.6922573728027805E-005
   1.0345240318088611E-004
   1.0177934911141197E-004
   8.0194958227559351E-005
   8.4784428000912469E-005
   9.3495679231111594E-005
   9.4454137580025999E-005
   6.7611536223459827E-005
   7.0656940194232563E-005
   6.1198725225561251E-005
   6.5184236457157461E-005
   6.3164479181915590E-005
   5.8318259991867959E-005
   6.1677942873826621E-005
   1.6486208951901817E-004
   9.3789159099119817E-005
   1.1944013555604676E-004
   8.1853714335324823E-005
   8.6536061699845008E-005
   7.8569398158178004E-005
   1.0021210506931635E-004
   5.0343758014803733E-005
   4.6317542743983766E-005
   6.0478602348533281E-005
   5.9348642735128170E-005
   7.6626083179950267E-005
   8.6736498018353855E-005
   7.7137235552032744E-005
   6.7520390536205944E-005
   1.5703290859245806E-004
   9.7113069258371841E-005
   6.9812622687248865E-005
   6.8585787812896592E-005
   7.2727837168623090E-005
   8.3485894467358340E-005
   8.1155064482090855E-005
   1.2938614057022541E-004
   9.7692663062216826E-005
   6.2486906197436139E-005
   7.2766591895236831E-005
   9.4184376961211518E-005
   9.7937726276875155E-005
   6.8080374506852815E-005
   1.0709150569827908E-004
   6.0093671064674080E-005
   8.6881806364053177E-005
   6.2564095913163878E-005
   1.0065498450539590E-004
   1.0450387708474407E-004
   1.3895536859908242E-004
   6.6333889707565437E-005
   1.0494738970948725E-004
   9.8014210729523336E-005
   9.6516222655418512E-005
   8.9207728956797853E-005
   7.6238998714026258E-005
   6.0760324121675857E-005
   7.9023638884945767E-005
   7.5518154800207881E-005
   1.0051049154393156E-004
   9.6303327744927744E-005
   8.0617633453897481E-005
   1.4288916836206604E-004
   6.7089736843629929E-005
   1.3204902942837371E-004
   6.9301742200596602E-005
   1.2929056933000003E-004
   8.4383433138555684E-005
   5.6771230165276909E-005
   1.0130908109645739E-004
   1.1103699382632896E-004
   1.0767571811533808E-004
   9.8248744739165897E-005
   6.8825676618456433E-005
   7.0762190919247884E-005
   7.6047611118605250E-005
   1.1766215941223812E-004
   1.2938739454105289E-004
   7.0095012423691808E-005
   7.3043931146498040E-005
   7.7852715228575814E-005
   6.3356224220693981E-005
   8.8342101367308701E-005
   4.5623039631659486E-005
   6.6785177853648318E-005
   9.7731438848653438E-005
   1.0509783685687731E-004
   1.1836258002707551E-004
   4.7757744693599704E-005
   1.7001235194104647E-004
   1.0267303571177757E-004
   5.6812470366819358E-005
   1.1451254482102127E-004
   6.7752373529816342E-005
   7.8828231831235142E-005
   7.6735003514651545E-005
   6.3068704557485162E-005
   7.0426927622660454E-005
   1.1316561846681822E-004
   1.5863275515410987E-004
   9.5022569920000840E-005
   1.2790493866530537E-004
   8.5005448333930273E-005
   6.0133345580889427E-005
   6.2902135824518328E-005
   7.1852546142633697E-005
   6.5209393760307690E-005
   1.0384173573920151E-004
   5.9801567314131855E-005
   7.4931257214856718E-005
   1.0705517625554340E-004
   7.9259351913395757E-005
   5.5665664216424717E-005
   1.0073928860741204E-004
   7.7665512151152904E-005
   1.0383371741201919E-004
   1.3244046331713661E-004
   5.5471200291723573E-005
   6.8479453752101003E-005
   1.5180695502806706E-004
   4.1481924347400418E-005
   7.3336308986766936E-005
   5.7495863999941231E-005
   8.1763293322294225E-005
   6.3622847003622454E-005
   8.9449093733420104E-005
   8.8101441221456563E-005
   1.0572196866435321E-004
   5.6163569562627121E-005
   9.2624805772171235E-005
   5.9248436381810691E-005
   6.2375677295455721E-005
   6.7510029256913267E-005
   5.2299648144658158E-005
   8.4714545677536552E-005
   5.7911604545900816E-005
   6.5359583250034135E-005
   7.5330223464341621E-005
   7.4560532497048115E-005
   6.3146919493055502E-005
   9.2493832195457033E-005
   1.0030751422792318E-004
   6.1323199354285842E-005
   5.8173460884755504E-005
   6.6671090501574983E-005
   5.9884484457704663E-005
   6.5662324499881524E-005
   5.7820241077206245E-005
   7.4280231214641007E-005
   8.6635282445707312E-005
   8.0126953375580519E-005
   5.2942218307859151E-005
   6.3090135051942130E-005
   9.6808435377848952E-005
   1.1638097814000493E-004
   5.9222403337355563E-005
   6.1562182644032430E-005
   1.0727524750055235E-004
   8.5915822859745572E-005
   1.0491256416672462E-004
   7.8306957339473949E-005
   7.2746501068796614E-005
   8.7703358475525601E-005
   1.1392079384083239E-004
   1.1277815648793955E-004
   9.9304554767494702E-005
   7.4205922114247168E-005
   6.6919265746798672E-005
   8.2571577443426252E-005
   1.5757487731108018E-004
   1.0852570122464201E-004
   5.8690025930970040E-005
   7.1206927170780455E-005
   8.1115196274222256E-005
   9.4361313228796294E-005
   7.1515729586403494E-005
   6.1305862845479551E-005
   6.9848311486789594E-005
   5.3967082093133493E-005
   8.1528421858354940E-005
   1.2441221160140330E-004
   1.1194047510161227E-004
   8.4667891059108207E-005
   9.9962064935005509E-005
   6.2506593033691328E-005
   6.4519552537418417E-005
   1.0536416320307944E-004
   6.9191257744124799E-005
   7.2976267261065859E-005
   8.3190793147712487E-005
   5.8108046857590128E-005
   1.1888020806776912E-004
   6.6072481631464285E-005
   7.5324190148509445E-005
   1.0652036466130998E-004
   1.4673054736458454E-004
   6.4725558529082591E-005
   9.6371065930272000E-005
   8.3734983970688682E-005
   8.4314153342216210E-005
   9.2610023017489007E-005
   8.9906686235957602E-005
   8.6012854282136692E-005
   9.5966563896814059E-005
   1.0494253960875889E-004
   1.3870613483609029E-004
   5.2029528947372908E-005
   9.6642460472885503E-005
   8.9397180912069069E-005
   1.3273298240537763E-004
   1.0241851931390639E-004
   7.3094400416429738E-005
   1.3431273533037622E-004
   1.0491216758647382E-004
   1.7557880615387390E-004
   6.7019972949058210E-005
   7.3857772564200243E-005
   7.4968015191708085E-005
   1.3749258715312261E-004
   8.3113195077610819E-005
   7.2037193748300106E-005
   6.4170407690461540E-005
   7.0912085260186323E-005
   7.0000351231933248E-005
   7.2922249900070097E-005
   1.2500332776504570E-004
   1.0451274304666621E-004
   8.4206870966699031E-005
   7.0754253227529719E-005
   6.0574026062599893E-005
   6.5300034343002212E-005
   6.7971374521393557E-005
   5.3307284252395578E-005
   8.9290367936030121E-005
   9.0286376444212197E-005
   7.1167278052859550E-005
   5.5290239308001984E-005
   5.9441250591950472E-005
   1.2871480372411172E-004
   7.2173427493914442E-005
   7.3030214437766328E-005
   9.5836051450786321E-005
   6.2759606346096162E-005
   9.6231550676873385E-005
   6.6767853414493296E-005
   8.1344090216676061E-005
   8.2505119254500667E-005
   8.3623335019348399E-005
   1.0751523891878995E-004
   1.0030954809066966E-004
   7.9398717184189492E-005
   1.4095143023740275E-004
   5.8720686443402920E-005
   6.3351624115950107E-005
   5.7213710593101860E-005
   8.8808483409457450E-005
   8.5553004822015900E-005
   6.4568821184200672E-005
   5.6393135219418765E-005
   6.8739743401906542E-005
   9.4177215555114234E-005
   1.5926221761726586E-004
   1.1627376458005910E-004
   1.4022525233920680E-004
   6.8071601432857949E-005
   5.1734855421040185E-005
   1.3956861616658614E-004
   7.7995256189692332E-005
   7.1165634010097922E-005
   1.4446268179077351E-004
   1.0351919299850233E-004
   7.8973703238406314E-005
   7.4244349508618542E-005
   9.8970305140821976E-005
   5.0342208304774092E-005
   9.3754566269714317E-005
   8.6829820877812520E-005
   6.0872547660774501E-005
   7.3271400034179973E-005
   7.2140294098324616E-005
   1.0231854846034325E-004
   9.5246058953420368E-005
   8.6799698179420860E-005
   8.0562967884439498E-005
   8.2628964459430961E-005
   8.3049029352967360E-005
   6.1267220295092194E-005
   6.8948952302873837E-005
   7.2615691646026823E-005
   1.2518527300800882E-004
   8.6620430568747493E-005
   6.2076845712832128E-005
   6.4361781232117194E-005
   1.0960986146592659E-004
   6.0510315590495606E-005
   7.5277670010801443E-005
   6.0319288388910723E-005
   8.1040770782748997E-005
   1.1418219219301976E-004
   8.0835177252834854E-005
   7.0792440855100278E-005
   7.4775701701337716E-005
   1.2172091793780211E-004
   9.1667070710949156E-005
   6.2566104147377419E-005
   9.5967464999818759E-005
   6.5046117033198820E-005
   1.4579067483286171E-004
   7.7503305094881914E-005
   5.8601689242872395E-005
   7.7015849649620483E-005
   8.7134453472789223E-005
   6.9794185653731147E-005
   7.6997212399044297E-005
   9.4440903312723352E-005
   5.8905677118989635E-005
   7.9599774685293367E-005
   1.4557580527679021E-004
   6.1775112005434777E-005
   6.9586284814901109E-005
   6.8430362199062593E-005
   9.5727437542923849E-005
   1.5379246266157350E-004
   1.1065176671393329E-004
   6.1350172997085502E-005
   5.1894187548013274E-005
   1.5566402696158866E-004
   8.5770124994925299E-005
   1.7212129287476086E-004
   7.1925017674428436E-005
   8.8947362880671395E-005
   9.7412172519033383E-005
   9.6181333668609120E-005
   1.4949636439387704E-004
   7.6583747269726114E-005
   8.4464568586470817E-005
   3.9816046920262746E-005
   7.0022219899800695E-005
   6.5544305559082886E-005
   7.8625171092456365E-005
   8.0132823351102708E-005
   7.7708110082306723E-005
   9.1733655486896137E-005
   9.8518526543733142E-005
   7.2172211454833108E-005
   7.0847938653602539E-005
   5.3724770378206454E-005
   7.9435889399732682E-005
   1.4835328471238517E-004
   1.5127414180639561E-004
   9.6820116284583238E-005
   1.1459578465751497E-004
   6.5365650004081438E-005
   9.1801875376913328E-005
   8.2415048983678363E-005
   1.1317453527478786E-004
   9.8886304512644065E-005
   6.6141507356198397E-005
   6.6595806749068803E-005
   6.1192650798477045E-005
   1.8478637464660572E-004
   7.4932261953279211E-005
   1.3689660113490210E-004
   1.2323880673947231E-004
   1.0127509871511134E-004
   7.7943733577300815E-005
   1.2491385551134055E-004
   6.2844883301955962E-005
   8.2265759777654053E-005
   1.0903801755943735E-004
   6.8922045701131127E-005
   1.0991250163946560E-004
   9.4509160502960422E-005
   1.0606275312521391E-004
   7.5343935485670523E-005
   7.0343893128053990E-005
   5.1912905862262331E-005
   5.4065594027652078E-005
   8.0805681907087203E-005
   8.5098832506932631E-005
   6.2717266498973689E-005
   8.6426672672485166E-005
   1.0209944327218840E-004
   1.0878567269181001E-004
   1.1919422164020850E-004
   6.2045556527557023E-005
   5.7300428969884744E-005
   6.2765317243113777E-005
   7.7523623079744439E-005
   1.4125145566961338E-004
   7.5478174892860256E-005
   1.4268224561084054E-004
   1.2386991194172122E-004
   7.1962521381682402E-005
   7.7263623820671303E-005
   1.5144306563711724E-004
   8.6545995265842633E-005
   8.5429758870064781E-005
   5.4053644107830520E-005
   1.0076025992333892E-004
   7.7017267999086178E-005
   1.2812230649980659E-004
   5.9628041460723884E-005
   1.0549085291864886E-004
   4.8095507212505807E-005
   7.9029070470899453E-005
   6.0131004772455079E-005
   7.1882013316286822E-005
   1.0446543652517935E-004
   8.1830089698068276E-005
   6.3103035638034484E-005
   7.1280867754624241E-005
   6.7961348281133665E-005
   9.6966740998560356E-005
   9.9877388618503730E-005
   9.0689962934986304E-005
   9.1584473575941275E-005
   1.8182101704595580E-004
   8.7354839914260434E-005
   1.4724580633396079E-004
   1.0866161559402543E-004
   9.5966463406144237E-005
   7.7029634096174830E-005
   2.0707668378613405E-004
   1.3907343796067882E-004
   9.3580986625349909E-005
   7.9511268284992683E-005
   1.3558221048364050E-004
   5.1799452425891235E-005
   7.5941449197705708E-005
   7.3212275457953163E-005
   6.7642378440360294E-005
   7.6817101328038049E-005
   7.9586620928158791E-005
   9.8758083639561238E-005
   3.9376601625573867E-005
   1.2231873931648569E-004
   4.9275556941674398E-005
   1.8184378016657468E-004
   1.0620932276262194E-004
   1.5923444247512952E-004
   6.1071580865288525E-005
   1.0660132224174374E-004
   1.1430032482839663E-004
   8.7408707530141978E-005
   7.4368753726653726E-005
   9.3823286448147170E-005
   5.7354231633864982E-005
   1.0412592657298970E-004
   1.2765673533799755E-004
   1.0814830999748093E-004
   1.0027700739324795E-004
   7.7832647494936597E-005
   5.8660657731377613E-005
   8.1528144533685065E-005
   6.8169678743959858E-005
   1.0256125105382124E-004
   9.0156688641502989E-005
   9.1473283130580907E-005
   8.1800656321393659E-005
   7.5015897942015488E-005
   1.0407369656656839E-004
   6.2325243640918906E-005
   8.1723885479997462E-005
   8.0818392374128100E-005
   7.8738918462834396E-005
   9.6009399679725034E-005
   8.4239532727785500E-005
   1.2814263652382676E-004
   9.9154223822175224E-005
   1.3607124654672168E-004
   8.1458858534028529E-005
   6.3990796398080148E-005
   1.4761590585377079E-004
   6.8736055358665921E-005
   9.5135203161104777E-005
   8.6897816749527526E-005
   1.0060134867713173E-004
   7.3991272026794093E-005
   4.4698627479922193E-005
   7.6184353699797479E-005
   1.4349254764436120E-004
   7.1201067338522302E-005
   1.0755855060750192E-004
   9.0299714479884189E-005
   1.0774845186317356E-004
   8.3565894899514440E-005
   7.3762404014464939E-005
   6.5042096142087691E-005
   9.0958376666192247E-005
   1.0112881685969271E-004
   1.1400833600122970E-004
   1.4046600337946907E-004
   9.8571824131602793E-005
   7.6735863747125557E-005
   7.8867572812779525E-005
   3.7988190241945755E-005
   1.1369327987911497E-004
   1.2188988998905592E-004
   7.7120624725285927E-005
   8.3029994020083456E-005
   7.0742449000043195E-005
   8.1319438651505336E-005
   1.1356542495204712E-004
   7.0916900774290834E-005
   7.4111327155279520E-005
   8.2042733896808340E-005
   1.3538007399042473E-004
   1.1038714063550010E-004
   8.9097585900364389E-005
   1.1875583844697074E-004
   5.5406215809804168E-005
   7.5553677917799018E-005
   1.0528208662180657E-004
   1.1674945496163391E-004
   1.1996943281651049E-004
   8.0111063112710092E-005
   9.5266631624741095E-005
   4.9094404579988639E-005
   7.1466238613794179E-005
   7.5662462009346655E-005
   8.6089178444079102E-005
   9.3235253919002684E-005
   1.7736587860404148E-004
   8.1115880825262905E-005
   9.2545383662789475E-005
   8.2638290842282743E-005
   7.8786240696941031E-005
   9.6403593772312275E-005
   7.6696651061659770E-005
   9.3414517906975414E-005
   1.5856435264202906E-004
   8.0424370477558992E-005
   8.2389969226388018E-005
   1.1291475017332756E-004
   1.2618934130369900E-004
   9.2395725328174068E-005
   8.4453484294275485E-005
   6.4153197599162233E-005
   6.0402837027467637E-005
   1.6483200791917262E-004
   1.1056027424918803E-004
   6.4234594544530939E-005
   6.5476811072631049E-005
   6.8888876050980085E-005
   1.1865255000538335E-004
   7.4802676153018049E-005
   6.6647577245267605E-005
   6.5060959026990407E-005
   9.0584345680497734E-005
   9.1164243416351999E-005
   7.5489764276979033E-005
   9.8362382007232302E-005
   9.0077407496013222E-005
   6.8198090454908944E-005
   4.8236752951256097E-005
   1.0029759582395276E-004
   1.5165603072959946E-004
   1.0802283871409143E-004
   8.5785287065337355E-005
   1.0588044652435273E-004
   7.1823499017024459E-005
   6.7451699134277599E-005
   6.0916280786078644E-005
   8.1602333993142058E-005
   1.0271368846647063E-004
   1.0908701157343340E-004
   1.4408986188657076E-004
   6.2181482809510789E-005
   8.2124300561469500E-005
   4.5606374502396762E-005
   2.0388144662935540E-004
   1.1841198337785618E-004
   5.5029207220977273E-005
   4.6738514384401493E-005
   1.0938025135055811E-004
   7.8417586191143442E-005
   5.0907828096063982E-005
   1.4826595650385989E-004
   7.4366228853891633E-005
   6.3613950628662190E-005
   5.2188229224922236E-005
   7.8157971247189557E-005
   9.1711369385547056E-005
   8.8006667473585488E-005
   1.0698443438282079E-004
   9.3582186654180406E-005
   6.7403059360972956E-005
   6.7402055243632398E-005
   7.8460243250962238E-005
   1.3169168993602877E-004
   9.0280656429562613E-005
   8.3190079020976159E-005
   1.0733367261497646E-004
   9.1864908940627286E-005
   7.0389788350132956E-005
   8.8216420959840808E-005
   5.3069259414693316E-005
   7.0949295504212965E-005
   5.6479111283270460E-005
   9.0223544035241248E-005
   7.5656986053229786E-005
   1.1275079491788593E-004
   6.3269463737892833E-005
   7.0300758942030221E-005
   8.6438240532957350E-005
   9.6895811368355586E-005
   8.8882731781500692E-005
   7.9106424929093958E-005
   6.7269442747053493E-005
   1.0648725113436679E-004
   5.6542850032593964E-005
   7.5700809139243628E-005
   9.6385423956719902E-005
   6.2252857387455818E-005
   1.5091442059363811E-004
   4.7075881029301217E-005
   6.7156255085366084E-005
   6.1723964049385316E-005
   8.8912006208510301E-005
   8.0958688928220251E-005
   8.9598841976932611E-005
   7.6301789764065181E-005
   6.8836038729822290E-005
   6.9256281135835859E-005
   9.8446999201910718E-005
   8.8159669820299521E-005
   2.1649535125152638E-004
   7.7524554941939811E-005
   1.9224879483989543E-004
   8.6680765466187089E-005
   1.1216854518305494E-004
   7.9671716462494140E-005
   6.6004496665100703E-005
   1.1665793982130363E-004
   1.0255634847860529E-004
   8.7212683113684398E-005
   7.7226631734723800E-005
   4.8215037343140561E-005
   6.1064964240708800E-005
   1.0744983725622183E-004
   1.1141276554493021E-004
   6.6843534056101639E-005
   7.4285003046683265E-005
   7.6014160583296099E-005
   1.0190147438073192E-004
   7.6995598023906007E-005
   7.7544335558038199E-005
   4.9999522317364002E-005
   6.5728808191087423E-005
   7.0673040180846097E-005
   5.8254405703011294E-005
   1.3445157485248571E-004
   6.4413430166172724E-005
   9.3518104296065580E-005
   1.5075968542138150E-004
   7.6301149084833481E-005
   1.3417762393934594E-004
   8.1169436860790376E-005
   8.5900440694962864E-005
   8.0495114694672861E-005
   1.0203022892670456E-004
   5.1079233036051790E-005
   5.2641410317266756E-005
   7.7089908043314443E-005
   4.8515702771758890E-005
   7.6870284832054374E-005
   7.9263795273488681E-005
   9.2285616604375768E-005
   7.1289791728694325E-005
   7.5561856699810597E-005
   1.1343210504480647E-004
   1.1706862543819261E-004
   6.0468398415052839E-005
   1.2451568853493006E-004
   8.8214020130860486E-005
   8.5704348545650029E-005
   6.3806236520221667E-005
   5.8576871835146729E-005
   6.7216007625978152E-005
   1.2538346965875537E-004
   1.0969093384948612E-004
   1.1569987086896854E-004
   9.7499938800863230E-005
   8.9048725309585320E-005
   6.4905903145224300E-005
   1.1222947048375548E-004
   1.1551074673146183E-004
   1.0306606642884792E-004
   6.7797901644526742E-005
   1.0378891760586826E-004
   1.3134028511909421E-004
   6.6365258775202132E-005
   1.0552119930195619E-004
   8.0192433393713462E-005
   1.1084957109588500E-004
   1.3023155550325892E-004
   9.3254001728667108E-005
   1.0429074263936117E-004
   1.0817852234118634E-004
   1.1167716535376198E-004
   1.1701989445923092E-004
   6.4731255811887556E-005
   1.3368848850907385E-004
   9.7370787448566989E-005
   6.4509134252139626E-005
   8.2810973604709415E-005
   8.7207078670901086E-005
   7.3487121462973505E-005
   8.7119739867068928E-005
   7.1449113859531503E-005
   8.9197249180818347E-005
   8.7436285801724824E-005
   2.2056298605684381E-004
   5.8140580510571019E-005
   5.8382615932378408E-005
   9.6642262723459620E-005
   5.6270000808951764E-005
   6.7627826896143810E-005
   8.3187406981595006E-005
   6.2455452447368536E-005
   5.5226620825329299E-005
   5.4419584621816820E-005
   5.5761495340555415E-005
   5.7640736788857685E-005
   1.0068888794960075E-004
   5.3788653217748163E-005
   8.5549171459175298E-005
   7.2532446476533346E-005
   9.2852218011628279E-005
   9.0148213689917518E-005
   1.5745868586149859E-004
   9.8619611733145461E-005
   9.7581374420565366E-005
   1.0281888010719002E-004
   8.9485354928128881E-005
   1.1664826077145564E-004
   7.3542684553413109E-005
   7.3098507574867469E-005
   6.3278032484353179E-005
   1.1077093062959072E-004
   9.7799684157280636E-005
   1.4209272749621355E-004
   8.5562778792933414E-005
   1.1116181339255215E-004
   6.9473706511249126E-005
   9.0576288507177521E-005
   7.9599459250184114E-005
   7.9263673122223952E-005
   1.0783818533337570E-004
   9.0463299190162463E-005
   1.1321849786165191E-004
   9.9296463617619846E-005
   1.0440421307458299E-004
   7.8889319938532844E-005
   9.2271031857218684E-005
   7.3081371488715644E-005
   1.0385873565605480E-004
   6.9498769531372548E-005
   1.0630574379684536E-004
   5.4313849769556764E-005
   6.9647751098785062E-005
   6.1740908062899127E-005
   5.9166943750054433E-005
   8.5422148051172094E-005
   6.4810006375217965E-005
   7.7485233676108107E-005
   5.6676414489801366E-005
   5.7586686605742538E-005
   8.1338082737816774E-005
   1.2356366351975017E-004
   7.1689345869201061E-005
   7.8686992730928642E-005
   9.6517999759734849E-005
   9.3439305223169030E-005
   8.3492102625828279E-005
   6.6541870884859425E-005
   7.0836234957346965E-005
   1.2595605270400914E-004
   7.7996346612623169E-005
   7.4975117171921518E-005
   8.9862280817534063E-005
   7.0841350107192784E-005
   6.6425479001149687E-005
   1.1341576879966679E-004
   9.2824796067683118E-005
   1.0235134819920234E-004
   8.9942626062123693E-005
   7.0931322104917434E-005
   9.0365524602765179E-005
   6.9943615330985903E-005
   5.4003527970290715E-005
   6.5869578939287368E-005
   9.2653708153102749E-005
   6.5379583169411441E-005
   1.2120576631909531E-004
   8.7444983715292518E-005
   8.6120505648534310E-005
   1.1374214941219725E-004
   6.4264835484464307E-005
   1.1467823958432203E-004
   7.2616424366412017E-005
   6.9601312388280052E-005
   1.1610122836452772E-004
   8.2424108614842688E-005
   6.9635945268949466E-005
   8.9368692740371186E-005
   7.7385253159183102E-005
   1.6354399499344955E-004
   8.3396587959691173E-005
   9.4382158185217643E-005
   1.1496967451198707E-004
   5.2910877970733252E-005
   5.1705953841255675E-005
   8.8205633065882919E-005
   8.2030934057718296E-005
   1.0904573169990929E-004
   8.3782993357667449E-005
   9.2700711716819408E-005
   1.0041998644558995E-004
   1.0668842591697381E-004
   7.4416960981120079E-005
   5.8952224401113184E-005
   7.9072179612763049E-005
   1.1566427863693043E-004
   5.5904540657147130E-005
   1.0742730888698560E-004
   1.0032100354030962E-004
   6.7554403011140706E-005
   6.0258201501844349E-005
   5.8556770696418800E-005
   1.0305850060203911E-004
   6.7577857154156999E-005
   8.7889647052325604E-005
   1.2967210358305216E-004
   8.2098686783074556E-005
   1.2320830450100585E-004
   5.6058873015610450E-005
   1.0672681810653714E-004
   1.0805666762538654E-004
   1.6817978161704931E-004
   1.1193182042479430E-004
   9.5670953547857628E-005
   5.4975303509808128E-005
   1.2564061873938858E-004
   7.6952774593389936E-005
   7.5815796512052026E-005
   1.0728576552448152E-004
   1.3459854627268498E-004
   9.9498772027927795E-005
   8.0168581717076970E-005
   8.8183954157902488E-005
   5.9183786847622939E-005
   1.0462128079958836E-004
   6.6328987292143011E-005
   9.0631953374844477E-005
   1.5324136820595802E-004
   8.2856827293178117E-005
   1.2643914993862909E-004
   1.0445580516198357E-004
   1.0337051181637956E-004
   8.9562655982045180E-005
   7.1792438589279335E-005
   6.6508896294247447E-005
   8.1848164372730548E-005
   1.2045973280364188E-004
   6.5345675696120426E-005
   7.5375224748883732E-005
   1.5140305786367656E-004
   8.4626737108748739E-005
   1.1432848365278093E-004
   1.4779158852482808E-004
   7.5948740434207733E-005
   1.1243178812874104E-004
   1.4752836290365923E-004
   7.2508126368365646E-005
   6.2007953612214345E-005
   4.5827235878413434E-005
   8.8141568307663429E-005
   5.8646734432204777E-005
   7.5865725412483276E-005
   9.8075634710741375E-005
   5.9746838939302217E-005
   7.8362277981659209E-005
   7.5432906938901440E-005
   6.5272497135062725E-005
   7.1842015895183316E-005
   7.8763267069659659E-005
   1.0093001291804211E-004
   7.4256016283456885E-005
   6.7088341876173169E-005
   8.4681704133691930E-005
   6.5480015939263259E-005
   1.0525372373544686E-004
   1.0433634235922465E-004
   1.0057798418796106E-004
   9.6396268673929055E-005
   7.6757508113740574E-005
   6.5997870226256708E-005
   8.6690163571737818E-005
   9.0236049741940054E-005
   1.8721587768919738E-004
   1.2306597533872361E-004
   1.1604083936699467E-004
   9.7883162126580063E-005
   5.2679008075402768E-005
   7.9294903953827241E-005
   7.9789078034453239E-005
   1.6940495331722944E-004
   8.4432504039006829E-005
   5.8725636363724835E-005
   7.5519517946261828E-005
   6.5640264669722162E-005
   7.4272821474273773E-005
   1.0658893501656008E-004
   1.0290427453333238E-004
   7.2889279277896734E-005
   7.5810204893618830E-005
   7.4923663043727304E-005
   8.1028665999901425E-005
   1.0216273254229469E-004
   7.8040366388329186E-005
   1.2695675240748366E-004
   7.2900311413570248E-005
   8.2786611548188110E-005
   6.3129036547766100E-005
   1.3245815049135520E-004
   8.5367049154686273E-005
   9.7682937330684564E-005
   6.0685887933380820E-005
   1.0310984958992955E-004
   1.0063822571976334E-004
   1.3722058489942831E-004
   8.2746738286925759E-005
   1.0871132249978794E-004
   7.7087256441120362E-005
   7.1368886636756173E-005
   6.8970010625453058E-005
   9.2333723998951826E-005
   6.1871478883851279E-005
   1.5242396951614667E-004
