 Z =   3546977.0000000000      dens =  0.15303559919957690     
   1.2138849896878712E-004
   4.6083786427409548E-005
   5.2455284771914761E-005
   1.2455477484741328E-004
   1.2064571978921840E-004
   6.9550229039405507E-005
   8.6033826804744455E-005
   7.0463145384817974E-005
   8.4066035628597665E-005
   9.6490048878329328E-005
   1.1008901016021434E-004
   1.1818489844723925E-004
   8.6883288348589392E-005
   6.8724971174212394E-005
   7.0900509356751129E-005
   7.6258119603277424E-005
   5.7285737354911617E-005
   8.8798728898147134E-005
   1.6334731564390063E-004
   5.1756841234195419E-005
   1.3851188221547075E-004
   9.0216628392331759E-005
   9.3611544870106169E-005
   9.6825250097703976E-005
   6.4407087559065055E-005
   8.1525518048099945E-005
   1.9945166339364377E-004
   9.2394263249931047E-005
   6.4765134593235314E-005
   6.3845527670996330E-005
   1.4467196526570913E-004
   9.6794176562817476E-005
   6.7377600596362861E-005
   7.9442633492434578E-005
   9.5249059441810085E-005
   8.8988084879781327E-005
   8.1146055885975425E-005
   8.2081860012318388E-005
   5.4977794171322481E-005
   4.6857768986662144E-005
   6.2436827400785415E-005
   1.1949415762779540E-004
   1.6161055842333740E-004
   8.6986125802796508E-005
   1.0062325802086883E-004
   1.1235326203718325E-004
   9.5782166792954298E-005
   1.3438666253440297E-004
   1.0434452752649291E-004
   6.0502140269077459E-005
   4.3874533614113054E-005
   6.5812939812598986E-005
   7.1665368927421340E-005
   9.4786451224950521E-005
   9.5994707769210118E-005
   4.9270665878241564E-005
   5.8655417132151127E-005
   1.0832718914570585E-004
   1.6296178631443824E-004
   8.9769437826712074E-005
   7.9722486393251854E-005
   1.0145140602671711E-004
   5.4564473688669582E-005
   4.8148353947228135E-005
   6.7431706283412301E-005
   7.1791487828625102E-005
   9.2551415606685259E-005
   7.4038916293025529E-005
   6.2644271766209978E-005
   7.7025136517300857E-005
   9.8736003784887346E-005
   6.8391418908556812E-005
   7.3913667683592776E-005
   1.1818318823351145E-004
   1.7214790647493853E-004
   8.6368881585058085E-005
   1.2124272586450310E-004
   1.1331570860308637E-004
   7.9309523918192869E-005
   1.1628769024313887E-004
   1.0425943385318354E-004
   6.0365122457438133E-005
   1.2535574744898146E-004
   8.7449994845382014E-005
   7.6102713280683864E-005
   8.5443736488457068E-005
   1.1428945320313987E-004
   8.2130258732477203E-005
   5.8880211521477951E-005
   5.1861310970534456E-005
   8.1523652782686018E-005
   6.1987055571334374E-005
   6.1211455228059262E-005
   6.5120766096909285E-005
   1.1468544605036109E-004
   6.8879520858374296E-005
   1.0712319198360012E-004
   1.0415258750482878E-004
   1.0507426355562104E-004
   1.1283664533661321E-004
   9.3092812518720744E-005
   5.2536400862888957E-005
   6.9995409685053755E-005
   8.8653956093057813E-005
   6.4946186977766113E-005
   8.9765189294191899E-005
   1.3416299532389376E-004
   7.1851219263985007E-005
   1.2254172549199609E-004
   8.0130206712343091E-005
   1.7947732455438030E-004
   9.2654728671518602E-005
   7.1488103167568852E-005
   7.7877588307211486E-005
   1.0619715712062822E-004
   6.0375258881654527E-005
   8.4984794502669572E-005
   1.0278541642596622E-004
   7.1909832879406440E-005
   9.4913872574881779E-005
   8.9399285643783978E-005
   1.0617372183347506E-004
   1.1437900139998004E-004
   5.8166609195567159E-005
   7.8849958452421762E-005
   1.0113152928638344E-004
   8.1011523293890209E-005
   7.1771474300889445E-005
   7.8802619107948063E-005
   1.4231004721105241E-004
   7.5391580872330959E-005
   8.0977836694119134E-005
   6.6044462777255881E-005
   7.7423387251104265E-005
   1.0782848233692558E-004
   1.2653292320814348E-004
   9.8980272884627985E-005
   8.1512508348931216E-005
   1.0652765753825527E-004
   5.2387869105037326E-005
   7.6850725613137607E-005
   1.4227151784593195E-004
   1.0024500177279496E-004
   1.2579383273409394E-004
   7.2161936968155043E-005
   6.9963123506528336E-005
   8.6479490356498065E-005
   1.2391280188456418E-004
   6.8960369001074925E-005
   6.6023629903033055E-005
   9.0676479160472012E-005
   5.5823848289089869E-005
   9.5409904541297855E-005
   7.4178430989335265E-005
   4.6193152952096392E-005
   7.1988750288074266E-005
   9.6565425606628860E-005
   7.4734165375737565E-005
   2.0048728984909059E-004
   1.5011039042210194E-004
   7.7409833445210298E-005
   5.2201431748039417E-005
   7.7521845529811536E-005
   5.8091728862859420E-005
   8.1690029054110109E-005
   1.0714382864540849E-004
   1.0319194661415381E-004
   8.4379828377015013E-005
   8.6353639919588705E-005
   9.4848803583689754E-005
   8.4426900723627866E-005
   5.9830765497473950E-005
   6.8461868274687264E-005
   9.7453098213422953E-005
   5.8960057006871952E-005
   9.0992589659918304E-005
   5.2081345747723737E-005
   6.9837991704232354E-005
   1.0123553003989532E-004
   9.4139642144674864E-005
   1.0454098414943461E-004
   7.6668128850262103E-005
   1.0409028819807479E-004
   8.3826738619312936E-005
   7.8072628883284526E-005
   1.3023113298263984E-004
   9.0078584346381288E-005
   8.9144372495880236E-005
   8.0415566649096021E-005
   5.1046444136393494E-005
   1.0570838885826075E-004
   1.0746535545713904E-004
   5.6643974715096755E-005
   7.5222276724915842E-005
   7.6271813309018456E-005
   8.2260083856439413E-005
   8.4708468809867611E-005
   8.5703504495196855E-005
   6.3451951136294019E-005
   8.3346228013405586E-005
   1.1868525653783921E-004
   1.1548715937075325E-004
   1.4219734829075243E-004
   7.8066342839061754E-005
   8.1808128679299922E-005
   8.6551373678017950E-005
   8.4513730746004487E-005
   1.0385541695404433E-004
   7.6491418337118524E-005
   6.6524475444627409E-005
   1.1716946809228142E-004
   1.3242092245998124E-004
   7.5232620077710330E-005
   1.2388775750366053E-004
   1.1719041691028430E-004
   1.1255869162509391E-004
   6.1240589825307238E-005
   9.6283265582056224E-005
   7.0895574225973416E-005
   5.2964352646054607E-005
   1.5565090091543464E-004
   9.3009548899114410E-005
   8.4922713876230832E-005
   7.9419140947106234E-005
   6.7528010045916974E-005
   5.7084238249846031E-005
   6.5937596761722085E-005
   1.9444307672982308E-004
   8.7665279280916923E-005
   1.3284113144477553E-004
   1.0408844277729195E-004
   1.3162319469146345E-004
   9.4135486789774064E-005
   1.0390897265049461E-004
   1.1629398876113626E-004
   1.1087285514095301E-004
   8.8135823476092487E-005
   9.7451262002664490E-005
   1.1841369588874423E-004
   1.0778196842436611E-004
   8.2073145123364902E-005
   6.9103512429478020E-005
   8.5717289070048151E-005
   9.4230488604308838E-005
   8.7008821385502316E-005
   7.1439889929882328E-005
   9.0914289234549930E-005
   1.8305520221065043E-004
   7.5240621102322519E-005
   7.0643914260807450E-005
   1.1126235286013952E-004
   7.1875516887922992E-005
   1.3965991277368626E-004
   5.3603398076054137E-005
   8.6022985738740481E-005
   9.8444526980778738E-005
   7.7211318745992847E-005
   7.9024207358619026E-005
   6.9817057469565455E-005
   9.2773493587615957E-005
   7.8087525642359717E-005
   1.4169202588770928E-004
   8.8628285037139080E-005
   7.2428542570354698E-005
   7.4064936031019364E-005
   4.9073798678683860E-005
   8.3526392698039735E-005
   1.0480127932243767E-004
   1.0019657914570057E-004
   7.0355142994858155E-005
   1.0662094762993261E-004
   7.9400979241158883E-005
   7.2768331957579404E-005
   1.8642919924969969E-004
   7.1541901922121052E-005
   9.2273138725589842E-005
   7.6295921669678973E-005
   9.2706516225546389E-005
   7.5968110496801814E-005
   7.9441059833093857E-005
   9.8142302995043006E-005
   1.0368806160715975E-004
   9.6297412615190675E-005
   7.3185112007802228E-005
   1.1489415332985013E-004
   6.8965235226456465E-005
   6.3092902542466868E-005
   1.0565968412125788E-004
   7.4954223103470744E-005
   1.2811695815377968E-004
   7.8423727946458881E-005
   1.2756434083133257E-004
   1.1715694476533362E-004
   5.1920444176204204E-005
   9.0374135752853199E-005
   6.8113084018190737E-005
   7.1990856624037553E-005
   6.8085249021705813E-005
   9.1804432513750676E-005
   7.5121886838352240E-005
   9.0122514862801402E-005
   8.2014323204521731E-005
   1.0191808463739977E-004
   8.9136399920439113E-005
   7.6839841981774545E-005
   8.6030296709487859E-005
   7.8112569492514141E-005
   1.4241332317209733E-004
   9.8211198222396612E-005
   1.0688312421547491E-004
   8.8415605294241243E-005
   5.4777595257918966E-005
   8.2152249939922907E-005
   8.6194692241507330E-005
   1.4038214131588866E-004
   9.1992586303509699E-005
   9.0398933104146329E-005
   8.1958757707788321E-005
   5.7897252958512791E-005
   7.0491230747918778E-005
   6.1986968421236959E-005
   5.4731287332085704E-005
   1.0615492285091616E-004
   9.9226531950302060E-005
   8.6941847989186404E-005
   9.6395388260761758E-005
   8.9961350707895004E-005
   6.0141065191730885E-005
   9.4418112892166037E-005
   9.9824623084519999E-005
   1.0942101125025169E-004
   1.2212091738145558E-004
   1.4248413093990842E-004
   7.1432250484780219E-005
   9.1551618027810614E-005
   8.0783026615328677E-005
   1.2939150336924561E-004
   1.7025166134098231E-004
   8.3755641172658383E-005
   8.7469477407636886E-005
   8.4206964437917670E-005
   6.5364342417223678E-005
   6.6428630560632200E-005
   1.8069999682831435E-004
   1.2112241008141514E-004
   1.0614130024404835E-004
   4.6984442248065991E-005
   7.5011360869893488E-005
   9.0813498150085051E-005
   1.1080716260605531E-004
   6.5174121856918297E-005
   9.2577669592842129E-005
   9.2230931452710592E-005
   7.0967472961291740E-005
   5.9132067734365895E-005
   6.3602336182717764E-005
   5.0907256553986205E-005
   7.1534448928626176E-005
   1.0188756526021045E-004
   1.0497482206292527E-004
   1.1555794754181785E-004
   8.4715702517805042E-005
   6.5013695229901761E-005
   1.1210620647435865E-004
   8.0534629132327992E-005
   1.0511770294822234E-004
   8.3609701729546438E-005
   2.6583827197021969E-004
   1.0805933775489930E-004
   1.6743967360709254E-004
   5.5968119855195921E-005
   7.9993167473219013E-005
   7.6384436552561494E-005
   1.0944566409365475E-004
   9.1711927899621590E-005
   1.1446312663281237E-004
   5.3596605808607441E-005
   7.9360666555127986E-005
   1.1542826371190884E-004
   5.9603117179547808E-005
   1.2528192997748728E-004
   7.5644567744469326E-005
   7.2368686555486598E-005
   8.5220176685804524E-005
   1.0694688318773348E-004
   7.5460293040391187E-005
   4.3823842854208862E-005
   1.0163184071300810E-004
   7.2878607235833654E-005
   1.1175462091381621E-004
   1.3544216816882570E-004
   9.0803049877965302E-005
   9.0245054586063738E-005
   5.3100204627665029E-005
   5.0079639126446414E-005
   6.0636024061035777E-005
   8.6946720811497815E-005
   8.4643106013956954E-005
   6.2781656985368947E-005
   9.1566632796274809E-005
   5.1967046918184689E-005
   8.8512779332187009E-005
   1.5602532205485087E-004
   9.3049996888347895E-005
   7.4197176438478514E-005
   1.3618410238115289E-004
   1.3208755997222779E-004
   5.0197876584808545E-005
   1.1469670679664362E-004
   7.4881356225662483E-005
   8.5297755774104534E-005
   9.2874176980479688E-005
   5.2906276402950635E-005
   7.3748046770824572E-005
   9.5760710000495291E-005
   6.0318596042996840E-005
   7.0580587532053166E-005
   1.0803353475265371E-004
   7.2839255180274032E-005
   6.5972118910340516E-005
   6.3953233308623251E-005
   9.9462564732938233E-005
   6.7780352307559731E-005
   8.2603417825843865E-005
   6.2939675548904063E-005
   8.0790867496272073E-005
   6.4438900940900072E-005
   8.8175188826514797E-005
   1.3507950002739378E-004
   7.8179840958470746E-005
   1.0129530027435890E-004
   9.9165036095862549E-005
   1.3471275578329876E-004
   7.9039329330243889E-005
   7.6984839145479171E-005
   9.5148390081223674E-005
   7.9007927183936586E-005
   7.4954172218607499E-005
   1.0459119196111801E-004
   8.4822559229573533E-005
   6.1955783140179807E-005
   1.1978414050746683E-004
   5.2623204261097871E-005
   1.1120760535533264E-004
   8.6988367596539377E-005
   5.8373232063538868E-005
   8.4830764375335338E-005
   6.9793845858661841E-005
   7.9764940653608531E-005
   1.6614177364424670E-004
   1.1389263916013141E-004
   1.1575551160712342E-004
   7.4963164581345589E-005
   7.7983243229473795E-005
   7.0483540915281299E-005
   8.6124000656139643E-005
   1.1238061779265817E-004
   8.2772120891119123E-005
   7.9080865771952443E-005
   7.6974329409261138E-005
   1.0419475799383156E-004
   5.9976709700013455E-005
   1.3412419686969709E-004
   9.8323465632971092E-005
   1.0384264416588850E-004
   7.0039702059157213E-005
   9.1479139691474665E-005
   1.0359550713309589E-004
   1.0000923780758067E-004
   5.8774506390516159E-005
   9.1322026573014626E-005
   6.3460821148109516E-005
   7.4693366244969056E-005
   4.5209622197583718E-005
   9.6014736228349870E-005
   7.4604523636925534E-005
   1.2865303367743931E-004
   8.4658412914488952E-005
   8.5530442449353972E-005
   7.9617833326863684E-005
   7.7606798906604054E-005
   7.3689634664683226E-005
   8.4056889233776900E-005
   8.1892401683140913E-005
   1.0186284687643025E-004
   7.8775575891312005E-005
   9.5195535334500944E-005
   7.3735793611592944E-005
   5.5881006789437084E-005
   1.4077578799139207E-004
   8.1190602873552418E-005
   6.4556106010530957E-005
   8.5300728562839900E-005
   7.1423824198648143E-005
   7.3674724876102014E-005
   5.5714639217920405E-005
   1.0706089580357120E-004
   1.1671134269607306E-004
   7.8872487589953506E-005
   9.3881913978105728E-005
   7.7388133257910523E-005
   5.6610749466492734E-005
   6.5454253374252027E-005
   8.9442301651355020E-005
   7.7289979635090399E-005
   6.3958749410466151E-005
   1.5823689311325395E-004
   9.1848397606820859E-005
   7.5483074902575443E-005
   8.6846210923063264E-005
   5.8470010110847300E-005
   1.1057445863301452E-004
   6.8290485804997004E-005
   6.9373946548474409E-005
   8.9159679557029156E-005
   5.2007119286286143E-005
   9.0276160336490315E-005
   8.0253967138464602E-005
   1.2693167385781438E-004
   7.6910804340757811E-005
   7.2997464762932708E-005
   8.2921205343474552E-005
   8.8378226419146398E-005
   8.5141300228392593E-005
   1.4550285889706327E-004
   1.0383927494895406E-004
   8.7698377952052630E-005
   1.0281523289794603E-004
   8.4144218710439285E-005
   7.8648905501030355E-005
   1.3022087419398471E-004
   1.3569759658618047E-004
   1.2579567709393672E-004
   8.8939029000581772E-005
   6.6266715898613318E-005
   9.9412826378346154E-005
   1.0263522754625798E-004
   6.6853991803004828E-005
   9.9849892013174316E-005
   1.0820986036212022E-004
   5.7955201118344075E-005
   6.7524862637983899E-005
   9.1932579609853724E-005
   8.9045882334317424E-005
   8.0667274399728991E-005
   8.9135510982980585E-005
   4.8980432811896832E-005
   7.8563869317167513E-005
   8.2655157323286967E-005
   7.0417150884255611E-005
   1.2660216422584637E-004
   6.3869882408653723E-005
   1.0996998423260287E-004
   4.7532517973286629E-005
   9.7939754208372173E-005
   5.4372329636237476E-005
   5.7128884518057098E-005
   9.2000184781234218E-005
   9.3569975661661310E-005
   1.3010634032948186E-004
   6.0246291610710723E-005
   8.3945767930406124E-005
   5.5418592786732173E-005
   8.4139653180319906E-005
   6.3731185355442045E-005
   1.3930598596483787E-004
   6.7538121971805353E-005
   1.5762641466863570E-004
   8.3267539632783690E-005
   5.6902682079470085E-005
   1.0321396314294431E-004
   9.3034765147498479E-005
   1.1224121151935901E-004
   1.4249623541498036E-004
   5.6728044157551249E-005
   1.3153189728073560E-004
   8.8845307013156577E-005
   5.5999115749771052E-005
   1.6780106158678317E-004
   5.7344457032554026E-005
   7.1032116553333832E-005
   6.4044155634639954E-005
   8.4827137285724299E-005
   4.9885635353115911E-005
   1.1454152712394057E-004
   8.4079129462943410E-005
   8.3005084773447047E-005
   8.6365054171982198E-005
   8.3026789611807174E-005
   9.8953004255952686E-005
   8.9323440954429937E-005
   1.0591983240600339E-004
   9.7221264599898263E-005
   8.5904418935736101E-005
   7.5441849638784877E-005
   6.7297451197883366E-005
   9.0915304611037856E-005
   8.0214094246367033E-005
   1.2005138463704443E-004
   9.8629034526068535E-005
   5.2965391982926747E-005
   7.4262866512188379E-005
   8.9324810329010666E-005
   8.8014590166892842E-005
   1.1725474938699725E-004
   8.2846486814924973E-005
   1.0006012867724613E-004
   9.1863138672922657E-005
   7.7646040425415045E-005
   1.6451253769402555E-004
   6.9037996188246324E-005
   9.9210190349134465E-005
   7.3687414781651613E-005
   6.7357507773998439E-005
   1.0403798547412405E-004
   7.0303242464389774E-005
   6.0795084440068879E-005
   5.7707062678744581E-005
   1.7353338279129404E-004
   7.3288319506142904E-005
   8.4697626858939247E-005
   8.0370873089756869E-005
   6.8317813345180733E-005
   6.0575264634015997E-005
   7.7606796128483574E-005
   7.0987025283620686E-005
   9.6771708657184785E-005
   1.1671168691075887E-004
   7.7650905063773320E-005
   6.3351548859407966E-005
   7.0591929687535183E-005
   7.2615671793225902E-005
   5.9432107025548501E-005
   9.0204386892517893E-005
   7.6138314392430690E-005
   7.1920442047621925E-005
   1.4829535847203675E-004
   7.2744652294722516E-005
   1.2365372749686130E-004
   7.3451332092200743E-005
   9.7447682958262037E-005
   5.3028836973385165E-005
   8.8568345207428381E-005
   1.0829146078077886E-004
   9.8496880250496680E-005
   5.7459431101680619E-005
   1.1140685136287753E-004
   1.0228268127443206E-004
   9.4873673639692162E-005
   5.0117761515016588E-005
   7.8101781753708591E-005
   9.9976775963226135E-005
   1.0040512075732849E-004
   8.5536484925213200E-005
   6.3115309278631725E-005
   7.3868966988486373E-005
   1.9189195532835486E-004
   5.1774366526198900E-005
   4.3176274362942150E-005
   9.5052261803047459E-005
   8.9041344181898778E-005
   5.4767580802207712E-005
   6.6501200709070396E-005
   7.2645873830615702E-005
   8.1184147028080006E-005
   7.4398266483114805E-005
   7.8935555306764373E-005
   7.6864233520981091E-005
   1.2160525724671214E-004
   1.0263139810579048E-004
   8.4679343176299979E-005
   9.7127427312106049E-005
   9.7084864450318234E-005
   7.4126415811160963E-005
   7.2573500109854324E-005
   1.7336302174328431E-004
   6.2994655709037808E-005
   9.2298991619680794E-005
   7.9592010260470580E-005
   1.1973117206900884E-004
   8.1900876464426832E-005
   7.9146319071269274E-005
   7.8501806756629383E-005
   1.1056147215280367E-004
   6.8649737558973097E-005
   6.8374900451440305E-005
   1.1079678853304573E-004
   1.1025948287550670E-004
   6.5226720635473307E-005
   1.0752617089535296E-004
   9.1539909034437126E-005
   7.8589611527834382E-005
   1.2375339911038739E-004
   5.3373583973868406E-005
   9.6899400513994916E-005
   8.0713644580065536E-005
   1.5858964068457925E-004
   8.1083333481188691E-005
   8.7654725901108521E-005
   5.9803581922941064E-005
   8.3400427329161688E-005
   9.3333521193541622E-005
   6.3896630909394064E-005
   1.0567386131137016E-004
   8.0415205774197996E-005
   7.3806505463473748E-005
   9.8280191780286422E-005
   8.6584116580245128E-005
   7.9576631083816212E-005
   8.0847648425919899E-005
   1.1438164104690184E-004
   7.4837781661886898E-005
   9.1083507386040730E-005
   6.8223001255027184E-005
   5.7190254390526053E-005
   6.2260481611615433E-005
   8.2512217919627614E-005
   6.5906365202531182E-005
   7.2009458728943863E-005
   7.2105210338185388E-005
   8.8306012167343025E-005
   7.5949670788771033E-005
   7.0079618095399317E-005
   7.2980597734389826E-005
   1.0436532933723020E-004
   8.8297653291050636E-005
   5.4041400365474734E-005
   6.1438665645788682E-005
   7.8081687568056757E-005
   1.1076168612504707E-004
   5.7863803703607333E-005
   7.7153735948978067E-005
   1.3518434626228509E-004
   7.6863117172661113E-005
   5.5608395588458590E-005
   1.2699571725828751E-004
   6.4508240031624297E-005
   1.0279718356348852E-004
   1.5653056055559353E-004
   1.1682676591123706E-004
   2.1847885856020075E-004
   7.8225868705009881E-005
   7.8544105223363794E-005
   1.6671338962282202E-004
   1.0821860966258920E-004
   7.4714661712629735E-005
   6.8331122427473697E-005
   7.3704891411056079E-005
   7.6577931002659930E-005
   1.0295997420645941E-004
   1.3498263351047985E-004
   7.9864777638909232E-005
   1.0889139013175225E-004
   1.1342487931120128E-004
   8.5048085740428703E-005
   1.4773830725562024E-004
   8.2980400747434784E-005
   5.0298328156941235E-005
   6.8718416289369541E-005
   6.6957423346629457E-005
   7.6648826443193084E-005
   9.8736767290923491E-005
   1.1590033507020498E-004
   6.6764669866600435E-005
   1.0599632269062629E-004
   1.1226498628051538E-004
   8.3514171908422475E-005
   1.2657229054709271E-004
   9.2617936262692264E-005
   8.4802608873256141E-005
   6.7619265230945040E-005
   8.8355393594751901E-005
   7.5292582826077774E-005
   1.0503590143104674E-004
   6.2231228625755217E-005
   1.3640886695625798E-004
   6.9282543707255235E-005
   9.8441867197144255E-005
   1.4234769756515494E-004
   5.9011493863746022E-005
   7.8091518217438940E-005
   9.3321151317917150E-005
   9.0878874364094724E-005
   5.9131723013168629E-005
   7.9155203290568526E-005
   7.0250664524591644E-005
   8.6290686400700508E-005
   9.5530820676825666E-005
   1.0222357689457283E-004
   9.9689038351935492E-005
   7.8493627598425291E-005
   8.3516172083243954E-005
   1.0037177557023818E-004
   1.0685500249501512E-004
   6.7810865273265001E-005
   7.4230482968222150E-005
   6.0405989476131173E-005
   6.7181221393213908E-005
   7.1193602321306351E-005
   5.8859058914394820E-005
   6.0604913776758488E-005
   1.6163943653582213E-004
   9.1768153424791839E-005
   1.3317758338881480E-004
   8.0249763227164706E-005
   8.4961310854121688E-005
   7.7000872750097426E-005
   1.0332895414026549E-004
   5.0666191995895208E-005
   4.6838389850090254E-005
   5.9445544123765167E-005
   5.8269786924033430E-005
   7.5141381365638292E-005
   8.5182273403430224E-005
   7.6039772446491856E-005
   6.6925798963391107E-005
   1.5494800793540916E-004
   1.0757672592734107E-004
   6.8723439706379000E-005
   6.7672189320304441E-005
   7.1324261905860210E-005
   8.2106115497500740E-005
   7.9719564410018302E-005
   1.2695787079564728E-004
   9.5948803173910298E-005
   6.1819683275095248E-005
   7.1719390429490938E-005
   9.2271125689624586E-005
   9.5952993394909374E-005
   6.6780844485746802E-005
   1.0493389876422886E-004
   5.8806683131475581E-005
   8.4879806340941810E-005
   6.2417933402957894E-005
   1.0564545596064016E-004
   1.1351274931418525E-004
   1.4411221741051784E-004
   6.7229856396982737E-005
   1.0266428784642350E-004
   9.6171216433933287E-005
   9.6828031094498167E-005
   8.7427248975497691E-005
   7.4751356607320906E-005
   5.9559353345394275E-005
   7.8674498576488254E-005
   7.8200266719944230E-005
   9.9487715695739114E-005
   9.4776192459992525E-005
   8.0116937215909145E-005
   1.4235637063997125E-004
   6.6132455593635256E-005
   1.3037061294351513E-004
   6.9663986133335730E-005
   1.2654829360301328E-004
   8.5098535821220554E-005
   5.6160426591051360E-005
   1.0915146406241844E-004
   1.1075240917338127E-004
   1.0565828218613436E-004
   1.1002621247645094E-004
   6.8340976799795346E-005
   7.1819484172704734E-005
   7.4599965636681356E-005
   1.3269361133020718E-004
   1.3509249300239535E-004
   6.9086479581790590E-005
   7.1789973634719153E-005
   8.0568434556494581E-005
   6.8906342537892616E-005
   8.6533655964498885E-005
   4.5004478288209553E-005
   6.6436329379171275E-005
   9.5972977400104708E-005
   1.0270240773022202E-004
   1.1581176173442621E-004
   5.0676995999219617E-005
   1.6645159651742933E-004
   1.0036492170996224E-004
   5.6787422609479269E-005
   1.1225208611362591E-004
   6.9261906704149519E-005
   7.9876039497399633E-005
   7.7141505790860609E-005
   6.2301561311210347E-005
   6.9078647110616738E-005
   1.1332975120418401E-004
   1.5502426463876988E-004
   9.6206372470187377E-005
   1.2490645929778658E-004
   8.2985501493854994E-005
   5.9004463834029758E-005
   6.2172417991176245E-005
   7.0910290297935074E-005
   6.8088546622894358E-005
   1.0178754077066065E-004
   6.2989934215777074E-005
   7.4150174776669198E-005
   1.1743980853264401E-004
   8.2081710909101365E-005
   5.5124827778404507E-005
   1.0730268218561351E-004
   7.5922878034864971E-005
   1.0209031903201860E-004
   1.4309853445133069E-004
   5.5960835181533069E-005
   7.0736621721617977E-005
   1.4859539162852264E-004
   4.4800102253242872E-005
   7.2980660015521453E-005
   5.8468808223631579E-005
   8.5259034914108691E-005
   6.2392402665765906E-005
   8.7423718341874719E-005
   8.6302734845417983E-005
   1.0529153764848960E-004
   5.5960129373796892E-005
   9.0737200665705754E-005
   6.1317137047973619E-005
   8.1222540440702094E-005
   6.6596444644399775E-005
   5.1741719590307993E-005
   8.7549275881951234E-005
   5.7712637298784572E-005
   6.4862415041064657E-005
   7.4171605703692110E-005
   7.3158706907731672E-005
   7.2090091633756785E-005
   9.5819218380599992E-005
   9.7917215003905960E-005
   6.0270360766710218E-005
   5.7783133352225339E-005
   6.5703329517116004E-005
   5.8867028177218951E-005
   6.8358190288452867E-005
   5.7406758629485070E-005
   8.2007032934635368E-005
   8.4715701761683138E-005
   7.8559741777907481E-005
   5.2048027963484278E-005
   6.3372906184362969E-005
   9.4609258218610463E-005
   1.1382978844931137E-004
   5.9396346913869598E-005
   6.0670443210611272E-005
   1.0561104539749380E-004
   8.9030177644001187E-005
   1.0285495629169007E-004
   7.8587319427816173E-005
   7.2267676199924469E-005
   8.5924486424622545E-005
   1.1158216292306777E-004
   1.1169198088539728E-004
   9.8402688745994398E-005
   7.3024035757187437E-005
   6.9560715815343419E-005
   8.2251505795609669E-005
   1.6166135476171781E-004
   1.1058655166159591E-004
   5.7995681686593597E-005
   6.9708612542730884E-005
   7.9769493967512159E-005
   9.3946584360014938E-005
   7.1869709042358775E-005
   6.1318294158588002E-005
   7.2629817347936944E-005
   5.3625900372511020E-005
   8.8229880336101961E-005
   1.2417784513029040E-004
   1.0955429103017090E-004
   8.4719628700419578E-005
   9.7865858663884217E-005
   6.1263365584522520E-005
   6.3297396384483912E-005
   1.0318560807934498E-004
   7.4043627478021429E-005
   7.2357183216682655E-005
   8.1662941343952852E-005
   5.8257421677893918E-005
   1.1960031076552832E-004
   6.5627078763011982E-005
   7.3773196355431670E-005
   1.0466184318339648E-004
   1.4398002720480778E-004
   6.4555700176708721E-005
   9.4925172950042637E-005
   8.2146088770454376E-005
   8.2734339727074229E-005
   9.0491187961566950E-005
   8.8331382060574467E-005
   8.6029451844236911E-005
   9.6113399960118999E-005
   1.0289316667941562E-004
   1.3562540632522545E-004
   5.2943654091608484E-005
   9.5013761582367123E-005
   8.8562035449650522E-005
   1.3435660107567846E-004
   1.0161405904663450E-004
   7.2151056050792758E-005
   1.3111349338598257E-004
   1.0521055528336725E-004
   1.8390527715919156E-004
   8.0297397706878491E-005
   7.2675074697074851E-005
   7.4337740464657502E-005
   1.3430350730489170E-004
   8.1239917623782433E-005
   7.5533698912139057E-005
   6.3312408928661637E-005
   7.3153048299152515E-005
   7.6309734974376679E-005
   7.7345379804275201E-005
   1.2515749406851446E-004
   1.0196440617839038E-004
   8.2169685152295486E-005
   6.9399181556678821E-005
   6.0171835804015777E-005
   6.4995133790712799E-005
   6.6476934134687671E-005
   5.3514415357341318E-005
   8.7446935558627465E-005
   8.9070899336558186E-005
   7.1999003307297754E-005
   5.4930056368394630E-005
   5.8730997578704377E-005
   1.2782693063466915E-004
   7.1447185481415934E-005
   7.3022206554864704E-005
   9.3922847975032612E-005
   6.3187509641297998E-005
   9.4889289254317187E-005
   6.9985619390496278E-005
   7.9511378034387964E-005
   8.2226400291397680E-005
   8.2936777230736497E-005
   1.0603458402289541E-004
   9.8296143670248518E-005
   7.8727938474583398E-005
   1.4168309967374157E-004
   5.7926836835330951E-005
   6.4842722481283933E-005
   5.6977514853274238E-005
   8.8920966035303979E-005
   8.3847554880919870E-005
   6.3212205983696588E-005
   5.5398615003471591E-005
   6.8668007657736831E-005
   9.3977364814564949E-005
   1.5721143875785075E-004
   1.1391329435958828E-004
   1.3688302385566465E-004
   6.7612142599125029E-005
   5.0734696972621089E-005
   1.3735970906687749E-004
   7.9978569399457379E-005
   7.0164262611236279E-005
   1.4101487900647678E-004
   1.0134076362784526E-004
   7.8034435508332310E-005
   7.3511632681448608E-005
   9.7057521384275275E-005
   4.9858725309279423E-005
   9.3023691506620567E-005
   8.6205003795066155E-005
   6.0617775116424244E-005
   7.2358104722052482E-005
   7.0805372236400514E-005
   1.0325032914932442E-004
   9.3206722903089401E-005
   8.4875768023164464E-005
   7.9040959359567416E-005
   8.1453822350375168E-005
   8.1981655852756747E-005
   6.1181168536944664E-005
   6.7454537775753706E-005
   7.1475181724958638E-005
   1.2261243608130754E-004
   8.6869949645683377E-005
   6.1417423276044530E-005
   6.8346881271900506E-005
   1.0697204678355238E-004
   6.0988478824217173E-005
   7.3550489724704717E-005
   5.9161668558025257E-005
   8.0153147490666669E-005
   1.1589141185075849E-004
   8.1574379616093743E-005
   7.0267325598328244E-005
   7.5585471068621111E-005
   1.1957612573002483E-004
   8.9810031701617062E-005
   6.2006019336179985E-005
   9.5788556985904256E-005
   7.1821243773353692E-005
   1.4234926267889630E-004
   7.6341589204555120E-005
   6.0287931358606937E-005
   7.7079207452961370E-005
   8.5423846740845610E-005
   6.9805718917859868E-005
   8.3793202944792389E-005
   9.2918651460892332E-005
   5.7598721279887704E-005
   7.7792127425435170E-005
   1.4352049915296696E-004
   6.1196408327423335E-005
   6.9064878847957192E-005
   6.7600073749478749E-005
   9.6007019956049472E-005
   1.5519907910600887E-004
   1.0921549739717965E-004
   6.0276207486609047E-005
   5.2011792675518805E-005
   1.5523198418489372E-004
   8.4958850983474248E-005
   1.6843990914571221E-004
   7.1589472015199193E-005
   8.6800195668073401E-005
   9.8376531473432017E-005
   9.5475674094183322E-005
   1.4601713440108224E-004
   7.5124368446974761E-005
   8.2739304635379797E-005
   3.9320303698936946E-005
   6.8598254299866751E-005
   7.0940951336859653E-005
   7.8440566336565820E-005
   8.0075439692480825E-005
   7.6493568269719625E-005
   8.9788761382790679E-005
   9.6701835851716259E-005
   7.0858233641920242E-005
   7.0767503345336286E-005
   5.3319428115456933E-005
   7.7799101991991789E-005
   1.4813668222552170E-004
   1.4821114414944429E-004
   9.4806100898312207E-005
   1.1202955674399617E-004
   6.5080530688519056E-005
   8.9700599044122085E-005
   8.0956631603068134E-005
   1.1626266633446041E-004
   9.7880951653002025E-005
   6.8316451107460022E-005
   6.5445054736217262E-005
   6.0034781785032939E-005
   1.8075806371290170E-004
   7.3541402762954803E-005
   1.3367154907152333E-004
   1.2026935379139097E-004
   1.0024440123102464E-004
   7.6437200945678784E-005
   1.2236815232377214E-004
   6.2593493974867170E-005
   8.0652847506593075E-005
   1.0641837777602151E-004
   6.7460526411759297E-005
   1.0866358270927876E-004
   9.2556309302944706E-005
   1.0487566054549217E-004
   7.8543592549437587E-005
   6.9077329222708451E-005
   5.2211613869868578E-005
   5.2989506949282090E-005
   8.0406797606676224E-005
   8.6568724736898629E-005
   6.2715041972022712E-005
   8.4386623191999444E-005
   1.0002359799118152E-004
   1.0871967940266484E-004
   1.1686247557422050E-004
   6.2620170363560438E-005
   6.0187636233601886E-005
   6.3216349698161825E-005
   7.5823674541651779E-005
   1.4045845668162295E-004
   7.9754573036781596E-005
   1.4887011143113591E-004
   1.2117955250744188E-004
   7.0592165121249482E-005
   7.5853599300988874E-005
   1.4914870594360293E-004
   8.4987050942809749E-005
   9.1667208458076405E-005
   5.3351353655134852E-005
   9.8862941371103021E-005
   7.5892591356183068E-005
   1.2503889676713194E-004
   5.8958570884930346E-005
   1.0544534843005319E-004
   4.7777222385477655E-005
   7.7433892098098086E-005
   5.9048540434384440E-005
   7.2468272832024034E-005
   1.0747655710185682E-004
   8.0135764466581717E-005
   6.2095930225208773E-005
   7.1521003836179389E-005
   6.6599684249207144E-005
   9.4818427410946370E-005
   1.0777831029607713E-004
   9.5736930297706240E-005
   9.0286165403058189E-005
   1.7927507755983153E-004
   8.5748060533401255E-005
   1.4425196793303093E-004
   1.1037459110241049E-004
   9.3790330901550987E-005
   7.6299308707887198E-005
   2.0250827674621056E-004
   1.3611911853158502E-004
   9.2177825552209027E-005
   7.8488036372176617E-005
   1.3372641346869006E-004
   5.1117439851712912E-005
   7.6137952089030763E-005
   7.1915767874709772E-005
   6.6164599412511311E-005
   7.5355636010518827E-005
   7.9990345807133035E-005
   1.0317846255914045E-004
   3.9825599641807412E-005
   1.2025051986903368E-004
   4.9265170799976379E-005
   1.7780236729997759E-004
   1.0420973827373563E-004
   1.5864318156816825E-004
   6.0190541858601884E-005
   1.0497835224288574E-004
   1.1182952180467734E-004
   8.5800108194887970E-005
   7.3370779204727987E-005
   9.2063566076748332E-005
   5.6971121718185573E-005
   1.0784511235657445E-004
   1.3453760594805243E-004
   1.0907501390964566E-004
   9.8376732301091831E-005
   7.6346197087026133E-005
   5.8375620190581721E-005
   8.0119904906296715E-005
   6.7181307047139199E-005
   1.0069691017505175E-004
   9.1231321640170113E-005
   9.1433654380808387E-005
   7.9948854506899783E-005
   7.4048502197565251E-005
   1.0199725543915417E-004
   7.3363074206352104E-005
   8.5640548791243460E-005
   7.9312733685876947E-005
   7.7332859226147816E-005
   9.7774191701009521E-005
   9.1245797020995072E-005
   1.2635217809723635E-004
   9.7247762120210120E-005
   1.3484560283208609E-004
   7.9921556178707604E-005
   6.2760685269700904E-005
   1.4413375597107687E-004
   6.7161816285210517E-005
   9.7069188006344639E-005
   8.6813019904859564E-005
   9.9118457249568851E-005
   7.4134722589581871E-005
   4.4524918917670766E-005
   7.5681271818505769E-005
   1.4135454021274699E-004
   6.9856331355453319E-005
   1.0668574607808981E-004
   8.9107820002898278E-005
   1.0719363467403750E-004
   8.2841855983479751E-005
   7.2419340459421003E-005
   6.4630982376116052E-005
   8.9363025620999020E-005
   9.9968408861679690E-005
   1.1164384058265788E-004
   1.5037314768686871E-004
   9.6877777242236921E-005
   7.5109255692366249E-005
   7.8275388209459091E-005
   4.2128623082939174E-005
   1.1097962513730894E-004
   1.2046408935432715E-004
   9.3594222325408326E-005
   8.1411887759104954E-005
   7.0369419483270199E-005
   7.9853802553325265E-005
   1.1165935185052133E-004
   7.0832668879099476E-005
   7.2699631623249718E-005
   8.0938115773937871E-005
   1.3230374866500213E-004
   1.0933605201569924E-004
   9.1224652595068404E-005
   1.2361134040545464E-004
   5.4831757782854204E-005
   7.4226475488912055E-005
   1.0271976262339436E-004
   1.1756918489813042E-004
   1.1810635289598210E-004
   8.0564351557421964E-005
   9.3505060350520432E-005
   4.9375248824274316E-005
   7.0138003037251099E-005
   7.4138904763664556E-005
   8.4532885963443407E-005
   9.1620167589216098E-005
   1.7360069726010229E-004
   9.4127470209740734E-005
   9.0503112368705524E-005
   8.1045186301432893E-005
   7.7668047244794166E-005
   9.5711520297181213E-005
   7.6414076037850093E-005
   9.1725631290313420E-005
   1.5470415995355591E-004
   7.8887149774734179E-005
   8.7023788978892388E-005
   1.1127447153376725E-004
   1.2610591705723118E-004
   9.4198483542869626E-005
   9.2311194964456056E-005
   6.5943274316316544E-005
   6.0454110057646455E-005
   1.6422824075754239E-004
   1.0872357632897841E-004
   6.2876716018406254E-005
   6.4614626042630336E-005
   7.7420975250065832E-005
   1.1649544194205851E-004
   7.3128532548961942E-005
   6.5520095253865447E-005
   6.3900799346047776E-005
   8.8774118444942467E-005
   8.9490116395010599E-005
   7.6110446013683643E-005
   9.7598025125960052E-005
   8.8041811346124542E-005
   6.6697368484557403E-005
   4.7488913704772043E-005
   9.8587632140736793E-005
   1.4815908074627290E-004
   1.0589282813040444E-004
   8.5977195367733839E-005
   1.0360667046743604E-004
   7.1875041968749275E-005
   6.6802480308237263E-005
   6.9265719258268933E-005
   8.2208628350403023E-005
   1.0068580040462985E-004
   1.0666228676020563E-004
   1.4075424334345971E-004
   6.1284006953513941E-005
   8.0540479180480978E-005
   4.5107988728013376E-005
   2.0126426788871868E-004
   1.2098977751972111E-004
   5.7816725739184430E-005
   4.6352648785042819E-005
   1.0741613733912438E-004
   7.9380883639869191E-005
   5.0835334275660521E-005
   1.4598742892337152E-004
   7.2865995772079933E-005
   6.2551616899615638E-005
   5.2764341615959525E-005
   8.1235567071455674E-005
   9.8720675375646173E-005
   8.8054207219837976E-005
   1.0504940213168494E-004
   1.0206273609764235E-004
   6.9634080257600253E-005
   6.9165579630589544E-005
   7.6954517300587886E-005
   1.2889136494930538E-004
   8.8330101847538422E-005
   8.1460014561337483E-005
   1.0597075098505861E-004
   9.0841520861242652E-005
   6.8760434217206556E-005
   8.6658030552732229E-005
   5.4500593949827692E-005
   6.9640074987302044E-005
   5.5553547283330601E-005
   8.9156480299781472E-005
   7.4124245527798055E-005
   1.1229502360106958E-004
   6.1908251048032912E-005
   6.8706500059213007E-005
   9.7481366462588814E-005
   9.6974844997802453E-005
   8.7680829676605360E-005
   7.8425871301866819E-005
   7.7867745701429389E-005
   1.0468103884075537E-004
   5.6847127690997221E-005
   7.5109257947550176E-005
   9.5226274712245911E-005
   6.1906076853786003E-005
   1.5479461169383288E-004
   4.6595834381534382E-005
   6.6243810490436750E-005
   6.1052780334774578E-005
   8.7235478436976601E-005
   8.1659697197933973E-005
   9.3756845081705597E-005
   7.5923548906262468E-005
   6.7401615781129254E-005
   6.7715482291309399E-005
   9.6189259604783292E-005
   8.6254484592159441E-005
   2.1985981224777678E-004
   7.9993367340823156E-005
   1.9641426729059998E-004
   8.4844468399132810E-005
   1.0950201429825709E-004
   8.2493935683657411E-005
   6.5463118325226902E-005
   1.1549818763179229E-004
   1.0057802423622902E-004
   8.5992089539510693E-005
   7.5872954276120914E-005
   4.7554088307606256E-005
   6.4032480508111408E-005
   1.1403681389439841E-004
   1.0912555202554746E-004
   6.5810242689392761E-005
   7.3711723784240603E-005
   8.1126623082071285E-005
   9.9746855716207952E-005
   8.0573140925347688E-005
   8.2679367177302735E-005
   5.3339528410891756E-005
   6.4378196017510816E-005
   6.9477426990978869E-005
   6.2865409094442555E-005
   1.3193788110531484E-004
   7.1765715813566449E-005
   9.4020501265302986E-005
   1.5838909570688292E-004
   7.8263350836936074E-005
   1.3103126663084239E-004
   7.9744524307795436E-005
   8.4070327946992763E-005
   7.8980399832045246E-005
   9.9880449291210653E-005
   5.1654911582849201E-005
   5.2710566829852243E-005
   7.5751364698419210E-005
   4.8134897692110334E-005
   7.5554962814952090E-005
   7.8398245721974659E-005
   9.0180836652625524E-005
   6.9698763445547553E-005
   7.3845180048887280E-005
   1.1089847608007882E-004
   1.1442353132549625E-004
   5.9458730925504623E-005
   1.3263125168102996E-004
   8.7003284147827575E-005
   8.3871231135364168E-005
   6.6013316640164737E-005
   5.7311482697745992E-005
   6.5903985541388891E-005
   1.2240031897844893E-004
   1.0762497221465016E-004
   1.1331660532515943E-004
   9.8615462504036077E-005
   8.7586262880286588E-005
   6.4640941471008403E-005
   1.1169810443240348E-004
   1.1343683801825076E-004
   1.0534559315048771E-004
   7.5296788191689927E-005
   1.0156662328736372E-004
   1.3112995170690871E-004
   6.4936269207255097E-005
   1.0347641225937934E-004
   7.9058843281990367E-005
   1.0928741322164614E-004
   1.2717217216494945E-004
   9.5372926899208761E-005
   1.0256216759856759E-004
   1.0615417243617661E-004
   1.1118004821830706E-004
   1.1549666489023288E-004
   6.3425660384150653E-005
   1.3104704663759168E-004
   9.5422270903501721E-005
   6.6742554051710211E-005
   8.2406116778513072E-005
   8.6481814423869003E-005
   7.2470992324654768E-005
   9.0815009742357790E-005
   7.0503565892814107E-005
   8.7281998231462639E-005
   8.9496453918939042E-005
   2.3671434560996969E-004
   5.7618977469010324E-005
   5.7658507800706116E-005
   9.6552587415750014E-005
   6.2486038563044167E-005
   6.6584117246132235E-005
   8.1931994469778999E-005
   6.3149855771600300E-005
   5.5117858726384029E-005
   5.5284149482756137E-005
   5.5064928740029984E-005
   6.9036482118945441E-005
   1.0095307828924932E-004
   5.3436913536466812E-005
   9.1497382545395177E-005
   7.1121404615412260E-005
   9.1847608401129284E-005
   8.8744587823774075E-005
   1.5802138764423827E-004
   9.7180186514411339E-005
   9.6160560031566898E-005
   1.0283650387088152E-004
   8.7708533455191514E-005
   1.1393071439229603E-004
   7.1857806844594310E-005
   7.1990546737781832E-005
   7.2227583487480010E-005
   1.0857887914508944E-004
   9.7566247604812475E-005
   1.3914299308928355E-004
   8.3934312299890334E-005
   1.1110577453623138E-004
   6.8145090801619579E-005
   8.9651439367892478E-005
   7.9349134960908580E-005
   7.7855377835072141E-005
   1.0540235709012779E-004
   9.3082025620680302E-005
   1.1197609706054272E-004
   9.7723589726684260E-005
   1.0237269489005682E-004
   7.7537947623766227E-005
   9.0485648068549276E-005
   7.4862009518127716E-005
   1.0934489008062863E-004
   7.0993059850383292E-005
   1.0737556356999705E-004
   5.3273039205947838E-005
   6.8666416781563102E-005
   6.7499574551052119E-005
   5.9293118562918451E-005
   8.3799957170895903E-005
   6.3925996148569037E-005
   7.6972920438010445E-005
   5.6279211748033456E-005
   5.6628329453153174E-005
   7.9702308651502851E-005
   1.2083489153058025E-004
   7.0716567251547240E-005
   7.7321944848848643E-005
   9.4779083541280578E-005
   9.1929240129383819E-005
   8.1925326052650739E-005
   6.6256814307138169E-005
   6.9451881303944803E-005
   1.2472278729861559E-004
   7.9297927619858744E-005
   7.6564888290135168E-005
   9.2293588002484531E-005
   7.2624579009777625E-005
   6.5466066820213181E-005
   1.1137556298096031E-004
   9.0824952913159496E-005
   1.0020889454330262E-004
   9.1026339700084569E-005
   7.9125752314271750E-005
   8.8380414363590034E-005
   6.8930024249373226E-005
   5.3568791784800613E-005
   6.4877656244077209E-005
   9.1376880383450956E-005
   6.8653994540797828E-005
   1.2597417123159943E-004
   8.5985242652912585E-005
   9.1196780707115721E-005
   1.1237651475950752E-004
   6.4130300618651606E-005
   1.1287126251189534E-004
   7.1292675834591857E-005
   6.8533050665580336E-005
   1.1396862869425351E-004
   8.6172858565672727E-005
   6.8439444943215410E-005
   9.2081737656218783E-005
   7.6111969002164116E-005
   1.6054356371542441E-004
   8.3376500485160052E-005
   9.5347151461640478E-005
   1.2519466743285320E-004
   5.2951974216293291E-005
   5.1182855790578246E-005
   8.6315170733363255E-005
   8.0522066252424878E-005
   1.0673135055949597E-004
   8.1956124263760536E-005
   9.5545906716646095E-005
   9.8579077559181834E-005
   1.0503259454884053E-004
   7.3228725107870622E-005
   5.8067869081499174E-005
   7.9564904938450942E-005
   1.1350543149311484E-004
   6.9271266222842458E-005
   1.0644246808633805E-004
   1.1369354257648718E-004
   6.6692331045694117E-005
   5.9787764346503999E-005
   5.8374397328972973E-005
   1.0084107474980512E-004
   6.8513699592329488E-005
   8.6484248718720350E-005
   1.3055901997616423E-004
   8.3561430316124688E-005
   1.2072934818662262E-004
   5.5650623286661328E-005
   1.0523838870511214E-004
   1.0660853836767837E-004
   1.6417768330533763E-004
   1.1060141914812114E-004
   9.4869246022024383E-005
   5.4186153469755837E-005
   1.4437703666485730E-004
   7.5140641218655405E-005
   7.5018813879812441E-005
   1.1086612235326414E-004
   1.3180243425540432E-004
   9.9014154622865548E-005
   8.0575883052706079E-005
   8.7952666999410782E-005
   5.8163176744385869E-005
   1.0308454083200124E-004
   6.5078976769558698E-005
   8.8518431129217648E-005
   1.5011519789665415E-004
   8.1624894833413263E-005
   1.2664893811745268E-004
   1.0300754003715383E-004
   1.0121098869100086E-004
   8.7751613588302923E-005
   7.0429882438298444E-005
   6.5615379723530710E-005
   8.1038590520238942E-005
   1.2092936782758283E-004
   6.5672705719712490E-005
   7.4293073741071573E-005
   1.6828149925101290E-004
   8.3831368340225512E-005
   1.1224189001090578E-004
   1.4610109116001632E-004
   7.4257705315292679E-005
   1.1294404919717840E-004
   1.5347593297639260E-004
   7.6624160616076608E-005
   6.3365653094765457E-005
   4.6149786867704608E-005
   8.8093417197322355E-005
   6.0083561605411156E-005
   7.4632335659988804E-005
   9.5960667507375013E-005
   5.9340093461292468E-005
   8.3119242266064972E-005
   7.3834468305927360E-005
   6.4009267834598104E-005
   7.5791723919466967E-005
   7.9356854682087640E-005
   1.0201720706899186E-004
   7.2802748869467507E-005
   6.6107423828941787E-005
   8.5250341343066319E-005
   6.5034033274757747E-005
   1.0291908593040188E-004
   1.0235077404189215E-004
   9.8439466874375203E-005
   9.4910007565691574E-005
   7.5859694853830636E-005
   7.7749259748572671E-005
   8.6566232982668650E-005
   9.7692517928298881E-005
   1.8488702282634016E-004
   1.2037849118088274E-004
   1.1363644273039124E-004
   9.6482090257300252E-005
   5.4050426980485439E-005
   7.8019863096126456E-005
   7.8317774474452400E-005
   1.6608374467393526E-004
   8.6147026496470681E-005
   6.0746339021157465E-005
   7.5486557935788745E-005
   6.4570324846231647E-005
   7.3310461325140213E-005
   1.0419082422665662E-004
   1.0166464519525458E-004
   8.0142697143358564E-005
   7.5241285680195381E-005
   7.3516263993287726E-005
   8.0788902130641239E-005
   1.0023133258900951E-004
   7.7240234611169765E-005
   1.2543361412931440E-004
   7.2141047538947401E-005
   8.1294435332666032E-005
   6.4653176919873316E-005
   1.5252999761073668E-004
   8.7377277197293399E-005
   1.0497151525927223E-004
   5.9844595912016237E-005
   1.0100854080425669E-004
   1.0573186494391980E-004
   1.3456356850942040E-004
   8.1191313429845543E-005
   1.0630846365932637E-004
   7.5710676576836662E-005
   7.0174775957201904E-005
   6.7822512185077366E-005
   9.2597160530433979E-005
   6.3942534306490835E-005
   1.4957365520124435E-004
