 Z =   453006.00000000000      dens =  0.13727793334566035     
   1.0860477612072009E-004
   7.9965840539914957E-005
   8.7843349930948712E-005
   9.5352097866440230E-005
   6.4799941120918149E-005
   6.6412714665621753E-005
   2.8235424259299719E-004
   5.7866452055774884E-005
   6.6041966913174107E-005
   7.0157878863896073E-005
   6.2421824651260152E-005
   6.0952060333940740E-005
   6.3470745056291674E-005
   2.7636114509352292E-005
   8.3550970798131253E-005
   5.9973452709002511E-005
   1.1980356770074227E-004
   1.7365083454733352E-004
   1.0362892993994295E-004
   5.2014531619506833E-005
   6.3289966397120039E-005
   7.6713210803983951E-005
   4.3369546892932813E-005
   5.5127992376531613E-005
   7.2551117910036326E-005
   5.6833636066302821E-005
   4.3951035410063315E-004
   5.1470948102362190E-005
   2.2324894637665123E-005
   5.9341050912426029E-005
   7.3688862288225079E-005
   4.5773910785371218E-005
   1.5389812411450350E-004
   7.6189300163768731E-005
   5.2594442699874140E-005
   6.9467664214228910E-005
   6.6867882106759783E-005
   2.7494715782699271E-005
   4.0632845037069297E-005
   6.6002577157044348E-005
   9.6843211536329287E-005
   2.3558615198504055E-004
   5.7427820733962865E-005
   7.2833524473394780E-005
   1.8753493323501116E-004
   2.5260847017628998E-005
   5.5373255492727303E-005
   3.1248709851483975E-004
   1.8173406044719523E-004
   2.5511155895156610E-005
   2.3064611721943335E-005
   6.7515840205868360E-005
   4.7927890976546248E-005
   7.3768843919731449E-005
   5.3644922499543012E-005
   2.7543259269763631E-005
   9.5349608920254576E-005
   7.8190874388359876E-005
   3.1874443523068519E-005
   7.7872121289545860E-005
   1.5685363393236790E-004
   6.1579674186865814E-005
   6.9813148297966643E-005
   2.9329118119394802E-005
   2.0288405330858249E-005
   1.2940704051103463E-004
   2.1846941205451174E-004
   4.3331509181004627E-005
   6.4458088653282196E-005
   1.9745155119399381E-004
   1.2234250077578027E-004
   6.1019395001249171E-005
   5.1238758782472652E-005
   7.0500031725867599E-005
   7.0552864468178761E-005
   3.0339751224941620E-005
   2.2830422594610029E-004
   3.2510197272100336E-004
   6.8020990063574584E-005
   1.7054061206513130E-004
   9.3762016383046505E-005
   1.3534131742648080E-004
   5.9733828299895475E-005
   1.3951401947014276E-004
   1.2846143130780313E-004
   1.3827864832978868E-004
   8.1011160611555672E-005
   3.8865808936789144E-005
   8.0843078821571840E-005
   4.9482126528514335E-005
   4.1116416248060960E-005
   9.0710342167171052E-005
   7.4570520803876288E-005
   3.7559747273046601E-005
   6.9622711855951754E-005
   3.5969629728155961E-005
   9.5476005095340577E-005
   1.3764896283146254E-004
   2.0353095007970347E-004
   2.0405558158826401E-004
   2.3829730714490478E-004
   5.4799551069978625E-005
   4.0716172416754059E-005
   5.8374194082647537E-005
   4.9393956395925441E-005
   1.7597393977767661E-004
   7.4703558031309562E-005
   3.6341555711852752E-005
   1.0739889914910584E-004
   6.5763997294634760E-005
   6.7630365406728911E-005
   7.4040759257902307E-005
   9.3739322069349453E-005
   6.8627029998202089E-005
   2.7384194197272515E-005
   4.7338223399043425E-005
   5.0036197788963694E-005
   2.0083290031795871E-004
   7.1328308042407370E-005
   7.9969537498365213E-005
   4.4345920204740704E-005
   4.9023845731288829E-005
   9.3323883273126434E-005
   6.4707324585806680E-005
   3.5684528713822322E-005
   5.1396861633157219E-005
   3.8115756841128611E-005
   5.3261083315004883E-005
   4.5946410449890381E-005
   5.4269782541488740E-005
   3.2690212994658613E-005
   4.5993473064772391E-005
   1.4401522851943530E-004
   2.6349092313695487E-005
   3.5035917083793250E-005
   1.6729147630127308E-004
   6.2854593937648675E-005
   7.3635904137259712E-005
   1.6844067988991588E-004
   6.1852405275877382E-005
   4.7374927730409460E-005
   1.9441445317045430E-004
   2.7247693076398445E-004
   9.8712801196919342E-005
   1.9653570545722051E-004
   5.6028935612758756E-005
   3.7290999440955327E-005
   1.5239023702236869E-004
   9.9628027443331613E-005
   5.6512344108970631E-005
   5.8040390717233781E-005
   3.0440085500267141E-005
   4.1485647545289335E-005
   3.0894272270716219E-005
   2.3861220363893607E-005
   5.7031744871690366E-005
   4.8111605123480188E-005
   2.9762245403730568E-005
   3.5718727525672253E-005
   1.0826109478402924E-004
   3.4338307081191125E-005
   3.5855757521010751E-005
   2.9273073291820559E-005
   4.3155789043583478E-005
   6.0070125253537887E-005
   7.5778517475146953E-005
   3.4876447344055221E-005
   3.5758644356745490E-005
   1.1558094190206352E-004
   7.0756958806536064E-005
   4.6660847793297381E-005
   8.5071053889042086E-005
   6.4151765760866517E-005
   2.4901166698437793E-004
   4.5363301362772654E-005
   7.7800485238885240E-005
   4.1751460057367819E-005
   8.0654532681678014E-005
   1.2344936846014131E-004
   5.0104462026081822E-005
   6.9909016816448500E-005
   2.0795741378089179E-005
   5.4234944292533608E-005
   1.1699591863330215E-004
   1.4824973077954978E-004
   2.1448440934283277E-004
   8.1298708571581949E-005
   8.5380854306453717E-005
   1.0334841330333337E-004
   4.7923042545519925E-005
   1.3327374619768209E-004
   1.2511566389716898E-004
   9.5556000596147377E-005
   4.9080630786721858E-005
   3.2412841713210857E-005
   4.6747299239105722E-005
   7.7939078557563314E-005
   9.8288107055157333E-005
   6.9214194160422513E-005
   4.9781283234068655E-005
   1.1688216310538002E-004
   3.5890822945485156E-004
   2.3302501312908290E-004
   6.0292554099242534E-005
   4.7311651864017031E-005
   3.5375264422114039E-005
   3.3270814790954885E-005
   2.7702273836051470E-005
   2.4495735642425216E-005
   6.6000566468812428E-005
   1.0616698561229202E-004
   2.1260291424541376E-005
   5.8860791706687319E-005
   2.4044241445692212E-004
   1.2007796600189686E-004
   1.7768546513894447E-004
   4.8715167445125125E-005
   5.3599739675917392E-005
   2.3415336897161937E-005
   5.2167039183529485E-005
   7.7925617650426474E-005
   1.8049187225321629E-004
   1.6547366132417480E-004
   1.2653492055201171E-004
   1.2397462720555139E-004
   6.6933625814912578E-005
   9.8974936107534362E-005
   1.7420370395087911E-004
   4.0105417220225141E-005
   7.9141920977344118E-005
   9.3152810999908999E-005
   1.4230262046878865E-004
   5.0258382799354503E-005
   9.1009538211787253E-005
   2.4878055452730964E-004
   6.8740541838130539E-005
   4.4456681971775556E-005
   3.9007940903694931E-005
   6.9767833914911013E-005
   5.1616549578327591E-005
   8.2466234006054625E-005
   3.6506420015191348E-005
   1.0016499678592887E-004
   1.2523457740249574E-004
   5.1060116507092428E-005
   1.7935579553107059E-004
   1.1730360166162948E-004
   3.8002330050626630E-004
   5.5000679258814548E-005
   3.0147569510463363E-005
   7.6358856393313689E-005
   5.5577003671536070E-005
   1.7129391914722902E-004
   2.4500957754867357E-005
   5.6416645966611700E-005
   9.9815566313675335E-005
   1.0897606963579777E-004
   8.1557320780988081E-005
   6.7497814846361007E-005
   1.0036359288470871E-004
   7.6554691526422943E-005
   2.0905334593811505E-004
   1.0412672569116330E-004
   4.7645930369794709E-005
   2.9916590353242081E-004
   6.4222387639176139E-005
   4.4860240367599178E-005
   6.4831899263644713E-005
   1.3097965216418212E-004
   4.9014711299915021E-005
   8.4465429098484811E-005
   8.7021604975357427E-005
   6.1208991887796779E-005
   5.6119998101725912E-005
   4.4164399592245637E-005
   3.3315816546572113E-005
   1.3279668388828150E-004
   4.5162102890772053E-005
   2.2750036064713926E-005
   6.1920081697448953E-005
   2.4831850558407773E-004
   3.1199623068772932E-004
   6.0716894372034182E-005
   6.4318123945743537E-005
   4.0635272438321150E-005
   4.4081841269901066E-005
   1.0536980385901500E-004
   2.6483856573878393E-005
   2.2532669699197455E-005
   5.6712370566584595E-005
   7.3666427663521413E-005
   2.0794516370019285E-004
   4.6256814788662720E-005
   2.9403398177498744E-005
   7.2524534026436677E-005
   5.6885927663222194E-005
   4.3970017473618893E-005
   1.3995181805157025E-004
   5.6581143189573472E-005
   5.9314950164197127E-005
   3.5525585369822245E-005
   3.1543149103146496E-005
   1.7004671083234384E-004
   3.4728313693456041E-005
   6.1807858330643580E-005
   4.8832479529987824E-005
   1.1411666111466809E-004
   1.1627326645769088E-004
   1.1487876753549436E-004
   1.3570007005068435E-004
   1.2953906059389933E-004
   6.4012486134496126E-005
   1.3596949140457700E-004
   4.2492066784778058E-005
   1.7368196331830161E-004
   5.6949964955391138E-005
   1.3626847794922630E-004
   1.1641497452258356E-004
   4.4924446577461370E-005
   7.3721276032886525E-005
   5.3200167026921007E-005
   3.2374897283837731E-005
   1.8827050660668538E-004
   2.2141916157376911E-004
   9.1427567859010835E-005
   6.5084150065748065E-005
   1.7765123808851881E-004
   3.7874410499799189E-005
   9.2723646347782208E-005
   6.0811038356419235E-005
   9.5148085799929110E-005
   5.4392159796001765E-005
   3.4039749254894534E-005
   2.0068411705773452E-005
   7.4332615945227445E-005
   7.1798004239403119E-005
   2.8366814520504612E-004
   2.8524728487255830E-004
   5.0961544318633585E-005
   3.6884481180368406E-005
   6.5174884029362880E-005
   7.6876060096669165E-005
   5.5518984421057250E-005
   4.8562256599732050E-005
   3.7318492838424501E-005
   4.6075562668684061E-005
   6.5120626470451659E-005
   3.9962610734710967E-005
   6.2282801337265354E-005
   7.8936188144354715E-005
   5.3420041038917992E-005
   1.2160612469788625E-004
   7.0152402734888450E-005
   3.5068206329608540E-005
   3.7667605294745326E-005
   1.4173689806704019E-005
   3.4691224580294876E-005
   5.7724643153939636E-005
   2.5994653379849989E-005
   4.9355213993147039E-005
   1.0165826229423353E-004
   1.4445374445687961E-004
   8.1691614993713210E-005
   7.1886263186944849E-005
   1.1523991228276051E-004
   1.0884703000751221E-004
   7.3452065824062808E-005
   8.1350681758874952E-005
   2.0616830668650790E-004
   2.1960504212614523E-004
   1.1472181966911364E-004
   2.2722359228572866E-004
   4.1723914440748539E-005
   1.7692810920372221E-004
   4.1671112542147674E-005
   8.1049115899572413E-005
   1.6330118840554776E-004
   1.4162848736774187E-004
   1.4757071811448690E-004
   3.7904945560652951E-005
   4.9085132739805633E-005
   2.9938884826361310E-005
   5.4911361032037514E-005
   5.3549887537398730E-005
   3.8326141271161082E-005
   4.3517115492959662E-005
   5.0815530132421333E-005
   3.8892036252417199E-005
   9.2527688153781981E-005
   1.4580232547225190E-004
   3.4770349536338425E-004
   8.6488857984087344E-005
   7.3947500015727880E-005
   3.5586124133181932E-005
   3.2992273742188353E-005
   4.8803621850632192E-005
   1.0887693928689186E-004
   5.4006248930712101E-005
   3.9979263194825639E-005
   4.6188750882242403E-005
   4.1232383853621639E-005
   3.7811785995534508E-005
   1.0553542904540271E-004
   1.0073741767105786E-004
   7.6385958023363556E-005
   1.6597041332210564E-004
   4.9937323594390012E-005
   4.6176006726496204E-005
   1.6264088909142296E-004
   5.6369858281098016E-005
   3.2197844448773741E-005
   1.6121925847875713E-004
   3.0438614105066267E-005
   3.6686104639066150E-005
   1.0266835202990722E-004
   1.3327848588252510E-004
   4.4049954912852856E-005
   1.3093941897556805E-004
   5.2754489777007969E-005
   6.2605336678354061E-005
   3.8904929280387448E-005
   2.0161325187504625E-005
   3.6945931435755598E-005
   3.2726035844322991E-005
   3.9550181702082849E-005
   6.4335312815346244E-005
   9.3242813605802575E-005
   6.5238129884303590E-005
   5.5969044533644736E-005
   4.4199967281989757E-005
   3.8601328987521428E-005
   1.7763726206182204E-005
   4.9727027942541625E-005
   4.8915001474834837E-005
   1.4218262954543491E-004
   2.1662606932230097E-004
   1.2654876641061567E-004
   3.9439858693175464E-005
   1.3457869094364060E-004
   4.3296781948149928E-005
   4.4627506087199083E-005
   6.2804477422517729E-005
   5.5734098478046164E-005
   1.6610931670851204E-004
   1.3186163802140875E-004
   4.7212996353016186E-005
   6.2437673165610479E-005
   1.1433947245599210E-004
   7.5111817259418946E-005
   3.6871416443444205E-004
   3.0139750965619551E-005
   1.1241332023028114E-004
   5.5330433807229038E-005
   2.1182248221576696E-004
   4.4692821582086128E-005
   4.9056255423449778E-005
   2.2618343729650384E-005
   7.7716697113328420E-005
   1.3529417276830492E-004
   1.0122083538491577E-004
   8.6072905794568812E-005
   3.9361685645340435E-005
   2.9421739817663591E-005
   5.0049526925821052E-005
   7.2224581702010404E-005
   3.2874870472872620E-005
   3.9310245269832549E-005
   2.1963313612016713E-005
   4.7276064451088786E-005
   2.6595090295344602E-005
   9.2492719289635579E-005
   3.3695193667854880E-005
   5.6949632122581695E-005
   4.6284968554402031E-005
   1.4585374118529515E-004
   4.9204485963997713E-005
   7.8271357763047523E-005
   7.6200794056934215E-005
   2.5953594666349343E-005
   5.1339729182292588E-005
   1.1330713018789153E-004
   4.7910590760289443E-005
   3.1462014543673074E-005
   3.8878023086618428E-005
   4.4348136521596595E-005
   7.5798185386488761E-005
   6.2018527958636812E-005
   4.8268539097340830E-005
   5.3481736426576179E-005
   3.5391475926580511E-004
   1.4039290422574444E-004
   2.8461632427922515E-005
   1.1353494628980652E-004
   4.4123988966073277E-005
   1.1461778570249501E-004
   7.7292029166068315E-005
   1.6580486127265993E-004
   1.5339747083252062E-004
   4.6864344907845994E-005
   2.8810442099592283E-005
   3.2939291323161996E-005
   4.2053057218510344E-005
   3.6110769802442370E-005
   6.1969141978862954E-005
   9.7081102519191637E-005
   2.7589966208483217E-005
   3.7344956859721178E-004
   7.4492291387093142E-005
   3.0296241475382126E-005
   6.6531448482731127E-005
   4.5458771113372826E-005
   1.3045232842812571E-004
   7.7721329466416751E-005
   2.7736189372791293E-005
   3.2371146042850040E-005
   3.4509714525045892E-005
   8.6526458008236973E-005
   7.1285559128223179E-005
   8.8945593642565697E-005
   2.4843243604324076E-005
   4.5961446027520943E-005
   4.3559803319538657E-005
   2.1733920475825667E-004
   8.2521540953775350E-005
   4.2321397128640536E-005
   2.5757330641124730E-005
   1.4041315378518653E-004
   8.9617024278431905E-005
   9.0615494549403557E-005
   5.9633015783947726E-005
   1.2186692970810624E-004
   2.6434513719579074E-005
   7.4973610188221215E-005
   1.0384019561267769E-004
   7.2970761790443051E-005
   7.3983027069607934E-005
   6.0956598672986216E-005
   3.4445253366855491E-005
   1.4779104462086097E-004
   8.6574651221957749E-005
   1.3331464103203964E-004
   7.5520893134870527E-005
   1.6237104479258270E-004
   6.9076188997884712E-005
   1.2320032573635354E-004
   5.3157423928750109E-005
   3.2434085039375100E-005
   5.3579656015519952E-005
   4.4902151089883028E-005
   6.5775809150139076E-005
   2.1233324311006928E-004
   3.8295144081173321E-005
   1.3280782379204478E-004
   3.3671502491599061E-005
   5.2721111462762955E-005
   5.7884307606335264E-005
   3.9982946439155337E-005
   3.3919177215552398E-005
   4.4932779571660632E-005
   3.0107716328324834E-005
   6.4810070753681422E-005
   1.3667139005180934E-004
   3.4449806111295609E-005
   2.5336811427698124E-005
   4.6909982206659939E-005
   6.9245181145716677E-005
   5.5964134353282753E-005
   5.0588978835938313E-005
   2.5060555977836097E-005
   3.6423099884351041E-005
   3.5982168845946822E-005
   5.6866532810094778E-005
   5.6100479615002425E-005
   7.5715550025954405E-005
   8.5729939579068390E-005
   6.3452102829485082E-005
   5.3683926972314820E-005
   2.2645856929752029E-005
   3.6053793936969324E-005
   2.8797782365468447E-005
   3.7504326678460018E-005
   7.2313301211869083E-005
   4.0730057508558115E-005
   6.1275233028638837E-005
   2.7618636099149078E-005
   2.2049504939576942E-005
   2.7980622242273369E-005
   7.3404693044094624E-005
   2.1325043375479530E-004
   5.0561676978016274E-005
   2.8748883472216733E-005
   1.0706771188515048E-004
   7.7051441897258644E-005
   5.4859732817292333E-005
   1.4587727091719283E-004
   5.7451914352113734E-005
   7.5475535351609714E-005
   2.4708342415868674E-004
   6.3178423463397984E-005
   2.2108185778856497E-005
   6.2179559671010249E-005
   1.8357135677947648E-004
   5.4337840270062126E-005
   6.3142326999538747E-005
   4.6079070835990560E-005
   2.7695609322779470E-005
   9.4951455248010519E-005
   3.8091589379552587E-005
   8.9153388051989134E-005
   1.7268802674041568E-004
   4.7335173322557505E-005
   5.8607985252465757E-005
   1.7178889782364746E-004
   1.0461507806622475E-004
   1.3357949547877218E-004
   4.4180387272775887E-005
   3.4183697562504749E-005
   4.5674771721324448E-005
   2.2453787039783288E-004
   6.2316342728155810E-005
   5.0406236696582227E-005
   8.7228844465468472E-005
   5.9457037537358560E-005
   3.5090013414342443E-005
   7.3349939197239612E-005
   5.4543661487921096E-005
   6.8143392938982013E-005
   4.1767193719151747E-004
   9.0236183081160768E-005
   3.9464430376530814E-005
   3.8885820503047014E-005
   1.6894288190649683E-004
   1.2532566135570688E-004
   1.3901506136919324E-004
   4.2196109238709557E-005
   2.0449530797135880E-005
   9.5555886666293300E-005
   4.7919357175269836E-005
   6.4778344489283164E-005
   4.0632049479119817E-005
   6.8302293920629559E-005
   3.1017529940884162E-005
   3.1603662662769461E-005
   1.8486570543564822E-004
   8.0911023615213692E-005
   5.2924743121075638E-005
   6.9707425228152537E-005
   8.1997874655533840E-005
   6.7655649497479184E-005
   5.9698470326280570E-005
   3.8225243984111859E-005
   6.6274228462966301E-005
   4.7897359422902518E-005
   1.9288006014957560E-004
   6.3802894212412094E-005
   1.4369914076203311E-004
   2.5222311703733534E-005
   2.3014754569820784E-005
   3.4773258369587505E-005
   5.0636187543694185E-005
   6.6761921104329400E-005
   1.0394913525581359E-004
   2.7690288889406867E-005
   6.4355913628830416E-005
   7.7542640712841842E-005
   8.2557871310012532E-005
   1.5753200816795058E-004
   1.1757620760164952E-004
   2.1261815589074972E-004
   1.7727949781096137E-004
   4.6032580261136282E-005
   2.5640860028953468E-004
   7.3259361024830336E-005
   4.7282178130064185E-005
   5.8839607729302378E-005
   5.1550686802994894E-005
   8.2720204072192380E-005
   1.1678985497893075E-004
   3.4560508306688720E-005
   6.3126377631229081E-005
   3.8646254414885212E-005
   4.6738875748464325E-005
   8.1672441174432232E-005
   3.4201867621208186E-004
   9.9294290704028099E-005
   7.2573077105151390E-005
   8.6903079870183985E-005
   6.1511668215077239E-005
   1.1470746313100890E-004
   8.4518379224283899E-005
   3.5111947722025250E-005
   1.1585474916884223E-004
   1.3155062520545728E-004
   5.2203366987879818E-005
   1.6546141207468787E-004
   6.0393253875828572E-005
   6.1839997930816353E-005
   4.5085645419297271E-005
   8.4841547316575941E-005
   2.2882513753179127E-005
   3.3414685381280900E-005
   1.6932301619361617E-004
   1.2710024613929395E-004
   4.7280381178923096E-005
   6.5604542272087088E-005
   7.2603903235539743E-005
   1.6423300797707433E-004
   7.1844006492719691E-005
   7.2963829697014529E-005
   1.2903872021064684E-004
   2.2107898665236299E-004
   3.7704944645864383E-005
   5.3360646135152209E-005
   7.7389108124551251E-005
   1.0333935026917340E-004
   4.5280270867279873E-005
   5.3713238397915340E-005
   1.1810294708532400E-004
   9.5948756325683597E-005
   5.9090148391589596E-005
   3.7229142432518388E-005
   5.1732759679593773E-005
   3.7473482488650953E-005
   4.3340496769402701E-005
   9.7634065442805560E-005
   5.1531116528610036E-005
   3.8467637370404782E-005
   4.5524171325604555E-005
   3.2114184786657395E-005
   3.0841897987069693E-004
   4.9994438050045160E-005
   1.4853076951361834E-004
   2.8804695498539271E-005
   9.0007250156734432E-005
   3.2115946600147862E-005
   5.0007217470448216E-005
   5.6184420970207223E-005
   9.6201996512905108E-005
   4.8787748868520498E-005
   4.2774719558357310E-005
   2.5274410072381200E-004
   6.6806841367918096E-005
   9.0731516595956072E-005
   3.9234893922317331E-005
   3.9010068586931891E-005
   8.9385229914884737E-005
   2.3764812598933327E-005
   6.3379426447352126E-005
   4.4057366515115284E-005
   9.0804068676850292E-005
   6.3498430168833599E-005
   5.5975570373179235E-005
   2.6919549119587452E-004
   3.7452846637547667E-005
   9.1495898441312399E-005
   1.0314239626858408E-004
   5.8306689595283390E-005
   3.6311129441849470E-005
   3.6968674894161284E-005
   5.3306062310944240E-005
   7.5674497974371409E-005
   6.1390042037059563E-005
   1.2460624213311131E-004
   3.2414953367030583E-005
   5.3589109403337794E-005
   3.6793034964477492E-005
   8.2553562733166442E-005
   7.0773170247744093E-005
   4.7518672466046519E-005
   5.1833125400355942E-005
   4.1627371930261207E-005
   9.1862777779341945E-005
   5.3774297141508349E-005
   2.6927604051964947E-005
   3.8164697068903205E-005
   1.1175395994492223E-004
   6.2913952936472135E-005
   6.5811164953537900E-005
   6.1768237947037354E-005
   2.2713375428867747E-005
   5.1934682650258642E-005
   9.5021738112187199E-005
   5.4419543832285569E-005
   9.1972336968999219E-005
   3.9578258406242401E-005
   4.6050998019128448E-005
   4.0169003357780167E-005
   1.4942023961959840E-004
   3.7608245694239852E-005
   9.4396827054322809E-005
   1.8320089739378638E-004
   5.6328164709116192E-005
   9.9603175525243715E-005
   1.7787292812667898E-004
   1.3505635652207812E-004
   1.2545798212808159E-004
   4.9673506220385933E-005
   6.0803102727526600E-005
   2.8400450252641495E-005
   6.1168994997307468E-005
   3.1739960758961912E-005
   3.2177014513142804E-005
   6.1095465296957035E-005
   2.5110862750286972E-005
   6.2239786190513216E-005
   1.3674914304377829E-004
   7.5091081176387596E-005
   5.0890408657409706E-005
   6.7787387317962947E-005
   4.7159994789509523E-005
   5.7981984214169121E-005
   4.0459269083050750E-005
   5.1629097828486268E-005
   1.4936052123195174E-004
   5.7417079653871331E-005
   2.7521826946549553E-005
   5.4875812476779322E-005
   5.8823685818016942E-005
   2.1194228199168106E-005
   4.4750153658504882E-005
   1.0111709797544823E-004
   6.4255067615529726E-005
   1.1316873811068447E-004
   7.0511029005853359E-005
   5.0383518359147593E-005
   8.5555347244644378E-005
   6.7289240602339863E-005
   5.0676413259865104E-005
   2.8384330985120467E-005
   4.6512221940515348E-005
   5.0250052237230256E-005
   4.3600351027651949E-005
   1.9705628614729177E-004
   7.7392201107336357E-005
   5.8841713581934706E-005
   1.5125680910209086E-004
   4.0649728930711327E-005
   4.6887783089493885E-005
   1.1870874042015406E-004
   3.5132193662072810E-005
   1.4794733457439068E-004
   9.0613083984752700E-005
   1.0432577020520251E-004
   3.8477891268858905E-005
   1.1121321220675581E-004
   6.4889253400238870E-005
   3.7061376098394740E-005
   2.1986407011854206E-004
   1.1105399667226034E-004
   3.9910815091641679E-005
   5.6230194882801806E-005
   3.6440215532936005E-005
   4.5611027122690420E-005
   4.9910652474940960E-005
   1.7602867211702412E-004
   7.9189396820641115E-005
   1.9672517140827901E-004
   4.7547823251531918E-005
   1.0459013742531559E-004
   9.1367448257720881E-005
   6.8766709429608820E-005
   6.4419491353096374E-005
   1.2136776703835802E-004
   1.4392419268124130E-004
   1.5835726830579699E-004
   6.6062233148263491E-005
   4.2219073349120299E-005
   6.8717395161003867E-005
   7.3387497819896505E-005
   6.6851812761085336E-005
   7.8870085361853323E-005
   4.6894990588763254E-005
   3.3158492546646932E-005
   2.9872960801180146E-004
   2.9975134292883000E-005
   4.1459111912574691E-005
   2.6207147261980777E-004
   1.0886095457165609E-004
   5.9231147891150982E-005
   1.1141585669862692E-004
   6.3230860452594243E-005
   1.3408059632568674E-004
   2.3521362791560928E-004
   5.4140954023140557E-005
   6.1776714374813156E-005
   1.0751445299961314E-004
   2.5091691925427128E-005
   3.6471799560270264E-005
   5.9897515412390711E-005
   3.3649544844879658E-005
   4.0099064111260859E-005
   7.2065555780419417E-005
   3.8159943570649672E-005
   3.6871447753831197E-005
   1.2928307929556941E-004
   9.6688790146290797E-005
   1.1135763676835226E-004
   4.8465023112544333E-005
   8.0041455453908395E-005
   4.2647169928354604E-005
   1.3789241335523494E-004
   9.9918590917169608E-005
   7.2836827323447223E-005
   1.0945869865755508E-004
   5.0979228519234732E-005
   8.6844535406760496E-005
   1.7922134983040818E-004
   2.6731996856196011E-005
   4.4648769584506063E-005
   3.1296527796957079E-005
   7.8922302050519078E-005
   3.7555301280394806E-005
   6.8004694646756127E-005
   1.6530929692805133E-004
   1.3793882427645939E-004
   6.6525782683001422E-005
   1.2401843980598982E-004
   4.3448577045206921E-005
   6.6840146394362565E-005
   7.5068516353542016E-005
   3.1417067632365570E-005
   7.0388903229298569E-005
   6.9970774436479893E-005
   8.3121289637623895E-005
   6.0996326163205436E-005
   1.1060518904130311E-004
   6.1648575554570830E-005
   7.6475784166573027E-005
   5.7179693518214362E-005
   2.0142839364898727E-005
   5.7600488133046656E-005
   8.4882729462205095E-005
   5.0084148917419178E-005
   5.6788131080959406E-005
   1.3603698494123911E-004
   4.5823491199242872E-005
   8.5811757936877589E-005
   6.5449877756984680E-005
   4.6194164734023079E-005
   7.3240600969016084E-005
   1.0422305575141357E-004
   5.3417460921169023E-005
   3.5726875279741640E-005
   8.3549853164829389E-005
   7.0790987436889340E-005
   1.6366159716418245E-004
   9.0646078816512113E-005
   3.5519103915579839E-005
   9.4669159568187424E-005
   1.3002131238348070E-004
   9.3003813453769314E-005
   3.5066039539016815E-005
   3.2239701071539967E-005
   3.2600168889409117E-005
   5.5149586575206467E-005
   4.9086991381020310E-005
   6.7958819580955053E-005
   8.2138426106901234E-005
   6.2177114495306354E-005
   3.4412407358155693E-005
   6.5079629702442782E-005
   1.0232451878214018E-004
   3.7341394471559428E-005
   3.2057129936159429E-005
   3.3394707643651798E-005
   2.5348509268215274E-005
   1.6471922647124821E-004
   4.6980558238224493E-005
   5.2666238024226001E-005
   4.0489892713899390E-005
   4.6508024961070106E-005
   5.8643732705169528E-005
   4.3814209620131939E-005
   2.3772884109579074E-004
   6.5710948849200741E-005
   4.2435341444183314E-005
   4.4970999401393400E-005
   3.9962873593258416E-005
   8.3010566170026070E-005
   3.5437645271024926E-005
   4.7503437680233523E-005
   7.0603889137616372E-005
   3.2239664160127305E-004
   9.4893562609998141E-005
   9.4972369936584971E-005
   3.1517398613972949E-005
   4.2678475146637747E-005
   1.6553728789975311E-004
   3.2822098833255102E-005
   4.8807053412940861E-005
   7.6746312480374936E-005
   4.5681546366709530E-005
   1.9379662255911541E-004
   4.0947039602625127E-005
   4.9693965663958654E-005
   1.0548842725901699E-004
   1.5348846408926140E-004
   8.8237516318518202E-005
   8.4777144306624001E-005
   1.2776386088074218E-004
   1.5643835893609250E-004
   2.5178921180720769E-005
   3.6603991159497699E-005
   8.4616618958401220E-005
   5.0168023199303818E-005
   4.1158630939796131E-005
   1.0958190562301837E-004
   1.0316444026699099E-004
   6.0587788903578614E-005
   1.1741126553051963E-004
   5.6785263267342374E-005
   6.0148544920446793E-005
   4.1960641155853424E-005
   2.1041701699973619E-005
   1.0240726087279445E-004
   2.9322406791331771E-005
   3.1056314029907989E-005
   9.2089252380302589E-005
   4.6978477897775176E-005
   1.7184625415043437E-005
   5.0820882570303981E-005
   6.5979965172065263E-005
   9.7983777976477090E-005
   9.6172330489379909E-005
   4.0954898070170965E-005
   9.0961415264195791E-005
   7.6373657814321415E-005
   4.7206227201376184E-005
   9.5668711291541894E-005
   1.2611427254453385E-004
   1.1195221927075619E-004
   3.6862695906769670E-005
   6.4666781011466214E-005
   5.1393546187286324E-005
   4.9969573019560013E-005
   1.7056647624030813E-004
   1.3431814630246612E-004
   5.9230656673313484E-005
   5.0650484924638298E-005
   2.9774728313398943E-005
   5.8641912614286858E-005
   3.8244111310963087E-005
   7.0831868111964719E-005
   1.5983022457836553E-004
   6.1158673910792296E-005
   5.8137421552039155E-005
   3.6442309508190007E-005
   5.3307164738205895E-005
   1.1883390407607184E-004
   9.5408772293117158E-005
   9.5699576377058203E-005
   3.5912894405052243E-005
   4.7631417583493017E-005
   7.8449661106305124E-005
   4.6716636913528907E-005
   5.0783172229222791E-005
   7.7122419630125784E-005
   1.0530973909108899E-004
   7.7281739698579401E-005
   2.9567117880747444E-005
   4.8049864604975790E-005
   5.6795390005513447E-005
   6.1672191245129855E-005
   3.0862378137408901E-005
   2.8202954651471561E-005
   5.4872470565232666E-005
   5.0220700182219459E-005
   3.4469495987851394E-005
   1.2835129370828877E-004
   7.8816864028593639E-005
   6.6223547049255036E-005
   4.9807982410900411E-005
   4.8032061838341783E-005
   4.7503583644766545E-005
   6.2953459366978326E-005
   7.6230029829877670E-005
   6.2166979026165639E-005
   5.1525148699271360E-005
   5.3442841449410266E-005
   1.2628001880033031E-004
   5.0661961334735173E-005
   2.8587612969943310E-005
   2.7982618384205584E-005
   3.7599677247525818E-005
   5.8400168760593461E-005
   1.5678917923880260E-004
   3.3505674120450791E-005
   5.7825396307992401E-005
   2.8364659850274496E-005
   1.4384630584745789E-004
   4.5366155287836456E-005
   1.0441690294162133E-004
   1.0426056175344821E-004
   6.3384895314261316E-005
   1.9462716389296371E-004
   3.1878325141135873E-005
   3.8418899275447677E-005
   1.6536355892766212E-004
   6.1023759822643384E-005
   7.8967239900519959E-005
   7.9574792503383970E-005
   2.2324684022865705E-004
   8.8264068119113710E-005
   7.5207661058569890E-005
   2.6936809821709507E-004
   3.4557825972886679E-005
   1.2302617772407857E-004
   5.7948954910755071E-005
   1.7966800627449870E-004
   5.5774065630865853E-005
   5.5330094742943993E-005
   8.3400091244161540E-005
   7.9781147204236431E-005
   8.0121347383987814E-005
   8.1851484325286690E-005
   6.7339560181927768E-005
   9.1880321434645158E-005
   4.8532369289327554E-005
   4.4634414641653843E-005
   5.5274410811113134E-005
   8.0349093385519274E-005
   9.3623388933126991E-005
   9.4997916965731426E-005
   4.9453830536784416E-005
   1.0673549107398730E-004
   5.4979547008737022E-005
   6.2058260732466048E-005
   4.7899553270443759E-005
   5.2446306951368707E-005
   1.9806258891673182E-005
   5.3827718382542145E-005
   6.7424332579045626E-005
   3.6705177971051641E-005
   5.4409902689228813E-005
   2.6138177528276743E-005
   3.2800003388010627E-005
   1.9324759091246787E-004
   9.2519582377727260E-005
   4.5866974063311981E-005
   3.1188010304103403E-005
   1.0202203955855418E-004
   4.7913986304514691E-005
   5.1696979077050426E-005
   9.2165045813864471E-005
   4.1370071394038080E-005
   2.3591364514624483E-005
   4.0650713811471329E-005
   7.7773175810690552E-005
   5.0160571717114860E-005
   5.8302089267313829E-005
   1.2116929054396275E-004
   1.1770496787802057E-004
   5.0018689378106237E-005
   2.4675832533018128E-004
   6.0427921533474891E-005
   2.8888759234312049E-005
   3.8583849740058963E-005
   5.2803652115049367E-005
   7.1621859830417326E-005
   1.0581353217365429E-004
   1.8009113042986853E-005
   5.3152356761370502E-005
   3.4725963225287675E-005
   2.5642487515259159E-005
   2.9634058295998414E-005
   9.3867655203031683E-005
   2.0398143114000474E-004
   4.5152229319586090E-005
   7.4764148221438654E-005
   1.0162731923772594E-004
   4.8344940796895903E-005
   2.1840239039602638E-004
   3.9901679798247231E-005
   3.5568844007769966E-005
   3.9061929690761425E-005
   3.9852471641171258E-005
   1.8929165134856090E-004
   1.1568529208998565E-004
   8.5391272031620059E-005
   4.2214610937203733E-005
   5.6105695715025959E-005
   6.5100840068380375E-005
   7.3172208188106386E-005
   8.7994738485888270E-005
   2.9548091175706652E-005
   3.9419003148102970E-005
   6.9911906853629301E-005
   1.1184880108580162E-004
   7.0382509037648179E-005
   3.9880274641043913E-005
   3.5802034762385015E-005
   4.4653367376740155E-005
   6.1209663200441426E-005
   8.4509919660410936E-005
   6.0137103874723551E-005
   1.2341027933760037E-004
   1.0460866570846467E-004
   4.3131941033208135E-005
   6.6334827870383051E-005
   5.1112656315263239E-005
   2.8727946789092484E-005
   4.3728052393769443E-005
   1.1880042293120289E-004
   7.0537588394404806E-005
   2.1293679321484612E-004
   4.9702500303400697E-005
   7.9422017839384063E-005
   8.8701610214697826E-005
   9.8080670814032980E-005
   5.8990715139809563E-005
   5.0628585608705154E-005
   3.0648421772778624E-005
   8.8855138612903235E-005
   1.1095901636649374E-004
   1.4740067364920275E-004
   5.9602099490204144E-005
   2.8585381805812282E-005
   5.7251902413147163E-005
   5.1056617562417044E-005
   5.0056399844202524E-005
   1.5751075294631185E-004
   7.5304018286993552E-005
   5.4429634930366100E-005
   5.0420951094136406E-005
   3.8590674250547249E-005
   4.9905282721771576E-005
   1.1455293442125899E-004
   5.5946537153517793E-004
   2.7186456120012281E-005
   4.9035315539313523E-005
   1.3219051901245272E-004
   9.6400284114927181E-005
   6.8207195504516187E-005
   5.5948273359573801E-005
   4.3075008857402445E-005
   8.0601357858680348E-005
   1.1361167025403719E-004
   1.2650847769745603E-004
   9.2572771329899211E-005
   1.4151527115472499E-004
   1.5901074171790352E-005
   5.7180023717170932E-005
   3.2699156441066745E-005
   1.0578331935551512E-004
   1.1208017779472906E-004
   7.3164958842843482E-005
   1.3020353838965701E-004
   4.4444326072565491E-005
   4.3397638611134776E-005
   2.3803989761166416E-005
   6.7468568436068369E-005
   1.3357151101518847E-004
   3.7068906861039447E-005
   7.8248130747584377E-005
   1.4000848585712995E-004
   2.6891903845985428E-004
   5.1065389514571381E-005
   8.3956434408892952E-005
   4.4129565958174894E-005
   9.9443175496039809E-005
   1.3179613195136181E-004
   4.4363307823486463E-005
   5.6682091609204371E-005
   1.4884846466889408E-004
   5.5559662759707739E-005
   8.4670101540251766E-005
   3.1853581515964642E-005
   2.8588821259295173E-005
   8.6219531721650497E-005
   1.0169979375879618E-004
   1.1151641805744902E-004
   1.0985160253491536E-004
   1.8588959057145828E-004
   2.8095776385706407E-005
   9.9636992423693442E-005
   4.3613799523172166E-005
   8.3001886850214007E-005
   2.6156898955657519E-004
   7.3822173132130078E-005
   4.9232441389050241E-005
   4.3397111486279374E-005
   8.3916125981801421E-005
   1.0583567217318700E-004
   2.1453939150107575E-005
   3.0463187229794436E-004
   6.1495518846471056E-005
   1.6155684845379413E-004
   6.1170350509600686E-005
   7.9173756812713636E-005
   1.4098371592762463E-004
   9.5930636645104227E-005
   1.1069247856850679E-004
   4.0484583782022459E-005
   4.9319891429597049E-005
   1.2408574769001574E-004
   2.3944374674270355E-004
   2.1609723645868969E-005
   3.3539577618482638E-005
   3.3001790723115929E-005
   3.4467121825097286E-005
   1.1452637008116692E-004
   1.1035570731944739E-004
   1.2629858266783336E-004
   9.4159945196354552E-005
   6.6252035358442467E-005
   9.0418000680244368E-005
   4.2848503376347665E-005
   1.0575220758154900E-004
   3.4555561700938234E-005
   1.7819499060188419E-004
   1.9713465919664580E-004
   3.1752878930878515E-005
   1.3110384324807180E-004
   7.7224217993117580E-005
   5.0271170130760500E-005
   6.9029336521355872E-005
   3.8545437984978049E-005
   5.5887978854509420E-005
   3.0939059798928888E-004
   1.3008612917132147E-004
   7.0992703316307985E-005
   5.1548352811897172E-005
   1.0453813284245940E-004
   9.8236961676055398E-005
   2.6345249089488665E-005
   3.5975420521302486E-005
   5.6650825671424001E-005
   7.1381764945105793E-005
   5.1786795079301823E-005
   8.3160535141170590E-005
   8.0430702268436682E-005
   8.0506690369489689E-005
   8.7823518084194417E-005
   6.3440392630684329E-005
   7.9602824012969242E-005
   5.8040004118809399E-005
   8.7157373697626994E-005
   3.4413607811275707E-005
   4.8972995025365824E-005
   6.9411517554287950E-005
   9.5456876568433198E-005
   2.5842468075794742E-005
   5.6121118401659022E-005
   6.3718865996706625E-005
   5.5230181582446790E-005
   3.6620858318858565E-005
   9.1228880409098992E-005
   6.1151868338911962E-005
   5.2312319659277052E-005
   8.7164669438907378E-005
   1.0404242078499366E-004
   6.3580433607636841E-005
   1.3580025818811731E-004
   1.1513327705559961E-004
   3.4294680382047422E-005
   5.8693426652910371E-005
   1.0205406762964256E-004
   5.7081445802410840E-005
   1.3643721254513454E-004
   5.9604091657909284E-005
   6.8963692161161459E-005
   5.3701002010851853E-005
   6.6646224371971115E-005
   9.0108414995323491E-005
   9.1142408489174414E-005
   6.4538059955002291E-005
   6.8574634128618618E-005
   9.1300376163343567E-005
   6.7471752088166476E-005
   8.9956787064635068E-005
   2.2261145281978663E-005
   6.2184830914809085E-005
   4.0138337412238097E-004
   9.8884635016057340E-005
   4.0122771009349714E-005
   7.1849876712402690E-005
   6.3842476044126485E-005
   3.1428637695135668E-005
   9.7397307791598879E-005
   1.0092775610707621E-004
   7.3004856362982257E-005
   1.1595245536585877E-004
   4.4952442154920193E-005
   6.8144173642798887E-005
   3.2422874652301245E-005
   4.4276300296734630E-005
   5.7120512425943137E-005
   7.9339951323010650E-005
   8.9514320233424844E-005
   9.9074082384697162E-005
   8.7961642517604869E-005
   1.6746823795024094E-004
   5.0249720404559608E-005
   1.3112526668877399E-004
   5.7182197108527304E-005
   3.9559608070454867E-005
   6.7213095419617854E-005
   1.1854957263520907E-004
   2.3506879556199705E-005
   5.6816521556629014E-005
   5.5019918153279259E-005
   5.9541129240477117E-005
   2.5015750103084733E-004
   2.9557312406314788E-005
   3.8877504645295299E-005
   6.9719944271156087E-005
   7.9006757690196591E-005
   8.3679973103224678E-005
   1.6533867227178165E-004
   7.5101931791326143E-005
   3.7714758061054452E-005
   2.6374511013654001E-005
   2.6791925649920661E-005
   1.5133649940579088E-004
   1.0652020961974763E-004
   3.3654364836267798E-005
   2.2567972597474370E-004
   8.6943143972022236E-005
   8.1888966080781344E-005
   6.7268569991804224E-005
   8.9551603013572978E-005
   7.2030199232861857E-005
   7.3646158944736231E-005
   2.2923816604365280E-004
   9.7885359521792981E-005
   7.4877907435543084E-005
   2.1064511026319372E-005
   8.9701384056888546E-005
   5.6805794346405069E-005
   2.1324467361219821E-005
   5.3216164108885755E-005
   5.4303105582942507E-005
   7.8245748530678488E-005
   3.9008158981238523E-005
   1.0163892890912072E-004
   8.1648859791914750E-005
   8.2009162161097559E-005
   1.2426415564809800E-004
   3.8786680661343516E-005
   6.6411597507477565E-004
   6.0544218012220793E-005
   1.7882275218556492E-004
   1.7633068614706157E-004
   7.7331074134104314E-005
   5.0282930465438101E-005
   3.1880710819004473E-005
   7.5239371034363026E-005
   7.0895933773746075E-005
   8.6437409359183459E-005
   4.9759903814015352E-005
   2.5316894898623879E-005
   2.7361257392964792E-005
   4.0352891877290102E-005
   1.2089363990986294E-004
   8.0781271956796544E-005
   5.2223381229975564E-005
   6.6918332497284031E-005
   3.9604856525544713E-005
   5.3070110211357928E-005
   7.9347146713316149E-005
   4.6008767067866227E-005
   5.6500787165713618E-005
   5.2556913623586198E-005
   8.1950503238095048E-005
   3.1630154529137072E-005
   6.8605823406465974E-005
   1.1528164883873283E-004
   5.2659524150174447E-005
   1.0496936526390525E-004
   1.2485661778272535E-004
   1.1119774301632024E-004
   7.5339460647655998E-005
   1.5752668293839139E-004
   3.5589875240311740E-004
   4.0796458216593772E-005
   8.3748800511815213E-005
   9.1989201779789888E-005
   9.3718551378156552E-005
   1.2566023544227206E-004
   4.6946177970156970E-005
   1.0960629915771209E-004
   5.6678741422429590E-005
   9.0348036802573097E-005
   1.6232344551496357E-004
   4.0805084648453326E-005
   3.2573918247345492E-005
   4.5877499478932445E-005
   8.6652600419336343E-005
   7.4035069575446958E-005
   5.8764550761584792E-005
   1.4119930264155545E-004
   4.3442561382491405E-005
   1.0479166170809765E-004
   2.6048364163385643E-005
   1.0384623548426869E-004
   1.3997400512387706E-004
   1.0472732058996330E-004
   4.9300577181158180E-005
   4.4362687865599448E-005
   8.9350564290909833E-005
   6.4398307524093608E-005
   4.3953525714695833E-005
   6.7455699158009682E-005
   5.8947062425613923E-005
   4.6398074541847445E-005
   8.4847921495095557E-005
   1.7985425875098918E-004
   4.6543562020362647E-005
   6.2414497309615826E-005
   4.3304055954677168E-005
   3.7034980321565940E-005
   3.2909956593645970E-005
   1.3099028159243344E-004
   4.6788056653399596E-005
   2.5306455940858383E-005
   3.8712434172685215E-005
   1.7195475253360080E-004
   4.6293559579985442E-005
   1.3180718602426268E-004
   1.8308601900874418E-004
   1.5309300941636223E-004
   4.6389158480443279E-005
   5.3329479251347629E-005
   1.2884283137832547E-004
   5.5652038309358725E-005
   8.6181238738541950E-005
   3.0078968318818133E-005
   1.2248820026295053E-004
   4.9505130905129579E-005
   4.5663808025546504E-005
   6.7655626020315924E-005
   6.9681003567952749E-005
   7.1903959741455450E-005
   4.3461310511173112E-005
   4.5546833895314238E-005
   4.1726842915046213E-005
   1.0197397033709604E-004
   1.0976775158282596E-004
   8.3432209553121624E-005
   1.1913470315350172E-004
   5.6810725812947823E-005
   8.7274140091426095E-005
   5.0127175510457516E-005
   4.6562846520992076E-005
   3.7451375041330129E-005
   6.4517724869513364E-005
   6.1311103770207159E-005
   2.4627406066371632E-005
   2.3534496611393981E-005
   6.4297749743875827E-005
   5.7041943512653347E-005
   6.1544014169003961E-005
   3.7036354593012982E-005
   3.3820117985726283E-005
   4.0869633025137311E-005
   8.2830083459314443E-005
   5.7607950871344376E-005
   2.3635444438089906E-004
   9.9155701446124650E-005
   5.4432453970129043E-005
   4.4844961288451136E-005
   7.2085390098514037E-005
   1.4588174556154441E-004
   2.6613872619376213E-005
   3.1798825214225596E-005
   3.1405447759114469E-005
   4.6984745886495054E-005
   4.4654779151372005E-005
   3.1002502188288111E-005
   7.1413202436304321E-005
   3.6529477082029009E-005
   6.9620912605845508E-005
   4.2487593210542945E-005
   5.1381959546785407E-005
   1.5132325943783664E-004
   4.0421692177934054E-005
   2.4354736704067590E-005
   3.0208924371461868E-005
   3.0706117682973284E-005
   3.8927854139864165E-005
   4.9633117039727476E-005
   3.0425892475045937E-005
   2.5486828981402664E-005
   4.7084928425445930E-005
   3.3263288800715056E-005
   2.6981203994702255E-004
   1.1838164367198441E-004
   5.0242904835170478E-005
   9.3945028215489348E-005
   4.3090153445555215E-005
   2.7692412322751463E-004
   1.1697220904465599E-004
   8.8090494042193689E-005
   7.2667140033432929E-005
   4.1585865239353197E-005
   5.3276984684787663E-005
   1.3405181398813270E-004
   2.2427310407464588E-005
   2.1279091387699705E-005
   2.5533716517762004E-005
   5.9916051058077315E-005
   4.6428476365366021E-005
   3.9004513011578633E-005
   2.0864345596369784E-004
   6.7304395198826888E-005
   1.3930437877910339E-004
   1.0733825771058937E-004
   1.2737510495769311E-004
   8.5552218142955248E-005
   6.7888974502397937E-005
   1.0789980424326268E-004
   8.9893738456797259E-005
   4.1912344867972749E-005
   1.2092228776960065E-004
   6.7453704240974136E-005
   4.2608418783620889E-005
   5.6528529676938166E-005
   3.9505074364652086E-005
   3.9614242372089050E-005
   1.5012485418142922E-004
   4.8770513604269807E-005
   3.7977297548473713E-005
   3.0116507331072454E-005
   4.2575909961403230E-005
   5.3095826097195464E-005
   4.0585143467273148E-005
   3.6910366847657256E-005
   8.9366537623935345E-005
   2.4708211971488012E-005
   1.5819784553889498E-005
   3.6825569742226569E-005
   8.2588984703601200E-005
   1.1058335356443489E-004
   4.4005864701599010E-005
   4.0502906681575955E-005
   5.8341376914526123E-005
   4.4932004763387963E-005
   3.4209153041824741E-005
   3.8511700618111586E-005
   3.3197657342844281E-005
   1.8078421722374571E-004
   5.9803988535163418E-005
   6.3059363164165929E-005
   1.3843181669375625E-004
   5.8101364058643324E-005
   6.3456295778543067E-005
   2.0565730291431978E-004
   8.6790355368053100E-005
   9.1393787907484940E-005
   4.5390918746454346E-005
   9.5788585449449999E-005
   1.7973527391129417E-005
   9.1151259449775163E-005
   6.3650676496832459E-005
   1.0008149094053167E-004
   7.2309571308422853E-005
   1.3072943631803379E-004
   1.4503730847795812E-004
   3.6925419116887442E-004
   6.9097149099872835E-005
   3.6062718575780728E-004
   2.6877163296132540E-005
   4.3557619138323255E-005
   3.1422897091681327E-005
   2.4612014008007601E-005
   5.8089128656677230E-005
   9.1569049105197654E-005
   8.7572999626029245E-005
   5.4611577123590856E-005
   3.2726308477391334E-005
   1.0782068519532299E-004
   5.1645080900633873E-005
   3.9128197788217989E-005
   2.6565541311221576E-005
   1.2022602657294814E-004
   1.2353536523864537E-004
   2.4991886174218094E-005
   6.0131903090920043E-005
   1.2220032265335408E-004
   2.1430746249012271E-005
   6.2410296475462921E-005
   6.3664960560036831E-005
   1.2874897857741220E-004
   1.5240635678553707E-004
   4.2860048938716482E-005
   4.2382723260837412E-005
   5.8370073020915979E-005
   6.8298662380293765E-005
   3.8861549710011891E-005
   2.3807044017914498E-004
   1.2523242017506601E-004
   3.9230949428928355E-005
   2.4631490162474078E-005
   3.7203942116284410E-005
   9.6903460914477284E-005
   8.3660881619175445E-005
   2.0017129348975261E-005
   2.2085355525998716E-005
   5.3344214750740373E-005
   7.4314550730267400E-005
   4.9985377931910407E-005
   1.4598564908497780E-004
   1.2794298699298791E-004
   1.0411657889130672E-004
   1.8729399526465222E-005
   3.4596956233549712E-005
   9.7220204383298488E-005
   3.7603846834503317E-005
   5.1011798385304865E-005
   3.5793749731003775E-005
   6.0054272317195911E-005
   9.1596350848043362E-005
   7.8429154219691546E-005
   2.1076300521540538E-004
   2.1140449750438583E-005
   4.7657152024247833E-005
   3.5921730842853511E-005
   2.8279770359390236E-005
   3.5407702878683677E-005
   4.9257893669382670E-005
   1.0101635494988360E-004
   2.0061662233760108E-004
   2.3970490243912268E-005
   3.8538899061621303E-005
   8.7498437109174277E-005
   1.2913112735179349E-004
   7.2014669279438936E-005
   1.7390947110775107E-004
