   6.0334333615480018E-005
   6.4128089442138530E-005
   8.8628875581277369E-005
   9.5782791666930537E-005
   1.0393135096768146E-004
   6.7341326828026263E-005
   8.1115347731184449E-005
   8.1495502683762635E-005
   7.7551335130840237E-005
   8.4061722404080857E-005
   7.2571992070336627E-005
   1.0212551960121397E-004
   7.2651827723576359E-005
   9.3863897077456365E-005
   8.3316743298340101E-005
   8.4308608139627137E-005
   8.6403259907950270E-005
   8.4745200807583184E-005
   1.0081099276643695E-004
   6.9999452996318806E-005
   9.5058701052328138E-005
   9.5696571462535089E-005
   6.9717452029963885E-005
   7.6436949599434104E-005
   1.0057257388758592E-004
   5.8472257847276339E-005
   8.8488226621912653E-005
   7.6170496015642429E-005
   1.0159321304963245E-004
   9.8388499157856589E-005
   1.6150274182058231E-004
   8.7338544215620020E-005
   6.6212191189297584E-005
   8.1149517696955812E-005
   8.5134042821631171E-005
   7.4787372899016598E-005
   1.1194252389809330E-004
   8.9126178527342364E-005
   9.4459607299980701E-005
   9.8611592221522725E-005
   6.6252835317873087E-005
   8.9415101829987730E-005
   6.7044185101473622E-005
   6.5425172114693284E-005
   6.5838851093478356E-005
   6.1794748122096131E-005
   8.2943727105484513E-005
   7.9281989702203304E-005
   5.8414151346574901E-005
   8.9509452931209682E-005
   8.4927854966331315E-005
   6.7175617517331872E-005
   9.2891819140999458E-005
   8.4198341111289140E-005
   9.6075813852241002E-005
   9.0484783808212301E-005
   7.5733269793970708E-005
   7.9633165677511140E-005
   7.1534319292802630E-005
   7.7660501482013872E-005
   8.8512921095963820E-005
   9.5903355820070937E-005
   1.1115551324642218E-004
   9.2597992886243283E-005
   1.1804586708598392E-004
   5.8167730401719372E-005
   7.6529375191897921E-005
   1.2525120952153207E-004
   5.7844100603015316E-005
   9.4478151879908931E-005
   1.0776233757342234E-004
   1.1502797427139642E-004
   5.6306101272175263E-005
   8.4459752860798360E-005
   7.8949028888583046E-005
   8.5502626072982949E-005
   5.3396231086876971E-005
   8.2370568516284477E-005
   7.1774839721308568E-005
   1.1586520511566062E-004
   1.3927922356001118E-004
   7.2985447019671191E-005
   1.1068509510201650E-004
   9.5189968945403905E-005
   7.4785949824748865E-005
   1.0448633339943733E-004
   1.0580497216890575E-004
   9.6657749936922383E-005
   6.8284461635030833E-005
   7.5081582289934892E-005
   6.2450778001192184E-005
   8.3486767996489354E-005
   1.3437218151626589E-004
   9.1257300848125706E-005
   9.0549709117133424E-005
   6.9020121300396444E-005
   7.7306995843807951E-005
   8.1670458830333017E-005
   8.9270126743008467E-005
   9.2119176886769165E-005
   6.0600458654099735E-005
   6.0039193002871950E-005
   7.5745113424967824E-005
   9.1376992960977020E-005
   1.5005010886378495E-004
   7.3178935370168618E-005
   1.1586713903325310E-004
   1.0495523997098747E-004
   9.1147789821105504E-005
   9.4542554551542697E-005
   7.5398456625891990E-005
   1.1165660868175192E-004
   9.1886408610337197E-005
   6.0177251777719973E-005
   6.3488860968400793E-005
   6.9725155936151782E-005
   8.2241191918879796E-005
   1.2118332567195062E-004
   8.7609600259233778E-005
   9.0410554261642764E-005
   6.6495041807240144E-005
   8.6409469886989933E-005
   1.0488479849403227E-004
   6.5598981558013923E-005
   1.3753351098501544E-004
   9.2491063759316124E-005
   9.1649514440764852E-005
   8.1797839104939086E-005
   9.1847035616165592E-005
   1.6811637797836475E-004
   1.3364443957142690E-004
   7.5460561647254881E-005
   8.8666796750468832E-005
   1.0232202419487519E-004
   6.5205436923686626E-005
   7.2489824131032626E-005
   1.1618250139467027E-004
   7.6002395177726461E-005
   1.2798143519265759E-004
   1.2414827161099742E-004
   1.3243261712003019E-004
   9.0279477037927370E-005
   6.6593628177180890E-005
   1.0881717589790544E-004
   7.6626732066213538E-005
   9.9998804117668367E-005
   7.8589936130007512E-005
   1.3006907309754596E-004
   7.8054653736687527E-005
   9.6618313116900276E-005
   1.1917613703458799E-004
   1.7985919846014051E-004
   1.1287955383379106E-004
   7.3047678358199034E-005
   1.2004394333276542E-004
   9.4772098223708321E-005
   7.7136570600209675E-005
   8.9102095689695739E-005
   7.0873757041636421E-005
   6.1681179861855804E-005
   7.0819039643236164E-005
   1.2833472475118674E-004
   8.4922761593732643E-005
   7.5699634673913883E-005
   2.2082496578287197E-004
   6.0276015568677793E-005
   5.8321264192908408E-005
   7.5041729279167371E-005
   1.0335087392995238E-004
   9.7877053134993189E-005
   1.1770549510149433E-004
   8.9062863831783132E-005
   7.1205567475776934E-005
   6.1018531689838191E-005
   9.0441440870545661E-005
   1.3269687435569084E-004
   9.4340420816012334E-005
   1.4864658466954100E-004
   7.9264432237582293E-005
   1.0772352154133295E-004
   7.7046284253695676E-005
   1.0891302762931917E-004
   1.2886139203564776E-004
   7.9668460743828097E-005
   7.0585646125666279E-005
   9.3617569740217049E-005
   6.6056982324349636E-005
   6.7602034428068775E-005
   1.0695684151968190E-004
   9.8190153555238451E-005
   7.7346532902670669E-005
   6.8126818195138355E-005
   7.0264195688902179E-005
   7.5791607743624313E-005
   8.3269046187140990E-005
   5.3788093907213664E-005
   6.8216483679452215E-005
   1.0772981526439035E-004
   9.2688748983295135E-005
   1.3611435656271759E-004
   8.0166674480110765E-005
   6.9836651511338626E-005
   7.0996203331094633E-005
   7.4302416965728148E-005
   8.0137842347279800E-005
   9.4731088593942144E-005
   1.1358577142914610E-004
   1.0586072801409045E-004
   6.2575770347432643E-005
   4.4292392158685471E-005
   9.9389404894721964E-005
   9.1738083610170472E-005
   6.0841437485776971E-005
   5.4553638383558707E-005
   6.4205601023080289E-005
   9.7890881775682960E-005
   6.2348937812040244E-005
   8.2670254768619348E-005
   1.2225021607606393E-004
   7.6765765948827504E-005
   6.0934825723109337E-005
   6.4747308285267169E-005
   6.1802151595770187E-005
   1.3231946480887134E-004
   7.4294787482704768E-005
   1.9291150360660142E-004
   8.5135278240249597E-005
   8.2457005872763715E-005
   9.1760041809154245E-005
   9.2247081360170309E-005
   1.1046459417555600E-004
   9.9352861119403818E-005
   1.0550256330297208E-004
   1.0615348118665266E-004
   7.7825592631044954E-005
   1.2845812509932450E-004
   6.6837731281567836E-005
   8.8947977039270914E-005
   1.3128675825287638E-004
   8.5747825047779151E-005
   8.4715571555789762E-005
   8.6364487881136493E-005
   6.0090530198984633E-005
   8.6655112134882966E-005
   9.5013620327996605E-005
   8.0994109511455545E-005
   7.4123442757789641E-005
   8.6791783672792949E-005
   8.7026018923272566E-005
   5.2713587903730955E-005
   9.7697043123102077E-005
   1.3244923871548486E-004
   7.0784987995344288E-005
   9.8909409529970670E-005
   1.2970912271931441E-004
   1.0212622806616601E-004
   1.2541988727029748E-004
   1.0311312213766303E-004
   9.5720650222944482E-005
   9.1217401412412036E-005
   2.2079060794551777E-004
   1.4760835907367382E-004
   1.3153317597982257E-004
   1.0424379506681729E-004
   8.3688971600877650E-005
   8.0426414640796232E-005
   8.7834179228659244E-005
   8.6090534244473365E-005
   6.8720600965469113E-005
   1.0786163938929633E-004
   9.3327971183258891E-005
   8.0910654723758332E-005
   1.6640010974794368E-004
   6.5540493014167495E-005
   7.4219140806648881E-005
   1.2051101655996581E-004
   8.1509940588884471E-005
   9.1794855124181936E-005
   6.5980012926459492E-005
   7.3166568797070557E-005
   6.5443581476256566E-005
   8.7680852766744034E-005
   9.2762514558042758E-005
   7.5933540517178955E-005
   5.7321720276197893E-005
   6.3448056853033559E-005
   8.0696351520001341E-005
   9.9621687430486518E-005
   8.5653087471292756E-005
   8.1882999635040231E-005
   6.3815151168053428E-005
   8.6639651089763438E-005
   6.1084259026610924E-005
   6.7980978138121575E-005
   1.2237066363405565E-004
   7.6413062503369778E-005
   1.1038630888362439E-004
   1.5765904346301941E-004
   1.1292604527285935E-004
   9.3702804537573462E-005
   6.1251645843155445E-005
   7.5303775360039757E-005
   7.2006318515835196E-005
   9.3484263456237703E-005
   1.0110833536777903E-004
   1.0914408833732634E-004
   1.1569520378602661E-004
   1.2065274666652667E-004
   1.1010354505695180E-004
   9.5176360454832416E-005
   1.0825454820596188E-004
   8.4305009574479745E-005
   9.2727980320093652E-005
   1.0978229652626097E-004
   8.2831891929799258E-005
   1.0205108645539246E-004
   8.3633594040731797E-005
   5.8926500524184109E-005
   7.9000963958076266E-005
   9.4639630396843721E-005
   6.4987046997700551E-005
   5.6339299796313714E-005
   8.5906665973088837E-005
   7.2004749968548605E-005
   8.4519476493422188E-005
   8.5074268848549264E-005
   7.7574775965700250E-005
   7.7861580599212078E-005
   9.3692789702051984E-005
   1.0470453049505436E-004
   1.4908809739723984E-004
   6.0635841519696169E-005
   6.5408846759184235E-005
   1.4827225642378693E-004
   6.8483628869640784E-005
   1.2073901877334529E-004
   9.0204021731406109E-005
   8.8401808012886725E-005
   6.7704324698289781E-005
   6.5991900060852942E-005
   1.0325147099737499E-004
   1.0539387612002272E-004
   9.7686522800216109E-005
   7.7422140525440871E-005
   8.4653190442540038E-005
   1.0165728297035381E-004
   8.2947284032231644E-005
   1.0934941627749351E-004
   5.2130469901483173E-005
   5.6509713655977477E-005
   6.7902296988306453E-005
   1.1109480329534687E-004
   9.5231942298157563E-005
   6.9476115902728248E-005
   7.3117755387191395E-005
   8.7824703131338165E-005
   7.8969419290996477E-005
   7.3861217796618634E-005
   5.9588131359691631E-005
   6.7998101812708202E-005
   6.3010635828843781E-005
   6.0167839384848319E-005
   1.0633281147136012E-004
   6.3155849097409639E-005
   7.3162982266335207E-005
   8.5792576442854314E-005
   1.3277028009359731E-004
   8.7377718668774814E-005
   9.0006172085227882E-005
   5.9023006063052560E-005
   1.0351140882859544E-004
   9.2996419052065606E-005
   6.2096481871330513E-005
   8.0558931195218059E-005
   8.9807229504983705E-005
   7.8723983185072837E-005
   8.5790136429943708E-005
   1.2869306236297997E-004
   8.1313177990025888E-005
   7.4686350293894460E-005
   9.0392623185809744E-005
   7.5775255202707706E-005
   6.1566474850025308E-005
   1.0180411073486539E-004
   7.6525358739561091E-005
   9.5647365385853736E-005
   8.3495204952224272E-005
   1.1456886214527927E-004
   7.5674538349313392E-005
   1.3409747166893006E-004
   6.2462421157075319E-005
   5.5900490649060148E-005
   9.6550661849032504E-005
   7.0276171606188179E-005
   4.9221985030608792E-005
   7.6570960356138330E-005
   8.6326505580015990E-005
   1.0977686788695145E-004
   8.5551030439625844E-005
   5.6399987924801237E-005
   1.2788056393927191E-004
   9.2124792412219908E-005
   1.0103753353079654E-004
   9.6230844304193689E-005
   7.9439396945818713E-005
   8.3605632978726979E-005
   8.6920973778881709E-005
   9.2759576311147741E-005
   8.4001610779812277E-005
   5.6271291712537790E-005
   8.3820480087122990E-005
   9.1083941911499692E-005
   5.7734951465844371E-005
   8.3948148116370165E-005
   9.7070154863366601E-005
   9.3849722656869501E-005
   8.4763934695887070E-005
   8.0168522503324958E-005
   7.7283510772981106E-005
   1.5392899676275985E-004
   6.1775704842782688E-005
   9.6686468028070715E-005
   6.2684825128451755E-005
   6.6341368479383040E-005
   8.8664904594168266E-005
   7.8052068886627133E-005
   1.0340421713081062E-004
   2.0861769182256175E-004
   7.5774524904371159E-005
   1.1408948171402220E-004
   8.1567173968704134E-005
   9.1168218389872096E-005
   8.9010833718844047E-005
   6.9359142078500316E-005
   7.8418230451414645E-005
   6.4551777718085813E-005
   6.5034349814792843E-005
   7.1608454682609918E-005
   7.5177220314120641E-005
   1.1586431553022842E-004
   7.0431379389775811E-005
   9.3694760904016825E-005
   7.4677467046315308E-005
   7.1924225109382372E-005
   9.4529785159317990E-005
   9.2604739363511180E-005
   6.7359239625230821E-005
   8.8286922014445412E-005
   1.0880232568112097E-004
   9.6688726262637344E-005
   8.6635700278573722E-005
   9.1888706930947197E-005
   7.9629580772719514E-005
   8.4107142885511175E-005
   1.1497757180170109E-004
   9.4993390254201232E-005
   7.1496415278572985E-005
   8.2605367789185269E-005
   1.0367675860154214E-004
   5.7076151631735902E-005
   1.1300064290925096E-004
   7.7348194871932236E-005
   8.4592220221442962E-005
   1.4002307325257347E-004
   8.2687235029305781E-005
   4.5301540170834073E-005
   9.6698910969537070E-005
   1.0295032651829627E-004
   6.6905372089468771E-005
   8.4282907377611230E-005
   6.8187256879288175E-005
   1.0007690925451190E-004
   1.0101585570472161E-004
   1.0737806270754208E-004
   7.1878846206279207E-005
   6.8532066242704600E-005
   1.0033923480466256E-004
   5.0188030965421655E-005
   5.9835513056368730E-005
   1.1203694661150330E-004
   9.5238010513993144E-005
   1.2708317275388607E-004
   6.4520972141042374E-005
   7.2372364720323378E-005
   8.1038564320911241E-005
   9.4758529865509897E-005
   7.5151026804182679E-005
   6.8953987623764646E-005
   4.8154598684616124E-005
   5.1948122882232741E-005
   6.2848376920673376E-005
   7.6422077298440646E-005
   7.8497438993415110E-005
   7.2754824482790934E-005
   6.6277516792456243E-005
   1.0807191297691155E-004
   1.1382386893845858E-004
   8.5153495737571710E-005
   8.3518750752295897E-005
   6.9285641229430663E-005
   5.8069468023436266E-005
   1.0070734031072952E-004
   1.4200120061094379E-004
   1.1061503843906516E-004
   6.7273395689007321E-005
   6.2649040608604088E-005
   7.5754031571947415E-005
   8.3297724236550667E-005
   7.0507758088387388E-005
   5.4841061426145575E-005
   1.4749966541310677E-004
   1.1837445597126730E-004
   7.4763588687727203E-005
   9.0415703686515383E-005
   9.2776171857806504E-005
   7.9050086667158595E-005
   5.0714685518322638E-005
   8.5316428469703017E-005
   1.2164472482795078E-004
   6.3635389326450903E-005
   6.0073693803861502E-005
   7.5629536279011260E-005
   6.7763734795445987E-005
   1.0860922122056176E-004
   9.2186885407341209E-005
   9.6943597972108566E-005
   6.7201872263374305E-005
   9.9162758206368739E-005
   8.3955697549045128E-005
   7.2588622461512337E-005
   9.0131560856939120E-005
   6.5001040771936456E-005
   7.2852026587859071E-005
   8.5969942401327185E-005
   8.7380671940441134E-005
   7.9320811544623948E-005
   8.1816224000598700E-005
   7.2776863736123459E-005
   8.2306866395649689E-005
   9.2179760944323448E-005
   5.6719367870620058E-005
   8.3767780932554909E-005
   6.7744092825068955E-005
   8.8785511279130589E-005
   9.6838301647682266E-005
   7.5823932901083677E-005
   7.3503956590244900E-005
   7.4112775177871177E-005
   1.1120325347499524E-004
   1.3366536923445864E-004
   1.1438880861357156E-004
   9.8611910532399731E-005
   5.6225785019299637E-005
   8.9312014384630343E-005
   9.1703782417475115E-005
   7.3620259912217823E-005
   8.5781939938227794E-005
   6.8371410598027895E-005
   9.0221605943829444E-005
   1.0959963997916773E-004
   9.6688861215115789E-005
   7.2056347514093120E-005
   8.7843570636544086E-005
   1.2967203002623232E-004
   6.3885090037819854E-005
   6.3222416885255279E-005
   6.9266235183350236E-005
   6.3413800574747538E-005
   1.0282585766376356E-004
   1.3197847447387915E-004
   8.3023354290944870E-005
   7.8927651054650985E-005
   1.0793696474393607E-004
   8.2692301701332103E-005
   1.0462942334910816E-004
   1.0466081434657730E-004
   9.5002334122321373E-005
   1.0479620880615237E-004
   7.5844665329425953E-005
   8.1592768496093558E-005
   6.9554325652973261E-005
   6.5676782878414575E-005
   1.1577762317878135E-004
   9.8548387917798733E-005
   8.0054202498879742E-005
   1.3817789400710778E-004
   1.0878019368386730E-004
   7.2511600609919503E-005
   8.3806079880912029E-005
   1.0131523402343238E-004
   7.1275686182157465E-005
   8.9283744578960600E-005
   1.0104761488442788E-004
   7.2689706089757811E-005
   1.0852759938508482E-004
   9.2710735467158649E-005
   1.3275113041379878E-004
   1.0452286502580496E-004
   7.5517571662274039E-005
   7.0064064709804354E-005
   5.5218792244147840E-005
   6.3553487246375699E-005
   1.2164183586991485E-004
   9.4955180589313727E-005
   8.1600211937779180E-005
   8.0973561611733192E-005
   9.6556894813781450E-005
   7.5045770853358844E-005
   7.3491059454095162E-005
   8.5773698665508918E-005
   8.7474971859105111E-005
   1.0008350533070543E-004
   8.6343613516537524E-005
   1.1783876286424525E-004
   1.0263822296515924E-004
   1.1981513221395564E-004
   9.4564014875398112E-005
   9.7777594762693966E-005
   9.2664467966431074E-005
   7.5326419354254247E-005
   8.5108936999672932E-005
   1.0597154386945226E-004
   1.1666920765396079E-004
   7.6551037717331028E-005
   7.2498438575501351E-005
   8.4525104603617239E-005
   5.3891236834444644E-005
   1.1070914678895720E-004
   8.5696202158176959E-005
   9.2477304429722210E-005
   8.6171202580561537E-005
   9.4242045246376629E-005
   1.1688830943490868E-004
   7.5544572672647700E-005
   1.0804998963047542E-004
   8.3493525931308766E-005
   1.1681850327992554E-004
   9.2927631987673877E-005
   1.0190930066959090E-004
   7.2558003044623505E-005
   6.3854955454120189E-005
   5.3980198720575472E-005
   7.4692221009201048E-005
   6.6881963056313406E-005
   9.8979044869424801E-005
   8.2647729622018209E-005
   8.2073459316760148E-005
   7.1383183831959736E-005
   7.7310869447720651E-005
   7.3698232595011229E-005
   1.2700443689345691E-004
   1.0276669906991953E-004
   1.0159879775455058E-004
   7.1455739660003574E-005
   9.6913357731159228E-005
   8.1339982703531615E-005
   1.2727681092153224E-004
   1.0958841346799004E-004
   7.5157035025708746E-005
   5.1744931366075861E-005
   5.5163095694730596E-005
   6.2799396386467872E-005
   6.9773362728501597E-005
   1.1066766468879632E-004
   9.0039648445054444E-005
   6.6870248855653222E-005
   8.6885498403378362E-005
   1.2487805439303617E-004
   9.6628010200212850E-005
   8.9778427239470290E-005
   7.9979049932898895E-005
   7.0214061116579383E-005
   8.0300226696983790E-005
   8.1685541147839079E-005
   1.0473780672436491E-004
   6.4249276007385500E-005
   7.5363976011473129E-005
   7.3458381686290267E-005
   1.5174583983422249E-004
   8.3665571368055821E-005
   9.1899677495442541E-005
   8.3615489942560391E-005
   7.3947125130993880E-005
   8.2753954876949035E-005
   6.8328522426670135E-005
   6.7245725094543745E-005
   8.4654618541766817E-005
   7.9951274835272793E-005
   7.6074236561016114E-005
   8.0917021634886860E-005
   7.9090164071977796E-005
   8.7388661176886120E-005
   6.0128630524405356E-005
   7.9288800126859425E-005
   7.5715583775924807E-005
   9.0828339074289281E-005
   6.0491896860581780E-005
   6.5266777691542574E-005
   7.6981014065712801E-005
   9.9032767470633157E-005
   8.3997995850297748E-005
   6.1735383700732067E-005
   7.4536324770759052E-005
   9.2846290903291471E-005
   8.4516737175582623E-005
   7.5817806895575051E-005
   5.8530666622656622E-005
   1.2513848897622239E-004
   1.0098641991781856E-004
   8.3842520394981462E-005
   1.1750005493768072E-004
   8.7696581189231583E-005
   1.0927394544638310E-004
   7.4460895557673675E-005
   8.1859258799269941E-005
   8.0355730074307472E-005
   9.7045456937198978E-005
   1.0191512694348992E-004
   9.9528143325515627E-005
   7.4145364679477170E-005
   6.9755941281142791E-005
   6.1542671721441383E-005
   5.4173397792635567E-005
   6.2527193410591084E-005
   9.2452776678973280E-005
   7.0010909715068835E-005
   1.1653568258592421E-004
   1.3809376762395883E-004
   6.4597548869014615E-005
   6.1466879461665925E-005
   6.8531398573682276E-005
   1.7698485647256744E-004
   9.1500705356531201E-005
   9.2407525148460157E-005
   8.4325519194230621E-005
   1.1084512668364816E-004
   6.8979175285174496E-005
   6.1159321934550892E-005
   5.8369872539284155E-005
   8.7389114886748077E-005
   8.5530682492022887E-005
   1.1097509573398216E-004
   1.2445327072541605E-004
   1.1914210266146405E-004
   7.0297214192486130E-005
   5.2742236656993357E-005
   5.2116966734534845E-005
   1.0504431210253557E-004
   8.5297909696803638E-005
   8.3182190619193828E-005
   1.0792078788739534E-004
   1.0560617457512006E-004
   8.1361916204535195E-005
   6.0757981410327633E-005
   8.1196349456574409E-005
   8.5589546601349981E-005
   6.1123616889459780E-005
   7.6968989233278977E-005
   9.3566260994680436E-005
   9.9975894324652099E-005
   8.6755135477323416E-005
   7.2180796288615873E-005
   8.1836080774558178E-005
   8.3140659464390804E-005
   1.2397865484736984E-004
   7.8886333303127912E-005
   9.4134814115285267E-005
   1.1524539327587280E-004
   7.7445780440591941E-005
   9.1536746620961060E-005
   6.8735425441259951E-005
   8.1577377933354380E-005
   1.0649421916068071E-004
   6.7509830323928680E-005
   7.0254307101741249E-005
   8.0539041546533923E-005
   7.9860483608553659E-005
   1.0547687078988415E-004
   7.4728032583415763E-005
   7.7040454353685705E-005
   7.8016218728711202E-005
   8.6998237372327465E-005
   4.9089923451427655E-005
   4.4226274774705640E-005
   6.6906244601757061E-005
   6.3329155037611197E-005
   1.3081621626631271E-004
   7.6789666633174036E-005
   8.7623780441258004E-005
   8.6506014269320671E-005
   6.2897097643799016E-005
   9.5598839079427821E-005
   6.0152064490842377E-005
   7.2286871988083768E-005
   8.5175192741357146E-005
   5.6927890790934945E-005
   5.6638778234515360E-005
   8.1686710855542429E-005
   1.1296585217340595E-004
   8.5857987263482054E-005
   9.3867012607837071E-005
   1.2617897238382787E-004
   6.0829241504506812E-005
   1.0677312123305665E-004
   6.5236732789930349E-005
   8.0255413767708637E-005
   1.3886220128755822E-004
   9.0298196454222636E-005
   4.3527835271610184E-005
   1.0321089143174730E-004
   7.4304095332198501E-005
   8.5438417451319515E-005
   7.5353793729589387E-005
   9.4848800445117724E-005
   8.2051431883845490E-005
   9.8294080580838610E-005
   7.5213508863144899E-005
   8.4879744378916604E-005
   8.3945650398221442E-005
   6.0440732494356658E-005
   6.7075380876618497E-005
   8.3475322914371467E-005
   1.2879884700781627E-004
   9.1194728482000561E-005
   1.0444037556388412E-004
   8.7285987556761914E-005
   7.5257655230869848E-005
   1.5630174804053063E-004
   8.1414953892452335E-005
   5.6090038394158085E-005
   1.2201119362448927E-004
   9.1328207813243343E-005
   6.2197564515137504E-005
   1.1218489831516654E-004
   8.8560393426479660E-005
   1.0344633773716575E-004
   5.3325739288542597E-005
   7.3597259404037510E-005
   1.1056226744105379E-004
   8.3178961460949452E-005
   7.4735585045424631E-005
   1.0036257132270135E-004
   7.1782713500733944E-005
   9.2589491214456091E-005
   6.6746075368543872E-005
   1.1565037907916077E-004
   5.2719483036085625E-005
   7.0255446766578997E-005
   6.2963832559570005E-005
   7.2885652458273015E-005
   6.0003316342180703E-005
   6.9740113566731465E-005
   1.1233074706166115E-004
   8.3928921547430678E-005
   1.3204763225939782E-004
   1.1220831492436216E-004
   6.5546044916967686E-005
   9.6347809872644605E-005
   9.4314418079391872E-005
   8.6997292500324113E-005
   8.7295527367968641E-005
   8.3080425887888619E-005
   8.0396931565628464E-005
   9.0865776899786641E-005
   7.2907760039086055E-005
   6.0710974488533270E-005
   7.4545683027879466E-005
   7.1490222157242873E-005
   1.3731780289399586E-004
   9.9909148373344015E-005
   8.2143326479410377E-005
   1.0548462848731428E-004
   6.9025908304363239E-005
   9.8226812867796868E-005
   1.0629415620661524E-004
   7.3867231583368411E-005
   8.7952663167817306E-005
   7.3635910515200382E-005
   6.0546318690883598E-005
   6.8384851891774572E-005
   6.6346431005379422E-005
   9.5093486873965371E-005
   5.4457699478382378E-005
   6.4650024219522979E-005
   7.4760289962887816E-005
   1.0259323520750670E-004
   7.3778012988598909E-005
   7.9549109540631116E-005
   6.8557619752736287E-005
   9.2746521527128743E-005
   8.6879978185945932E-005
   1.0763470775888238E-004
   6.1667081421094629E-005
   8.7523333333602334E-005
   7.0150959610184308E-005
   1.1142547531718527E-004
   8.2243710491492454E-005
   6.8901897291918579E-005
   1.2001187367722113E-004
   1.3321938200433923E-004
   4.7040690963745500E-005
   1.2055111767163095E-004
   9.7990388358868476E-005
   8.9714230749461316E-005
   9.5078962398865231E-005
   9.0730246911652847E-005
   9.9923997019665936E-005
   9.4403467362031831E-005
   1.0927320908360085E-004
   7.9462344624558253E-005
   9.4360930740435310E-005
   8.7358629259748935E-005
   6.1103157523500511E-005
   8.4056468264366501E-005
   5.4987100796915465E-005
   7.5895769575986342E-005
   9.2917054831950319E-005
   8.5088141836950058E-005
   5.5933799921776165E-005
   9.2310146607549860E-005
   9.8408622151025790E-005
   6.4655995964939451E-005
   9.1360680974313606E-005
   7.2160184351931941E-005
   7.0220989129879256E-005
   1.0656501639517011E-004
   6.7706961441131819E-005
   9.2854658339304067E-005
   7.2418162865814026E-005
   8.6657891060519038E-005
   8.5821415321227053E-005
   9.2390798779222929E-005
   9.9806293298248399E-005
   6.7227839956633109E-005
   6.5458051577652382E-005
   8.9174022395738649E-005
   7.3044388010424843E-005
   7.3549227305795588E-005
   8.6699579186129752E-005
   1.5601740018937078E-004
   1.1012750796865561E-004
   7.7068936790856071E-005
   1.0229795301903890E-004
   9.1637410721323505E-005
   1.0415183381728338E-004
   1.1668346752086375E-004
   7.5337435187673062E-005
   1.1716335057874083E-004
   1.4228006313042176E-004
   8.5182817812021498E-005
   1.0926701311187381E-004
   1.3533486614840569E-004
   1.1692403717010485E-004
   7.8859357607635356E-005
   6.9739972438537942E-005
   1.1151019797896256E-004
   7.0592351866826059E-005
   1.0026792787008760E-004
   1.3953579758500687E-004
   7.5759736178332356E-005
   8.2930594805680642E-005
   1.0395991994498043E-004
   1.4464173163722846E-004
   1.9316133824262712E-004
   6.5441330925360884E-005
   9.6909313603252690E-005
   8.2368793389234147E-005
   7.1685632216329963E-005
   9.5062918126832108E-005
   7.6730806668156039E-005
   1.1480615974177665E-004
   9.8736371620681125E-005
   1.3372414709022617E-004
   7.6723947688171201E-005
   8.3180513625911998E-005
   7.3159856101752350E-005
   5.3169055268588201E-005
   6.6314385591344894E-005
   7.8567780450373336E-005
   5.7601969021858082E-005
   8.0522197428483622E-005
   9.4190076627675645E-005
   8.1938627845734374E-005
   5.2848535599525342E-005
   7.5764438602917103E-005
   6.0579247976491396E-005
   4.8840183955509056E-005
   7.1052983717736674E-005
   8.4659684285141873E-005
   9.5295883658473246E-005
   7.0772035677001263E-005
   6.0789673698096608E-005
   1.3119150854489016E-004
   8.2576657330810053E-005
   5.2367017152355987E-005
   5.3052405377019306E-005
   1.1334972362716579E-004
   7.7577592925146812E-005
   6.2617225545956424E-005
   1.2647359080277616E-004
   6.9547183968517927E-005
   1.2466301101723545E-004
   1.0221272281483006E-004
   6.9186092453503916E-005
   7.8654836320166246E-005
   8.2669976617573572E-005
   8.7761667147428734E-005
   7.1717621520581045E-005
   7.1568081338473964E-005
   7.0867476874737003E-005
   9.0156357200384297E-005
   8.6825053944439854E-005
   5.8447345192517384E-005
   9.6545932373244507E-005
   5.0535136224730582E-005
   7.3628304647146398E-005
   9.8735522328344377E-005
   1.1540338926441906E-004
   7.7297630185104013E-005
   5.3386921112068469E-005
   9.4031233322515518E-005
   8.9650168677233582E-005
   8.1609284621417307E-005
   1.2307637383983543E-004
   7.6682772346204145E-005
   1.2426040186932458E-004
   9.3745333570254404E-005
   7.1210447377453149E-005
   9.7853592303738567E-005
   7.0416621740241293E-005
   5.5971446587582693E-005
   4.6925221427574575E-005
   8.4666678670448201E-005
   7.0413749894678531E-005
   6.3984676654455221E-005
   6.9501745384498886E-005
   6.4773388960790210E-005
   5.8529899156115952E-005
   1.2380556234522914E-004
   7.5947846590568329E-005
   8.4120803525518462E-005
   9.6352436773535622E-005
   7.5256165955710097E-005
   9.0860770542391755E-005
   6.0569398837894930E-005
   1.1099104884585623E-004
   7.8024928866955720E-005
   8.7465170120976839E-005
   1.0137881057499301E-004
   7.7525954287473099E-005
   8.7791508188817132E-005
   6.9683806068553393E-005
   1.1333214876990603E-004
   9.2751315519492024E-005
   9.0199400139120536E-005
   6.2067279311750189E-005
   1.2686325217814244E-004
   1.1222695480798968E-004
   1.1008849190744344E-004
   7.7779581197858465E-005
   6.8873720821970176E-005
   9.1722751293251393E-005
   6.7571221693902243E-005
   6.7605670469377419E-005
   8.7115667234223353E-005
   9.2612649394776953E-005
   6.3036000881081636E-005
   6.6423226615453071E-005
   9.8164092116865924E-005
   9.3043065496662723E-005
   6.3660342955747213E-005
   7.9860243825394226E-005
   7.4433232482117525E-005
   1.0057691096651191E-004
   8.7731496567207415E-005
   7.5524236630016475E-005
   9.3777484807050902E-005
   5.6615564693792350E-005
   7.4108410767667238E-005
   7.2195193110057346E-005
   7.2249422630343014E-005
   7.8997496407607189E-005
   5.9951378496975429E-005
   8.3110640856635861E-005
   7.3048262853208393E-005
   6.5653585946776982E-005
   7.7048970240751766E-005
   9.0517515559975179E-005
   1.1130366546620512E-004
   6.1234611202904738E-005
   8.6227938806306118E-005
   8.4573161742359027E-005
   9.5162677174374797E-005
   9.9817740216679289E-005
   8.6971382557849295E-005
   7.5040024632858321E-005
   9.8748065397370581E-005
   1.1026106101031719E-004
   6.6699408513232959E-005
   7.1377489108774686E-005
   7.0689215099963110E-005
   1.0922011119185915E-004
   9.0372829232113024E-005
   8.8831662633179586E-005
   7.1848143190493256E-005
   1.4630637765553040E-004
   9.0886277251705857E-005
   7.2656094106113015E-005
   1.2218967778142637E-004
   7.3956757082007554E-005
   6.5574891635023538E-005
   7.0229965163114396E-005
   7.5072602780773919E-005
   1.0834175826856117E-004
   1.0596288315874584E-004
   8.7629553728560614E-005
   5.5665467517011463E-005
   1.0557302385810043E-004
   8.6892314587135402E-005
   7.2044453084944864E-005
   1.3890317755019621E-004
   6.0144072254817234E-005
   6.9752364082908155E-005
   5.1000261334210890E-005
   7.5656784717885434E-005
   8.9714364899166833E-005
   6.5401468744090681E-005
   6.0222178845112738E-005
   8.7605335939821587E-005
   1.0212904103289405E-004
   8.7677177131316797E-005
   6.5168387003868524E-005
   8.3539462546953770E-005
   8.7210772155423301E-005
   7.5134621758614174E-005
   5.6102496633611588E-005
   8.4238166460006656E-005
   8.6573446949077831E-005
   7.7068211734139080E-005
   5.3629517327103299E-005
   9.5668952300821864E-005
   9.2335148416135802E-005
   9.1353836859774069E-005
   1.3794159374472666E-004
   7.9257205589529020E-005
   8.5354695145846454E-005
   7.0298126849773751E-005
   8.0330508236986051E-005
   7.6464943349936678E-005
   7.1108343645766585E-005
   1.1459275591830633E-004
   5.7375283647864032E-005
   9.0642715050700038E-005
   1.6139546682256207E-004
   1.6601204700103332E-004
   8.4987560683620291E-005
   6.2981005052113471E-005
   7.0803103046748346E-005
   5.5542066583429360E-005
   1.0068470881901456E-004
   9.5267545312534163E-005
   7.8137263870517505E-005
   8.9969240674142635E-005
   6.0105685733632009E-005
   7.8940706708078532E-005
   9.5912681068013468E-005
   6.7302753699261545E-005
   9.7241391886206834E-005
   9.8029102010729433E-005
   9.1198448168676558E-005
   9.0295232351877161E-005
   1.5206630223707509E-004
   1.2491144021760562E-004
   8.2292655282956739E-005
   1.1261877990279257E-004
   6.8881794175707178E-005
   6.6801914091210141E-005
   8.7885874142843643E-005
   6.4905965294314793E-005
   7.4778601407026279E-005
   1.0524750481072876E-004
   1.0579795199815956E-004
   9.1971657182592163E-005
   8.5641525407090477E-005
   7.7391114658966761E-005
   5.1448301892512012E-005
   6.5020428866884074E-005
   6.5729154660720680E-005
   7.5205776478320683E-005
   1.0081085741503581E-004
   6.2346515823115696E-005
   9.6418162831091137E-005
   9.5867130934041220E-005
   1.1080606992167144E-004
   9.8636312040742958E-005
   8.1390953854950380E-005
   7.5875893503512282E-005
   8.8018930435573270E-005
   6.6245450331584076E-005
   1.0597431026850787E-004
   8.5855811488734753E-005
   8.1966436900668375E-005
   7.9601868863158950E-005
   7.4786987585000864E-005
   8.7855492516962820E-005
   1.3482149699656855E-004
   7.5989154808675990E-005
   7.5404109245587103E-005
   7.5030629901561851E-005
   9.7081420701193189E-005
   1.1899494166025367E-004
   7.9381011220687199E-005
   1.1278698366476318E-004
   7.9643894078506756E-005
   5.8647004447672810E-005
   7.3666063415733137E-005
   6.9290611731915891E-005
   7.1648928790761128E-005
   8.7022617304284114E-005
   1.0869723994053508E-004
   9.7718559614346767E-005
   9.5046330345697355E-005
   6.5828821994251373E-005
   7.3729490128985315E-005
   6.3649626725732428E-005
   5.8373922902617852E-005
   7.5332640926794889E-005
   1.0220437935753657E-004
   7.3961633922461310E-005
   8.3144730467142749E-005
   8.9336626148966132E-005
   6.4891848881392587E-005
   9.9191425651181842E-005
   6.7021720575983004E-005
   6.7294740459701986E-005
   7.3739626459056403E-005
   8.5300446492680393E-005
   7.2056782888229223E-005
   9.0514884863186610E-005
   8.4621814539188067E-005
   7.5710126589806947E-005
   1.0569435977183045E-004
   1.0122085143366776E-004
   7.5846510388775831E-005
   5.1882099893492914E-005
   1.7316042544109653E-004
   1.0690326678704951E-004
   9.2972574157205385E-005
   9.1253944076591129E-005
   8.3080723507021707E-005
   6.7689719321646242E-005
   7.4228049447970764E-005
   4.7208793996033329E-005
   5.9232083097483862E-005
   6.2661280551153776E-005
   8.8886361523935113E-005
   1.0004529353567241E-004
   9.1547405977581627E-005
   1.0004310035361504E-004
   9.7114700193099999E-005
   6.2637732135500653E-005
   8.1677276386347454E-005
   6.0228363561900515E-005
   9.7941649526634127E-005
   4.5181317956580634E-005
   6.1295034977361761E-005
   6.9571790406067720E-005
   1.0557511918016012E-004
   8.5262778188871047E-005
   1.5088717962604287E-004
   8.6443811949885323E-005
   1.2333269347444362E-004
   8.5610091891624127E-005
   5.7497814775569667E-005
   6.3320717315497199E-005
   8.4546827206432475E-005
   6.6244017734925085E-005
   8.3510473523902806E-005
   9.3660595665997031E-005
   7.1100711666855323E-005
   1.1869585268558193E-004
   9.4390059593153623E-005
   7.4364219172972030E-005
   1.0188337177128752E-004
   7.5305669854266143E-005
   5.2887054266723395E-005
   8.1089933539211208E-005
   1.4475689999250588E-004
   9.7893919327626537E-005
   8.5174099760706513E-005
   8.2139212429448388E-005
   7.8124990827545254E-005
   6.2667141612432272E-005
   6.9051633483578311E-005
   7.2933458272775686E-005
   8.8435122053805528E-005
   6.8885856508990484E-005
   1.3352810319786676E-004
   5.9665294377132756E-005
   6.5389827856271172E-005
   9.1626674989727381E-005
   1.2105740067531112E-004
   7.7746767209028699E-005
   9.1946978845638405E-005
   1.6537066179023326E-004
   9.5151946549186793E-005
   8.0181753818408285E-005
   7.2641642770556017E-005
   7.8850427016852683E-005
   6.9656986907796613E-005
   7.2721678547502783E-005
   7.9770957172256593E-005
   6.7055395514053584E-005
   8.6796378803846418E-005
   7.9511513428071032E-005
   9.6745682184588478E-005
   9.3069895222231983E-005
   1.0919472592010850E-004
   9.5573258676982681E-005
   7.6324641964389142E-005
   7.6033986157783101E-005
   6.6875550258535323E-005
   9.2364516030650853E-005
   1.0102913238186667E-004
   5.5709781352904068E-005
   5.9291821332023625E-005
   7.1582830692942906E-005
   6.6693188430537808E-005
   7.1194741053159656E-005
   8.2009371666526962E-005
   7.7978166492864083E-005
   1.0270568876462106E-004
   6.8357484377530242E-005
   8.1588289145400120E-005
   8.2739383561374456E-005
   1.0157930750762461E-004
   6.0988464122676353E-005
   6.7107485268698631E-005
   7.0288735841156388E-005
   9.8025391156343912E-005
   8.3792806677379598E-005
   9.5355543906219079E-005
   6.7400152567004262E-005
   7.4243055907629885E-005
   6.5694932538929159E-005
   6.9633745314532817E-005
   7.8861339482220793E-005
   8.0038462166043319E-005
   7.0972464170638392E-005
   9.6802144848049881E-005
   8.1623475337086005E-005
   7.2888564598641329E-005
   1.3161235130138907E-004
   9.2363300983138488E-005
   7.7279241096595857E-005
   8.5135344381659925E-005
   1.0233781115185332E-004
   9.7241896701445084E-005
   7.4120699456586524E-005
   6.9752255591874290E-005
   7.3725128583358225E-005
   7.5978848007994076E-005
   9.4621985923808619E-005
   8.0882395743164627E-005
   9.2802600049119872E-005
   6.0414795482065149E-005
   7.7237188773429403E-005
   9.3099784777310286E-005
   8.2183633337023744E-005
   9.4100082942435957E-005
   1.0508863584021905E-004
   1.0200292547821775E-004
   9.5947467066688854E-005
   8.2037737836556434E-005
   9.3331167225210111E-005
   5.7733346884992503E-005
   8.4861050440813174E-005
   4.8778499198006594E-005
   6.3604364448514007E-005
   8.7664597188603547E-005
   1.1327150262355944E-004
   7.2588240220811034E-005
   6.8210449650793825E-005
   1.2245272287795002E-004
   1.2524876524074764E-004
   9.6477227942156298E-005
   1.0109700178851691E-004
   8.9802339858886454E-005
   6.9736310762192127E-005
   7.3771462621810349E-005
   7.9358310076306369E-005
   1.0287804344550956E-004
   9.1649550590375067E-005
   7.4836534831414304E-005
   7.9690861605060184E-005
   7.4415544115850722E-005
   6.7129789522637860E-005
   7.1225792463806026E-005
   5.8850131555568286E-005
   8.3562966537533545E-005
   9.6488416663957706E-005
   9.9773534179919680E-005
   9.0070169443821912E-005
   7.4394612456400854E-005
   6.9713070088550986E-005
   7.7609803995116165E-005
   7.1376854554371360E-005
   1.6121393780478259E-004
   8.1617039475700203E-005
   8.1481011991333749E-005
   7.8614059323965001E-005
   6.5065930375069508E-005
   8.8306436156186666E-005
   9.1016943476372885E-005
   1.0571398938307606E-004
   9.0556912029976435E-005
   1.2068817050229118E-004
   6.4012255700693227E-005
   5.3306728290092764E-005
   6.8974093568278973E-005
   7.4962015146618516E-005
   7.1852410238959735E-005
   9.9612404833719628E-005
   6.5122103733956244E-005
   8.4075844576109336E-005
   6.2341974156393374E-005
   1.1216407330549570E-004
   1.0638156281203943E-004
   7.4148066603701906E-005
   1.0161123753935944E-004
   1.2031810030054723E-004
   6.9192163226951253E-005
   1.2226510942416071E-004
   8.9503927481977193E-005
   1.1178714076480126E-004
   6.5350713986933747E-005
   7.6265832071404063E-005
   9.6062580267819800E-005
   8.7324591958309254E-005
   8.9774847747396030E-005
   6.6144952115574650E-005
   1.0407718188565843E-004
   6.9253734437738499E-005
   1.0467905837381630E-004
   8.0883959586349377E-005
   8.9314410430584043E-005
   8.5828649117693074E-005
   1.6497541604411508E-004
   1.0071534346928090E-004
   8.8507062957370489E-005
   6.1628417991401054E-005
   1.5802698119596995E-004
   6.7211115323155895E-005
   7.0593337932668007E-005
   9.9657188186710801E-005
   8.8706569737091883E-005
   9.2240816353400973E-005
   8.7151837178738096E-005
   7.4087130722624725E-005
   1.2019795881525755E-004
   7.9714829777890634E-005
   1.1035577847920898E-004
   6.7737177870445198E-005
   7.0957081327032340E-005
   1.1853554234527271E-004
   8.7814075850454996E-005
   7.8083722690019771E-005
   8.5919716842749224E-005
   9.0146602003760712E-005
   6.9504476906799890E-005
   7.3616443704808675E-005
   7.3883095762443626E-005
   7.8803709477288751E-005
   9.1065519346001977E-005
   9.1087484178578582E-005
   8.7568162841736961E-005
   8.7823354196623856E-005
   1.0726865436553809E-004
   1.2785945485684693E-004
   1.1379625762331783E-004
   6.0859047087192579E-005
   7.5799189643358225E-005
   9.8915587910241077E-005
   1.0229903321191306E-004
   1.0935795312784541E-004
   1.0931313099518909E-004
   7.7009206300917058E-005
   8.7690487737092856E-005
   7.4854056217567655E-005
   6.7581087465589556E-005
   8.0323278963427523E-005
   6.2969862965634986E-005
   6.6816553865162899E-005
   1.0545795135190390E-004
   9.3246504503991827E-005
   7.2330667068390956E-005
   7.1273619919414352E-005
   6.3251060801972149E-005
   7.6649438351025607E-005
   9.0293787665348348E-005
   8.8599014915258912E-005
   1.0001554358187550E-004
   6.4796546643997884E-005
   7.7406400658989910E-005
   8.9161500564068300E-005
   8.2051311569317985E-005
   6.9348113352555316E-005
   6.5031337271407276E-005
   7.7359530353850249E-005
   1.1125193542415198E-004
   6.4339354523294397E-005
   9.4942765633682024E-005
   8.8502056888844222E-005
   8.2658477603583466E-005
   9.5883915897249390E-005
   8.1001687956995319E-005
   6.9531217520006993E-005
   1.1079434206812308E-004
   5.8280632864593959E-005
   5.8106403669940962E-005
   1.3289269860589675E-004
   6.7724616902612494E-005
   6.0168613993018236E-005
   6.6922031038614489E-005
   1.1612579257403726E-004
   9.3129816051591436E-005
   1.0384160917997317E-004
   1.0932842697349086E-004
   9.5841601316955951E-005
   1.0727347132625584E-004
   6.9874304587220736E-005
   8.0652875762547265E-005
   7.9949967329927602E-005
   1.0858954478349151E-004
   8.8018467894204511E-005
   6.7146783648709126E-005
   8.1965601331858567E-005
   7.9608566099420461E-005
   6.1316126081747372E-005
   8.4608110662388528E-005
   8.4597316312599340E-005
   7.0773227688445295E-005
   8.9033108495170245E-005
   8.0549002106703271E-005
   7.3701142132153504E-005
   6.8282170219146024E-005
   1.0842693852978237E-004
   6.7783717215756672E-005
   9.0056724797173444E-005
   1.0189365444413210E-004
   7.2582702053344920E-005
   8.6895304535053751E-005
   1.1197772933636204E-004
   8.8362283834600590E-005
   7.2826386007652746E-005
   9.3338964698500574E-005
   1.1348592277524554E-004
   1.2127763640105812E-004
   7.3008503903189835E-005
   5.8224668962102127E-005
   7.1517838444752307E-005
   6.7546742029804389E-005
   1.0205587414816248E-004
   7.8174736366591740E-005
   7.4570907164851687E-005
   7.8225171215963354E-005
   7.8022828668970336E-005
   1.0294361451067305E-004
   1.1048997201190244E-004
   7.1051667015705820E-005
   9.9236984149358141E-005
   5.9383323260626136E-005
   5.3850395212903718E-005
   1.0027265868733573E-004
   1.4753357428655528E-004
   1.1091214608726499E-004
   1.2241301889207411E-004
   8.0826107558364669E-005
   1.2475015561439726E-004
   7.4086841013222871E-005
   7.6192860988248096E-005
   1.3844383142104245E-004
   1.2211209886237880E-004
   6.2942680088488192E-005
   6.5666125838736964E-005
   7.2459960587004883E-005
   8.5126050329502255E-005
   6.2873264462777353E-005
   5.0384023094309970E-005
   5.4864960598666137E-005
   7.6938841698304534E-005
   7.7591597188080260E-005
   8.6725015706965629E-005
   6.2934290333615769E-005
   6.9058627686714781E-005
   8.9256504863814831E-005
   1.8662852155780279E-004
   8.6625265452037038E-005
   1.2305586003430200E-004
   1.2716861765695486E-004
   7.7856910839826259E-005
   6.5031092151741026E-005
   7.7629307075478718E-005
   7.1612883760634543E-005
   7.2478717612270733E-005
   1.0351577416324092E-004
   1.2426625050238559E-004
   5.8996275557620330E-005
   1.0509113821579486E-004
   8.2831871366724307E-005
   8.0867826517714252E-005
   6.5289880133835771E-005
   8.9773804261008482E-005
   9.2651895517948470E-005
   9.4979180073361658E-005
   6.9382426876986200E-005
   9.4798938038234215E-005
   9.9538621743738533E-005
   7.7877775181653066E-005
   6.2335199372259511E-005
   8.1271998877950936E-005
   8.7974224328009817E-005
   8.9870199956450396E-005
   8.4369203349653974E-005
   1.0400803162931210E-004
   1.1508459999970825E-004
   8.0756208918268235E-005
   4.7029361945611774E-005
   7.7727701888545219E-005
   1.4394227394702071E-004
   8.4869330297274168E-005
   6.9872725093626537E-005
   9.1381113661853907E-005
   1.1848263445187347E-004
   9.9772947189750779E-005
   5.7800763618052927E-005
   9.1671480564955841E-005
   1.2528559191876242E-004
   7.6213505074891250E-005
   8.2633118926716748E-005
   9.5631837563629231E-005
   8.6623331791548175E-005
   7.7489915688893447E-005
   8.4369203608828004E-005
   6.7447059033476519E-005
   9.7963950789909326E-005
   9.9820530602474884E-005
   1.0111780536745975E-004
   9.1225938028587403E-005
   6.5143230168562943E-005
   9.2452688521492914E-005
   1.1313126123805029E-004
   4.8931202862340746E-005
   5.9863767093175905E-005
   6.2030319614795067E-005
   7.0457940204404328E-005
   6.4362176830221694E-005
   8.1535466862361011E-005
   7.1694546043036181E-005
   7.2980712632037293E-005
   7.6463304302454535E-005
   9.9479298589408706E-005
   1.0849128664929270E-004
   8.0693945857384760E-005
   1.0874379307661757E-004
   5.6271561056834479E-005
   7.3805631330111293E-005
   1.0449848272657428E-004
   8.2275835445720980E-005
   1.3825234715102400E-004
   8.5238243452879736E-005
   1.0653171816446458E-004
   7.1152766826356197E-005
   6.5475553117874330E-005
   8.7927585555256681E-005
   6.2853108738503922E-005
   9.1659102139597139E-005
   1.0589891707230732E-004
   7.8052407384887276E-005
   5.2386675721314077E-005
   6.0216756150226025E-005
   7.5442288992277781E-005
   7.9485654905768642E-005
   6.0460118289595100E-005
   7.8097866913186021E-005
   9.2816680069313784E-005
   7.3895955607614452E-005
   1.3859306804250650E-004
   9.7882698588807254E-005
   8.1937772233951547E-005
   8.1665882440840355E-005
   9.2473132589428552E-005
   6.0656301831721648E-005
   8.0554834621637375E-005
   1.3467784206776571E-004
   6.8662279123748136E-005
   8.4166844498815909E-005
   7.1304871016474353E-005
   7.4182578800701773E-005
   8.9152421710600091E-005
   5.5434548006889370E-005
   2.3522144455830245E-004
   9.6088807958078052E-005
   6.3503210299244847E-005
   5.5507091256730927E-005
   7.2071467207596607E-005
   6.2636864640703072E-005
   8.2471289711065674E-005
   1.1501293407413907E-004
   9.6053496319638515E-005
   7.3690446649343400E-005
   1.1823482786509852E-004
   8.9308986977766448E-005
   8.7937083338591923E-005
   1.2046997430029715E-004
   6.7743070897999214E-005
   7.0658835516757438E-005
   1.0264640921977709E-004
   7.7561112858729725E-005
   1.7782295580584341E-004
   1.1481785735153031E-004
   8.9597769267288043E-005
   9.0986596306263305E-005
   8.6227736093230951E-005
   6.0396446616345200E-005
   6.4852537311682745E-005
   9.1083578401947643E-005
   1.0481899441900272E-004
