   8.3055831930011815E-005
   8.2399776358923406E-005
   1.2785693353375790E-004
   1.1338844215483399E-004
   7.8049615851011976E-005
   7.8425843655514666E-005
   1.0025223424082758E-004
   9.0292078596231176E-005
   5.9080019319316075E-005
   7.1096151079920043E-005
   5.8616639516308124E-005
   1.0625800196987549E-004
   1.3546559091930042E-004
   7.3155502223420444E-005
   6.5285865344134655E-005
   7.1281609465780440E-005
   1.2179105475032797E-004
   7.1173382740041650E-005
   7.9310047355974690E-005
   8.9453828002060212E-005
   6.9054596750347996E-005
   9.0894372098095433E-005
   1.1624318604396422E-004
   6.4851430925549889E-005
   6.6182571027393011E-005
   1.2984683194263230E-004
   7.2800697744524140E-005
   7.9796151437537498E-005
   1.1987226301573306E-004
   6.4182917459022643E-005
   6.7712066824033264E-005
   8.6234117903862551E-005
   7.7797296920115123E-005
   7.6662475036032204E-005
   6.5486339827563187E-005
   8.4586907047950278E-005
   1.0295758615645195E-004
   7.2666129266699163E-005
   7.8438271894864855E-005
   5.7920939218649524E-005
   1.0281601278596883E-004
   9.1726893401416048E-005
   6.7833510864165233E-005
   1.0976977832086170E-004
   7.2181106333105101E-005
   7.3540231423658845E-005
   7.1573386024905875E-005
   1.1658589409513980E-004
   5.2968684863673278E-005
   8.2166947588747675E-005
   1.3705447641929904E-004
   1.3329416874039145E-004
   9.8199534030514118E-005
   8.4825804656003776E-005
   8.1977616140463240E-005
   8.1051690769678878E-005
   8.0395938894439956E-005
   1.0390393426998066E-004
   9.9892427349786633E-005
   8.4687018804577711E-005
   1.6566806725241688E-004
   1.0335472979490441E-004
   7.4760705233799644E-005
   8.8280884501914015E-005
   9.7438226959862035E-005
   8.7178524299865023E-005
   5.6118653029475845E-005
   8.9506602796177062E-005
   8.1918249840295178E-005
   5.3450955563949993E-005
   9.2422860510565585E-005
   7.7336063496647860E-005
   7.5300275695412166E-005
   1.0103340338806535E-004
   5.9123855229019171E-005
   8.8619987441658076E-005
   1.0229634271466491E-004
   7.8215690232334188E-005
   9.3655742131885293E-005
   8.9012944964746217E-005
   1.0236982458982880E-004
   8.1657040102740079E-005
   8.6611671506632730E-005
   1.3451338429897269E-004
   1.0020228146473729E-004
   7.3165597264004430E-005
   6.0874556370042844E-005
   5.1242102076787440E-005
   6.1642361344255004E-005
   5.9450250641922529E-005
   1.1381200316136492E-004
   8.6138406733183952E-005
   1.1089115799637905E-004
   8.7129432989883855E-005
   6.6223753270850514E-005
   7.8511406152625022E-005
   8.9975784499685569E-005
   1.0465779640712212E-004
   7.1449595519769294E-005
   6.8635924849132007E-005
   1.0834663670100803E-004
   9.5522911115358152E-005
   7.8874241500018351E-005
   8.1221188973220522E-005
   6.4490731635493334E-005
   8.8111440132456682E-005
   1.1304792189747022E-004
   7.6822414983984748E-005
   8.9905539341507084E-005
   1.1073528915496511E-004
   9.7517619940454191E-005
   7.6579813758166293E-005
   9.4906665997881331E-005
   8.3491076249638281E-005
   7.9209363604766284E-005
   7.5445732066773067E-005
   1.0531809113220326E-004
   9.9205470522183414E-005
   9.5444170009621618E-005
   9.3144848297169910E-005
   7.3877850096122196E-005
   1.0464407133556737E-004
   1.4080491134577206E-004
   1.2609576835525646E-004
   1.1070988372951067E-004
   9.6940830783233159E-005
   7.7965753127857160E-005
   9.6359643140840135E-005
   9.4493244825658192E-005
   7.3724407100973606E-005
   7.8792027745977581E-005
   8.7547161867165173E-005
   6.7446261669231535E-005
   1.0044659320827659E-004
   1.0111429805029397E-004
   8.3684473063337710E-005
   1.1873156790673192E-004
   1.1449910712899514E-004
   8.6707700725682511E-005
   1.1222718641399333E-004
   7.6897292438276752E-005
   1.1419443021730035E-004
   1.0875471850207112E-004
   9.6708743805179527E-005
   8.8841206780017465E-005
   8.7641976491837500E-005
   7.1921377458312346E-005
   8.5434371280051295E-005
   7.2282569291109381E-005
   9.3606063313550865E-005
   7.7161410371886038E-005
   6.5387312359658256E-005
   7.2414384396289798E-005
   1.0651823958290278E-004
   6.9031165549257120E-005
   9.5237920921912455E-005
   8.1473916746700549E-005
   6.8344293266388531E-005
   1.2192084160309871E-004
   8.2879924595103310E-005
   7.9235829939364015E-005
   7.1945495294038859E-005
   5.4001044955204869E-005
   7.4973388597517326E-005
   7.1193849090233678E-005
   9.0225458664438879E-005
   7.6251067512690817E-005
   8.9916381052251694E-005
   6.2469756983223000E-005
   7.0887902484704048E-005
   8.5147009478172929E-005
   9.2663579701387591E-005
   7.2903838766743767E-005
   6.6517896416635650E-005
   7.6685219733064252E-005
   9.6351471257848540E-005
   7.9606798453568165E-005
   6.4536112458509783E-005
   6.5182739122153388E-005
   7.9067451972892374E-005
   1.4100815468209103E-004
   6.0907874760271229E-005
   8.1614097661171137E-005
   5.8744266179113431E-005
   1.3126509091903362E-004
   1.0384793732127364E-004
   9.9352639755060377E-005
   1.0175412845659013E-004
   7.0067728339541854E-005
   8.7036152339862321E-005
   1.1353851100149338E-004
   8.0663809316691351E-005
   7.7817387816183508E-005
   6.7013787061302298E-005
   7.3019365715422261E-005
   7.1536900827496216E-005
   7.0065774547270235E-005
   5.6547893114859825E-005
   1.0788049781839564E-004
   7.1703734695632580E-005
   8.7339380315841874E-005
   8.1045202097372441E-005
   8.4693119357492000E-005
   7.7437818578319803E-005
   7.4984173404990927E-005
   1.4756457310079107E-004
   1.0884695272807325E-004
   9.1972124353402162E-005
   6.3003438611019838E-005
   7.5588755461399338E-005
   8.6976174084683764E-005
   9.1207871681598521E-005
   1.5662666398705711E-004
   1.2345479888900489E-004
   7.9665982126731589E-005
   7.6197256698295733E-005
   9.3578719884843432E-005
   1.7012621841537332E-004
   1.0268518580349111E-004
   8.8241800312061587E-005
   7.4699794879578714E-005
   7.6096454953289490E-005
   8.6776061442452618E-005
   7.2512201271760800E-005
   1.1323017745907441E-004
   1.1964361895256782E-004
   8.3711341455057749E-005
   1.3591007184560929E-004
   1.0800041966917832E-004
   9.4358256865999466E-005
   9.8259705291862045E-005
   7.2847478441868401E-005
   6.7235150811157293E-005
   8.4521227655304682E-005
   1.2034593926505069E-004
   9.6430531991039867E-005
   7.4069902959877576E-005
   1.4874675764018814E-004
   7.6553800883633172E-005
   1.0652396156097075E-004
   7.9477269746731664E-005
   6.7809223396054884E-005
   9.3321607334659557E-005
   6.5296490905997852E-005
   6.9784784795320128E-005
   9.5645872879434961E-005
   7.5145563842324989E-005
   9.2185835134216026E-005
   6.1416594273218210E-005
   7.0692666265813862E-005
   8.7829261716186729E-005
   9.6228399706020927E-005
   5.9215671145944777E-005
   8.4203178189937191E-005
   1.3933411617502502E-004
   8.5647333726704544E-005
   5.7677174349126238E-005
   9.2075928449414872E-005
   9.9029245191308707E-005
   1.1021941588566301E-004
   1.0391528671460720E-004
   8.1782989156284236E-005
   8.6230919831238880E-005
   5.4171646531025149E-005
   6.6468089620648211E-005
   8.0332166281294821E-005
   9.6481754328144503E-005
   1.0738167642039419E-004
   7.9977997934893639E-005
   7.1180353971612959E-005
   1.0386866090411216E-004
   1.1557219412028094E-004
   8.1270545504188844E-005
   7.1843488649509768E-005
   6.9623389950435800E-005
   9.9485019813775079E-005
   1.0936237884718970E-004
   1.0302006190473709E-004
   1.5364814250347860E-004
   1.1719415865549124E-004
   7.1839150037056456E-005
   1.0274717649727643E-004
   9.5560878340206326E-005
   7.0059610172165332E-005
   6.5039202283159690E-005
   1.0813181382241901E-004
   8.2876254437846183E-005
   7.3123112065181961E-005
   6.8025489326170783E-005
   7.0357230142035885E-005
   9.7063084665507815E-005
   6.1535267443912420E-005
   9.4813354333795610E-005
   6.4634303780232799E-005
   9.8593436519676847E-005
   9.9285086683842351E-005
   1.1249239418855279E-004
   7.6730273235074681E-005
   9.9805390307246061E-005
   9.9399682146449815E-005
   6.1700659189670008E-005
   1.1350513610631404E-004
   9.1595445591585283E-005
   1.5005355010630196E-004
   6.1128309913860364E-005
   1.1132662307320508E-004
   7.8112245982821406E-005
   6.1228080516166980E-005
   9.2169245763662491E-005
   6.5453336236366113E-005
   1.1123309081060799E-004
   5.9367681711028715E-005
   6.9962386772702575E-005
   7.3835967796609712E-005
   6.3129042189575657E-005
   9.3329990986088993E-005
   6.5017104676032535E-005
   7.6848520070488838E-005
   6.7958854660839322E-005
   9.7189175523135910E-005
   7.1224028024497376E-005
   8.0268895333952415E-005
   1.0586315139487439E-004
   9.5702786623851044E-005
   1.3271691652916794E-004
   7.1882497014162127E-005
   5.1914897399135713E-005
   7.9419865374372089E-005
   8.6250854399632447E-005
   9.0166540590862673E-005
   1.1916981057109009E-004
   7.6170021891911146E-005
   9.5272569972628928E-005
   9.0658507819612260E-005
   8.0744718975873491E-005
   6.5117468671385182E-005
   9.9278218444668381E-005
   1.3779979052491338E-004
   1.6942016583988172E-004
   1.0322790430228199E-004
   7.5404347446969834E-005
   8.5489075963549003E-005
   1.2221573427112888E-004
   9.3264213146796091E-005
   9.4837664017497278E-005
   9.7700507808565803E-005
   1.4304577457912833E-004
   8.3884507531388890E-005
   6.9826762567770789E-005
   1.8275188320921747E-004
   7.4908039038637918E-005
   9.8465821978425497E-005
   7.9105932479746449E-005
   7.6358019319455449E-005
   1.2515731927695858E-004
   6.8563912085487460E-005
   6.7132102546424416E-005
   1.0174688461160831E-004
   1.1521081327112903E-004
   1.3824237988472335E-004
   7.8892257998473093E-005
   1.5514751136967134E-004
   1.4987990387563792E-004
   9.3500074883555312E-005
   8.0241817829340565E-005
   5.6701267753935436E-005
   1.1530860499971476E-004
   5.8383503705729592E-005
   8.9226579491938812E-005
   7.5116997088252218E-005
   1.3912346207030894E-004
   1.5100082680314817E-004
   1.1223775553980435E-004
   8.5722199632993557E-005
   5.6392364042203824E-005
   7.4553258011570933E-005
   5.7496469891339997E-005
   7.5031070577599734E-005
   7.3730926844018337E-005
   7.7747809619124983E-005
   5.8426160871217537E-005
   9.7629648131669316E-005
   6.3982726978449307E-005
   8.5746331760587198E-005
   1.2639751859005468E-004
   5.9924969509208454E-005
   6.9882912220962633E-005
   1.0161359257029947E-004
   7.8734879725007124E-005
   7.3121065329704977E-005
   6.9478263410038710E-005
   5.9452186580422796E-005
   7.6981927235598185E-005
   9.1151097653509026E-005
   9.6972829578425519E-005
   7.4685805722945605E-005
   6.2476616411649591E-005
   6.7012569889411189E-005
   6.1979376861981357E-005
   1.4446569984660738E-004
   1.8012243827394254E-004
   9.7091739624676577E-005
   8.8227038739282528E-005
   7.4463440724554489E-005
   7.7156199182062911E-005
   6.6652223465945155E-005
   1.0997339932241228E-004
   1.0618126437903519E-004
   1.0934021168965699E-004
   1.1093274551108695E-004
   8.0619313618415087E-005
   8.2153279796626309E-005
   1.3363072753526999E-004
   1.0027831692463019E-004
   7.4045828629253321E-005
   8.9284657937775165E-005
   9.1425049100275250E-005
   1.1110065130889933E-004
   7.1070013832123037E-005
   1.0111742306043406E-004
   1.1873128503130834E-004
   7.5959164869575033E-005
   7.9313745973036439E-005
   9.2169019961270760E-005
   6.6722632784740001E-005
   7.5461745234054955E-005
   8.0540994471400354E-005
   8.3197733007127879E-005
   9.4036813080409620E-005
   6.2483486674636901E-005
   7.0743207230090479E-005
   7.4180306457948195E-005
   1.0833318701730610E-004
   7.4234573347656076E-005
   1.3259785862629656E-004
   8.4812703312280526E-005
   1.1357901525383435E-004
   5.8135976175660045E-005
   7.4819046165936962E-005
   1.0283762082886839E-004
   9.0125721363332995E-005
   6.0357539191042250E-005
   9.4234977458149257E-005
   1.1481658041187562E-004
   8.0299864325071568E-005
   9.3370953350755350E-005
   7.3154224121612421E-005
   8.2752425798695832E-005
   7.8819383671908621E-005
   6.3001556586921451E-005
   9.6673137689831664E-005
   7.9075210389394733E-005
   8.4880526413673137E-005
   7.6868749690785739E-005
   7.7037159996332915E-005
   8.8794657274705017E-005
   9.2212862226706216E-005
   1.0019778192324618E-004
   7.6434035202997859E-005
   1.6992801243833686E-004
   9.5772380155358328E-005
   8.4244111849289530E-005
   8.7791388359656879E-005
   1.0922438083830528E-004
   7.8566533120444674E-005
   8.7812325180171600E-005
   9.7705059304972500E-005
   9.8419010732312182E-005
   1.0015800252592412E-004
   8.8510596154772823E-005
   7.2536215021806741E-005
   8.9924433980075348E-005
   7.7910677395074513E-005
   1.1271853762421858E-004
   8.4839795122170015E-005
   7.8056004840318046E-005
   6.0015035464564764E-005
   8.2067870247751139E-005
   8.5295226029536263E-005
   6.6434318199524897E-005
   4.9934124853479260E-005
   1.0235704163481151E-004
   7.2477853661320727E-005
   8.6766291265203609E-005
   6.8338744471362794E-005
   6.5140263060276595E-005
   6.3216737966594001E-005
   6.5675297571050941E-005
   7.9038655181238077E-005
   6.9096549767331422E-005
   5.8633317479367915E-005
   7.1977137893714289E-005
   5.8331645788015119E-005
   8.7311392398476428E-005
   7.8651304973440967E-005
   1.0166494703093443E-004
   1.3013109817544162E-004
   8.4020058352075449E-005
   6.4758403787785928E-005
   5.2787118490168863E-005
   7.8918167867748204E-005
   6.0695650721767575E-005
   6.7142615495192182E-005
   1.0096222123794314E-004
   8.5164394343733489E-005
   1.5799829022861684E-004
   8.3430713874445267E-005
   7.8538027595767345E-005
   9.0464758513505769E-005
   7.3039862863853925E-005
   9.7285594895941320E-005
   6.9324671559512239E-005
   7.2437244879798593E-005
   9.6421940918505915E-005
   6.6968176238135928E-005
   1.5609569231546516E-004
   1.1393252438629153E-004
   6.2420430389831523E-005
   7.4789959818484666E-005
   7.5787906780937418E-005
   5.7551798033452843E-005
   7.6851743843456177E-005
   9.4713940170108689E-005
   7.0036878933312042E-005
   7.1826301533066013E-005
   1.1160510633317836E-004
   7.1767832686117709E-005
   8.0307466988382550E-005
   7.1856403539348406E-005
   5.0105692057720920E-005
   1.1118141304629693E-004
   9.2142565365500021E-005
   7.9302329668836576E-005
   7.7141925992018604E-005
   7.3064716050101053E-005
   9.2114330658444384E-005
   5.9909984031609925E-005
   7.7358360268062643E-005
   8.3181669253459226E-005
   6.3639442297401617E-005
   1.0955496722127156E-004
   1.0660408297471304E-004
   6.0821785892567107E-005
   7.3670844295136196E-005
   7.7395649197686426E-005
   8.1372887192153381E-005
   8.1642381669125546E-005
   1.0186032743206055E-004
   5.9616234133061747E-005
   7.0904981208018655E-005
   1.1519999431731314E-004
   9.1763507846639682E-005
   8.8262674149881972E-005
   9.3319414831901921E-005
   7.9518902005411057E-005
   8.6126605510317689E-005
   1.0768030227267084E-004
   6.3731588090179327E-005
   9.0821524640766625E-005
   7.3657073572747385E-005
   8.7264306954300583E-005
   8.7454881517273937E-005
   7.5382123062434582E-005
   8.7515720154686784E-005
   9.0468088795450378E-005
   5.6795609368888012E-005
   6.6282890473907746E-005
   8.0745717822014001E-005
   7.8317619166252004E-005
   7.1519023621173665E-005
   1.1793199697495191E-004
   8.0621876422733892E-005
   5.8896613573398673E-005
   5.9083148912263457E-005
   7.5875882258666217E-005
   7.5377695656084760E-005
   8.9846922950835082E-005
   6.0108113612714147E-005
   1.0194495852600385E-004
   7.5828095999445379E-005
   1.1084750886406832E-004
   1.0452810637496137E-004
   6.7462508181543638E-005
   6.3544317175630121E-005
   1.0763041379388345E-004
   7.8305444563513921E-005
   9.2525920811179570E-005
   6.6719186014426934E-005
   9.2422303292819127E-005
   7.9968306152394049E-005
   7.3475784477211676E-005
   8.6031255108052931E-005
   5.9364713550058561E-005
   7.4779422148814315E-005
   7.6099401181490824E-005
   7.3740915054300584E-005
   1.0367018491603047E-004
   8.2701106086330225E-005
   8.1739911645506885E-005
   1.3055587704057948E-004
   9.9871228622711047E-005
   7.3582220718862540E-005
   1.0067131842823547E-004
   1.2719404339864914E-004
   5.1933051557353017E-005
   7.6029688844860561E-005
   7.2017640295752913E-005
   9.6714120867009783E-005
   1.1880712028408765E-004
   8.5737215286921519E-005
   8.6378293790115410E-005
   7.6678384809594955E-005
   8.4759094737420063E-005
   9.0927054659364808E-005
   1.1070607824899037E-004
   1.1614645679856407E-004
   6.0657222480242297E-005
   1.3105806497122242E-004
   9.1589562327951354E-005
   7.9597878746458239E-005
   8.7089840967619875E-005
   5.9070007313150752E-005
   5.5263019578494515E-005
   7.9461379579357628E-005
   1.0430980096284078E-004
   9.0854773698033857E-005
   9.1340827730540200E-005
   1.1961542115541110E-004
   6.2771898303677021E-005
   5.9625185855548561E-005
   5.8695408294319076E-005
   9.3633405443619951E-005
   1.1394943852260963E-004
   9.2974417139669480E-005
   6.4662259162771971E-005
   7.8405698745625697E-005
   1.0543335782681229E-004
   9.2745672765037873E-005
   5.8530469996437206E-005
   8.6717088224852489E-005
   1.0560805941398301E-004
   6.9124605985001678E-005
   8.3964964328116340E-005
   9.5288539468070109E-005
   9.7093074032999918E-005
   9.7915141972367687E-005
   1.3799427281921466E-004
   9.0267796711237735E-005
   7.2310686224826031E-005
   6.3580462676301403E-005
   8.6090859839078421E-005
   6.4596160210406386E-005
   1.1131293212573956E-004
   1.3400506461023475E-004
   7.5878939214496589E-005
   9.4309589677852128E-005
   1.1865461936350027E-004
   1.0372373369592893E-004
   8.4386819601249026E-005
   9.2135705158870814E-005
   9.6243908828857271E-005
   7.5719140024812056E-005
   1.1075098590773964E-004
   9.7285754344632441E-005
   6.7963677203626617E-005
   7.4725792409820297E-005
   7.2383208070003597E-005
   7.0106517840412758E-005
   8.7998557285674483E-005
   8.1231756894283992E-005
   1.0300220680265826E-004
   9.2769835694245500E-005
   7.3015446355515826E-005
   6.5879183268559329E-005
   8.7330709714333437E-005
   8.7945283160737248E-005
   5.4778737181979857E-005
   5.8510910139901745E-005
   8.4606098421736780E-005
   1.1621333449082265E-004
   9.9320991746103824E-005
   6.1230220687421999E-005
   7.6371477180029747E-005
   1.0394545973441542E-004
   1.3092979060839717E-004
   9.8288796384219060E-005
   6.8587680096457719E-005
   9.3769517930817093E-005
   7.3149812048360074E-005
   1.0813375999193539E-004
   7.8527274122541224E-005
   7.9416347228803558E-005
   7.3120534567702541E-005
   8.3764287005839809E-005
   8.2060410331613140E-005
   1.2187684878343831E-004
   1.2655386980180391E-004
   8.2017565200155705E-005
   5.9937821948208585E-005
   9.1874304030470214E-005
   1.1032215994586266E-004
   6.1936902627089728E-005
   1.0156565901671168E-004
   8.6270632407844746E-005
   8.9879698263020143E-005
   8.4455627058952997E-005
   8.6771120207863438E-005
   8.8182105820243143E-005
   9.0600425005524189E-005
   5.9551592915617807E-005
   1.2549599435212198E-004
   9.1020646266967912E-005
   7.9425735552690865E-005
   8.1853501440132300E-005
   8.9701525134114782E-005
   7.6099873475115226E-005
   8.5646113437422026E-005
   8.1967632919292371E-005
   7.5226073623532741E-005
   1.2323159712437963E-004
   9.7266585663586828E-005
   6.6911445037627298E-005
   9.5444722615027592E-005
   1.0390076631579029E-004
   1.1269563021216383E-004
   1.3370480484386205E-004
   8.7758636421342596E-005
   9.3433711937701268E-005
   9.1043251184449504E-005
   7.8368983381052050E-005
   1.1076176948108884E-004
   7.2776597398687236E-005
   9.7542851267508343E-005
   8.0584688399942762E-005
   1.1999603799514432E-004
   1.1059451036878287E-004
   7.3985300240979272E-005
   1.0584800764057194E-004
   7.9871352778669905E-005
   1.1091603187309382E-004
   8.6894618344574394E-005
   8.7972609648356568E-005
   1.1935099692550232E-004
   8.1709849947510254E-005
   9.3944631144175206E-005
   8.7794441278677695E-005
   7.3030162032000390E-005
   7.2536367734356541E-005
   5.6974521343568644E-005
   7.4013523780791700E-005
   1.1195657239878805E-004
   8.4253789117326531E-005
   6.2014207455138849E-005
   6.1060314800520546E-005
   5.5040922456651383E-005
   5.8578742305363736E-005
   5.4377904499136049E-005
   7.8530480506171400E-005
   6.4719969861833058E-005
   7.9482909247580435E-005
   9.4879650441101571E-005
   6.8803219390668825E-005
   9.9999801275689235E-005
   7.6244602980604287E-005
   6.8704471868762446E-005
   9.5380677020679845E-005
   8.4851548146605137E-005
   9.2200348282103073E-005
   7.7529776630088875E-005
   5.0187550938436358E-005
   8.4270034814723659E-005
   9.1856261055642797E-005
   8.8617988961697537E-005
   7.0895628764043806E-005
   8.8224654116523250E-005
   1.1709063816788216E-004
   5.7314717247548213E-005
   7.5625062991984847E-005
   8.2807386876962156E-005
   7.7439212940351714E-005
   7.7968812533579112E-005
   8.1426659575480160E-005
   8.7009673784374126E-005
   1.2766474327038260E-004
   1.1052675355002207E-004
   8.7314948000683824E-005
   6.0985207819115567E-005
   7.6166595519125009E-005
   5.8512948516008153E-005
   9.1737211467209391E-005
   9.2656378689298454E-005
   7.5191988023666942E-005
   8.4994493166525785E-005
   1.0227945219424158E-004
   7.6465020918609490E-005
   7.3101376113415969E-005
   8.2319032201087102E-005
   7.9155753453145574E-005
   8.7745961501103258E-005
   6.1332559639798575E-005
   8.4748417529804427E-005
   6.3806684213166300E-005
   8.5791840418551285E-005
   8.3215795437181043E-005
   8.7683297519228743E-005
   1.0547068101598623E-004
   6.7195085345936084E-005
   6.8934836690875208E-005
   1.2200651138933165E-004
   1.2069646090627414E-004
   1.1626861736799718E-004
   6.2015531927733680E-005
   1.1256396630221538E-004
   1.0877001815008410E-004
   8.0711233455146972E-005
   7.0468791427997021E-005
   8.3180524726401042E-005
   1.0464647244715963E-004
   7.3774816052000960E-005
   6.3783258124224207E-005
   1.2177615343856033E-004
   6.4335468890177716E-005
   7.3727041315630978E-005
   6.2332755289973019E-005
   7.7846907559873783E-005
   8.2451394854145095E-005
   8.7508478985354990E-005
   6.7716660182618845E-005
   8.8718341848284109E-005
   9.0056989309659902E-005
   5.4946457671169123E-005
   6.3616561867326830E-005
   9.0081406817189792E-005
   7.5649229206953419E-005
   9.9697555264282312E-005
   9.5558883923899281E-005
   1.3102575934835885E-004
   7.7555569985684328E-005
   1.3599210406293081E-004
   8.1211881189790589E-005
   7.7362126015682490E-005
   1.0836801245122350E-004
   6.2371739227469917E-005
   9.1693270621094440E-005
   7.1722179457579387E-005
   8.6121704394003261E-005
   1.5785401228483206E-004
   6.7889173614390280E-005
   5.7395809548772875E-005
   5.8652056615570684E-005
   8.1996094707198578E-005
   1.4691551785203563E-004
   8.9314159679627830E-005
   9.9462169733854458E-005
   5.9944929284067876E-005
   4.9779914568029733E-005
   9.9512686970183164E-005
   7.8537094975408435E-005
   7.2604729045071273E-005
   9.5937895699330244E-005
   1.0097631477784630E-004
   1.0164181646779428E-004
   9.5433254714711379E-005
   7.2454526246651610E-005
   1.1146098500478608E-004
   1.0054376084398976E-004
   7.1540976921447434E-005
   1.3142718093881736E-004
   5.8474763607535625E-005
   1.0809897162946923E-004
   1.2453324700751622E-004
   7.0865964129606602E-005
   8.3027694379883172E-005
   1.1725102877479932E-004
   6.8221661487584295E-005
   7.8613604797733339E-005
   1.0923288959568832E-004
   1.0296862528351310E-004
   8.3276318146616548E-005
   1.1043274773946250E-004
   7.5441980352529636E-005
   9.4811556318681183E-005
   1.0036377446441308E-004
   9.1046633047349400E-005
   7.0283871211833908E-005
   1.0960517574006943E-004
   1.3245780343160339E-004
   1.1329039778766897E-004
   1.2229276273351177E-004
   9.7517274649325711E-005
   8.8404484338858288E-005
   8.6086482839960833E-005
   5.7561473657803558E-005
   8.1166134872667642E-005
   6.1652701200683724E-005
   8.1706244220662051E-005
   1.0584982075363332E-004
   1.0244262513875805E-004
   9.1731063754468752E-005
   5.3962990867893157E-005
   6.2885252402376172E-005
   6.3879413176129584E-005
   9.9586311483687413E-005
   6.3346761296266614E-005
   8.3969735757332970E-005
   7.5018591646375371E-005
   8.5684066822031322E-005
   1.0504136061451775E-004
   8.9030915850229930E-005
   9.2377328917669997E-005
   7.4076476243759774E-005
   7.8705527198494630E-005
   9.5751602482657295E-005
   6.2786210912854542E-005
   8.8536477780247488E-005
   8.4775225252868103E-005
   1.5864305071546105E-004
   7.3887290422845257E-005
   1.3042537541302967E-004
   8.0375504233266986E-005
   1.2253780287842104E-004
   1.0321113119464052E-004
   1.0426634163913863E-004
   7.3024934294657506E-005
   9.8947816174194052E-005
   1.0436026097500907E-004
   1.0004054699587708E-004
   7.7904326568786124E-005
   8.1310797406938107E-005
   6.5316198448905511E-005
   6.4440335082019640E-005
   5.9252647767247842E-005
   7.7445163254184098E-005
   9.6374723885992973E-005
   7.5980521206804957E-005
   7.5100706779253961E-005
   9.9418548731373493E-005
   6.2002997728209804E-005
   1.2155996512541929E-004
   1.5275380605766174E-004
   6.6815007793537046E-005
   8.6372859024301730E-005
   9.1524086932310349E-005
   7.6666897991585267E-005
   1.3359110438033940E-004
   8.0614907694681663E-005
   6.9316522633554894E-005
   8.8287184613244780E-005
   1.0655072777723115E-004
   6.4169416791928934E-005
   9.7092099813642335E-005
   1.0467338495230548E-004
   7.0367092576911671E-005
   1.3679582360990022E-004
   9.6852629189880739E-005
   8.8376693227758436E-005
   7.6841771396516466E-005
   1.0313589993683520E-004
   8.7032392318286300E-005
   6.8057933744003696E-005
   6.6538008509544176E-005
   7.7515705954700302E-005
   7.8448330879371677E-005
   8.2501522418753549E-005
   8.5886704603464046E-005
   1.3138212794610920E-004
   7.5754360846460751E-005
   7.3161360891024828E-005
   7.6744245646342076E-005
   1.1694916152725980E-004
   1.2766893888868712E-004
   8.8263228922610216E-005
   7.5137251657017893E-005
   9.6711484881183086E-005
   1.5120437474748863E-004
   1.0139924950422182E-004
   1.0221477136390166E-004
   6.1733610511399329E-005
   1.1150555307784426E-004
   1.4425450291750784E-004
   1.1168210227605742E-004
   1.2484285065249409E-004
   7.2045346221371334E-005
   9.0750836586646322E-005
   8.2906670690878861E-005
   5.8131545324742166E-005
   8.0781543528521478E-005
   1.3021018526194705E-004
   7.7636745609458344E-005
   9.3327949601223930E-005
   6.6987452890929431E-005
   7.4431891395654467E-005
   5.2696150871528221E-005
   7.0367279082327288E-005
   7.5081167251143987E-005
   5.4520758560661997E-005
   6.3470391022290177E-005
   1.0237511810173986E-004
   8.3645374337363695E-005
   9.6354602137792934E-005
   9.4219126554612791E-005
   1.2757177162321158E-004
   9.6678823424338817E-005
   8.3717883178924374E-005
   7.3229901439199896E-005
   6.7062104538408979E-005
   5.4733350649890687E-005
   7.1511598585093751E-005
   9.3320067302326738E-005
   6.3217853165691877E-005
   8.2904579587043023E-005
   1.0317024169698232E-004
   6.1535877883475197E-005
   1.0039041272047618E-004
   7.0588526566337228E-005
   1.1376511057815120E-004
   1.0655475049233842E-004
   1.5031827082584017E-004
   9.6497203756566898E-005
   7.2459084111123304E-005
   1.3808711705092723E-004
   7.0020115377811482E-005
   6.8361229016628854E-005
   9.5505578454077730E-005
   6.3326385969195403E-005
   9.9106090939311619E-005
   6.3789079093804743E-005
   9.0876456797798252E-005
   1.2738186655649207E-004
   8.3960901338866475E-005
   1.1829160720591989E-004
   1.0441448767296872E-004
   9.4590329965731185E-005
   1.0312759653646812E-004
   1.1797948408956081E-004
   1.1765446756122175E-004
   9.6851439905639542E-005
   8.6665348301467405E-005
   7.9547128466489212E-005
   7.8394526987052529E-005
   9.7480801750080370E-005
   9.1659665784305912E-005
   5.7718786101379465E-005
   1.1134270120227951E-004
   9.2186931394258731E-005
   9.8317130301413350E-005
   1.0100528486359398E-004
   7.1720243236482331E-005
   6.6725943241528431E-005
   9.4521331000984446E-005
   7.6539081775609579E-005
   9.9824938188397303E-005
   9.5615813703725573E-005
   7.5092669487525956E-005
   8.0320448455244202E-005
   1.0595060801742532E-004
   7.3656697948405004E-005
   7.1933275794186334E-005
   7.6889811125016561E-005
   7.2960871162840589E-005
   8.0874557394869097E-005
   7.4850437896794932E-005
   7.7957613698055589E-005
   1.0185364171350230E-004
   1.0466221419015026E-004
   8.6674827139719677E-005
   7.4147390311820862E-005
   8.9128477159538204E-005
   6.6438595453823351E-005
   8.5127823691832393E-005
   6.8123877296013394E-005
   7.3701184861408480E-005
   1.0235445562777356E-004
   7.0518943114018215E-005
   7.8497100055465775E-005
   7.3510597005843313E-005
   6.8892337085036089E-005
   7.1955040385451586E-005
   7.0610195954659268E-005
   8.1997350995544554E-005
   9.3734383849499150E-005
   5.7140427803949307E-005
   9.7713051352678936E-005
   6.7029867393314494E-005
   1.3015319035993657E-004
   1.2668657461275596E-004
   8.1716267041639725E-005
   5.6980513517199893E-005
   1.0362031376315780E-004
   1.1124970891885948E-004
   6.8236102045323772E-005
   5.3578388176446005E-005
   7.4789965929738991E-005
   8.8631688477507412E-005
   7.3691343985693943E-005
   8.7325413282785539E-005
   5.8967675156191181E-005
   7.5323583185376818E-005
   9.3400818454488773E-005
   6.1550466830447256E-005
   5.8798597359132688E-005
   1.0844353495017464E-004
   8.4571827883185495E-005
   6.7377814605069802E-005
   9.7817305064944743E-005
   1.0092553305535721E-004
   8.3495380303043803E-005
   6.8284627495697071E-005
   5.7028951017157308E-005
   5.9485432076982080E-005
   1.0290908164545662E-004
   1.2762021524023731E-004
   5.6307066665839151E-005
   7.0874965144930935E-005
   8.6488339986458694E-005
   5.7363289271149649E-005
   9.7115662477829248E-005
   8.3637754677278635E-005
   7.0709423129751726E-005
   6.6726301192248562E-005
   1.1215749717671250E-004
   8.8449174077908819E-005
   7.1540718665343608E-005
   1.0564739628650139E-004
   9.6187375878678679E-005
   9.3163010579929405E-005
   8.6210050372049972E-005
   1.1924880982644183E-004
   1.3233603957255613E-004
   9.1653069867737380E-005
   1.0280693264750452E-004
   6.7399678339879828E-005
   1.2072067390204362E-004
   7.8454319618498990E-005
   9.3437104488919504E-005
   1.0692361063079425E-004
   8.4092108392479543E-005
   1.0797496980415137E-004
   7.9237164711778478E-005
   7.1187908270061668E-005
   7.9036317510106931E-005
   5.4987243713228845E-005
   7.7010907922395438E-005
   6.6486700015808787E-005
   1.0453183333463244E-004
   7.3584595364021055E-005
   6.2893825247506990E-005
   6.2068022725775921E-005
   5.7696257126662692E-005
   1.2089726360353843E-004
   1.0161017167292522E-004
   1.0178788795060777E-004
   8.9372571670228202E-005
   8.9868548579349441E-005
   9.3125102335599657E-005
   8.9277354710435103E-005
   1.3915821209401085E-004
   6.9065096564287684E-005
   7.9578995126939405E-005
   1.4718848066607934E-004
   7.1567415700695452E-005
   9.5251146210401249E-005
   9.8708367370675226E-005
   6.9925964863960503E-005
   6.3140858247595749E-005
   7.4450437138723650E-005
   8.4494157968454162E-005
   6.0100650164814047E-005
   7.9446756955691499E-005
   9.7175745009873716E-005
   5.9457512253981444E-005
   6.4562100782210427E-005
   1.1337250233232168E-004
   1.1295034050362369E-004
   7.4855064052214718E-005
   7.5534520056606231E-005
   7.1323220836334335E-005
   1.2898477171669872E-004
   8.3331041167052466E-005
   8.1598380084202407E-005
   7.4966411153530235E-005
   9.6001893313119309E-005
   6.8811453004245419E-005
   8.3481022376989200E-005
   1.0710073763642513E-004
   7.8495982877813968E-005
   6.6790584766619854E-005
   6.0731940519171162E-005
   8.1158972037701196E-005
   9.1629003982988255E-005
   7.8436870302330452E-005
   6.5752164098609907E-005
   7.5605338365502113E-005
   6.4667893380896410E-005
   7.5279072615071110E-005
   7.7048427449931948E-005
   8.2906081813735686E-005
   7.9527622230987126E-005
   8.6841323386784152E-005
   7.0359932663960963E-005
   8.3479619896118572E-005
   1.0677443686802283E-004
   1.0230679531619466E-004
   8.3702960581196717E-005
   8.3177871127971089E-005
   7.3316276996268927E-005
   7.1786920992559405E-005
   8.3993411689634715E-005
   6.4818273630290479E-005
   9.4408193635527908E-005
   9.5875666851430005E-005
   7.1543688508547676E-005
   1.0279599806070546E-004
   9.6991405756962894E-005
   8.3237414653850552E-005
   1.0319423313612838E-004
   6.6986433017132322E-005
   6.5401837098376787E-005
   7.4769111270251302E-005
   9.4201513561286272E-005
   9.3920879769591998E-005
   7.2658585611291686E-005
   9.2182238632307809E-005
   8.4363829175112338E-005
   8.1338942315163195E-005
   8.8351306896757310E-005
   5.9689007408638086E-005
   6.4898805377425396E-005
   8.2184236083497056E-005
   7.7741070039185362E-005
   8.1228145524927031E-005
   1.2525335853486410E-004
   1.0776186355450110E-004
   8.9988624925618665E-005
   8.9044733337706420E-005
   1.0580993644872965E-004
   7.1025846907242420E-005
   8.5301500299365238E-005
   9.7160404000485177E-005
   1.1619744006448882E-004
   7.1497028881434066E-005
   6.9969094459083737E-005
   6.6798255093593323E-005
   9.0782078638599172E-005
   6.1597359968143048E-005
   6.1204313030058992E-005
   9.2330644853651466E-005
   8.6948787401769663E-005
   6.7764708341105101E-005
   5.8340203057587557E-005
   8.4792308603593713E-005
   8.3156216718460358E-005
   5.1663731883614372E-005
   5.4384680141719955E-005
   6.1009989888129648E-005
   8.9686799081119004E-005
   7.6257867331919229E-005
   7.6649089459141732E-005
   9.2228703028939533E-005
   7.9590968111402434E-005
   9.3866304944042022E-005
   6.0558467698178477E-005
   5.8759204040849535E-005
   1.7497110747068977E-004
   7.0132141380336405E-005
   9.0301350698895381E-005
   9.0473469292826509E-005
   9.5072927981556114E-005
   1.0157547754555214E-004
   5.6086547113723241E-005
   1.1401743233539684E-004
   9.0263167577399439E-005
   9.5332980574759589E-005
   9.5232658194203810E-005
   8.4707068494809109E-005
   5.4695160382349007E-005
   6.2889115932302062E-005
   6.6643005930191632E-005
   1.0415973807843252E-004
   1.0225141624973164E-004
   1.2181514514695164E-004
   6.1873885812881361E-005
   7.8810816372373171E-005
   7.9028609632963404E-005
   1.2503672538612240E-004
   8.7649317445164204E-005
   1.1607114769387328E-004
   6.2288849642675467E-005
   9.2134774538682915E-005
   9.8052125125570159E-005
   6.1027110666944803E-005
   7.6791287270316480E-005
   6.5072161826852730E-005
   8.0166772034127930E-005
   1.0247762125201020E-004
   9.4637092305882605E-005
   6.6750991881679069E-005
   1.0211369023874194E-004
   5.8562881391510699E-005
   7.7181988497706830E-005
   1.2278004050944203E-004
   6.9842621024156470E-005
   1.0075446322301136E-004
   8.8930771136498858E-005
   6.5754382934560385E-005
   9.7665334250332173E-005
   6.3535715126864620E-005
   1.1156751218159005E-004
   8.3316619579719154E-005
   7.3265483633883264E-005
   6.4156914077232553E-005
   7.8661618988132219E-005
   1.2060432432616502E-004
   8.5557931105726721E-005
   9.4269299891647771E-005
   7.3242299103181948E-005
   8.2281480453607746E-005
   9.1097306930738081E-005
   9.4787546158900629E-005
   8.7979370093730705E-005
   6.6309703286424138E-005
   8.7120153565540715E-005
   9.3911739729904070E-005
   1.0401797821703071E-004
   9.6047600513733111E-005
   6.3681449519730591E-005
   7.2868419606630618E-005
   8.4407745379679562E-005
   7.5365405198756446E-005
   8.4042434723637275E-005
   5.8934055973681312E-005
   9.3289439540469431E-005
   5.8797664444814842E-005
   6.0811720021454383E-005
   9.1513962518852601E-005
   8.9133084157944897E-005
   8.2130558618282668E-005
   6.6319310514638700E-005
   8.4520459294962249E-005
   9.6127226026092655E-005
   8.7226413645594294E-005
   8.3607534152931943E-005
   7.1028811049147396E-005
   7.3056339669451677E-005
   1.0456207249676326E-004
   8.3005254460219398E-005
   8.4740056134125172E-005
   1.0218002501752203E-004
   1.0671229461591384E-004
   8.9225577068968620E-005
   9.9910631790398573E-005
   8.8637139618994926E-005
   8.8448768166614740E-005
   1.2305753557233099E-004
   9.5396094068807369E-005
   6.5415518268962695E-005
   9.8365356976433261E-005
   1.0548148538251073E-004
   7.8897722241228697E-005
   7.8050132331839876E-005
   8.0729368069941556E-005
   1.0457204533094646E-004
   7.1747203742212259E-005
   1.1155029359832546E-004
   8.0570673727972536E-005
   1.0173323728483942E-004
   1.0763241647713685E-004
   1.2949493037939588E-004
   8.8735176140268586E-005
   1.0662686297161605E-004
   6.9617776117974692E-005
   5.7139988167529008E-005
   9.1138647231688906E-005
   1.0276223464316131E-004
   1.0584836686262691E-004
   8.2267763995926083E-005
   9.2939880567696084E-005
   1.2593440748599838E-004
   9.1986952583104583E-005
   7.4099389153678205E-005
   6.1119707170641824E-005
   7.0523350341025981E-005
   1.1445588536838775E-004
   7.8464698801486850E-005
   1.0148640134993877E-004
   7.8463147162523430E-005
   7.2140890005185812E-005
   8.0586523552915814E-005
   9.2597901359196965E-005
   7.0002239693210889E-005
   7.5410801963438540E-005
   1.0460174607749824E-004
   8.2933101472802614E-005
   1.1729552318915084E-004
   6.5345845290197706E-005
   7.4733040146988020E-005
   9.6693879455212923E-005
   9.3794979008644393E-005
   7.5163994176889195E-005
   9.4695728426622095E-005
   8.6821404960706110E-005
   5.5957917666121870E-005
   1.0218641897874948E-004
   8.7822459772803475E-005
   6.5253571560391430E-005
   1.0086173969364346E-004
   6.8571925985543253E-005
   1.0841419892210955E-004
   9.7963120802407164E-005
   1.1000981457603049E-004
   1.0093498850308869E-004
   8.3496312420070854E-005
   1.0809236988391285E-004
   6.4507758864839576E-005
   6.3814325649048738E-005
   9.0664775403979792E-005
   7.6731517161372735E-005
   1.4018541989303386E-004
   6.7294632576107554E-005
   6.3417860782148908E-005
   6.0733295060497624E-005
   6.9458111985610087E-005
   1.0795113648839702E-004
   8.3578603036190284E-005
   7.1737500270444666E-005
   8.1321912596299422E-005
   6.5621976901675914E-005
   8.1442780758788036E-005
   1.0530670226735795E-004
   7.6355507689935471E-005
   6.9848222593925862E-005
   7.5823220934967609E-005
   1.0806534718824653E-004
   8.9024212263690694E-005
   9.4970592453768587E-005
   1.1361124663456818E-004
   1.0021014355642633E-004
   7.9568075729712534E-005
   8.8799593267185000E-005
   6.5839547516898807E-005
   6.0876521260880784E-005
   8.0760824976387353E-005
   9.6618312382919488E-005
   9.9818316727671663E-005
   9.2452384555374837E-005
   6.7380363893620527E-005
   8.4527260469217767E-005
   8.7959096628981051E-005
   6.7411541968200132E-005
   1.1427276397457130E-004
   7.3485080610001210E-005
   6.9287406722952615E-005
   8.0240443504905711E-005
   8.3758932028616740E-005
   9.3341635758674397E-005
   9.2266415570198561E-005
   1.6179982698628730E-004
   8.0806381840524652E-005
   1.2291831319365904E-004
   9.1292710611118295E-005
   1.0972238866775518E-004
   7.9158312549331688E-005
   8.7440573911784527E-005
   7.5775100873397484E-005
   7.7612400361776583E-005
   9.6369705796019717E-005
   9.0050229278170648E-005
   8.6363503519786643E-005
   9.6455987013791862E-005
   6.0014257289787909E-005
   9.7490081436526512E-005
   8.1031479447306581E-005
   6.1431826545551961E-005
   6.0929662957327428E-005
   8.8424375835601253E-005
   8.9207714696286244E-005
   7.5360788810334214E-005
   1.0363682374068379E-004
   6.8836417201948013E-005
   1.3803176008641372E-004
   7.0015921875011522E-005
   7.5086261189589412E-005
   8.4150990077924863E-005
   1.1696190354925821E-004
   1.0567358950021145E-004
   1.0907513218583577E-004
   8.0464504419932968E-005
   1.5316579684740059E-004
   9.2651092694167816E-005
   8.9147419696512060E-005
   8.1011288791575466E-005
   1.0193147938188871E-004
   8.7037990344824973E-005
   8.6733910115209864E-005
   1.1011143428833741E-004
   7.1948022547628596E-005
   7.3425184233628579E-005
   9.5914094399416130E-005
   8.3520799679292742E-005
   6.6277574175392727E-005
   7.1662281902133086E-005
   6.7674431053618800E-005
   8.3562937803267020E-005
   1.0544792402122589E-004
   7.9417880995906451E-005
   7.4315379028839723E-005
   9.6515731183881596E-005
   7.5776598463313602E-005
   8.0051370686750077E-005
   8.3574324665312304E-005
   9.0274033517207019E-005
   6.7492674692948832E-005
   7.6196942106571792E-005
   8.2292970270592743E-005
   8.8651720155439909E-005
   8.0039033138741152E-005
   6.4882707943726597E-005
   7.6012091039502451E-005
   5.8117570982007748E-005
   6.7749072766607780E-005
   8.3531837453796180E-005
   9.2432075035441468E-005
   6.6114103076538581E-005
   6.4482450283248280E-005
   1.1498840747125511E-004
   6.0454318795053494E-005
   8.7313507661746919E-005
   7.6170706731251331E-005
   7.3483032778835704E-005
   6.9371501822577589E-005
   7.1236049274674991E-005
   1.1844983443134905E-004
   1.0810560400727910E-004
   6.6141595623771634E-005
   8.5292076981082556E-005
   8.7914010683884047E-005
   5.1754980128082231E-005
   9.7564900470914470E-005
   9.4829727976226280E-005
   8.6535018223704200E-005
   1.2225435220911810E-004
   7.4644872919794362E-005
   8.7098926146676587E-005
   1.1381919100047688E-004
   7.7223119026835062E-005
   8.7522640544782803E-005
   7.5945116230490597E-005
   6.8020617349062634E-005
   7.3348539068142517E-005
   7.6681826577091298E-005
   6.7492600727872106E-005
   6.3281146476966549E-005
   1.2378646902643872E-004
   8.1159137710073745E-005
   6.0218962351386126E-005
   8.1620176935866642E-005
   8.1487760404609993E-005
   5.9819116071407624E-005
   6.1866454638182604E-005
   9.4628581344227399E-005
   8.2481536570977481E-005
   8.0171676850638839E-005
   7.5275929131598035E-005
   1.0444112375845175E-004
   8.7128861962756891E-005
   7.8452748560302232E-005
   9.1667621249353910E-005
   7.0938355332758461E-005
   6.5862654967677683E-005
   5.6448504912394391E-005
   5.8719919369268322E-005
   8.0706711850553055E-005
   1.1592679606894439E-004
   1.0852658665014307E-004
   8.3056970561806975E-005
   7.1649635926235991E-005
   8.7356053659043770E-005
   1.0381686881965688E-004
   6.7806008112285320E-005
   9.2188930489250706E-005
   6.4542127204024583E-005
   8.1699128668612581E-005
   8.4791141548751000E-005
   1.0414498141918641E-004
   8.5023317838186477E-005
   6.2600405842067638E-005
   7.7504642134325566E-005
   6.8669246313509414E-005
   8.8931142538998799E-005
   7.5944840549211671E-005
   8.7977634864320743E-005
   9.3662935837706305E-005
   7.9735683598829732E-005
   9.2337420259236815E-005
   6.9821334102030026E-005
   8.0081304326053501E-005
   8.8455247910026999E-005
   7.3061514652750440E-005
   5.6868352010686325E-005
   7.6166582514139290E-005
   1.0982438131228113E-004
   9.7031258317911590E-005
   9.0276781558340237E-005
   8.4704838791031296E-005
   7.1822882104071839E-005
   7.8769377824507104E-005
   1.0330697348552020E-004
   8.5703465734226808E-005
   5.7426189152799383E-005
   7.9033415999840004E-005
   8.9096437827923902E-005
   6.6805716448510065E-005
   8.7999684632553268E-005
   7.8699301758857525E-005
   7.9459287907037755E-005
   7.6784719162576470E-005
   6.7387946236042548E-005
   8.2945759554068214E-005
   1.0743430217732291E-004
   7.9992974688577708E-005
   7.4805829601446824E-005
   9.0644723544687768E-005
   7.0274477091986277E-005
   6.7152608485646090E-005
   7.4652971245313629E-005
   1.2762556881760494E-004
   7.6298488505668649E-005
   8.0789693351628202E-005
   1.2738519132840935E-004
   9.2916834336291735E-005
   7.3330700373562942E-005
   7.6422685343288232E-005
   7.6079769533352040E-005
   7.4290535844201945E-005
   6.6624131305720289E-005
   6.4358051254479267E-005
   1.2359085978595855E-004
   1.1856654449488188E-004
   1.1823517299898919E-004
   8.4924039006149156E-005
   7.7713465334972601E-005
   1.0136947093316358E-004
   7.8921179672425089E-005
   9.7019589438212541E-005
   6.6894804587473632E-005
   1.0136861978470057E-004
   8.2943121430289254E-005
   5.2641645944423614E-005
   1.2665692255415782E-004
   1.2311393021425179E-004
   6.6956951891430520E-005
   8.8924361330282973E-005
   1.0821334282594583E-004
   6.3743078121506554E-005
   8.9760397013487645E-005
   9.5406059120959241E-005
   8.0222089322463507E-005
   1.3595622273214814E-004
   8.3627318621507370E-005
   9.1435237020164598E-005
   1.5387462937878132E-004
   1.1638176458909258E-004
   7.4228278894993059E-005
   8.3300791186407573E-005
   6.9078090449479102E-005
   8.3683579765511863E-005
   8.5308739331316089E-005
   7.0568013391642266E-005
   1.1293989606518727E-004
   6.1137559290437999E-005
   8.5792374922717270E-005
   8.8058504991041391E-005
   1.0429819047316329E-004
   8.6589899820714285E-005
   6.3197721949139453E-005
   8.1020163675684287E-005
   7.2451978413742998E-005
   4.9648606884331488E-005
   7.9029987818451188E-005
   8.2151462389156701E-005
   7.1392935898353184E-005
   9.1070938799288952E-005
   7.0657396808768838E-005
   8.1145692538231890E-005
   1.2110965904163998E-004
   9.2134169133369876E-005
   1.0272526138820178E-004
   8.3717279337728538E-005
   6.5691197614135862E-005
   6.6171904225291499E-005
   1.0031591299658318E-004
   7.5280721334281366E-005
   1.0331994869692614E-004
   6.0802654226459809E-005
   8.2361287231846089E-005
   8.6567080432756036E-005
   1.1170177360607469E-004
   8.4485734724520442E-005
   1.1161212171762585E-004
   1.0241548267707037E-004
   8.6867368467806146E-005
   7.5752458297645252E-005
   6.1492543165764970E-005
   7.5769343359411554E-005
   6.8889714688169496E-005
   7.0105497838492470E-005
   7.4475383870397269E-005
   8.1357262379850174E-005
   7.5142738186618135E-005
   8.7528944786616610E-005
   1.1127228468650119E-004
   8.8186513739578438E-005
   8.8826322320120958E-005
   7.1362225215975859E-005
   1.0508799850530359E-004
   1.2728718507052977E-004
   7.8327860590896001E-005
   6.9296943280656528E-005
   7.1315455651743351E-005
   7.0464470774387838E-005
   5.4150566260959599E-005
   8.4171523633338774E-005
   1.0129681326820095E-004
   7.1642291435379426E-005
   7.5935197686859270E-005
   1.3399322477363647E-004
   1.2783855520130286E-004
   1.1503330196561093E-004
