   1.0945631573888708E-004
   8.3749745906146433E-005
   5.6461559635565977E-005
   7.9874569707500062E-005
   1.7182627846484903E-004
   7.9393158174124464E-005
   1.0539297726571271E-004
   1.3130314056313555E-004
   8.2421521863007454E-005
   1.2667256481735384E-004
   5.6993764685243730E-005
   9.7325092466553221E-005
   9.7118402086972510E-005
   1.0368389136512088E-004
   1.2624750467706941E-004
   1.3761758237420087E-004
   1.2286100924998469E-004
   8.1390365039134423E-005
   8.0138404403007444E-005
   1.3680377305671693E-004
   8.1506611227154301E-005
   1.4922347336254402E-004
   9.2831353236428585E-005
   1.0092515410602324E-004
   7.6607661407575837E-005
   7.7218156542310451E-005
   8.1748354949747726E-005
   5.6048945633629597E-005
   6.1450906590697333E-005
   8.3395483655370199E-005
   1.0107434743458725E-004
   1.4929993075122800E-004
   6.0198659963791741E-005
   9.8965802988604671E-005
   7.7526090311785139E-005
   8.0917275545985956E-005
   7.8781493537486219E-005
   6.8366077086050043E-005
   8.3116170111893615E-005
   1.5474975905092103E-004
   8.2271423047544274E-005
   9.9115659721443818E-005
   1.0364336831454363E-004
   1.2053932036389269E-004
   9.7089274748851266E-005
   1.1720295100604263E-004
   9.5820384444834692E-005
   9.9701784271094153E-005
   6.9946549294434547E-005
   9.6803207312962575E-005
   6.4680364297904205E-005
   1.3940431227009716E-004
   5.7127564640422516E-005
   1.3398039508072463E-004
   9.3731216004372389E-005
   8.4693262733991014E-005
   5.4144889809469679E-005
   1.0816723699406501E-004
   6.5268964352372804E-005
   7.7657477507024500E-005
   9.6819260050819145E-005
   1.2702430569239511E-004
   8.0961033243726971E-005
   1.0564308482838134E-004
   6.4181078511559397E-005
   9.0444797162350700E-005
   9.8913956431492497E-005
   6.6823575716531489E-005
   6.7532036366162851E-005
   1.2243272881925355E-004
   1.0971555796478912E-004
   9.8561616873038240E-005
   8.4103644158233201E-005
   1.1279626712131690E-004
   8.6798339449213954E-005
   1.1696544831883539E-004
   6.5397105696796677E-005
   8.1888900836654674E-005
   1.1140521423922213E-004
   1.1560334551664100E-004
   7.8738780347027438E-005
   1.2639305907332477E-004
   1.3462844816904999E-004
   9.1354848999235396E-005
   9.1748503535463518E-005
   9.7271299023879941E-005
   1.1072355228693811E-004
   1.2938851937493331E-004
   8.3415609367680163E-005
   1.1193336902465735E-004
   1.7835828267627691E-004
   1.0289552707538980E-004
   1.3626824402649093E-004
   7.2659872087151270E-005
   8.7070799155810081E-005
   7.5822712666289704E-005
   1.0260072413815515E-004
   1.0341513647109500E-004
   8.4809630194689355E-005
   1.0675735662359510E-004
   7.1943718766854248E-005
   6.5865331619387800E-005
   7.9027522431033412E-005
   9.9493836572268142E-005
   1.2390086562947986E-004
   7.0613793523850940E-005
   1.2560284925715052E-004
   1.1061677615710540E-004
   9.2880465273009118E-005
   7.6113573012360225E-005
   1.1873296296540429E-004
   8.3858688045235162E-005
   8.4335878848041608E-005
   7.4714171764165625E-005
   6.5824092957627637E-005
   1.1894853400788855E-004
   1.0008289898576615E-004
   1.3951043726862067E-004
   7.4832381034776245E-005
   7.8871511554193480E-005
   7.2255101598550948E-005
   9.2637787823512252E-005
   9.2893029953473126E-005
   9.9365399945771063E-005
   6.1339165824153281E-005
   1.0304799736428365E-004
   9.9221676464251128E-005
   7.3002800929418914E-005
   7.0870802131440335E-005
   9.1546301198537595E-005
   6.7629527465618830E-005
   7.2734455746465427E-005
   7.9671783572540854E-005
   7.5851639064350906E-005
   1.4762191993982168E-004
   7.5699910920788732E-005
   9.3285537218060780E-005
   5.8510773551866239E-005
   7.9979867444654370E-005
   9.5238103826637824E-005
   6.0178057098385921E-005
   1.2692379102698570E-004
   9.2985797888422262E-005
   1.4654904166086418E-004
   7.0375540452102358E-005
   1.4199428179891235E-004
   6.8533387872522081E-005
   1.2564801396491577E-004
   1.1431779585599342E-004
   1.8203166021188847E-004
   8.4397018320518712E-005
   9.4663439754704668E-005
   7.7622312822272707E-005
   1.3004495718753516E-004
   6.1053044035068221E-005
   6.0797726005644296E-005
   7.0108772112772115E-005
   1.1811936907744943E-004
   1.0484016282027730E-004
   6.3219084672911578E-005
   7.8891978859759295E-005
   8.7926893448208305E-005
   1.1559341513650734E-004
   7.0148083790366389E-005
   6.2608895352996680E-005
   1.1074153919375140E-004
   8.8405456000291717E-005
   5.7135080302179919E-005
   1.4034591771570201E-004
   6.9587435118134106E-005
   8.5637387391563049E-005
   1.0776349006328493E-004
   1.4171497654877571E-004
   8.8084385832996282E-005
   8.3231448340075558E-005
   6.5260140107507758E-005
   6.8939088413428487E-005
   1.4053272748526394E-004
   7.4570069435474663E-005
   8.1000502107470229E-005
   8.0206082505790229E-005
   6.9542073635176562E-005
   9.3416026231677544E-005
   9.6176301679636752E-005
   7.5324206815051764E-005
   7.4569366611130746E-005
   8.8183970952901392E-005
   8.4309092808030950E-005
   8.4750924658507070E-005
   1.0226236415323000E-004
   6.3450845397641212E-005
   7.6342041533409424E-005
   9.5882082221045471E-005
   8.5708731083458366E-005
   1.0220611183012394E-004
   7.7575209526569030E-005
   5.7023583652957141E-005
   7.8536645578780004E-005
   8.4771887631115574E-005
   8.5193371996335668E-005
   8.3778478451751535E-005
   1.6948438408273300E-004
   7.4177107226908699E-005
   5.1157454004654731E-005
   9.3261680043741575E-005
   1.2344701184841811E-004
   6.5929695303361258E-005
   6.7076854625779589E-005
   1.2176256215713458E-004
   6.3000575130466377E-005
   7.5266101885315757E-005
   1.1763212387948692E-004
   1.4092427617254670E-004
   1.2210440585571188E-004
   7.5723423256398063E-005
   7.4672351621591021E-005
   9.8541180845351014E-005
   1.6257393992162713E-004
   6.9779571573864502E-005
   1.5540975608827515E-004
   9.8153982096101715E-005
   7.8710898032735330E-005
   7.0134032760740521E-005
   1.1218473963095118E-004
   1.3824957518847583E-004
   9.7764017767714134E-005
   8.2226014302142622E-005
   1.2643827164737290E-004
   7.8739360235111400E-005
   1.0832292825281414E-004
   1.0555841156334793E-004
   1.1479914317374112E-004
   1.3615598687195286E-004
   8.2733584586153786E-005
   6.6453998718214908E-005
   6.9819419053814032E-005
   1.3708644123049858E-004
   7.0602314667444403E-005
   1.0001197810105112E-004
   8.2801413221875563E-005
   9.5415375496855811E-005
   9.3475143046655232E-005
   1.0966840156669807E-004
   8.7593094845847335E-005
   1.2139512644358245E-004
   7.0549690766051569E-005
   7.8839837855077820E-005
   6.8997294645847438E-005
   1.1166178061897200E-004
   5.3482264716943313E-005
   1.6247544097952035E-004
   1.0037800901006416E-004
   1.0966789656542567E-004
   7.4932293145749910E-005
   7.3630075146471861E-005
   1.3875326994897811E-004
   6.5184937611999778E-005
   5.8995516826737684E-005
   8.5812970706974949E-005
   1.1918585951306209E-004
   6.8588822534389302E-005
   8.7353419413401513E-005
   1.2128296823167048E-004
   7.8724046340897849E-005
   9.1630915230612423E-005
   8.4619291462368506E-005
   8.4573109617339977E-005
   8.0430960028244659E-005
   1.0447664315787087E-004
   7.6910329957373402E-005
   9.6731620070389002E-005
   6.0833042699784421E-005
   9.4838651810454395E-005
   1.3112050230838050E-004
   8.1644425831454143E-005
   1.4222496508802849E-004
   1.0042539475116692E-004
   9.6760976202957976E-005
   8.9972391638098835E-005
   8.3512871449321473E-005
   1.0682967832468143E-004
   7.6102538623562714E-005
   9.2587451904480524E-005
   8.0550199176575535E-005
   6.8990059082751822E-005
   1.1317232461469070E-004
   8.8386869942855075E-005
   1.1895737076019104E-004
   1.0225039705189209E-004
   8.8472668890082160E-005
   6.2937961548183914E-005
   7.2608627970168900E-005
   7.1921320341962407E-005
   9.1240806934454315E-005
   8.4780566318051330E-005
   8.4772878237115946E-005
   9.3346601194479532E-005
   8.2973836228125990E-005
   9.6886973189044075E-005
   6.7518454168289741E-005
   1.5950978265241055E-004
   1.0019719333712780E-004
   6.1335807283048090E-005
   1.0855880749932823E-004
   7.4886428437670013E-005
   9.7629648197952775E-005
   7.7645330765116624E-005
   8.5192839385407216E-005
   8.1641906502277715E-005
   6.9941511017578473E-005
   5.5588739640790452E-005
   1.0652099016317174E-004
   1.0405127775052329E-004
   1.0531945104994349E-004
   8.1968560729640873E-005
   9.6774249597349522E-005
   1.4145785445943311E-004
   1.0602540838748248E-004
   1.0614860550090739E-004
   6.7253731195136165E-005
   1.1198914939763141E-004
   8.9207798152906399E-005
   1.2977172188055001E-004
   9.1615110367532614E-005
   1.2991389931950358E-004
   6.1093173001430042E-005
   9.1232595734194312E-005
   1.0681591303003672E-004
   1.0932023056086580E-004
   1.2610392265978055E-004
   7.5005846723431093E-005
   1.2500890205431435E-004
   1.2486655069795887E-004
   1.3449879122007133E-004
   8.1296552089675560E-005
   1.0657738828917531E-004
   8.5211123588462158E-005
   1.0000658581727380E-004
   1.0048020724372544E-004
   1.0835269471596234E-004
   8.1650152043789145E-005
   1.0606839249387491E-004
   9.3948020396570842E-005
   9.4039725571571424E-005
   6.5345335816227750E-005
   9.3881738760318630E-005
   1.0460569518640376E-004
   1.0004535212201415E-004
   9.6540142782847659E-005
   1.1867958065226869E-004
   1.4840247811289490E-004
   1.0828324458013543E-004
   7.7766636562988885E-005
   8.6152081966104691E-005
   6.5691484761112943E-005
   7.1900253475728606E-005
   9.9576257352759854E-005
   9.4121161380115436E-005
   8.0731791772398632E-005
   1.6270206131330215E-004
   9.9508983280591318E-005
   9.0932205001372651E-005
   1.2516676101243551E-004
   1.1402496699408094E-004
   8.1100350095733023E-005
   1.4921079241731199E-004
   9.9366633973788990E-005
   6.8809973646661923E-005
   5.3055626117726811E-005
   9.5966165879247589E-005
   8.2994454883573854E-005
   1.1229889761850367E-004
   1.4612118700349738E-004
   9.7260502254579873E-005
   9.6837210535450654E-005
   9.3871346672692705E-005
   1.3450360692472915E-004
   9.5170259746084950E-005
   1.0776554270896175E-004
   1.3131644240987618E-004
   1.3979263420991925E-004
   1.6957938821873277E-004
   1.1616647873898255E-004
   1.3637146047967494E-004
   1.0445192910490992E-004
   9.5540209247051649E-005
   1.1350054803679770E-004
   8.0049577716966231E-005
   9.8789566837434635E-005
   7.6930362491911241E-005
   8.9239662412772398E-005
   1.2107365357193879E-004
   9.7091024122868060E-005
   6.7943370626271762E-005
   1.1831228502264996E-004
   1.0688505759870835E-004
   9.5857543344655320E-005
   8.9870496092943870E-005
   7.8248504033079380E-005
   1.1634657687044565E-004
   1.7480956774606582E-004
   7.8980497623307421E-005
   7.7811517423818368E-005
   6.7165058674082816E-005
   7.7659729560149052E-005
   1.1798429788320701E-004
   8.4673790415345230E-005
   1.0180047575479528E-004
   8.2302002006793643E-005
   9.4603638671029300E-005
   7.7637614423618472E-005
   6.3367299536863986E-005
   1.0433339321227267E-004
   8.3200245255897124E-005
   8.3583041578535092E-005
   5.7526419427341360E-005
   1.0207388552058176E-004
   7.4092428623964888E-005
   6.5160731265665703E-005
   1.2911839340588546E-004
   9.3447325603308911E-005
   1.2992150039468334E-004
   1.0435323061756729E-004
   6.3510374291504969E-005
   7.6981400565982131E-005
   7.0070948504889253E-005
   6.6480493096954477E-005
   7.4375948412618248E-005
   9.1903698326362886E-005
   8.1633114739733227E-005
   1.2022927030525529E-004
   7.3004825256214041E-005
   8.6790756857506654E-005
   1.1220225144166139E-004
   1.4784338123730885E-004
   6.8473689835264981E-005
   1.5006007674068554E-004
   1.0720454028355352E-004
   1.2148197093380236E-004
   8.8178261796492140E-005
   7.7280435727986277E-005
   9.8538354509557111E-005
   5.9966066419060703E-005
   7.0069982533081923E-005
   9.3068249196306599E-005
   1.2837218951375706E-004
   6.7814747408882179E-005
   1.1919066338428516E-004
   1.1099703045705166E-004
   8.8121638857047496E-005
   1.1203911010036398E-004
   7.5889935961338752E-005
   8.9972098854450313E-005
   6.8714045027815386E-005
   1.0274701259629415E-004
   7.5745351782317740E-005
   7.5256993062497996E-005
   8.6742537772302659E-005
   5.5432157444642163E-005
   9.6224575750150822E-005
   1.0529833829049026E-004
   7.3156846252101532E-005
   1.0892707047962869E-004
   1.7705693468519196E-004
   1.0476150622146826E-004
   7.4697382211713254E-005
   1.2368164701853255E-004
   7.5579457671056356E-005
   1.5954498240904668E-004
   8.7908261070663690E-005
   1.1234291760067519E-004
   8.0506162798467257E-005
   9.9623103727516978E-005
   1.7333050816204838E-004
   1.0501656685817082E-004
   5.9147067530896505E-005
   8.0797774947226255E-005
   1.1436153650415912E-004
   1.1937311657373609E-004
   1.5636826281186777E-004
   7.6258942552846822E-005
   9.2361858523695310E-005
   1.2348195553368971E-004
   1.5106661831205078E-004
   7.7741113377539277E-005
   9.6530416879490684E-005
   8.6471723972308514E-005
   1.1629918272049541E-004
   1.3227361537538601E-004
   1.1003127521934726E-004
   1.0451160164781238E-004
   8.7480589652219747E-005
   5.9981709991230921E-005
   1.1722438204927498E-004
   7.7473172127747556E-005
   8.6564015835867753E-005
   6.9752896109582607E-005
   1.1043029864220219E-004
   1.0338206953437363E-004
   1.1374572158356652E-004
   8.2695801783035019E-005
   8.1643960108660250E-005
   1.2161835147898697E-004
   1.0478860826735626E-004
   9.6267951096644765E-005
   9.4606073441374315E-005
   1.3868135987933739E-004
   1.1423033116843299E-004
   6.4528702689494987E-005
   9.8649748691013967E-005
   1.3108582975110712E-004
   8.9523586835689665E-005
   5.9098048453190166E-005
   1.2673543566953617E-004
   7.4436333002644140E-005
   5.9102896276053698E-005
   1.6311841438460228E-004
   6.9643853247777754E-005
   9.5130545680566101E-005
   8.6193288503104740E-005
   1.1556511376903660E-004
   8.2323884317156304E-005
   1.2863150767493698E-004
   9.4295425995400350E-005
   1.0548620726220015E-004
   1.1808736405100752E-004
   1.0282367596597823E-004
   1.1647123101079775E-004
   1.0030215765367290E-004
   1.5003435198517889E-004
   8.7370858894789599E-005
   9.8484133181249450E-005
   8.8715496490977922E-005
   9.3283026429938581E-005
   1.0711418697567087E-004
   1.1647131762650644E-004
   1.2931263704636691E-004
   9.6193108953749931E-005
   1.5550006725838071E-004
   7.3897908147981634E-005
   9.5281344529205469E-005
   7.7572278913830544E-005
   6.9975186506175202E-005
   8.9111799227554087E-005
   8.3238644781913210E-005
   1.1489557820051251E-004
   6.8451658930480897E-005
   7.3208721503036171E-005
   6.6476862971404831E-005
   9.3127427958232957E-005
   1.2923123464688119E-004
   1.2551974529777655E-004
   1.0164140977303684E-004
   1.2828810431084076E-004
   1.0192399847964734E-004
   7.6782753269616141E-005
   6.2838683394359979E-005
   1.0175799832069172E-004
   1.3289059844761642E-004
   1.0139697014593568E-004
   1.3474650505460113E-004
   1.2498832795719843E-004
   6.8917176438486411E-005
   9.0091702217040255E-005
   4.4676892158557782E-005
   4.5829492927119191E-005
   1.0609392712385027E-004
   1.0112011598631721E-004
   8.9813551311971162E-005
   1.0591591990072746E-004
   8.2994009391998462E-005
   1.0447424946015779E-004
   9.2896816925207290E-005
   1.6601755185736221E-004
   1.3823970410667123E-004
   6.7859485657478509E-005
   5.7694275739386707E-005
   1.1187755777224311E-004
   1.2980128498449081E-004
   9.9912829007244567E-005
   1.0384102262175317E-004
   1.1906711228294281E-004
   1.3621418981112321E-004
   6.3972759591440477E-005
   6.0657128497006728E-005
   8.6666381971287526E-005
   1.2635518208639938E-004
   6.9386354752232231E-005
   6.4188549897835169E-005
   7.9494211895758381E-005
   7.3894582286719717E-005
   6.5112825384306498E-005
   9.6047852237274075E-005
   9.6598476940616110E-005
   6.7968778875337785E-005
   1.3289180944739626E-004
   1.1752926614704530E-004
   8.1079392322137573E-005
   8.4565352163273045E-005
   9.3998778979319827E-005
   7.2115569104052888E-005
   1.0840880760945863E-004
   8.3407821941360849E-005
   1.4424124961924555E-004
   9.1950017314503684E-005
   8.3620410362928116E-005
   1.4172347601093272E-004
   1.1540733729206837E-004
   7.8729163362042655E-005
   9.6996932721200816E-005
   6.5588086791545464E-005
   7.5276983423299421E-005
   9.8624576870540170E-005
   9.4743510190082846E-005
   1.1189832353317903E-004
   1.3450833469599274E-004
   1.0397585922483078E-004
   8.7688173263542719E-005
   1.5464658046216760E-004
   1.7283731422212687E-004
   9.2365318672573546E-005
   8.2327288803174951E-005
   6.8608113514423953E-005
   1.0053207396329933E-004
   1.3798585299360297E-004
   1.0093884167202175E-004
   1.0548570116458533E-004
   8.2123999631057373E-005
   8.7645262424753618E-005
   7.4798288803312981E-005
   1.4419504489719814E-004
   1.1122692695202258E-004
   7.4076172881959942E-005
   7.1773122228462247E-005
   9.1825853557682700E-005
   1.0316159654943841E-004
   6.5923593357553953E-005
   8.6377912961092091E-005
   7.3999075733022657E-005
   7.6011825644240613E-005
   7.2071826901669447E-005
   1.6618890274091127E-004
   8.1175966443214256E-005
   1.1662009179108351E-004
   6.1886048509878958E-005
   6.8392346780652159E-005
   1.1615578743805137E-004
   6.3868197412524173E-005
   8.1303225035259094E-005
   1.5664372698799615E-004
   6.7288099653874925E-005
   1.2936065121652829E-004
   1.1329554874110424E-004
   7.1817113377220827E-005
   8.1626919515091274E-005
   6.9561393301810005E-005
   6.7775198958956929E-005
   1.0252800980022003E-004
   9.3313965480575702E-005
   6.7201059646391825E-005
   1.2526845988747890E-004
   8.7769558265117829E-005
   8.8782864093338716E-005
   9.1098051674644341E-005
   9.3897766851759311E-005
   9.3148849785531002E-005
   1.0699788649221033E-004
   6.4678278353895590E-005
   1.0022137936935550E-004
   1.0926996895133787E-004
   7.4188190711399935E-005
   9.9728882503082429E-005
   7.2842791666652377E-005
   9.3804087257604555E-005
   8.1988733926652933E-005
   1.2876469898679132E-004
   5.9343614244945757E-005
   1.1836450357006033E-004
   1.2348117018632390E-004
   9.0371299006567179E-005
   7.3567353132697016E-005
   7.5984313538303579E-005
   8.0201395536444255E-005
   7.4639032671367390E-005
   9.2561114515574280E-005
   1.0195750019097290E-004
   8.6744261783717406E-005
   8.9243584163580721E-005
   9.9523143854041325E-005
   6.7990068994353895E-005
   7.8653366161600681E-005
   1.1112275941763243E-004
   5.6656062488924369E-005
   6.6954419923909904E-005
   9.3382204449744320E-005
   8.4943998341857727E-005
   9.0142819901565076E-005
   1.1756935878447858E-004
   9.5536049394493312E-005
   6.2335283705344785E-005
   9.5722373958197758E-005
   6.4135861869548476E-005
   9.3926673390282210E-005
   6.1815219422486518E-005
   1.0693183560827724E-004
   9.2189246887498382E-005
   9.6160699507186591E-005
   1.1957517957216824E-004
   7.3364992672760965E-005
   7.9437844926813511E-005
   1.0330071723233108E-004
   8.7066935712518952E-005
   7.6130883425738519E-005
   8.5256304141701446E-005
   8.3686728737565502E-005
   1.5485104996102432E-004
   5.9752898865070652E-005
   1.0419445178766389E-004
   8.6612750154956412E-005
   7.7525259138222166E-005
   9.5821987392061400E-005
   1.2979731687450940E-004
   4.6275502289958609E-005
   6.1654806488325073E-005
   7.4639449704770941E-005
   1.3933999606712197E-004
   7.9254834465116401E-005
   1.0997278955716860E-004
   1.1143902984560806E-004
   1.1031515945585530E-004
   1.2082579343789264E-004
   1.1419428146683137E-004
   9.0235850934465502E-005
   1.1557072737250241E-004
   1.0918615132756281E-004
   7.9063957021974023E-005
   7.4074175180208538E-005
   8.8793653208257980E-005
   5.0633000591052199E-005
   8.4070138905950354E-005
   1.3187796423786243E-004
   1.4044662442232151E-004
   1.2433729335644878E-004
   1.3073100649408170E-004
   8.7547992753926558E-005
   9.4519545626740479E-005
   9.7033564288094906E-005
   6.6748173133116979E-005
   1.2852738374567296E-004
   1.0571112364731968E-004
   7.8185085103357071E-005
   9.2070343745509709E-005
   7.4465597711622424E-005
   9.4423520308032337E-005
   7.7576210021024705E-005
   1.3571049781540266E-004
   7.0625607371949131E-005
   1.0440267533834541E-004
   1.2639798018296292E-004
   7.2861713603704183E-005
   8.0680059282396368E-005
   1.1631119316308427E-004
   8.9461884670173438E-005
   7.9878782022127444E-005
   8.9046085473175901E-005
   6.5706419862697856E-005
   7.3421935428517673E-005
   9.4693633581160135E-005
   1.0957614236815277E-004
   7.8918690939835503E-005
   9.7108405040491035E-005
   5.4916289493327951E-005
   1.1163143105638076E-004
   1.6378174381539702E-004
   8.6108054221632212E-005
   8.6270440826974966E-005
   8.7771401388155173E-005
   1.7487599225215212E-004
   5.3878884006826997E-005
   8.2628450690889620E-005
   6.9370946419098413E-005
   1.1936228746840759E-004
   1.1155834058122364E-004
   6.4919401443760239E-005
   8.5346290915814054E-005
   7.7487273716200027E-005
   1.4431591703334897E-004
   8.2297352568683194E-005
   8.9800812690868392E-005
   1.1083371666806517E-004
   9.2950923307719190E-005
   7.1870584052387930E-005
   8.4362979169058921E-005
   1.0709064041703432E-004
   1.6905240762047629E-004
   1.0372284557647096E-004
   9.1487897652937225E-005
   9.7343824488566158E-005
   1.1634195547872402E-004
   1.0389304237033039E-004
   9.2457436175084074E-005
   7.3417025618156866E-005
   1.2360358791624852E-004
   8.9109534552018918E-005
   1.0642829457350790E-004
   1.1249291568251493E-004
   9.6642804241672242E-005
   6.1482769355392306E-005
   6.9289153229928441E-005
   1.0188647230729272E-004
   7.8479347936591436E-005
   1.1134900301653237E-004
   8.2477374594621858E-005
   1.0281743178566456E-004
   1.0709253648944904E-004
   1.1134650358623192E-004
   1.1512783646839218E-004
   1.0492235537478476E-004
   7.9533743948057806E-005
   5.6939025555917135E-005
   5.9591332809399423E-005
   1.7527286543751007E-004
   7.4876662407015015E-005
   1.1716464455287724E-004
   8.5299300341613434E-005
   8.4645433492983737E-005
   1.2225252314726126E-004
   1.1054144494812537E-004
   1.2029352449961465E-004
   8.9872382872547492E-005
   7.1803864500790416E-005
   1.2808557143291935E-004
   1.2479036037091277E-004
   9.7801897443557112E-005
   1.5752527524773031E-004
   7.4996363713106804E-005
   6.9025202451667624E-005
   6.6390605502799233E-005
   1.0092427311936600E-004
   9.4505865548981938E-005
   1.0298319622450016E-004
   8.2130274186147692E-005
   6.7284444612547993E-005
   7.4274797894016592E-005
   1.0717814436187554E-004
   8.1864604029046332E-005
   9.4512699494608523E-005
   7.7700392089196551E-005
   1.2044315289745987E-004
   5.2584432981912758E-005
   1.2089881034793449E-004
   7.8097819484695524E-005
   5.7420990986004149E-005
   8.8514982098471395E-005
   9.2530093238249610E-005
   1.0673958650463935E-004
   1.0671352382671531E-004
   8.1424254386388092E-005
   9.9647072418574653E-005
   1.1444047266259322E-004
   1.2349487907884586E-004
   9.2618703907580051E-005
   9.5113946493042032E-005
   6.8174903382238415E-005
   7.3105153184874059E-005
   5.8270327236308203E-005
   4.4285603506970615E-005
   1.1710327712120852E-004
   1.0028903681577038E-004
   7.0429644531834303E-005
   6.9841542942636879E-005
   8.4651054296782673E-005
   7.4069002849492152E-005
   1.0885260158841918E-004
   1.2991842681419022E-004
   8.7120583340912094E-005
   1.0020154295872022E-004
   7.5164125870097223E-005
   9.0283789766385037E-005
   9.7707550964971378E-005
   8.7871315461385597E-005
   7.8742607038545040E-005
   1.1621665430421620E-004
   6.9537719133257821E-005
   7.0603789399509642E-005
   9.5368994354336526E-005
   9.8721081215634213E-005
   5.9786533713351353E-005
   1.2177595563416140E-004
   1.3015004518085262E-004
   8.0064407159290656E-005
   7.9684807295926063E-005
   1.0771390306702505E-004
   8.4088705453551341E-005
   8.7674435403616781E-005
   8.3876733287940536E-005
   1.0129719992524987E-004
   8.1239802363704719E-005
   9.7649143858242782E-005
   9.8643488932841151E-005
   4.3460454356885280E-005
   5.6467561018453190E-005
   7.3684129462009209E-005
   5.9036247742282318E-005
   9.3238631701117024E-005
   6.2192736615702236E-005
   7.7616069719667726E-005
   7.4499773901061283E-005
   1.6471603202298607E-004
   1.5266192021986107E-004
   9.9386349121628580E-005
   1.0338494455671964E-004
   5.5289231384628124E-005
   5.7634524512748329E-005
   8.4947988485928173E-005
   1.2217051201730063E-004
   1.3457446445322733E-004
   7.3497158791765318E-005
   5.1951017839514260E-005
   9.2503143735384453E-005
   1.0320490722947191E-004
   8.7446478628291327E-005
   7.8996469021346176E-005
   1.0437774906897610E-004
   8.0185476976881825E-005
   1.3148114514732455E-004
   7.5746659515478921E-005
   1.0448816011440607E-004
   8.3405485388468112E-005
   4.9759417107548258E-005
   7.8571868190910172E-005
   8.9382509385461877E-005
   7.5849229818971659E-005
   4.9040401510533376E-005
   6.0385207311333416E-005
   1.1244600241835566E-004
   6.8246076152129724E-005
   1.0785889939597258E-004
   9.5100116691581224E-005
   1.0815449812821937E-004
   9.0945958078199313E-005
   8.6969724495576759E-005
   9.5527129541174115E-005
   8.3850423609972490E-005
   1.1628907920510914E-004
   1.0313471331280094E-004
   8.7929226451426273E-005
   8.8856998745455009E-005
   6.5697568300392901E-005
   1.6759145340025907E-004
   8.1783189933614409E-005
   1.2064775790394812E-004
   4.9866277786646591E-005
   1.1933354187623710E-004
   1.1959981041002677E-004
   5.3165167208049141E-005
   8.6276890765918097E-005
   8.4160913967414061E-005
   8.1840744049284901E-005
   7.7801536054799110E-005
   5.5532020192262999E-005
   8.6892507170812543E-005
   8.7235018394427190E-005
   1.0056661010573539E-004
   7.9386451151707357E-005
   1.1535195757854119E-004
   8.8151409511827081E-005
   1.1868426197826973E-004
   7.5222829066706081E-005
   1.5432851113029463E-004
   7.1464020312200658E-005
   6.4737666618491392E-005
   1.4061125280613994E-004
   8.1494009827411647E-005
   1.2219288175305712E-004
   1.0661209025237589E-004
   1.0153270380274182E-004
   7.8092612282490900E-005
   7.4288877252025963E-005
   8.4100604635897446E-005
   1.0487760834476182E-004
   7.0458527424547337E-005
   1.0883611517735459E-004
   9.8463208047181204E-005
   9.7672328527096216E-005
   8.3196321781190988E-005
   8.0153176784767275E-005
   8.1254704274814687E-005
   9.7036248166910250E-005
   1.0108970826500225E-004
   1.0028795169760757E-004
   6.6363943004779476E-005
   7.6601117239441253E-005
   1.0167371365359749E-004
   7.8695793500482421E-005
   1.0271994812323880E-004
   6.4708597493721740E-005
   8.9988915367081930E-005
   1.1682762869977063E-004
   1.6865335323958889E-004
   8.1431868909046887E-005
   9.5755942018006278E-005
   1.1972643590123907E-004
   8.9605525361490903E-005
   6.5241899808327262E-005
   9.3106993390543516E-005
   9.6827792200992007E-005
   1.0201201574918761E-004
   7.6562577565032547E-005
   9.6718482808639603E-005
   7.0712139407182626E-005
   1.8913444379682677E-004
   1.6082013609636600E-004
   1.3426493844473031E-004
   8.7583684001297881E-005
   9.3110640312654130E-005
   1.1250335797531830E-004
   1.1228813280400689E-004
   7.5695963268467595E-005
   6.4744788587077802E-005
   5.5957771955204342E-005
   7.4495512603510078E-005
   1.0514109425771031E-004
   8.9151740494315443E-005
   6.6988276184216450E-005
   1.4114515136767633E-004
   1.0548926411014729E-004
   9.4810267474385666E-005
   1.4691655951951471E-004
   9.3765759599308970E-005
   7.8376982246384404E-005
   7.4857743775940324E-005
   9.0268624281332070E-005
   5.3302461924012379E-005
   6.3928826379459018E-005
   7.8637135849505716E-005
   1.1781079256936594E-004
   9.3432395068434031E-005
   9.3540715136063149E-005
   1.0380236999777411E-004
   7.9283650744919410E-005
   7.6466912492261231E-005
   1.4928631156420412E-004
   9.6142881896211171E-005
   6.1302367142422926E-005
   1.1215576536953893E-004
   1.1254743694053951E-004
   6.9014774383585115E-005
   7.1086590864622465E-005
   8.0597772749322174E-005
   1.0489115244769373E-004
   8.7858919598429088E-005
   1.2843462287785565E-004
   9.6118167298432313E-005
   7.9664694639675277E-005
   9.2601713079967120E-005
   9.3238066695783666E-005
   1.1217489401435606E-004
   9.6348346278865533E-005
   1.1542747042435068E-004
   9.0429770819033559E-005
   5.9756391547110125E-005
   9.3820366681880599E-005
   1.0258463288980437E-004
   1.0952938284615327E-004
   1.2410301229402750E-004
   9.1844885753099742E-005
   9.3322833327497216E-005
   6.5809420731832464E-005
   1.0334836408757789E-004
   8.6000331408203699E-005
   8.6374998263287676E-005
   8.2750576913929232E-005
   8.8337842478731354E-005
   1.3941554092516552E-004
   7.4744105081313552E-005
   9.6999123054482739E-005
   8.4895904074941110E-005
   6.8881130737982133E-005
   9.3084024368129956E-005
   9.3144692311013125E-005
   6.7459256136778026E-005
   1.0012142221819508E-004
   8.1503189754802375E-005
   9.4528644562727072E-005
   6.6622274623564219E-005
   1.0265197855991995E-004
   9.5016422823006262E-005
   1.0310588598096287E-004
   1.1800909501981854E-004
   1.0986792557039325E-004
   7.5922481264311737E-005
   1.1585217836456254E-004
   8.8729520287795849E-005
   1.0123850840876734E-004
   8.0479801381324283E-005
   7.0060113276064910E-005
   1.1221393858264222E-004
   1.0329096659976103E-004
   1.2580609806163811E-004
   8.5410426592100468E-005
   1.3215575425089751E-004
   2.2403510093440342E-004
   1.0348635579445529E-004
   1.0888043230396266E-004
   9.0896529701960454E-005
   1.2666516873542776E-004
   1.6209404415364997E-004
   7.6692466156400200E-005
   6.8236232833262438E-005
   1.3466895592399394E-004
   9.3826319613159092E-005
   1.2811178490243380E-004
   1.0171904341200426E-004
   8.4690929825220336E-005
   1.0507905617561815E-004
   1.1257526777332111E-004
   1.1145572994866893E-004
   6.7187507796054817E-005
   1.3627394100213582E-004
   1.3289325532703800E-004
   7.5651924109535772E-005
   6.9316680140515033E-005
   1.0946518504312166E-004
   7.7217396289256323E-005
   7.9524710437242597E-005
   1.0809734659448214E-004
   9.8288817224101140E-005
   1.0113748535029635E-004
   8.2332020115203215E-005
   9.5876246158041394E-005
   9.3123925419701613E-005
   1.2520400617084825E-004
   8.7736026535572406E-005
   8.5796528062119317E-005
   9.6783174862373914E-005
   1.2061366270367058E-004
   8.4229916824372141E-005
   7.6255271518205374E-005
   6.3756496653784902E-005
   1.1430007929112586E-004
   6.7568718234858701E-005
   8.4208884840232691E-005
   9.6128500439594358E-005
   7.6295051236561665E-005
   8.1510082557354965E-005
   8.0410758642460387E-005
   8.7277682417124990E-005
   9.6192610778700284E-005
   7.9319368036795800E-005
   7.0878906522396098E-005
   8.4866058623125164E-005
   9.5412301681857339E-005
   1.0032841080519729E-004
   5.8677872871523312E-005
   9.0140493408212604E-005
   1.0225243636763722E-004
   8.3659810331112439E-005
   9.2258081737848393E-005
   6.3578779566840626E-005
   6.2742308913537318E-005
   6.6983254585868600E-005
   9.2718779391898326E-005
   8.3893040417096527E-005
   9.7905340387639955E-005
   8.9707725881769216E-005
   1.9424090939800916E-004
   9.6443145078107159E-005
   7.5920387872233645E-005
   1.0632567055532335E-004
   7.3964063658885901E-005
   9.7628584405233022E-005
   1.1194568986449204E-004
   1.2088066282554999E-004
   7.9034824666236628E-005
   7.0854155854286748E-005
   1.6911846174129890E-004
   6.5334756687243051E-005
   1.4614904776418192E-004
   1.2987214064969562E-004
   6.9837989246896343E-005
   8.0348897056884176E-005
   1.0151247702604394E-004
   1.1395497918288609E-004
   6.6904625065504681E-005
   8.2101888916141980E-005
   8.4716657219509453E-005
   5.8697527218831489E-005
   5.3391452556979038E-005
   5.0730620805602641E-005
   7.6335858209971533E-005
   6.5262234913775769E-005
   6.6268933842771012E-005
   8.6843146858033609E-005
   8.4167829002946391E-005
   9.3411760384842904E-005
   1.3888826630121477E-004
   1.2712178585754931E-004
   6.9983262970816344E-005
   6.9872923788248437E-005
   9.1225906584465439E-005
   5.7066087201153137E-005
   8.5838453185369643E-005
   1.1198071460228335E-004
   8.4751209294916307E-005
   6.2666385942977297E-005
   1.0250335164828414E-004
   8.8707658871506415E-005
   9.3127683694739432E-005
   1.2284030203935458E-004
   7.4489260121687019E-005
   8.6148936135587386E-005
   7.5320192466976456E-005
   6.0258659148466567E-005
   8.8809655583675003E-005
   4.5922236066511904E-005
   1.3650394757642654E-004
   8.7620986868808127E-005
   1.0101837340467224E-004
   7.7836982738829704E-005
   8.7506077551820528E-005
   8.6360792976713529E-005
   9.4186985368739195E-005
   7.7153364239797393E-005
   1.6498233393266151E-004
   8.0444916044127831E-005
   1.8932142477521747E-004
   1.0028433558593112E-004
   1.1317413293597576E-004
   7.8681532805109414E-005
   1.1135596622191584E-004
   8.0173820542513215E-005
   1.0051830527281456E-004
   1.4126831436119853E-004
   1.0522068778590088E-004
   7.5550534523727275E-005
   7.7673526400745584E-005
   7.1908560830964951E-005
   9.5538620808010704E-005
   8.5929450375978600E-005
   9.5848126088411286E-005
   1.4352893322568016E-004
   9.7886170100999303E-005
   8.1907399637090646E-005
   7.5475663014456371E-005
   1.1569972123502691E-004
   9.6042882050019273E-005
   6.1666382342291036E-005
   7.9159719991540148E-005
   1.0354685497103890E-004
   1.1724197543639264E-004
   6.7427759588383935E-005
   6.9765371950539698E-005
   1.1100716082896059E-004
   8.5943450644768220E-005
   1.6265340532687175E-004
   7.0924832652862919E-005
   8.3789922028128849E-005
   7.8980919757578089E-005
   8.9097114752240605E-005
   7.7834565717706581E-005
   1.0715321711430698E-004
   8.1275528359276168E-005
   6.2302938467773803E-005
   7.4581733728153819E-005
   6.8922262498586983E-005
   1.0281110380420621E-004
   1.1024096521920492E-004
   5.5127230353754710E-005
   9.6993417999971358E-005
   4.3591294559784607E-005
   1.1823225291731273E-004
   8.5001217418605968E-005
   7.8874108492443332E-005
   1.5964433290857426E-004
   6.9727694061413423E-005
   9.9664715198865192E-005
   1.2047016371583409E-004
   6.8027096305510175E-005
   6.2218558770096619E-005
   8.7020048229648740E-005
   8.5709450559408741E-005
   7.6527814646669724E-005
   8.0113215193358884E-005
   9.6020645999068778E-005
   1.1149677381373427E-004
   1.1511079425631119E-004
   9.3436336057777395E-005
   6.3411998634486133E-005
   7.7564184078821662E-005
   7.1411678430407174E-005
   8.4472044847409952E-005
   8.2807621687130658E-005
   7.3312856338204806E-005
   7.3748684772041831E-005
   7.8431688847892337E-005
   9.5160001058049472E-005
   8.5328809436497951E-005
   8.0039272284464436E-005
   9.4743784717455563E-005
   9.6107787566837951E-005
   9.8905969296030365E-005
   9.6342470909493007E-005
   7.0057609900938140E-005
   9.4314825662036644E-005
   1.1527907224766703E-004
   8.5522480723429880E-005
   1.0019993623407104E-004
   8.0892404911861552E-005
   1.0957909344908064E-004
   8.1208692791033321E-005
   7.3948515737793473E-005
   9.4609810785224537E-005
   1.0020395413349688E-004
   1.6386398697077397E-004
   9.7237754206092711E-005
   6.3267610288876078E-005
   1.2661518332810951E-004
   1.3187903795175378E-004
   8.9909412697005065E-005
   7.2353981083241601E-005
   8.5254842203262568E-005
   1.1277353365654227E-004
   9.2522588620202607E-005
   2.0444932322547988E-004
   7.9049025888318258E-005
   1.2085499882597315E-004
   9.0526454426082667E-005
   1.1096747808640339E-004
   1.0675391929861835E-004
   9.0590431899352720E-005
   1.2455540502205099E-004
   6.7366814402432081E-005
   1.4421757540788546E-004
   9.7992101452111434E-005
   9.3134581151510913E-005
   9.5718026386697942E-005
   1.8505400155361759E-004
   1.0261581701783478E-004
   9.1981049002127089E-005
   1.2994051077664935E-004
   1.0243368808524015E-004
   9.7180006525836242E-005
   7.6984506130856945E-005
   8.9096343909181747E-005
   8.7016065139668841E-005
   1.0098106190681117E-004
   1.0027833152383271E-004
   1.7510749800315743E-004
   8.7267584848999921E-005
   1.3464905815026410E-004
   6.2688544818091080E-005
   7.2096694172235206E-005
   7.6896513747254879E-005
   1.2494948133959409E-004
   1.1084716791150289E-004
   6.5886527453875822E-005
   1.0422975438734364E-004
   1.3617408862857854E-004
   6.1925818536259214E-005
   7.8318643590044720E-005
   1.0875141459992810E-004
   7.3037793237091273E-005
   1.2479403200111249E-004
   1.0350557592120861E-004
   1.2088913672937838E-004
   1.0929112330148859E-004
   5.4585733319595314E-005
   8.0462892469901532E-005
   9.5072795713056616E-005
   7.3897182843421638E-005
   9.1908934072106244E-005
   1.0213517641806279E-004
   9.0346654943587474E-005
   1.6479445196830410E-004
   1.0181755024961557E-004
   5.8983986992938402E-005
   8.7891501728845024E-005
   1.0842552375611146E-004
   6.5448299567604285E-005
   9.3755474445318196E-005
   9.8651746290677112E-005
   7.3099409747502488E-005
   1.0197130951412959E-004
   8.9744517557223519E-005
   8.7819523104066391E-005
   1.2935328279641491E-004
   9.9890210482734196E-005
   6.5826771438096444E-005
   7.9442736440581005E-005
   1.3157218428210782E-004
   8.7278842952868721E-005
   8.9455329450327794E-005
   1.5820571445944426E-004
   1.2274617879766363E-004
   1.1880056464807851E-004
   1.4234192400391788E-004
   1.0306470548680186E-004
   9.3253503649837598E-005
   1.3705778568408076E-004
   1.1355724358024675E-004
   1.6948733599889812E-004
   6.5797217329014980E-005
   1.6231825381154267E-004
   9.0566886911040229E-005
   1.0706391427118804E-004
   7.0064852343200087E-005
   1.0939304281690757E-004
   9.0353987098181697E-005
   8.7225416962276764E-005
   6.5779489843698625E-005
   9.5607955584414800E-005
   8.0775776741453300E-005
   1.1482822580942055E-004
   5.4908258882683360E-005
   8.7298306533601985E-005
   9.6247474742785680E-005
   1.0138468711667088E-004
   8.3655270624256739E-005
   8.1671460585396223E-005
   1.2187314213459464E-004
   1.1239499090972814E-004
   1.5471121672841438E-004
   9.2131217122098447E-005
   7.6156957246400006E-005
   6.7898681392664182E-005
   8.5674344051802124E-005
   9.0266651999428927E-005
   1.2407645703213047E-004
   1.0324662216902251E-004
   7.4040125025144347E-005
   1.2846976950519343E-004
   8.0550712767739395E-005
   7.8647689172783438E-005
   7.7280613294720420E-005
   1.5942106575741032E-004
   6.5263435716498270E-005
   1.1554102003962368E-004
   7.0198626232644918E-005
   1.1469547809978276E-004
   8.9352385988683637E-005
   5.6595163266582433E-005
   1.5513810536121653E-004
   1.1883835357639867E-004
   1.4981253196233129E-004
   1.1345688354491379E-004
   9.4555622820778571E-005
   1.6026082255550839E-004
   8.5643887867756685E-005
   1.0558088175110155E-004
   8.1231447053334166E-005
   7.0973252666387839E-005
   9.8492821709994201E-005
   1.1979418973964438E-004
   7.0708247135604680E-005
   8.6618477192153037E-005
   8.1630641273214451E-005
   8.0345778335799069E-005
   9.6444985581711567E-005
   8.5717287667301973E-005
   8.0198321119191534E-005
   7.7420112184154504E-005
   6.4585712274971703E-005
   9.1534077417882958E-005
   6.7462829939806562E-005
   7.3880968743009900E-005
   9.6728666637629701E-005
   1.3619282044753008E-004
   1.0450674676650919E-004
   8.5132737002264038E-005
   1.1085949951724453E-004
   7.3173490802792179E-005
   9.9604263766982679E-005
   6.7504752656371089E-005
   7.1917698344376842E-005
   1.3754601872799030E-004
   8.6029522098374217E-005
   1.4152286554112374E-004
   8.0239218568729537E-005
   1.0337329224949087E-004
   8.0095874445838505E-005
   1.1954631357869559E-004
   8.4164163082932591E-005
   8.0204938920202702E-005
   1.2465980900654256E-004
   1.1228835818532947E-004
   1.0082029357022446E-004
   9.9161781429391634E-005
   9.7225865904192998E-005
   8.2589429091301517E-005
   6.9407107440900464E-005
   8.8413980759438624E-005
   1.2098758491204016E-004
   9.1133475784686873E-005
   1.0365126251494796E-004
   1.0237913499519485E-004
   7.8033649751081162E-005
   6.6350326625833571E-005
   8.2640344148427551E-005
   1.0065739942406499E-004
   9.0551929084527568E-005
   1.1457454426207335E-004
   6.4116923184376608E-005
   1.0453671024052471E-004
   9.4013456531733190E-005
   1.2783782341425657E-004
   6.9136191753962952E-005
   2.2584144812502096E-004
   9.2996059285251935E-005
   1.2959123433926311E-004
   8.7723304305028238E-005
   8.6303614502282071E-005
   6.9684551185736368E-005
   8.8791289743634329E-005
   6.4151982710287741E-005
   1.1057453224621184E-004
   8.9277162135546233E-005
   1.8290601808872758E-004
   8.4563075109202085E-005
   1.5535535058942431E-004
   9.3317350346854285E-005
   1.0733513201160350E-004
   1.1718261230920024E-004
   8.8546903194673595E-005
   7.5285000001263998E-005
   7.1143441717217294E-005
   1.1101295012456336E-004
   1.4861378486625507E-004
   6.8078863205382154E-005
   6.1783908766910724E-005
   7.3971242343260748E-005
   1.0373493268952349E-004
   9.9014462889587891E-005
   8.9451240463183810E-005
   9.4226791246485936E-005
   9.0518315564097574E-005
   8.1409707256450582E-005
   9.5222165834054744E-005
   8.2230648830898016E-005
   7.4427273227213570E-005
   7.3454608627321655E-005
   6.2867761689837254E-005
   6.5535331162192153E-005
   1.0457486335696471E-004
   7.0109134619731462E-005
   8.7643904663394436E-005
   5.7959495650686461E-005
   8.7425787750261205E-005
   1.0299804887624050E-004
   5.1902292548117355E-005
   8.2320467828721181E-005
   1.1389229386095848E-004
   8.3821889306412374E-005
   1.2015379868804279E-004
   1.4130872616386893E-004
   6.5710089887110958E-005
   7.3064890324665342E-005
   9.3645245038571887E-005
   7.1004839066439850E-005
   6.1578585539318243E-005
   7.7567697168128238E-005
   8.7580866418806300E-005
   1.2670028987484688E-004
   8.7325743391367529E-005
   1.0644423457172175E-004
   5.7756397492810477E-005
   7.6037860938925271E-005
   1.6021435099388787E-004
   1.1231694134170970E-004
   7.6408394007561851E-005
   9.8691256261491107E-005
   1.0731275278295258E-004
   1.0069312497677859E-004
   7.3557864269292744E-005
   6.2223205102757549E-005
   8.3370599987176434E-005
   9.6406849878042411E-005
   8.8650955945668151E-005
   8.2838553507925023E-005
   1.4526479123325763E-004
   1.0140055918197474E-004
   1.0481376518541124E-004
   1.0565211188838203E-004
   7.5018548865596153E-005
   9.3971172153413255E-005
   7.0112080535402222E-005
   7.7367740428600776E-005
   1.1805588214794059E-004
   8.2812035330612181E-005
   6.0599798915057157E-005
   9.4493386968816818E-005
   5.7595079313616005E-005
   7.1559440937787338E-005
   1.0467548161477536E-004
   6.5515862760770309E-005
   6.3238479593751207E-005
   9.0029368663724035E-005
   1.1639205147493970E-004
   8.8929747321194215E-005
   9.2035226924240462E-005
   6.2700977078253110E-005
   1.5785214974464926E-004
   1.5236685891554741E-004
   7.0441423713835569E-005
   6.1938296621386662E-005
   1.1690733075869566E-004
   1.0254536895894336E-004
   1.4127508354920022E-004
   8.2428706179154979E-005
   1.0071605615458583E-004
   1.2079357473343584E-004
   7.9495782821613071E-005
   7.8482639004347698E-005
   7.5130515631500978E-005
   7.5788787766426947E-005
   1.1258012968990273E-004
   5.1390842409571714E-005
   9.8409225316651986E-005
   6.7518254485719525E-005
   9.0307411203962686E-005
   7.5296940942320254E-005
   1.2984716343526534E-004
   7.0676191902726402E-005
   7.8637411726011628E-005
   8.9079280737443836E-005
   1.0716171423657690E-004
   7.3673294081816866E-005
   6.5856213550632961E-005
   1.1853189536107365E-004
   1.3154421012573266E-004
   1.0142808782978666E-004
   6.9030209811701549E-005
   7.9508504238849891E-005
   7.8273309729876079E-005
   5.8220861839590675E-005
   7.8864810136656824E-005
   8.7595690090168228E-005
   1.0248298186052568E-004
   8.8957616406109798E-005
   6.5026976676468254E-005
   6.6957424478276397E-005
   8.2148463470953741E-005
   6.2551975703283011E-005
   9.5978489652378101E-005
   9.1820819898548941E-005
   9.5766662838321710E-005
   9.8411108515018548E-005
   9.0476463835476178E-005
   1.1790406706874100E-004
   1.1395039958259262E-004
   7.8689671144848184E-005
   9.7125245786474089E-005
   1.8033475819767604E-004
   8.0512316387516220E-005
   7.0843404210838452E-005
   9.3581253059083221E-005
   9.8624849602217121E-005
   1.1350333973360170E-004
   8.2438267984181015E-005
   1.0725705222397282E-004
   1.0762943065665206E-004
   9.8066152096284453E-005
   7.1337729517889794E-005
   6.9352267820713858E-005
   7.5518132938776175E-005
   1.2764260157832057E-004
   8.1658998782253771E-005
   7.9932193537263343E-005
   9.0588798674414833E-005
   8.2008731747489403E-005
   7.8300306855531943E-005
   6.7351261257847902E-005
   1.1146414779225378E-004
   9.6629882129755431E-005
   1.5532502743153130E-004
   6.3252551096458246E-005
   1.0884177673413999E-004
   9.7772807841715585E-005
   8.5106350897666590E-005
   9.0832557533444610E-005
   1.0057053834524133E-004
   1.3927454616875570E-004
   1.0420467312087692E-004
   1.1707894796718394E-004
   7.3490204827874364E-005
   1.0127143687704965E-004
   8.9985024708835618E-005
   1.0935610386502529E-004
   1.4103439473037331E-004
   1.1447307038528857E-004
   8.3207926954051648E-005
   8.6792120064265352E-005
   1.1800709882449053E-004
   1.4524446569874264E-004
   1.0819221915763971E-004
   8.6278884483299186E-005
   1.1621900840978178E-004
   9.3280009020752584E-005
   7.9407490964864230E-005
   5.5592484297618073E-005
   7.0953145901473842E-005
   1.5442314452422464E-004
   1.1301801654451652E-004
   9.4775234337006749E-005
   7.9136234356517004E-005
   7.8037607438040526E-005
   7.2702851445691685E-005
   1.3560024207006730E-004
   8.1734998649928161E-005
   1.7054483971374647E-004
   9.4213487597589733E-005
   8.2824287684323797E-005
   8.6476413563495871E-005
   9.0779086735812522E-005
   6.6580334930377476E-005
   6.8772599036169801E-005
   6.5940732826859968E-005
   7.3921818926215834E-005
   5.5475703875993468E-005
   5.2485277039799450E-005
   6.5753569787526303E-005
   1.1863441499583433E-004
   7.4949576006687162E-005
   9.8183033839305102E-005
   7.7921111016241083E-005
   1.2024433917359678E-004
   7.4427232554309317E-005
   8.5061892659887514E-005
