   9.5542383798774026E-005
   1.0001932724507773E-004
   9.1917230657738292E-005
   7.9774003099426178E-005
   6.6785826910995900E-005
   7.4672135407491039E-005
   7.0931649561685556E-005
   6.6183445857480045E-005
   7.6146181613961499E-005
   5.8914117013115186E-005
   7.0083078801828140E-005
   7.1238035597664435E-005
   9.4016238251241302E-005
   1.1602680683643667E-004
   8.3433173289894951E-005
   7.2259878876443397E-005
   8.5986242579451385E-005
   9.3011566326337233E-005
   6.8632070442455569E-005
   9.8385984603742316E-005
   7.1132063085597126E-005
   9.1506754259895726E-005
   9.5712123377317146E-005
   9.9398761464457351E-005
   5.6118667040495248E-005
   7.5787548695881182E-005
   9.1098721642805152E-005
   9.3106402165086510E-005
   1.2877985366415543E-004
   9.1515833414488470E-005
   7.3634910012364515E-005
   7.9044387143763740E-005
   1.6437866499264064E-004
   5.6559201582420873E-005
   4.8207079157942653E-005
   9.5868615423320226E-005
   5.4558809012543651E-005
   1.0614058675661924E-004
   6.8272307476984682E-005
   8.7303821900615032E-005
   6.7687848278682612E-005
   5.6287086263800653E-005
   8.3312203372638992E-005
   8.4716694065203985E-005
   8.1196754822047368E-005
   9.1788250773196828E-005
   8.4534670090861516E-005
   1.3297610828678544E-004
   6.1109895586476047E-005
   8.8163068109943185E-005
   7.9084663239190148E-005
   8.1539807891589951E-005
   1.3449205975620210E-004
   5.2499003190382373E-005
   6.4360828045507013E-005
   4.3199453496138473E-005
   9.3314194868520661E-005
   7.4817850239353151E-005
   7.8777047923879039E-005
   9.6355725847680431E-005
   8.2349176169992257E-005
   7.6338766253107284E-005
   6.6853696060401976E-005
   5.6375301641597356E-005
   6.4045429818733611E-005
   9.0330396919718539E-005
   8.0364871351583259E-005
   1.3420212519530455E-004
   7.7182142069373566E-005
   7.0674442535065946E-005
   6.8025032169731695E-005
   8.0132341739524006E-005
   1.1425088346552986E-004
   1.3700462540269163E-004
   8.5369733085385285E-005
   1.0615036070490424E-004
   7.0451229125795546E-005
   6.4459419790937608E-005
   8.8339862828380693E-005
   9.2693670416197561E-005
   8.2333810774024753E-005
   4.9395738202599022E-005
   8.0746431014757836E-005
   9.7474156609151993E-005
   6.8942360736377203E-005
   7.1431077436084713E-005
   8.0464448482074903E-005
   7.8055875475486293E-005
   6.2580601634017644E-005
   6.4340387865415008E-005
   1.2681280250000307E-004
   8.0717169488865020E-005
   9.3231267610028852E-005
   8.4164779578370421E-005
   9.0901265629784257E-005
   6.8842842771627864E-005
   1.1224422463627806E-004
   8.2167944247794688E-005
   8.6501711809387438E-005
   6.2115240138598863E-005
   6.7893345652086782E-005
   6.1529014416075199E-005
   1.3547834409268422E-004
   1.0163349007058567E-004
   8.7809312797168998E-005
   6.5318199045257206E-005
   7.7486650406554403E-005
   7.0893618435906110E-005
   8.0024551064094413E-005
   6.3574657128908212E-005
   8.8144436860473782E-005
   7.5247882967430745E-005
   7.5139029855535904E-005
   7.1279049678532182E-005
   1.2861205843952609E-004
   9.0614583939152034E-005
   9.6495099113907813E-005
   5.2308884539502727E-005
   5.7815195112442846E-005
   6.1246345959301831E-005
   8.0491699377443408E-005
   7.6229059907924790E-005
   1.0017332396068282E-004
   7.7201025150377096E-005
   1.1840033057976290E-004
   6.4336890544021557E-005
   1.0943132472118840E-004
   8.9314620460615942E-005
   9.9146091257347479E-005
   6.9128767111059902E-005
   9.6229919949415260E-005
   9.8138284174219612E-005
   9.1983333590725346E-005
   8.2624399282003470E-005
   9.9407922236225055E-005
   7.7295808035216968E-005
   6.5693487193094999E-005
   1.4367775058187935E-004
   9.2376786186016243E-005
   7.4967713143596194E-005
   4.4641030243914966E-005
   5.9693348507624017E-005
   7.2367216077512620E-005
   1.2697843199757495E-004
   7.1657663239794203E-005
   1.3079611963901891E-004
   6.7304477296622301E-005
   1.0612008324300538E-004
   1.3996174738412822E-004
   9.9253935928691095E-005
   9.7646533264061103E-005
   8.5649339657393621E-005
   8.2650959526778470E-005
   1.3370597641158767E-004
   1.2543096211072523E-004
   7.0033475295578677E-005
   8.3949268922480047E-005
   6.5841641832841698E-005
   9.5141500421449453E-005
   6.8736582524934946E-005
   7.6773661035634222E-005
   8.4199034322481568E-005
   7.1835668385826509E-005
   6.8138507164098089E-005
   6.9847603917841486E-005
   1.1458772047546394E-004
   1.2852779876469417E-004
   9.9885927671222198E-005
   5.3715952003124427E-005
   7.5883976108600013E-005
   8.6669708613677928E-005
   9.2293390940244307E-005
   1.3286436550564930E-004
   8.0808446798571220E-005
   7.7494643811801695E-005
   6.3450906300821904E-005
   1.1229423318828031E-004
   9.9809512191731755E-005
   5.7655282585471851E-005
   5.5269079565757183E-005
   7.2610953255930041E-005
   9.9214821247495805E-005
   4.9590254377834915E-005
   6.5882478376310031E-005
   8.8594430462640738E-005
   7.5557566288386255E-005
   6.5106041670845427E-005
   7.7087429262921842E-005
   1.3073426941805774E-004
   8.3729746508841082E-005
   6.1611335588489686E-005
   6.3895783311048820E-005
   9.1574224696838055E-005
   9.0653084246097648E-005
   1.0123576186084518E-004
   9.8331946784824292E-005
   6.0215949682332616E-005
   6.1917681020020891E-005
   1.4267675326308830E-004
   8.5322289654295877E-005
   6.5285818991511771E-005
   1.2423392903935119E-004
   1.0518377866334188E-004
   8.6727997545901593E-005
   7.1127201665566040E-005
   6.5382858472472734E-005
   9.8744750714949720E-005
   7.5986546294186537E-005
   4.9212913902089892E-005
   5.8055519368882847E-005
   2.2174048182594820E-004
   6.2762753209525383E-005
   8.9232770962010150E-005
   6.8627630334315226E-005
   1.0135098390334019E-004
   6.6659047775620360E-005
   9.5614434142021388E-005
   9.2164692205753187E-005
   7.8932273393460264E-005
   6.1169949027459032E-005
   8.7451930649987277E-005
   2.0778743736517781E-004
   1.2137355546181884E-004
   2.4753505647239014E-004
   1.8603861013446129E-004
   1.0410242326346872E-004
   8.6093374318708046E-005
   9.7125089618829884E-005
   8.6181774876034289E-005
   1.1733784818347687E-004
   1.0582682949537428E-004
   6.6042192396801726E-005
   1.0614905618286433E-004
   8.3231917984472403E-005
   7.1780611859167099E-005
   8.2012915985331232E-005
   8.1468024571453758E-005
   7.2612095349482272E-005
   8.4129000678504894E-005
   6.4567594322488650E-005
   7.0060578433244231E-005
   6.0593457339296344E-005
   1.0029093815403962E-004
   1.1613034839375869E-004
   8.0171198417492304E-005
   6.8542226077785801E-005
   7.3578964109274395E-005
   6.5844628733483613E-005
   6.6542552729478372E-005
   8.2690484977636714E-005
   1.1687248818438838E-004
   8.9702158555767829E-005
   6.8084239814522306E-005
   7.2272933788262035E-005
   8.4757340975046052E-005
   1.4224095009953433E-004
   8.6212399845859500E-005
   7.3722689202826574E-005
   5.2063066900380227E-005
   5.7230759265444088E-005
   8.5748997205795281E-005
   1.0118178563399718E-004
   8.8662037391935088E-005
   1.1922732130122597E-004
   9.8194264873960739E-005
   9.8770067192751910E-005
   1.1197712996492991E-004
   8.0082636732770849E-005
   7.3254738707289430E-005
   7.6854696174013314E-005
   7.6348011667841398E-005
   5.6963744922714987E-005
   1.0243396024201241E-004
   6.6157241135463563E-005
   6.1599329438749383E-005
   9.7201005317221930E-005
   9.8358807655549383E-005
   6.9567746737423097E-005
   6.5398386461063536E-005
   8.1569505561247398E-005
   7.9760652870077372E-005
   9.5260731363801802E-005
   7.6589315353610339E-005
   6.7577065538437111E-005
   1.0493024974779405E-004
   6.3552885367799058E-005
   7.6265883668754072E-005
   7.7183157086014697E-005
   5.6322740928414583E-005
   7.2460203847130467E-005
   8.0499337383622236E-005
   8.2233272179807809E-005
   6.9177812938346162E-005
   6.4817471512715699E-005
   5.9638405251618091E-005
   9.6174071382820463E-005
   8.5656657747749869E-005
   5.2116008664901757E-005
   7.4355671093253263E-005
   9.3507072803001676E-005
   6.6962868077960250E-005
   9.5429752675349832E-005
   6.8450137952379511E-005
   6.3969358310872492E-005
   8.3460066957286643E-005
   9.0038393211268485E-005
   5.6073196136271568E-005
   7.6473980973446826E-005
   8.9491887987294780E-005
   7.4345056026129734E-005
   5.8265813051889851E-005
   1.3107921521992509E-004
   8.6006180308906928E-005
   6.4579095727637669E-005
   1.0044183073569617E-004
   5.7706560644788623E-005
   1.2122164836874335E-004
   1.1481489180313320E-004
   7.6756480922991285E-005
   7.6048464649192916E-005
   1.0991048280861332E-004
   7.0024557144973812E-005
   6.9015542952689416E-005
   1.1026459685066466E-004
   6.3095627101783850E-005
   8.7139767732929469E-005
   8.1574471829209020E-005
   8.8052357093051922E-005
   1.1178280167226497E-004
   1.0859642234035018E-004
   7.7119449035457314E-005
   1.5308907495247042E-004
   1.1603785946386823E-004
   5.2690323396336971E-005
   7.8945728423721010E-005
   7.4895855693353638E-005
   6.5205461533642938E-005
   7.4596297550904640E-005
   1.4562401438859279E-004
   8.8666683835180913E-005
   5.9477576220021215E-005
   5.7816432788295107E-005
   6.0761190608537929E-005
   6.0869350360191586E-005
   1.0701759018347916E-004
   8.1552569368528719E-005
   9.6865739784571128E-005
   1.0168254563856140E-004
   9.9439533574536111E-005
   7.4922366163676689E-005
   9.1268920748299457E-005
   4.7998236022992658E-005
   6.6914475123657638E-005
   4.1975513612356879E-005
   7.3777276976024224E-005
   7.5497065868959876E-005
   1.5041626651791888E-004
   6.6014798280388849E-005
   4.8382078861710766E-005
   8.1138536908470247E-005
   1.0586682804363413E-004
   6.7034125458469211E-005
   8.9754014830066369E-005
   1.0527674549867794E-004
   9.5252146483803252E-005
   9.8010482755365134E-005
   6.4894734502617479E-005
   7.5941221789079246E-005
   7.6407905771983786E-005
   8.1394892448698181E-005
   7.4267849042197821E-005
   6.9406014274369670E-005
   5.8537851524104530E-005
   6.0820425329508515E-005
   1.0375001483736559E-004
   6.1701154635003259E-005
   7.1834612018996900E-005
   7.5223694416980279E-005
   9.9362726150410881E-005
   1.0843336701591298E-004
   1.2198187522402843E-004
   8.2096389519865643E-005
   6.4555756573033817E-005
   5.4973003330804176E-005
   8.9967896124802158E-005
   7.5369785915739771E-005
   8.2234530639485666E-005
   5.3262178481414069E-005
   1.8355039839832902E-004
   8.1998654383814439E-005
   8.4507335827412695E-005
   5.6087696042565734E-005
   5.3831782070018582E-005
   8.1279271683964651E-005
   1.1869107375321064E-004
   7.9184149337510341E-005
   7.6875171779952037E-005
   6.5501998332964523E-005
   7.1436616228244158E-005
   1.0567246128246005E-004
   9.9288004619012558E-005
   1.0478948536359774E-004
   6.7779591885002059E-005
   8.3824947247755646E-005
   1.0633280092961988E-004
   7.0056719489929625E-005
   6.1672406305338429E-005
   5.5253743894015832E-005
   6.8577330464343625E-005
   9.1193144761658775E-005
   6.5902561250550301E-005
   9.5459142858292018E-005
   9.4792288270914473E-005
   9.7360721191716402E-005
   8.3944002808773865E-005
   6.5835416232928044E-005
   1.1478794581790544E-004
   1.2723371104443455E-004
   6.1449333417227638E-005
   5.4842309086469616E-005
   6.4763419164795907E-005
   7.0906879676635519E-005
   8.1674465660541666E-005
   1.1986202350310281E-004
   8.6791503233301048E-005
   9.8900892177396379E-005
   7.1387552223150819E-005
   5.5759818195120264E-005
   1.2043788283788349E-004
   7.6434734804386385E-005
   7.8377372251568964E-005
   6.2622163402601628E-005
   5.7243604410374682E-005
   9.1758371966402488E-005
   7.6164710051416479E-005
   6.8530809208974496E-005
   6.0923058962221762E-005
   7.4941910885961723E-005
   1.0517977322904644E-004
   9.7664230890887673E-005
   1.0720636092508313E-004
   9.4494608130857188E-005
   9.5545575216539908E-005
   1.0980183205691000E-004
   8.9149808039893172E-005
   9.8219919248645170E-005
   1.2893819683374263E-004
   9.8930554177511365E-005
   9.3652729402430440E-005
   9.2347230480185205E-005
   8.8364506991582163E-005
   1.6860512041938155E-004
   6.3174227546884467E-005
   9.2268994623301477E-005
   8.3984424219500607E-005
   7.8315226162326752E-005
   1.3192321339644184E-004
   1.3958465968000349E-004
   7.7316615833839588E-005
   7.7543072539298040E-005
   1.3296332525225310E-004
   1.0663558890015619E-004
   8.8480087772030902E-005
   8.4235458386706558E-005
   8.9720615027989232E-005
   5.3340992818698212E-005
   1.0215244847506852E-004
   7.1763625226768616E-005
   6.1963170111651466E-005
   8.4913731149626742E-005
   4.8282180092226379E-005
   5.7289749414874578E-005
   7.8294159828233703E-005
   1.0288549623874401E-004
   8.9969772331091895E-005
   9.5514450584041047E-005
   1.2274243719567453E-004
   9.7533916497447083E-005
   2.0077493291994710E-004
   1.1659189485850745E-004
   9.2290891199455418E-005
   8.1229419398426664E-005
   6.4995136957895597E-005
   9.9325832015971719E-005
   7.5896198430297089E-005
   6.4229427003067207E-005
   6.9280595801975953E-005
   6.0894265755007461E-005
   6.9246713140831280E-005
   2.2133995486277281E-004
   1.2009010716208958E-004
   7.1130863958755467E-005
   1.3389066438731592E-004
   7.5218069383131507E-005
   9.2067402732742782E-005
   8.2713933955678263E-005
   6.5843943516930532E-005
   7.7054617304226844E-005
   8.9075940808989562E-005
   1.8064729471054097E-004
   1.0396134096762237E-004
   1.1430103862654523E-004
   8.1787995479399442E-005
   5.9968213847326456E-005
   7.7669207980957182E-005
   7.5168403194025932E-005
   7.6993396375573978E-005
   5.9298238965725565E-005
   1.0418972196096829E-004
   8.2122451697162052E-005
   1.1918778923877467E-004
   6.8768222602628079E-005
   7.1947031226952862E-005
   7.9748562306894552E-005
   9.0959183623853720E-005
   6.9940291231791271E-005
   1.0121939490398535E-004
   1.0164732875088877E-004
   6.3066856675346190E-005
   7.0596769411734696E-005
   9.3675319637831746E-005
   6.3297773376591718E-005
   7.6126650332422743E-005
   6.2382135388747603E-005
   6.0284430048438911E-005
   1.6575081181262278E-004
   8.7536714723952694E-005
   5.6807260812662957E-005
   7.3951746970489230E-005
   1.2701498891588798E-004
   1.1223928633885772E-004
   4.8185296661687905E-005
   8.4721201005202030E-005
   8.9336105246367909E-005
   9.9510427498081708E-005
   9.3308484271991115E-005
   7.8272476389149725E-005
   1.2948443258037020E-004
   1.3968017940594070E-004
   8.9582743742070261E-005
   1.0390175683342658E-004
   1.2589274422807766E-004
   1.1850005785869121E-004
   8.1287562163997369E-005
   4.4197007619028405E-005
   1.2524759545479248E-004
   8.5324644698250959E-005
   7.7137564270416664E-005
   7.8538570529264090E-005
   8.4393342742535880E-005
   1.3541138211237348E-004
   7.0784660762102604E-005
   8.9343202226093362E-005
   6.6306341008171596E-005
   8.6789607836904953E-005
   7.3030491620591794E-005
   6.6405079286507263E-005
   6.8515529967560021E-005
   5.2203525431633974E-005
   5.3588647504107002E-005
   8.1180693642673470E-005
   8.6731142158753092E-005
   1.8576858947446501E-004
   7.8293150573464481E-005
   9.7519197412389522E-005
   7.7173363168281920E-005
   6.9537205088676953E-005
   6.5287514195190021E-005
   8.9433017301220822E-005
   7.4652694805313316E-005
   5.2105925972565765E-005
   9.3425093364879434E-005
   1.1081086749069205E-004
   8.7327092336593327E-005
   6.5759802800764456E-005
   1.9332942048925347E-004
   6.1451765973470393E-005
   6.6821436347943092E-005
   6.7863749041482754E-005
   8.3468387599259879E-005
   8.9475073536637249E-005
   8.1415979395089015E-005
   6.3584643351081291E-005
   7.8397803824869922E-005
   7.7529737102925161E-005
   8.2503151478197233E-005
   9.8773976717717634E-005
   1.2973301789676506E-004
   1.0309495575053474E-004
   6.8875722237395263E-005
   6.0287644536641968E-005
   6.5245680788598648E-005
   8.7782362999633872E-005
   1.0573061276506333E-004
   1.2397025870696025E-004
   6.2345272337844686E-005
   4.3422547233568259E-005
   1.0959915652438253E-004
   7.6240800447994835E-005
   7.8280960509793747E-005
   7.4765361569876910E-005
   9.3524294979173745E-005
   5.4567014172476629E-005
   8.5570118588512175E-005
   1.0366972333033408E-004
   8.1201743317596545E-005
   8.1280795542362937E-005
   4.7876123071537120E-005
   7.9514161817767815E-005
   6.4206018751828298E-005
   7.7830597222467449E-005
   7.4557375364318822E-005
   1.0467110536718197E-004
   1.0540134932657802E-004
   1.8154999362648920E-004
   8.7834698720396794E-005
   9.1405770739985773E-005
   8.3206783363642403E-005
   9.4732394378840851E-005
   1.3200335201186115E-004
   8.1698047868662975E-005
   9.5681049250629895E-005
   7.8975139367964972E-005
   8.9729082199321345E-005
   7.0021421469696802E-005
   9.1599353662134885E-005
   8.5901288283439509E-005
   9.1210141695129414E-005
   8.1001252712263814E-005
   8.5037080963455632E-005
   7.6021156005766691E-005
   5.2746709310212345E-005
   6.0298492619690074E-005
   8.5509255779808884E-005
   1.3135931749364997E-004
   6.9585257175494502E-005
   1.2019605506721511E-004
   7.6303703929526585E-005
   9.8079857015697321E-005
   8.3040951938954507E-005
   9.1894997595798989E-005
   1.0045603886606625E-004
   7.9830238075312339E-005
   1.0140488881077295E-004
   8.6144460830297540E-005
   1.8129099895479588E-004
   1.1625017538472595E-004
   9.9854748632935818E-005
   8.7245367491804303E-005
   7.3319887534609859E-005
   9.5941998145309727E-005
   5.0260168492571366E-005
   6.4039563801840664E-005
   5.8673004092645174E-005
   8.7097651492258914E-005
   7.0395088311136201E-005
   6.1525244620242903E-005
   1.0339448607899228E-004
   7.3931074022388636E-005
   1.0260936056150214E-004
   1.0967029890345269E-004
   6.3908896308159703E-005
   6.8650608432720061E-005
   9.5398008602391149E-005
   2.4257213551195336E-004
   7.9593350806122265E-005
   8.5441629575248377E-005
   8.5705365081222462E-005
   6.0394901249773715E-005
   1.3302941473618154E-004
   9.4421925148482924E-005
   1.1625410034204232E-004
   1.2709070509291985E-004
   5.6137076734122936E-005
   5.9902175644267140E-005
   7.2414906586443735E-005
   1.2594725129786612E-004
   8.0827118481243009E-005
   5.9965136374243630E-005
   8.3466473155512956E-005
   6.6064805891421233E-005
   1.2833009830957414E-004
   5.8956770093873303E-005
   6.1784401180603295E-005
   7.6339378179448927E-005
   6.4452981327415296E-005
   9.5895511767612299E-005
   6.9713649326345867E-005
   8.9444488433064576E-005
   6.5963727744319646E-005
   1.1961513611548603E-004
   5.6826977435687599E-005
   9.7499898209376881E-005
   1.0287336261368063E-004
   8.0943008668944659E-005
   8.7607769958679486E-005
   7.5024779446401105E-005
   1.0176077284998801E-004
   1.0699032627212096E-004
   1.4539292140242627E-004
   1.1266572516170505E-004
   1.0426900664759225E-004
   1.0187495383365755E-004
   5.5386245684378550E-005
   1.0398511593434467E-004
   8.6112447350688778E-005
   6.6344390025567114E-005
   8.6308934647358316E-005
   9.0136638589205406E-005
   8.2490226399842414E-005
   9.4058983789575818E-005
   8.0097498592805567E-005
   1.0467098691874459E-004
   8.5000501280056438E-005
   7.1537376092475823E-005
   6.7650770028135281E-005
   1.3415567901226610E-004
   8.6264487350671103E-005
   1.0014029717819621E-004
   8.3068377021271867E-005
   6.0187267721206957E-005
   7.7562351744257663E-005
   8.3966444356607637E-005
   1.3667115680181629E-004
   8.2297887606370973E-005
   8.5955507491893818E-005
   1.4267877647055851E-004
   6.9162489933127325E-005
   6.2623602009084889E-005
   1.0490274753112024E-004
   9.1679841813443878E-005
   6.2131323396940837E-005
   7.5631026233379125E-005
   1.3988564853890261E-004
   1.0379015611936529E-004
   5.9206360848140297E-005
   7.6126574853849969E-005
   8.1263502564892708E-005
   1.2328771021259918E-004
   5.7104172802436145E-005
   1.0316779976842221E-004
   8.5318080251097731E-005
   7.8149453409355349E-005
   1.1476098925135993E-004
   5.6945728726704493E-005
   8.5179765515307467E-005
   9.2928153996428743E-005
   1.2443068898431348E-004
   8.5711723834538714E-005
   1.2024415853203210E-004
   9.0513329448128993E-005
   5.7047914064225621E-005
   6.5622243027255956E-005
   5.8307057185082654E-005
   6.8449741488839385E-005
   8.4601332160367596E-005
   8.1897623462898216E-005
   5.5532472058195711E-005
   8.3361347052561524E-005
   6.1186347282579098E-005
   7.1395412033414308E-005
   1.1729352012210054E-004
   7.4587873447667081E-005
   1.0295576325734316E-004
   6.8987294293953256E-005
   8.1434222206689890E-005
   6.6118783393065024E-005
   7.5957441935717274E-005
   5.4704377981318659E-005
   5.5007820973609777E-005
   6.0919882153348325E-005
   6.1192516728407478E-005
   6.2962756434254872E-005
   7.9211834310692999E-005
   8.1953866627322835E-005
   6.4500445170670464E-005
   5.5593629801908407E-005
   1.0047723301718643E-004
   5.7619853500000457E-005
   1.0054378006927631E-004
   9.8553547760431011E-005
   7.3197655010500182E-005
   5.9369977915549367E-005
   7.0223820771719858E-005
   7.1813277648268565E-005
   7.5740900807446000E-005
   7.4226945910637067E-005
   6.6978734097214164E-005
   7.8345173058771668E-005
   5.8840693612893703E-005
   6.8446136178658290E-005
   8.7504600880678325E-005
   1.4788780507403630E-004
   1.3202241060932373E-004
   9.5026447949278007E-005
   7.5986139962047974E-005
   1.5618488744939185E-004
   9.4309681305370296E-005
   9.4064077928857960E-005
   7.7244960587717219E-005
   1.5617911783097016E-004
   1.2278273871029751E-004
   1.0991807365839601E-004
   9.4717803179824008E-005
   7.5096532017849589E-005
   7.0848684928670838E-005
   9.6530060417869627E-005
   6.3162420739470081E-005
   6.0096804273511934E-005
   6.8936188860517251E-005
   6.7126532456194906E-005
   6.7661355797370138E-005
   6.4197992799488868E-005
   8.8071624325800874E-005
   7.7850846135597862E-005
   1.0117138750185436E-004
   1.0595667784067825E-004
   9.0455158682203350E-005
   7.9595679313661501E-005
   9.2558128333403085E-005
   7.2587295144860457E-005
   7.5069727714577070E-005
   1.0221689392287741E-004
   7.2072750594340842E-005
   7.9262790743205440E-005
   5.7895643296878867E-005
   4.7668210165710503E-005
   8.7807500989548181E-005
   7.8410835070954785E-005
   8.7026856414125844E-005
   9.0791413142000461E-005
   7.3561451239865876E-005
   5.6029605414767257E-005
   9.2617689707957289E-005
   1.4703377432229007E-004
   1.2150089578646758E-004
   6.9749231343642511E-005
   1.3769013060829693E-004
   1.0134205625618517E-004
   9.1442462063873745E-005
   8.0063900021096966E-005
   1.0810074956812949E-004
   6.5897205410304376E-005
   4.2271337096754091E-005
   6.4752053193305629E-005
   8.6222602408460994E-005
   5.8969379731982835E-005
   8.1325171259066822E-005
   7.1927978489763909E-005
   9.3028634260753366E-005
   9.9967050350444571E-005
   8.6337913087726126E-005
   9.1612138157566635E-005
   9.5504650532166356E-005
   1.1191414699083653E-004
   8.3977466006747160E-005
   8.8640575632288626E-005
   8.2025209305615010E-005
   1.3411024519576121E-004
   1.4341986503697021E-004
   9.8177073730808085E-005
   9.1356491607014480E-005
   1.7188419260249387E-004
   9.1076385555889048E-005
   7.6232344812376783E-005
   7.4187024730271948E-005
   1.0788533182032972E-004
   6.9730460113665265E-005
   1.2230946535789612E-004
   6.0148595158546660E-005
   9.4215611656593286E-005
   6.8384599299704970E-005
   7.5290531031993368E-005
   1.0685023096167689E-004
   7.8468555853231331E-005
   7.8886193872454728E-005
   8.2207895982656362E-005
   7.6489695263234252E-005
   6.7282784839339322E-005
   1.6874920622684600E-004
   4.5641540019820581E-005
   6.7017906668990603E-005
   9.8485609258441403E-005
   6.6504613993400487E-005
   9.5036375331987403E-005
   5.6301753736198878E-005
   5.7967299739938520E-005
   1.0009967432214622E-004
   7.4548975372245893E-005
   6.6587028459092997E-005
   7.2194200400212070E-005
   9.4467772548232365E-005
   7.0827403683779063E-005
   7.5787267346720023E-005
   9.4370123707675186E-005
   6.8160012939975370E-005
   1.6220701713720313E-004
   1.3984185777442007E-004
   1.2974311115104337E-004
   8.8039063679531661E-005
   1.2098119037181823E-004
   8.7920472063325779E-005
   5.1252008635857088E-005
   7.3949017590153936E-005
   6.4768658992926214E-005
   7.2673342424025618E-005
   8.3719701963568167E-005
   7.1161085943043486E-005
   1.3014741214491954E-004
   9.9224647540930555E-005
   9.9686255473950487E-005
   5.9953364514255206E-005
   9.0759717435363508E-005
   8.8105903167892523E-005
   6.3842955898496320E-005
   1.3014844820767880E-004
   6.2106993639727523E-005
   6.5225951247326866E-005
   7.5105683606174563E-005
   6.3970009897360410E-005
   4.4264220369111734E-005
   1.7170679050401193E-004
   7.0867589339886745E-005
   1.2704343957301703E-004
   6.5632971970904232E-005
   2.1989197193047493E-004
   1.0569367807837175E-004
   6.2101808765914625E-005
   4.6507079420356529E-005
   7.3257041266281021E-005
   1.2503809029729322E-004
   9.4086251902607057E-005
   8.7700950946919168E-005
   1.7231543837481955E-004
   5.7672005396892452E-005
   8.2945744482108285E-005
   4.9023469018823848E-005
   5.7189162074131355E-005
   6.9884179866223150E-005
   6.8743527555156382E-005
   7.1102994072943967E-005
   9.5756044437218116E-005
   8.0786321131144756E-005
   5.9213315769625322E-005
   6.9028925787183680E-005
   1.0120224080684316E-004
   6.1219554222998628E-005
   6.0319477284896579E-005
   8.1966386550414041E-005
   1.0771794990330270E-004
   8.2994666827459229E-005
   9.7645345593448516E-005
   1.0599906012891403E-004
   7.0366869175351006E-005
   8.7107157042977287E-005
   1.0388550172050066E-004
   1.3728112803469491E-004
   1.0856164710482646E-004
   7.0953912769303388E-005
   7.2856696439771868E-005
   8.3420726364175267E-005
   6.1539870672929609E-005
   6.2762665539640387E-005
   5.8377568244926638E-005
   1.3097622940490188E-004
   8.4814386686916243E-005
   7.6810555672305388E-005
   5.9246358585622751E-005
   1.0230249913661325E-004
   7.1105942783399219E-005
   1.0679234930182870E-004
   8.1712717011764326E-005
   6.0189233071885782E-005
   9.4684275607175337E-005
   9.6531726331224374E-005
   8.9236303935119054E-005
   8.4030389014901232E-005
   1.5757438054875720E-004
   1.2668066832532003E-004
   9.6979735591455336E-005
   1.1063014266269613E-004
   7.9578152488181359E-005
   6.7101253361272819E-005
   1.1354352058741685E-004
   1.1832477602777865E-004
   6.3489646736770395E-005
   8.8738537483076631E-005
   1.2978375100643791E-004
   7.5452996868103671E-005
   8.5683972080264359E-005
   1.0646019207177047E-004
   9.7683103230080306E-005
   8.9647902960512097E-005
   7.2429934403396231E-005
   6.3768389196483720E-005
   1.0582149543017475E-004
   8.4643336688943282E-005
   6.4433251304106971E-005
   1.0704348463889158E-004
   8.8871557690996543E-005
   9.3108610057255570E-005
   6.2313512353008636E-005
   5.6690333840626626E-005
   7.8418615703655710E-005
   7.0007860875360143E-005
   6.7132547216975936E-005
   7.7606256578242067E-005
   1.3325468626076723E-004
   7.9355219820627170E-005
   8.7713406873519501E-005
   4.8245764644831200E-005
   7.2328589900047988E-005
   1.0187414742604585E-004
   7.9039392028917697E-005
   1.0153910137034652E-004
   9.0942107589178287E-005
   7.3030865276672792E-005
   5.1666229376354793E-005
   1.2054259985658483E-004
   1.1479900952572344E-004
   6.5501349514268990E-005
   1.1509634319964719E-004
   7.9753427283364622E-005
   7.2705128820422282E-005
   1.3365677232290632E-004
   7.2316131678101857E-005
   8.9364995023897322E-005
   9.7947343469071085E-005
   1.5391550652916745E-004
   6.4954072261388674E-005
   6.9970257231114389E-005
   9.0554588242284961E-005
   7.2296495533331017E-005
   8.7588398463997897E-005
   7.6968561575995042E-005
   8.2786755824413368E-005
   1.1972924442242085E-004
   5.8313480167947194E-005
   9.5021734587736231E-005
   5.3384988424086275E-005
   8.8793951326170158E-005
   7.0231421264819129E-005
   9.4822321312609557E-005
   6.2364689811992224E-005
   1.2675451774899114E-004
   9.5366527418488245E-005
   7.6800200443879075E-005
   9.6250918143214324E-005
   7.4226352332924572E-005
   8.6789208239459827E-005
   5.6604749924215576E-005
   4.4383310679213989E-005
   1.2053071181233165E-004
   6.7966941379525933E-005
   8.0409512033377919E-005
   8.0349877677933666E-005
   6.6826104879306683E-005
   1.1064794359798222E-004
   5.7630094489590925E-005
   6.7134665508640029E-005
   8.6015228342828474E-005
   9.6102541348960311E-005
   1.2631212068709720E-004
   7.5207008481845584E-005
   6.1269791045058896E-005
   9.3469774452550208E-005
   5.9414689148910210E-005
   6.2243568301022215E-005
   1.4041726488476998E-004
   1.0962595414115250E-004
   6.1808851923047517E-005
   9.1655459817951716E-005
   7.6117612477697509E-005
   5.2913956758698275E-005
   8.6818999911936949E-005
   6.9784757097972051E-005
   6.9055688806481994E-005
   9.0539950511511413E-005
   7.1468123378758396E-005
   1.1047546625502064E-004
   9.6196808591416844E-005
   8.9314362628915833E-005
   7.9356371169671445E-005
   1.1590792577542774E-004
   5.4934124768531925E-005
   6.0973100148746454E-005
   6.3436465322786264E-005
   4.4897856423369905E-005
   7.9085536600159820E-005
   2.3312508120620294E-004
   5.6926003560713787E-005
   5.7740485343211976E-005
   6.4002973726348550E-005
   8.5913180299394232E-005
   9.3820256415749330E-005
   8.6242738676037091E-005
   1.0650752044381306E-004
   9.7016182253207921E-005
   1.3817735944934075E-004
   9.1854573748454622E-005
   1.3336007471815713E-004
   1.1057266827936266E-004
   1.0326637801023669E-004
   5.6268395149346055E-005
   8.9512621059340233E-005
   8.6616838322231904E-005
   1.4065520954573184E-004
   9.5130065252907982E-005
   7.3665187023527477E-005
   7.5957791832939473E-005
   7.1732491148728266E-005
   5.8175064788833028E-005
   4.7065187154653290E-005
   9.0733021946509660E-005
   9.7838023853819182E-005
   5.7320702417541185E-005
   5.5907257743010594E-005
   9.3181441492580587E-005
   6.1950154170485922E-005
   7.5366938341888832E-005
   7.4206333266260889E-005
   7.5071301288185359E-005
   1.1567575310038210E-004
   1.1184493072397965E-004
   4.8703279304030843E-005
   8.3108490257296651E-005
   1.2289973450246196E-004
   1.7890544685869369E-004
   4.4512281627667120E-005
   6.8438287225962860E-005
   9.4826752390272985E-005
   6.4100053965997767E-005
   8.5751634897040743E-005
   7.3163818289056690E-005
   4.5434588749803900E-005
   5.0949837531477429E-005
   8.0856462394847075E-005
   1.1533343512814191E-004
   1.5259214232656663E-004
   6.3813571427485645E-005
   8.1397609743860349E-005
   1.2762650509908741E-004
   1.1369590157393815E-004
   7.7679772992682259E-005
   1.1838557126524808E-004
   8.1162241520145320E-005
   6.2831685872872110E-005
   8.3918309017314279E-005
   7.2315615960042305E-005
   8.4649312340748773E-005
   9.7856303770176242E-005
   5.9059803598848467E-005
   8.8020947295632806E-005
   9.3396456572251684E-005
   1.0380025807468710E-004
   1.1587033079323398E-004
   7.8459257107406046E-005
   7.1630937282899721E-005
   1.0990090435533372E-004
   7.8007654889296641E-005
   8.2906911066943793E-005
   6.2829573527008767E-005
   1.5048912839151074E-004
   1.3331071978327143E-004
   8.9194729405966887E-005
   9.8214494159127916E-005
   1.0788571550234230E-004
   7.6591577322484468E-005
   1.3886635038815322E-004
   6.5551310396178971E-005
   9.8634549347084997E-005
   7.1555472978828956E-005
   1.0953355775169220E-004
   8.9825717645555030E-005
   1.2832276463832428E-004
   6.0988026501714614E-005
   5.7060488835269287E-005
   7.8726129882363658E-005
   8.7620542282923106E-005
   6.6550387974346963E-005
   1.1954868739176193E-004
   7.0118750310605430E-005
   1.0737060764960454E-004
   7.9965620572660951E-005
   8.2814362512115578E-005
   6.9803257486128497E-005
   7.1890665237404175E-005
   4.0173243713161770E-005
   8.4955586765742415E-005
   7.9791439188704876E-005
   7.1304484851827450E-005
   9.5745108970206623E-005
   7.2161324799200477E-005
   9.3111439904410177E-005
   7.8421502325396719E-005
   7.6806844942984729E-005
   6.4105994194575526E-005
   5.4045313106734613E-005
   6.2900924131896777E-005
   2.2259267726909904E-004
   1.0160223801967325E-004
   8.5306749329054263E-005
   8.0158726024883497E-005
   1.1437731453206154E-004
   8.1604707715571571E-005
   5.2908191906019825E-005
   6.7645073022547245E-005
   1.2030047751395189E-004
   7.0590470544236645E-005
   1.2438743950597954E-004
   5.7074725368361821E-005
   8.9419794093642288E-005
   7.2609572773800607E-005
   8.5664545505457237E-005
   9.2658297601987276E-005
   6.8284334089675696E-005
   8.9773997216545772E-005
   6.3501582190047311E-005
   7.2742150824907836E-005
   5.0226503425084466E-005
   1.0733789108365911E-004
   1.0413203356479114E-004
   9.5966796086468498E-005
   7.7765929013934816E-005
   1.3639605083590116E-004
   8.3125604723084380E-005
   8.8737182017260464E-005
   5.5542890594592977E-005
   1.2252895300774109E-004
   7.1836274858424874E-005
   9.3372307707319124E-005
   5.6284732047194325E-005
   4.2687250224208588E-005
   4.7167827504350881E-005
   9.5500109906270747E-005
   9.0412719138552785E-005
   1.0225392874445736E-004
   1.0775904949214885E-004
   7.1050839325895372E-005
   6.3340970621786707E-005
   1.0474625856345707E-004
   6.6044458867394446E-005
   7.6443068995754043E-005
   7.9947101866189121E-005
   7.4999292747939257E-005
   1.3266733985312077E-004
   7.8360852790572143E-005
   5.7985619946418983E-005
   8.8346533901673059E-005
   8.0533891227120908E-005
   1.2584930291243015E-004
   1.2067909052469980E-004
   7.1512241830267199E-005
   7.3940621232333777E-005
   9.2234184707001049E-005
   1.7629264958216886E-004
   9.0148392398714519E-005
   9.0763629414788706E-005
   8.5484620431780167E-005
   9.0204391880331739E-005
   5.3363416868563951E-005
   6.9864848780665199E-005
   6.3536946687407756E-005
   1.2936232270894138E-004
   7.4952976805549542E-005
   6.7866053360401320E-005
   1.2381598424306963E-004
   1.0291692091785081E-004
   7.6718952531402109E-005
   5.7664405506570070E-005
   9.3039233496490536E-005
   6.0989784424200259E-005
   8.6500783046013368E-005
   9.1249402145535832E-005
   1.1225285821306770E-004
   8.4256945429580531E-005
   7.6097189474157921E-005
   1.0658841380478172E-004
   6.8694773523220889E-005
   1.0045961051247165E-004
   1.1270808618586040E-004
   1.3522791196989248E-004
   1.5535202086356946E-004
   4.8301703440280550E-005
   1.0876767686886552E-004
   9.9940723285314625E-005
   7.8423248694793984E-005
   8.1970416034494130E-005
   1.4402324231037038E-004
   1.1084576114003869E-004
   9.1912014489981775E-005
   1.4926754889958794E-004
   6.1846046858128763E-005
   8.1869633891189049E-005
   1.1997430522119039E-004
   9.5087049306043697E-005
   8.4484408590300319E-005
   8.0517070479909969E-005
   7.9521766238853156E-005
   9.0220430769907876E-005
   9.9914518377870447E-005
   9.2852306368623692E-005
   7.4235285742799685E-005
   5.1796601272417764E-005
   8.1148138429267577E-005
   7.7317101732569816E-005
   4.8863522004125827E-005
   1.2161336196173783E-004
   1.4435831239146494E-004
   7.1451242449278336E-005
   6.0472017767703703E-005
   1.0399513353079925E-004
   9.1881512788132686E-005
   7.5928858340907230E-005
   1.0386745841962041E-004
   1.0433403810215569E-004
   6.6502919361684893E-005
   7.9382024312767165E-005
   9.0475864800436764E-005
   7.1625833917725868E-005
   9.2182849271166338E-005
   7.4467067444148807E-005
   7.0978432970168477E-005
   1.0807116876505834E-004
   7.3842216934402573E-005
   7.8989340448149258E-005
   1.3417230316193924E-004
   7.0816912872782351E-005
   6.8769264062655170E-005
   9.7538549761076439E-005
   1.0645097993188273E-004
   1.0131080534614587E-004
   1.0653132967476633E-004
   8.9467617863367500E-005
   9.1941949349292395E-005
   7.9197573265906554E-005
   1.1588832416979656E-004
   7.2388393049048439E-005
   7.2677044699836628E-005
   5.7219735933319048E-005
   6.9489556480354579E-005
   6.0031749076285309E-005
   7.0593493471324614E-005
   1.1428148283038144E-004
   8.9161758625468999E-005
   8.4038591236575293E-005
   7.7915203596118387E-005
   7.8752487322460970E-005
   1.1132521853603540E-004
   1.4498172969890931E-004
   9.6595831933821751E-005
   1.0337297099490472E-004
   1.0186618161645036E-004
   7.7112578517669428E-005
   1.4892964869124575E-004
   7.3417929556997787E-005
   7.2361857620868372E-005
   1.1570251387554929E-004
   8.6470854759123050E-005
   6.2630063657903427E-005
   1.0951954913419858E-004
   6.0051875827868317E-005
   1.2274660464173579E-004
   6.7522816789983436E-005
   7.3885813691413796E-005
   1.0964828906999284E-004
   8.2222584095974509E-005
   7.2961491711466298E-005
   8.3166443678214742E-005
   7.6149071519079659E-005
   8.8053383930336815E-005
   9.0962046120524813E-005
   5.8379580030905689E-005
   5.0435072119283440E-005
   9.4872723683877725E-005
   1.0673141603006697E-004
   1.1615735081036435E-004
   7.2394640174994082E-005
   6.0854136859265732E-005
   5.1507268778216880E-005
   1.5309960512582062E-004
   1.2122994604413924E-004
   7.9192715738872355E-005
   9.2828527928098752E-005
   6.6167982291015691E-005
   6.1957389788971868E-005
   1.1513905308228864E-004
   1.3810664935722807E-004
   7.2270308865808876E-005
   9.3101482393305452E-005
   7.7081734155458814E-005
   1.0339556522865688E-004
   7.4937918992977072E-005
   5.8228905860239073E-005
   8.7426770806710668E-005
   8.7853837039348723E-005
   1.2405273202747576E-004
   9.6825821480470083E-005
   6.3239390381244755E-005
   7.0665951713710283E-005
   7.3164001820773139E-005
   7.8753657689154002E-005
   6.5626810703075077E-005
   6.9788523087418043E-005
   8.7010711814677698E-005
   4.2484465289014283E-005
   8.2162091513829030E-005
   8.2438367706910763E-005
   9.6325234683824617E-005
   1.1296756983432673E-004
   1.0582410100049793E-004
   1.4190874840058477E-004
   1.0016304282399898E-004
   8.0021348017060589E-005
   7.8195715114039497E-005
   1.2840667388963609E-004
   1.8110760756473898E-004
   7.9558519771971773E-005
   9.9674139622898361E-005
   1.5378730554719078E-004
   9.8236851291163876E-005
   9.5158729192485730E-005
   6.9706675116962741E-005
   1.1801684354287848E-004
   9.5666513405739595E-005
   8.1991696446875940E-005
   5.8719272224117663E-005
   1.2061837340160353E-004
   1.1760287864500307E-004
   1.0154420007896447E-004
   9.4454863054875424E-005
   8.5408971969493707E-005
   8.3968191178173898E-005
   8.0606905609577014E-005
   8.9828844438026402E-005
   1.1979384117925345E-004
   4.1065808723834408E-005
   9.4449350304810716E-005
   8.7932828173734395E-005
   9.6150001699485678E-005
   7.3012004282759028E-005
   9.0610827278840743E-005
   7.8304325643217308E-005
   5.5226970353473858E-005
   1.1799416445911163E-004
   1.0481162286236066E-004
   8.1827900452016323E-005
   7.2549043599863885E-005
   1.1144053274841010E-004
   1.2316132989215745E-004
   4.9944214404898541E-005
   1.0233366244669313E-004
   6.7815974161835793E-005
   7.7890934817445242E-005
   7.9343956069962527E-005
   5.8781693870785019E-005
   9.2654294355739135E-005
   9.9445379044290618E-005
   8.7561825232489843E-005
   7.1203543842276974E-005
   1.0533189339699255E-004
   7.1746075219894577E-005
   8.7109717330848986E-005
   7.3414053430947802E-005
   7.9191986435567230E-005
   7.8358619521384182E-005
   5.7156510505401427E-005
   5.9732660931669674E-005
   6.7656252953681321E-005
   7.4873892600541900E-005
   1.1931676916980236E-004
   6.1170873748015616E-005
   9.8374582428270493E-005
   9.6264732474546076E-005
   1.0752790824800613E-004
   7.3244223664217429E-005
   1.1357981532731747E-004
   6.6566468940444865E-005
   8.5081752819713043E-005
   7.4608738155170791E-005
   6.7086896662916294E-005
   8.3070577491225917E-005
   6.4992642586599142E-005
   1.2029627027102395E-004
   6.8963417721566915E-005
   1.2000316375962492E-004
   6.8284159506733734E-005
   7.3945865450348537E-005
   8.9096946792951103E-005
   4.7233013194119984E-005
   9.5134235730569790E-005
   4.9308678782944406E-005
   8.4444616640027282E-005
   7.1048638728908971E-005
   1.1537952002783908E-004
   1.0011491605856437E-004
   1.1989674937011702E-004
   7.4579226544024797E-005
   7.0582635521800410E-005
   9.0850025655421431E-005
   1.8057869259036131E-004
   8.5366875257958567E-005
   9.8866256352839427E-005
   6.4077912499032108E-005
   6.7756320371399893E-005
   6.5837091414187025E-005
   2.0957830834475260E-004
   9.3745835180568656E-005
   6.2866924604673726E-005
   5.6393339752037898E-005
   1.0789313358997030E-004
   6.7863041494176405E-005
   7.4545192414234203E-005
   1.1078328588740011E-004
   1.2996189427125744E-004
   1.2047871427172154E-004
   9.7900825639964974E-005
   6.9366291446629010E-005
   1.1102043622715541E-004
   7.0997054927338338E-005
   1.0847372305019992E-004
   8.1278754715093945E-005
   9.1365538776359915E-005
   9.0267076296186703E-005
   6.7899892846769034E-005
   1.5031205374318990E-004
   8.2341241592966840E-005
   8.4524153644398425E-005
   9.1048545037943028E-005
   1.4654054701798624E-004
   1.3365304331987814E-004
   8.0036928672027886E-005
   6.4508417132243731E-005
   7.0319994638592723E-005
   1.1268409291052668E-004
   1.4985359707350677E-004
   1.1982488134820738E-004
   6.7040091408854005E-005
   9.9943923243167425E-005
   9.2882740389045587E-005
   8.5651862012668613E-005
   1.0828920741674093E-004
   7.5505855496319676E-005
   8.0158287249075804E-005
   8.0051102925210126E-005
   1.1205666585621272E-004
   6.7777749577485583E-005
   6.1641862045040821E-005
   7.9807265760798151E-005
   8.7831108840084765E-005
   8.9479905361564935E-005
   7.6243437307558758E-005
   5.8396526015508225E-005
   1.5825377197745919E-004
   6.8613667129351126E-005
   5.4783698758182230E-005
   6.4200355231086180E-005
   8.8717787892921598E-005
   1.4315990984510615E-004
   8.9173567962502612E-005
   1.2654670752211159E-004
   8.3970205229132365E-005
   1.0334071955788440E-004
   6.9329046114640874E-005
   4.7379045077659970E-005
   8.4895321039308330E-005
   1.0598883032629714E-004
   6.7779636774012442E-005
   8.5184581932288805E-005
   7.3832000626907889E-005
   6.8758569289018522E-005
   1.2517756820122915E-004
   1.2253688289157278E-004
   9.2152227914747481E-005
   7.6569268101537436E-005
   7.4047890351250346E-005
   6.4410536914866003E-005
   6.7410644293270245E-005
   8.3354624684424565E-005
   8.9603176392425584E-005
   6.8635383954699031E-005
   6.8093645964686269E-005
   8.3701804985463708E-005
   1.2304299156238636E-004
   7.8824761748132253E-005
   1.3056685904938185E-004
   9.0946527934304339E-005
   8.6583755544515550E-005
   1.2548246705275658E-004
   6.0272377819708220E-005
   9.1171333068819417E-005
   5.6812757036766632E-005
   5.9935694619837392E-005
   8.4024742647887326E-005
   9.4165065795313998E-005
   5.5523946486365029E-005
   7.4280024133159054E-005
   1.0812760539873497E-004
   1.2403633918146729E-004
   1.0216775849796517E-004
   9.7077989412977145E-005
   9.1029828121249850E-005
   1.0820065033509162E-004
   7.8948594184303461E-005
   5.7773928285841177E-005
   9.3153053998103278E-005
   8.3883201676628370E-005
   1.1608756400978224E-004
   7.9451113878548771E-005
   1.2892013345028804E-004
   1.0098177918571144E-004
   8.1980551847137090E-005
   7.3378455264735214E-005
   8.8951610878433825E-005
   9.5832114227204599E-005
   5.1466673508114519E-005
   4.7873752855013296E-005
   5.4771832758772091E-005
   7.9110799613478505E-005
   9.4471753613586327E-005
   9.1874815279163443E-005
   6.4930741342516756E-005
   9.5816288207795119E-005
   1.0580296390501689E-004
   7.9602742723093559E-005
   1.4902004317626978E-004
   6.2392449968084516E-005
   7.4376749390930299E-005
   6.5585048144316485E-005
   1.3747500599428479E-004
   6.5401959230122937E-005
   9.9299242895915471E-005
   8.9736133459431938E-005
   6.9355523483790891E-005
   8.4046717174344245E-005
   7.8820199633535242E-005
   7.9662923232754038E-005
   1.0927101223758359E-004
   6.9582275159812225E-005
   8.3318204477913989E-005
   9.2223400111182143E-005
   7.4589224388077265E-005
   7.8801430534272397E-005
   1.0337709549032194E-004
   9.5195690941013726E-005
   7.6342594603515183E-005
   7.1467650925997496E-005
   4.9085018185235431E-005
   1.2974040594543833E-004
   1.0249408832514428E-004
   5.9322427629926938E-005
   6.7422550757319463E-005
   7.0293442288194404E-005
   7.4445713092577808E-005
   6.9068837497133543E-005
   5.5266362574772170E-005
   1.2424244975239626E-004
   5.6893928621012442E-005
   1.1504639209935861E-004
   7.4786347992370229E-005
   8.5289451326214184E-005
   6.7347366515148205E-005
   7.8584011322508176E-005
   8.3174790721493762E-005
   1.0110518320308523E-004
   5.0030565246891543E-005
   6.5152827293422030E-005
   5.5440840678878085E-005
   3.6975356820833613E-005
   7.4331168503267915E-005
   9.3236251332898029E-005
   1.0576068015570665E-004
   7.8989210465895307E-005
   8.9671649661073407E-005
   6.5431288106481208E-005
   1.0964893261454512E-004
   7.5189804380817150E-005
   7.0891866104055441E-005
   6.4500343334851024E-005
   9.1059017868478395E-005
   8.1179106597114290E-005
   6.4199954629352320E-005
   5.9454279084070372E-005
   6.2049527482718706E-005
   9.1824675436302639E-005
   8.9148303086200635E-005
   9.3682654337876365E-005
   1.3653878462467449E-004
   9.9618492065094177E-005
   8.9636982443863750E-005
   6.9035496110146825E-005
   7.8659696074260128E-005
   8.7687031795950871E-005
   1.0763611992801478E-004
   8.0603102510913956E-005
   7.6792749962729321E-005
   7.5324007056247025E-005
   7.3445210246691881E-005
   1.1711525612913756E-004
   7.8230981458307530E-005
   7.0771392023471997E-005
   1.0406362136689740E-004
   1.0573923832520793E-004
   9.8517276580076488E-005
   6.5594180111808249E-005
   1.1240816366487924E-004
   6.0933251704554769E-005
   9.3067009304606532E-005
   6.6360151572781461E-005
   6.9405798758185005E-005
   6.7146404595822459E-005
   7.6687067199993596E-005
   1.0443597781476480E-004
   1.1640083032225889E-004
   1.0605644168554289E-004
   8.5495179425038717E-005
   6.6153420807381143E-005
   7.2266532217744514E-005
   1.0864195253866611E-004
   2.4186120740937015E-004
   1.8072262636462217E-004
   8.1815393384862867E-005
   5.8043062868114421E-005
   7.8501286155276693E-005
   6.1729328727412551E-005
   1.0761746773310052E-004
   6.7895500944916692E-005
   7.2464833510707506E-005
