   1.5537436404360313E-004
   9.2171424699768621E-005
   7.4157925019468468E-005
   6.3611269480879097E-005
   8.9601402761838229E-005
   1.2735482666223382E-004
   7.2696546090411196E-005
   1.0715893208109509E-004
   8.7991841852092044E-005
   1.0917369598585966E-004
   1.1291112479537609E-004
   7.4648082759208064E-005
   1.2320933302763717E-004
   9.2726109183669111E-005
   2.6412314287069960E-004
   7.7625271069143114E-005
   8.0756260586529023E-005
   1.1127643296207042E-004
   5.6910268276951668E-005
   1.0093106157010555E-004
   1.1377510758342333E-004
   1.1610562548648158E-004
   7.8487516318881281E-005
   9.4324064490603599E-005
   7.4309084180397322E-005
   1.3816808566305823E-004
   7.3742320952284362E-005
   1.0740856254578158E-004
   1.3706840842482836E-004
   9.7760565480648295E-005
   4.9193190722343830E-005
   7.9975266228456712E-005
   1.8259800985408404E-004
   6.6583854367292892E-005
   8.5336385362876738E-005
   9.0219270913597502E-005
   8.0091814152494326E-005
   1.0333710047751756E-004
   1.2148286968937545E-004
   1.3693082575964849E-004
   8.0087196635924822E-005
   1.2383049943875648E-004
   1.4971680178982289E-004
   1.0508892768056486E-004
   1.1671643546888738E-004
   7.0141696083320085E-005
   1.0102851513419020E-004
   1.5291585893220343E-004
   1.9709130034079245E-004
   5.4483858679590960E-005
   1.0118000637247968E-004
   8.4543224411835042E-005
   5.6780822614979100E-005
   1.2186297851392015E-004
   8.8576144511358081E-005
   1.0709651973069813E-004
   8.7376537159675354E-005
   1.0503842770316015E-004
   1.1078816384907070E-004
   1.3410466173028178E-004
   1.0451296455998133E-004
   7.7336974157160001E-005
   9.4251976342174334E-005
   1.6623774505774804E-004
   7.9216043244384590E-005
   8.7796695332816808E-005
   6.7776725139109765E-005
   9.2542780013838075E-005
   8.6403231536141828E-005
   9.7317548205856961E-005
   1.2126169433015198E-004
   7.2836283951450276E-005
   9.7380481986504520E-005
   7.6102612164773473E-005
   7.0113620461690758E-005
   9.9957187783020082E-005
   1.1030189090604094E-004
   9.9182986331380503E-005
   1.1961792415851145E-004
   1.0509613163485853E-004
   9.5780595079711698E-005
   6.5468427291331296E-005
   1.1715220542590013E-004
   1.5915695293143545E-004
   6.1200571085122765E-005
   7.6451078333817572E-005
   7.0122417914721333E-005
   9.8134387022760322E-005
   1.0504494324168955E-004
   1.0124278374329803E-004
   8.5615705082743980E-005
   5.8522101168444207E-005
   5.0439490347734316E-005
   6.8783763180068562E-005
   9.5446138239833203E-005
   7.8505650611205991E-005
   8.8572399564834200E-005
   1.1778627820083581E-004
   5.9623142065126313E-005
   6.5084381488237080E-005
   7.3607347402388583E-005
   1.0408510914205076E-004
   8.2168424673354632E-005
   6.5178055051035702E-005
   6.8796502915899975E-005
   8.0070326260842992E-005
   1.6420592241997111E-004
   1.3951322865451258E-004
   9.3883323892910331E-005
   6.3912662679661885E-005
   1.0163472868604355E-004
   9.8352125880036805E-005
   9.7143396248954792E-005
   6.6981790574153710E-005
   9.6131321697431055E-005
   1.3526614461465666E-004
   1.1778827977749133E-004
   9.9726627446435290E-005
   7.7305447596599127E-005
   8.2856272510302350E-005
   8.2917116303537770E-005
   4.4470853962413315E-005
   1.0474405078428544E-004
   1.0020127741613269E-004
   8.4161749951982103E-005
   6.0295396256970844E-005
   8.2530542881546572E-005
   1.2044773283207822E-004
   6.7674795968014281E-005
   1.1728297942594499E-004
   1.2731213808805995E-004
   7.0265215492676050E-005
   6.3780541542100892E-005
   8.9318545734598694E-005
   8.0893896860456262E-005
   6.3460244393039164E-005
   7.2189885435057478E-005
   6.9279608243472013E-005
   7.3765559812309528E-005
   6.8774955513831621E-005
   4.9675968338698209E-005
   8.4869207543623580E-005
   8.2601472790860963E-005
   5.9457988467215547E-005
   7.7119772020778135E-005
   9.8487678134691651E-005
   8.0817348436154572E-005
   9.2225092832432786E-005
   8.7285865150396597E-005
   9.4922387365758512E-005
   8.7414040362529820E-005
   1.0132029300915409E-004
   7.0844750882042933E-005
   5.6476898050919408E-005
   8.0091760387728615E-005
   1.1240652257083608E-004
   9.6456442579349755E-005
   1.0032002353236035E-004
   7.6239414935623865E-005
   7.2979960802932272E-005
   7.5922181839033518E-005
   1.5520680790713533E-004
   1.1804679975845051E-004
   9.2436421470625104E-005
   1.1501670963109037E-004
   8.6836765434088664E-005
   6.7452796661823835E-005
   9.0318113232119033E-005
   6.8707586366194306E-005
   9.4024062636448701E-005
   8.6840181706796516E-005
   1.1413042290757047E-004
   1.0994095801656912E-004
   9.0367239719328342E-005
   1.2465702860167932E-004
   7.3613642826621606E-005
   9.7574765548109291E-005
   1.0492435946998576E-004
   5.4143245497807318E-005
   1.0840377011240818E-004
   9.8203283609606565E-005
   1.0325824219520927E-004
   6.8640666049455139E-005
   7.7958716039123639E-005
   1.2930727601069702E-004
   9.0085310516497717E-005
   7.6649822039841421E-005
   8.2110603690507331E-005
   5.0926356979409852E-005
   5.7126852396505717E-005
   6.7368627786344864E-005
   7.8850870944863788E-005
   9.6935736566258296E-005
   6.2869958599692826E-005
   7.2311046163951127E-005
   9.1692711135050005E-005
   1.4456880968216840E-004
   8.9188216819264542E-005
   1.0146726154481254E-004
   1.0233387904524920E-004
   1.0680966011240551E-004
   7.7409845507482594E-005
   1.0652255341173993E-004
   7.5630520635408150E-005
   9.9113099694885876E-005
   7.8192641720421782E-005
   6.3298077530979144E-005
   8.3565373348825275E-005
   7.7826014343832081E-005
   8.3643572146118323E-005
   8.3967934755932832E-005
   1.5740285092921569E-004
   6.6662866435753730E-005
   9.1285975890268163E-005
   1.3885393782077948E-004
   8.5401621752272054E-005
   1.3387841153864987E-004
   9.6294104795398172E-005
   1.6722794367061226E-004
   7.2401168961910571E-005
   9.7622598999106523E-005
   9.0913068717735795E-005
   8.9212901823576589E-005
   1.1449490901767077E-004
   9.0997527573292178E-005
   1.1752913411421423E-004
   9.8836615034793331E-005
   9.0632639509884280E-005
   1.0711154336094902E-004
   9.8586370601212243E-005
   9.2689577896939320E-005
   1.3312923642015668E-004
   1.7993549514457906E-004
   8.6268807999320698E-005
   8.7121561929661692E-005
   1.5550621730922519E-004
   7.8802779650295898E-005
   1.0586800496056523E-004
   8.0281516585862451E-005
   8.5855294989697434E-005
   8.8050270812776080E-005
   7.3050251177363766E-005
   1.2448471725314689E-004
   7.8325705808295889E-005
   1.0389384383124884E-004
   9.1195207913607091E-005
   9.7005210980318946E-005
   8.9316270084752126E-005
   9.7709266076469094E-005
   1.0767674987128730E-004
   1.7169368951166310E-004
   1.1559164187065386E-004
   1.3421800723687627E-004
   8.2197092723999390E-005
   1.8869232299105913E-004
   8.7763583488337514E-005
   1.2487652020771938E-004
   8.3927373797698115E-005
   6.2882640945813959E-005
   8.6072200548241288E-005
   7.2880542359868069E-005
   1.4416118395241384E-004
   8.7518738862739747E-005
   1.2514203249150996E-004
   1.0875790051944726E-004
   8.2505857160284195E-005
   8.5475060371392785E-005
   6.0662798075930763E-005
   1.0088854588106224E-004
   1.5087020800931035E-004
   1.2353432107026178E-004
   1.1026554538262440E-004
   8.6417960191194454E-005
   1.0461005998388017E-004
   1.2238627545507486E-004
   1.0515314086729767E-004
   8.3370180820131271E-005
   8.7712400351403305E-005
   7.8621407246472742E-005
   8.5768786001227953E-005
   7.3779698820901807E-005
   6.6565844915398927E-005
   7.1991888762623849E-005
   8.2876890503187111E-005
   6.2070698703814743E-005
   8.7762844210094345E-005
   7.3270412401289003E-005
   1.0076901765710454E-004
   8.0428032259196043E-005
   7.6459947019569705E-005
   7.1465793237235264E-005
   9.0669865237790631E-005
   7.7943385377322104E-005
   8.8327453811158353E-005
   1.0406798072231794E-004
   8.0202819666921483E-005
   6.3656066532201096E-005
   1.4823241803966204E-004
   8.8904960353168802E-005
   1.6203440431671151E-004
   8.9219702186235915E-005
   1.2222936888593480E-004
   8.4204634673907202E-005
   9.6320242070428819E-005
   9.5409189263144783E-005
   1.0359149944007852E-004
   1.1162661177525625E-004
   6.5239729413346119E-005
   7.7089447778200403E-005
   1.2421167834987448E-004
   6.9333964415539177E-005
   1.2679469125043632E-004
   6.6603368798930223E-005
   1.1395235428484453E-004
   1.9654198646551398E-004
   2.0368996216320310E-004
   7.4040103788104321E-005
   6.6938664685419852E-005
   1.0877485074478537E-004
   6.9567681674408659E-005
   1.0133839285426668E-004
   1.7413035701988034E-004
   6.9386294076809876E-005
   8.7603465913953382E-005
   9.7161166628770013E-005
   8.0757310002382081E-005
   6.7432297395050278E-005
   6.4831531556816877E-005
   9.2938138335704799E-005
   1.2072529706478727E-004
   9.5137502838353455E-005
   1.2769769695321898E-004
   8.6387593983299447E-005
   8.2105563568714374E-005
   6.5748043746158817E-005
   1.1651003371352906E-004
   9.4391145199715815E-005
   1.0808588222497190E-004
   8.7894921303338858E-005
   1.0718444714805405E-004
   9.7143886741343224E-005
   1.0305174358180534E-004
   1.0584836259595903E-004
   7.9870214870508870E-005
   8.2876530835747548E-005
   1.0018870209604552E-004
   1.1739625420339982E-004
   8.9409066010476989E-005
   8.6229726196189083E-005
   1.2943328619396366E-004
   9.5140098455482618E-005
   8.3952949292789394E-005
   8.2062530394495022E-005
   8.3896319827641094E-005
   6.0552652466656081E-005
   1.3366647876244476E-004
   9.1142836758060169E-005
   9.4477128123710436E-005
   7.1439845867785596E-005
   8.1283909688528675E-005
   6.8911415545765812E-005
   1.0945777986703821E-004
   8.4554758109881787E-005
   1.2211043414643574E-004
   1.0212241001826388E-004
   1.2406765322746645E-004
   8.5393040904852097E-005
   8.6043735212198890E-005
   9.0838653423772433E-005
   1.0081251653273688E-004
   9.7775481496584443E-005
   8.0691730463381856E-005
   9.4268434816307850E-005
   9.0145372109555976E-005
   7.3920637973043748E-005
   1.2733122291474326E-004
   1.4306874551334544E-004
   1.7148024396044286E-004
   7.3178329553833058E-005
   1.0093292133751274E-004
   1.0837285821346871E-004
   1.1063884604184115E-004
   1.2199058838165587E-004
   1.0490717912785750E-004
   7.7640540975768788E-005
   1.0193100215236311E-004
   1.1949809373894217E-004
   5.6014657572783743E-005
   9.5138794393742732E-005
   1.2724072643628028E-004
   1.2916098289111457E-004
   1.1859230455012011E-004
   9.2751695645450119E-005
   7.1028783852708217E-005
   1.4756832495420406E-004
   1.4831329326551131E-004
   6.0535109908642756E-005
   6.8546409236398665E-005
   8.5655359477369386E-005
   8.3625626356020300E-005
   7.3032272950624100E-005
   6.1561684122301468E-005
   8.3303788137596173E-005
   1.1195700065809975E-004
   1.1900532241891660E-004
   1.0427162400690225E-004
   8.7196516320476781E-005
   8.7846179026392166E-005
   8.2991212158448503E-005
   6.1793337546488288E-005
   6.9330400088046842E-005
   8.6317383694543620E-005
   1.6502458191541990E-004
   7.8170370903211145E-005
   1.5370293899471399E-004
   1.1634401951950783E-004
   7.5082429221751712E-005
   9.9362883459532285E-005
   9.8298538989773426E-005
   1.0938891511393925E-004
   6.9069684145170243E-005
   8.0383369803934212E-005
   9.8682490050445442E-005
   6.9088464031534673E-005
   6.0690923681795781E-005
   5.2644844568361386E-005
   1.3403244782847712E-004
   7.6130422710306392E-005
   8.3836918661970498E-005
   8.0224297068549945E-005
   4.8002356844854324E-005
   6.1834187930830123E-005
   8.8985315252876500E-005
   7.2503411371885809E-005
   9.0248607693686449E-005
   7.6714295749884297E-005
   6.4054924820506696E-005
   1.4153674770088381E-004
   9.1392080142519691E-005
   8.8160051777615367E-005
   1.0017864210817577E-004
   1.2900378309843406E-004
   6.0718650263821769E-005
   9.2115016337836745E-005
   7.3259130935167207E-005
   1.0260582092620246E-004
   9.9892381027543364E-005
   1.2926968147878421E-004
   1.0812770558595356E-004
   1.2989242456924548E-004
   1.0325062099338749E-004
   8.1039567096318561E-005
   9.4661679295031094E-005
   9.0929480115678046E-005
   1.0964613546472767E-004
   1.0452284771208826E-004
   8.6163533011598706E-005
   8.1884318191472808E-005
   7.5375030243374593E-005
   8.3400801839515027E-005
   1.1608329469156673E-004
   6.0273648749205463E-005
   6.3156543095324548E-005
   9.5295790826163047E-005
   1.1156484232387400E-004
   6.7214219977935482E-005
   9.8826082360857086E-005
   8.6063076316177450E-005
   7.9438488840314454E-005
   1.5849393334250005E-004
   7.2403478777865476E-005
   8.5162924456178948E-005
   1.3909444065950987E-004
   6.9061666020441863E-005
   7.1737034282679066E-005
   9.0377401672337920E-005
   7.7813362082769429E-005
   7.0721807010939739E-005
   8.6999883892343701E-005
   7.7401168231773293E-005
   7.2785264733799703E-005
   1.1046367538737588E-004
   9.6277479782799020E-005
   1.1178524048717751E-004
   1.3243595584748553E-004
   7.9599800469683642E-005
   7.3162969403489314E-005
   8.5755827453033278E-005
   1.0071090547978890E-004
   1.1195580340826003E-004
   1.0475204339992928E-004
   1.0299461289610148E-004
   1.0933185728780376E-004
   1.1652809353247204E-004
   1.0320102836459568E-004
   8.8024496441056662E-005
   7.8901003174933646E-005
   7.1135447313550623E-005
   8.7461659544787866E-005
   1.1429093699525945E-004
   9.8774917769467913E-005
   9.0139303848219926E-005
   8.9396294009264223E-005
   7.2806367232752407E-005
   8.1464296525014319E-005
   1.1855870932727542E-004
   5.6336448204385523E-005
   1.1227625962007223E-004
   8.0782018155274891E-005
   7.3184371470075114E-005
   1.0255639851928577E-004
   1.0564011591366996E-004
   1.1955753418148970E-004
   9.0419363752511744E-005
   1.0754699027521872E-004
   7.6534556139442423E-005
   1.0457681481144792E-004
   7.8784924143926975E-005
   7.4809712284851010E-005
   7.6259792659832495E-005
   9.1695173610923579E-005
   1.1172405586892214E-004
   8.9553818021700143E-005
   8.6057970051726438E-005
   9.1182780722401572E-005
   1.2029331528569155E-004
   8.4110310539608249E-005
   1.0638208963343273E-004
   1.0423254205555330E-004
   8.4661112928950650E-005
   9.8172209940331281E-005
   8.5913952649660697E-005
   1.7885540032111920E-004
   1.3460747855193381E-004
   1.0918209013419366E-004
   7.5546877583260400E-005
   8.5257065718764225E-005
   1.0630542983210812E-004
   6.7176656129341758E-005
   7.8433844139730460E-005
   7.9211553119227677E-005
   9.9748376489488952E-005
   1.4652590388625986E-004
   8.5637409775869588E-005
   7.8000860947363381E-005
   9.1346750960643485E-005
   1.2803184156183226E-004
   1.2626617545246838E-004
   1.2631710527430504E-004
   8.5716971883330925E-005
   1.1407285493329805E-004
   1.0833655094653702E-004
   7.1205205329361756E-005
   7.7495376363532261E-005
   6.6918449990872362E-005
   9.7014105089698625E-005
   1.6619139974174358E-004
   1.0358418122855049E-004
   1.0578376782631113E-004
   1.1255629284926439E-004
   6.0841571768131684E-005
   6.3136150494510476E-005
   5.3923097606430661E-005
   6.3558530033628970E-005
   1.2897086061630631E-004
   8.9244508259898241E-005
   6.6682275611035523E-005
   9.2543918186561639E-005
   8.4598534024228693E-005
   7.0096256761223937E-005
   1.3890151825400645E-004
   1.1342906370644580E-004
   8.6617791815792324E-005
   8.8454507177396127E-005
   6.4844645906599505E-005
   6.7337880236286756E-005
   9.9945159661934626E-005
   1.1917876336513317E-004
   1.0903016333900122E-004
   1.0144993337377012E-004
   6.9555651218511469E-005
   7.9312136740103157E-005
   9.3874771342084391E-005
   1.3461720759375177E-004
   8.5816358037319932E-005
   1.1543674800013172E-004
   9.3639675480436345E-005
   8.2893028656951440E-005
   8.7171245588730446E-005
   1.1819727317372368E-004
   7.4628625404362349E-005
   7.9126254989180772E-005
   4.2757960043860522E-005
   6.5599120005413491E-005
   5.5431634920573513E-005
   7.4319035866917730E-005
   1.3531503051013999E-004
   6.5783840542680966E-005
   7.5589430544622046E-005
   1.1187311734399203E-004
   9.7383508477829638E-005
   9.5934227595744734E-005
   1.2118096002173741E-004
   8.0463370641553844E-005
   9.1227120440455663E-005
   1.0619722353828861E-004
   1.0803320196026076E-004
   7.0833097278785102E-005
   9.8102443128331328E-005
   7.5552475885464239E-005
   9.3848778790769016E-005
   1.3879431596110347E-004
   8.5124844048058219E-005
   1.0695008518120230E-004
   8.8233823438693920E-005
   1.0538503803950103E-004
   6.7518074733852570E-005
   6.7996855626448671E-005
   6.7203675307478218E-005
   7.0346712837372782E-005
   1.0079072305393328E-004
   8.0390434866470532E-005
   6.3152093960327848E-005
   8.3705361535773459E-005
   6.2722013536060497E-005
   7.4296669784187824E-005
   8.4466026835388662E-005
   7.7632244561675928E-005
   6.8415264022641777E-005
   1.1595232914918899E-004
   7.6505170892406346E-005
   1.3928914594124099E-004
   7.1664150368147984E-005
   8.7541224234905256E-005
   7.4909665309508559E-005
   7.8848633849054652E-005
   6.4226901477164013E-005
   1.0937819370423482E-004
   1.1984964099080941E-004
   8.8812391330067502E-005
   9.5136704494361656E-005
   8.2745348177338057E-005
   1.0072265594196958E-004
   7.7634969808251686E-005
   6.9229456172341489E-005
   1.1463332348143902E-004
   8.2369565634936401E-005
   8.1468417153464725E-005
   6.7954724098956136E-005
   1.1901280383059054E-004
   8.2262985331839320E-005
   1.4057076590143883E-004
   1.0281736420849664E-004
   8.4813091207933881E-005
   8.8952398745590120E-005
   1.1610898934477732E-004
   9.5998132595881389E-005
   9.2434142504740311E-005
   7.5579045789824829E-005
   1.0781660433769718E-004
   7.6356196327166477E-005
   9.1347252799912559E-005
   1.2633061697192585E-004
   6.5301947837935747E-005
   1.2058724787078697E-004
   7.6552637080119204E-005
   1.0716993582524519E-004
   1.2507142512541703E-004
   9.4366226541751366E-005
   9.4101999647779090E-005
   8.7068661427728154E-005
   1.2987361335039613E-004
   5.9178286385328648E-005
   6.2076383126353552E-005
   8.9430462062579322E-005
   7.5325811003672613E-005
   9.2474691664531363E-005
   8.7131031530330284E-005
   1.3878313119861387E-004
   8.4142421874160235E-005
   9.3864417914583576E-005
   1.0608437221351996E-004
   1.1247683262482428E-004
   6.1283589905188936E-005
   9.1832405996290295E-005
   1.2743611359965361E-004
   1.1010355836049282E-004
   9.3698508381988426E-005
   9.8130277068502253E-005
   9.7315168379678214E-005
   5.2891048920044975E-005
   8.4371371538916897E-005
   1.0175417353433401E-004
   1.3324200402180936E-004
   1.2683930435823882E-004
   8.5625763552919603E-005
   8.4059994535356876E-005
   7.5244556388243231E-005
   8.3422968848646697E-005
   1.0106893445257736E-004
   7.9438655398792320E-005
   1.3297517429724446E-004
   1.0335355411696950E-004
   9.6764062277570657E-005
   5.9022340784081345E-005
   1.0498324531459455E-004
   1.2258896778862704E-004
   1.2300696148544586E-004
   9.5885650689620669E-005
   8.3735472100031808E-005
   7.8580230136398013E-005
   1.2991496498547466E-004
   6.6857808947777973E-005
   9.8825242080304482E-005
   1.1413945548660286E-004
   9.7185034274883386E-005
   7.2461189943593240E-005
   7.1021276140613437E-005
   1.2141318563576286E-004
   7.7261369207615182E-005
   7.1494393957469976E-005
   1.0029362746698244E-004
   1.1375100960563567E-004
   8.4140290131451786E-005
   8.5543606833098288E-005
   1.2536457580418435E-004
   6.5195418714259623E-005
   8.5505288937081498E-005
   6.7334299716905905E-005
   1.1039706798605988E-004
   8.7138499896765657E-005
   1.3886564724905601E-004
   7.0474983131699128E-005
   1.1304731988996564E-004
   9.5649225162636330E-005
   8.3830347880385443E-005
   9.5614721132106893E-005
   7.8014515185268336E-005
   8.1303213875552973E-005
   6.7680559716466225E-005
   1.1805495776931808E-004
   1.2246010216010374E-004
   7.5586852308330579E-005
   9.0775847515969064E-005
   1.1658996285976356E-004
   8.7016834203396012E-005
   1.2291445298493270E-004
   8.1847299189452365E-005
   9.7317599219130387E-005
   8.6721935413151030E-005
   1.2758722803707387E-004
   8.0898113802756617E-005
   9.3877859981128270E-005
   7.1298766683146773E-005
   9.9970206711499202E-005
   1.2182299837161814E-004
   7.2840866140573692E-005
   8.9732319652563195E-005
   1.3698650670628603E-004
   8.1702716398552566E-005
   1.1733084669892629E-004
   6.7032117075040381E-005
   7.2634093520533856E-005
   7.6162433662954905E-005
   9.1306874023120110E-005
   1.0184938238560961E-004
   9.7440737132243891E-005
   7.6457544993372686E-005
   6.9533037863981007E-005
   6.6074985916467964E-005
   8.8590288072532087E-005
   1.2428617490609615E-004
   8.6808503972588731E-005
   8.0290779321262273E-005
   7.2529789481971899E-005
   1.4806505916391751E-004
   8.4253317421023705E-005
   5.3370598033483566E-005
   8.7503868021367721E-005
   5.6782789920302183E-005
   1.0684986825074809E-004
   1.0459468313426497E-004
   9.6241182624260646E-005
   9.2402941275876267E-005
   9.8916646105257403E-005
   1.0257376878508459E-004
   6.3538934925222622E-005
   7.6593947195427767E-005
   8.8733070933620027E-005
   5.9530663829340795E-005
   8.4028821333938987E-005
   1.2531778048360793E-004
   9.8050690596950067E-005
   6.5897656344185039E-005
   7.9522807954261033E-005
   1.2114633718609721E-004
   1.3873745221074037E-004
   1.4692142388067974E-004
   8.7414322621212745E-005
   1.1186682684775470E-004
   1.0248057995851701E-004
   9.3401517144057892E-005
   9.6078581990356133E-005
   1.0171103134295045E-004
   7.8710005065214467E-005
   1.3893489305714848E-004
   1.1516685522851160E-004
   8.0024588075142434E-005
   1.0906061632273038E-004
   8.6620393239241240E-005
   5.8999706563539307E-005
   8.4352224231842846E-005
   1.0551135268102870E-004
   8.7849476235189270E-005
   6.0724427386412471E-005
   7.7583322063913020E-005
   6.4781054621949720E-005
   9.0584682075043417E-005
   6.5839470670181965E-005
   9.2218105324508924E-005
   1.2081186056412016E-004
   1.2417405106578326E-004
   9.1351444833832218E-005
   7.6781998890297065E-005
   9.4106171178268225E-005
   1.5331328272224674E-004
   1.3952952122624207E-004
   8.9146842977537238E-005
   1.0416341499800924E-004
   1.2461450948650620E-004
   8.5225643044185416E-005
   5.6281109657646162E-005
   1.1707840010156635E-004
   9.0896077950403814E-005
   8.3830961281872789E-005
   9.0744393693055814E-005
   1.9457940867842168E-004
   9.2571749664161482E-005
   1.0294043263029174E-004
   9.2775813990586217E-005
   7.4877959214368194E-005
   8.2085573256001992E-005
   1.1073863991803314E-004
   8.0802565809168835E-005
   9.4969470213157926E-005
   8.2133827517738898E-005
   1.0104013013443789E-004
   8.2471069881104244E-005
   6.8962799824503579E-005
   6.8741388827145203E-005
   6.5590516358108954E-005
   6.7182954688293841E-005
   8.2061758973347114E-005
   1.2133188471935766E-004
   1.0758838120461682E-004
   9.1482592312641442E-005
   6.0584257772395864E-005
   6.2794519583301618E-005
   8.5132813247605391E-005
   1.0581105848334484E-004
   9.5465802335562865E-005
   7.6769225270378641E-005
   5.5164189221653167E-005
   1.1284317406383017E-004
   1.0557468448407377E-004
   6.7368883049187208E-005
   8.1771848276267575E-005
   7.6629344662269144E-005
   1.2078163199567752E-004
   9.3599067595989037E-005
   8.0134271505960186E-005
   1.2142432585431750E-004
   1.4308083982492254E-004
   1.2808535001296949E-004
   1.0635414963796298E-004
   1.0112693734664287E-004
   8.0407735681234713E-005
   7.1261941950238262E-005
   8.2892469307711418E-005
   9.8737855311704397E-005
   8.6203919816916225E-005
   7.3560213338149318E-005
   1.6245287477344603E-004
   1.0835859743952858E-004
   1.0829622824915322E-004
   7.0852947844406104E-005
   8.3284281634407172E-005
   9.6079881846390221E-005
   9.6702496324390356E-005
   8.9800792690713919E-005
   1.3914782143208910E-004
   1.5090630337383123E-004
   7.5085993769652469E-005
   6.8420461264738697E-005
   1.2613029017285922E-004
   1.1613820535449126E-004
   7.4849213538107025E-005
   6.5378179541435535E-005
   1.3639278948144814E-004
   7.9792863290272653E-005
   9.6355625297983133E-005
   7.9936433369412298E-005
   7.2258224310344277E-005
   6.6662504136283818E-005
   9.5545358060410227E-005
   7.4357827160034335E-005
   6.7931762888817477E-005
   1.0140788248621182E-004
   1.2300184179054176E-004
   7.9181373839482468E-005
   1.0059649155006915E-004
   8.0540231612419441E-005
   1.4136232130375394E-004
   6.7032220680001567E-005
   8.0175119929714838E-005
   1.1029005412345881E-004
   1.0122747033815046E-004
   1.3392137379790011E-004
   1.3714751652060296E-004
   8.2010398431373868E-005
   8.5869233422770832E-005
   7.3497353465597223E-005
   1.4453399378043654E-004
   7.1918344023697142E-005
   7.5839793944410422E-005
   7.3526801772790941E-005
   8.8276257017613931E-005
   1.0612813031984058E-004
   8.5543015685719180E-005
   7.3540058123353519E-005
   1.0566750527560211E-004
   1.0385239392212431E-004
   1.0568422577987877E-004
   9.8081279583479765E-005
   8.3903468373149401E-005
   6.2763608100658799E-005
   8.0047151553590601E-005
   7.8202021655039057E-005
   1.2801137290683885E-004
   1.1521257396465478E-004
   6.4783177851878996E-005
   1.7813863480465155E-004
   8.7359761615335497E-005
   1.0104259577938888E-004
   5.7116344366704762E-005
   1.0331764950160792E-004
   8.4311521113049915E-005
   1.3048422188841267E-004
   8.5081420296075823E-005
   1.0654550993213205E-004
   1.5037713231385685E-004
   9.8232131811626410E-005
   5.9114268772723204E-005
   7.2290253181609549E-005
   1.7681414518870195E-004
   1.1836474246390281E-004
   5.9907883910813074E-005
   7.9873513923222418E-005
   6.2538400957250112E-005
   1.2255362550050029E-004
   1.2533617936981840E-004
   1.6989355367928480E-004
   1.1998992417817966E-004
   7.1811427132315120E-005
   9.8603109310816655E-005
   7.5028783254861700E-005
   7.8838946555912515E-005
   7.6069769056459648E-005
   1.2253458533463768E-004
   1.1584793691152131E-004
   7.4891446991223344E-005
   9.6385443829526292E-005
   7.7908769721873614E-005
   7.9924177256634422E-005
   1.2711270195269044E-004
   5.2765863262512608E-005
   6.1224250244239347E-005
   7.9134875407144240E-005
   6.8019990855915547E-005
   6.2395481737412956E-005
   6.2654606155018418E-005
   1.3282055300326188E-004
   9.2897209320146477E-005
   7.2538475148683246E-005
   9.4375219818716266E-005
   8.0710119994104379E-005
   7.4103176291370355E-005
   1.0640447043719211E-004
   1.1215493701888277E-004
   5.7743523077707267E-005
   6.1550259505726172E-005
   1.0430064079158210E-004
   2.0748520571652981E-004
   1.4570173174866422E-004
   6.8366560931947107E-005
   5.6590322950510361E-005
   5.9277555739543585E-005
   5.9921224322883766E-005
   6.8476242736195347E-005
   1.0005151704369121E-004
   6.1276557718332374E-005
   5.3239136986358647E-005
   9.3279251886584533E-005
   1.4499005132352595E-004
   8.6528381891694777E-005
   1.6460889313454146E-004
   7.5124197460279662E-005
   1.0478111505566263E-004
   1.0042313446250315E-004
   1.6729056137048621E-004
   9.2303335914941723E-005
   8.2490387080826909E-005
   5.7318543605737622E-005
   5.8241446363322870E-005
   6.9367966784859093E-005
   7.1649486369517053E-005
   7.2871572826995921E-005
   1.0532254861345198E-004
   8.7224082466956146E-005
   7.4833535283694126E-005
   1.1651834465562644E-004
   1.5235123568380511E-004
   1.3151815257867838E-004
   1.4183186944503756E-004
   1.1086029093893221E-004
   8.4107717432562847E-005
   7.9960217616571180E-005
   7.3218880025154598E-005
   9.2205082029227800E-005
   6.5420961196486859E-005
   1.4546094930543974E-004
   6.7745866993442272E-005
   1.1453449709078227E-004
   8.7039362286175877E-005
   1.2355121067403761E-004
   6.9238256701220017E-005
   9.9687290119923348E-005
   7.0518457135558375E-005
   6.9399417232285929E-005
   7.3758517392179604E-005
   7.6402095983102100E-005
   8.4278841967328467E-005
   9.6230571742193295E-005
   5.4232178062873737E-005
   6.6442347314389473E-005
   6.9594323466547070E-005
   1.0421633373838787E-004
   8.1011192704199102E-005
   1.2861172147807367E-004
   1.1805601724630708E-004
   1.0111055293394155E-004
   1.2401223688549647E-004
   7.7453944306833431E-005
   1.2092624913763983E-004
   1.0722002611404932E-004
   8.5787530146294103E-005
   7.6252383009997268E-005
   6.1255713724943467E-005
   6.6952433153110553E-005
   9.7005962663802362E-005
   8.2539975566300029E-005
   1.1415765082155077E-004
   1.1747330216074554E-004
   8.2579358258967953E-005
   9.4005741268863883E-005
   6.9433250486620972E-005
   7.5849645960049798E-005
   9.0331379490249364E-005
   1.5689214446870832E-004
   9.6534755642750853E-005
   6.4415368668639303E-005
   6.7544601110799566E-005
   9.9610278981028983E-005
   6.2615936912820773E-005
   1.0751862622272311E-004
   1.0221072109193641E-004
   1.0270223875820302E-004
   1.0640926339815252E-004
   6.9907998580088972E-005
   6.0654911852916544E-005
   1.0498469335304746E-004
   6.7324987232897870E-005
   1.5471974637846323E-004
   8.6046876784441352E-005
   9.5179336774291781E-005
   9.8878713290684396E-005
   8.0177673293911958E-005
   1.1993299967921234E-004
   6.3537114512546199E-005
   1.5806580204611541E-004
   1.2107347073266731E-004
   8.1354231606818882E-005
   1.1200671493826024E-004
   1.1342082169025221E-004
   2.1422240005491351E-004
   1.2454825771585881E-004
   8.8102237932866095E-005
   9.6608682414909799E-005
   1.0922631933746524E-004
   9.0725712047336874E-005
   5.6504170895718888E-005
   6.3674383487015350E-005
   6.0094548902329260E-005
   9.9984878491020363E-005
   6.9730611231327377E-005
   7.3925672002195163E-005
   6.2300692518510835E-005
   7.0927490772938206E-005
   1.0509089143807280E-004
   7.2908040547035483E-005
   8.4594266598220845E-005
   1.7898826996304304E-004
   7.8829826164213146E-005
   1.1205567368353747E-004
   1.3044475352560491E-004
   1.0203611847808418E-004
   8.1881493812468385E-005
   1.0963550275301586E-004
   9.4598372247512401E-005
   8.4480695245578614E-005
   7.4674489854863226E-005
   1.2529632442076529E-004
   6.7594646200975098E-005
   1.3991767909133276E-004
   6.4355316309341163E-005
   7.7632439408821833E-005
   7.9859211245038655E-005
   8.4829972266715133E-005
   7.8094153256211949E-005
   1.3269660804461853E-004
   5.0133735885214096E-005
   1.0145626337431434E-004
   9.0975832238332884E-005
   1.5460343122332515E-004
   8.0356819542323369E-005
   8.0725409546878992E-005
   1.5644823314832552E-004
   8.8136120044918597E-005
   8.5505659209830930E-005
   7.2768708476688115E-005
   7.1461063415861008E-005
   1.0172098394015591E-004
   9.0559996460755419E-005
   1.0943216595862022E-004
   8.5726937098812311E-005
   9.3081048766017929E-005
   8.9918264150900144E-005
   1.5489726126341366E-004
   6.5111879697663286E-005
   8.3652250378433201E-005
   7.9524052038019462E-005
   7.9633602208413874E-005
   1.1313744793862175E-004
   6.9836191447502450E-005
   6.3350043841265276E-005
   1.2968695807425698E-004
   1.9105636508127941E-004
   1.1148407026960171E-004
   6.2472615132858815E-005
   1.0104106411903565E-004
   1.1266165772335856E-004
   8.0173148561377928E-005
   8.8383395249295990E-005
   1.0533267856504079E-004
   8.6788181506835383E-005
   1.2217956722581318E-004
   1.0481830399224342E-004
   1.0869957786554751E-004
   9.2531123169259960E-005
   9.1913590481507344E-005
   7.5753317970916434E-005
   8.8572486696020689E-005
   7.7736068582092360E-005
   7.8780803480212093E-005
   1.0561836848743901E-004
   5.6294325539244473E-005
   7.8650736025337345E-005
   9.7877442481858850E-005
   1.0548564281269764E-004
   8.2104173517426039E-005
   1.7599367696300461E-004
   5.5514714625133230E-005
   6.4872784010366988E-005
   1.3159392021473842E-004
   1.1725291677757816E-004
   1.5036838461363037E-004
   1.5885574721819079E-004
   7.4896215341511586E-005
   1.0984841050989358E-004
   1.0602954626549449E-004
   1.1363253441135332E-004
   8.0906328004009534E-005
   8.8489737220579667E-005
   5.9874719569847131E-005
   8.1275119045084036E-005
   1.6220636353492227E-004
   1.3759589143815210E-004
   1.3700718513557885E-004
   6.5296007131790201E-005
   7.4035541412488632E-005
   9.6798146285528210E-005
   1.0282511671588456E-004
   8.4094143724998738E-005
   7.7362833964444698E-005
   9.2279648006373321E-005
   7.3941102938694490E-005
   9.1092253885294964E-005
   9.2747486529391371E-005
   1.2034030327221552E-004
   9.7017930637251462E-005
   1.0504586616461416E-004
   1.1139484604933644E-004
   7.2460885780681789E-005
   9.4997667440000971E-005
   1.2952483887530562E-004
   1.0285154604157301E-004
   1.3007684216736833E-004
   8.3311224773873589E-005
   1.3212177701367055E-004
   8.2381960892139223E-005
   8.1865191449230062E-005
   1.0945523056461275E-004
   8.8466085622081842E-005
   8.7166400023346260E-005
   1.0769606411908838E-004
   6.7067028433015572E-005
   6.4937296358726925E-005
   1.0434782666681829E-004
   7.6991116311305322E-005
   1.0367986341340732E-004
   8.1215030703687979E-005
   8.5220737350458334E-005
   7.5081893670413870E-005
   1.5899703499896862E-004
   8.0015727497900082E-005
   8.6860115113603862E-005
   9.3359165928200350E-005
   6.9768594223775125E-005
   8.9243951624389586E-005
   1.5801123766395940E-004
   1.2092867617044713E-004
   9.7660402758144202E-005
   1.5046624970931394E-004
   1.5565040332710185E-004
   1.1045544901786224E-004
   1.6075980763344998E-004
   9.5361888651143351E-005
   6.5025381598481202E-005
   1.1179680762496693E-004
   6.7863778982058678E-005
   7.2826979137224286E-005
   9.2313356218352567E-005
   1.3034971207760189E-004
   6.4213325368900445E-005
   1.1689447237774786E-004
   1.3014001333870164E-004
   1.2569995171648582E-004
   8.3713350325674506E-005
   9.4771839130800643E-005
   1.3012305382573982E-004
   9.7618531886229978E-005
   1.2506313284520491E-004
   1.4767977030663072E-004
   8.5975361414543152E-005
   6.2759082676841949E-005
   6.6922472544162783E-005
   1.1568914610184946E-004
   1.0387896846016324E-004
   7.6414077161723006E-005
   1.0175581238635151E-004
   1.1820036163949405E-004
   1.2327868583385918E-004
   8.5675319656509591E-005
   8.1984045802964957E-005
   6.1563678060770692E-005
   7.8036689569043830E-005
   8.0041563579873770E-005
   7.5239228289487929E-005
   9.1607992333904480E-005
   1.0903746960789179E-004
   8.4938833664109905E-005
   1.7645686345055698E-004
   7.3423549170899773E-005
   8.7917283293141853E-005
   9.4371675354268286E-005
   6.6038578544598114E-005
   8.3733702027955441E-005
   8.6804210406905431E-005
   1.4263632692759540E-004
   9.3597010639052890E-005
   6.9107586090898078E-005
   9.8870569333625892E-005
   8.4402912146747805E-005
   8.6555713349438439E-005
   1.0286013803742816E-004
   1.0195705302195037E-004
   2.1335487177538923E-004
   9.4310145360369598E-005
   8.8669287727674857E-005
   6.9069824509703350E-005
   7.9265762833044881E-005
   1.0414264553861775E-004
   9.8863884099250981E-005
   6.8204066003832607E-005
   1.1766455260648999E-004
   7.4239746798726136E-005
   8.3920664575995522E-005
   8.1639272022487959E-005
   9.7356884644295353E-005
   7.5543107268168650E-005
   8.3063153459467628E-005
   6.8433546276250838E-005
   8.7018142725284878E-005
   7.8415912676192530E-005
   9.0989033675877942E-005
   9.1515125625500393E-005
   1.0194602653435914E-004
   9.9648045253094354E-005
   7.6645051062658099E-005
   6.4165652792422297E-005
   6.2157715388584575E-005
   7.6318269646281401E-005
   8.9738373666827949E-005
   8.7060695497761349E-005
   1.0843545611290028E-004
   7.6460145969465637E-005
   7.5228659459831081E-005
   6.5741368773076074E-005
   1.4608944415063236E-004
   8.4016098419770208E-005
   6.4837860004665141E-005
   7.3393219754567022E-005
   9.9080224837024304E-005
   9.7100674270400841E-005
   6.9667921636774516E-005
   8.4859142438126989E-005
   9.8070852597840257E-005
   1.0933370150067681E-004
   6.4623369465988248E-005
   8.3019571796416557E-005
   5.6177674450950392E-005
   1.0058975238428317E-004
   8.2193197422940508E-005
   9.9310742991420080E-005
   8.8384954494294109E-005
   8.6853332667978495E-005
   1.3740713865702920E-004
   7.8168716488432252E-005
   9.3805909168626452E-005
   1.6213976008337824E-004
   6.7126406451833976E-005
   9.6637921760466569E-005
   9.3772255594849237E-005
   1.3439281065934024E-004
   7.0708090843519869E-005
   7.2985189559898682E-005
   9.3033619762925688E-005
   7.6580447684487804E-005
   1.0792197580866186E-004
   9.5777694526751162E-005
   5.7482161291171123E-005
   8.9908432678904052E-005
   7.1823860846633824E-005
   1.0952487262509388E-004
   9.7285211843235717E-005
   9.9143973121448449E-005
   1.2438313789048936E-004
   1.0340883838906501E-004
   8.9052267975107965E-005
   1.1308942917247935E-004
   8.2341149473871462E-005
   1.1327274594896741E-004
   9.3206801896733831E-005
   6.0419576205767662E-005
   8.6800791115336065E-005
   7.6897875870348342E-005
   1.0492973797758988E-004
   6.7456581680725057E-005
   1.0685151856669154E-004
   8.1319289617900814E-005
   1.1568878092685653E-004
   1.0525149996114265E-004
   7.5757025602125400E-005
   9.4666418132655227E-005
   9.9371768871252860E-005
   1.1246948896350812E-004
   5.8125240608543394E-005
   8.0391040664260557E-005
   1.1350295632982456E-004
   9.8743540076828270E-005
   1.5877787934470865E-004
   6.9602615444048509E-005
   6.1032172569254223E-005
   7.2146328508092470E-005
   1.0593349483593836E-004
   7.0301367831600062E-005
   8.0428516800627977E-005
   7.8848027100244955E-005
   8.0666588368401569E-005
   9.7766309211593842E-005
   1.4324423279581642E-004
   6.5526509498507507E-005
   1.5227253254654043E-004
   7.0948301112828396E-005
   9.1449293112492351E-005
   8.0401682240939935E-005
   5.9916057240761536E-005
   1.0235494810244669E-004
   7.1237909151055338E-005
   7.8139584203774907E-005
   1.2710829157088697E-004
   1.0591173587567868E-004
   1.1582347127029688E-004
   1.0868377503421629E-004
   7.5343162087976233E-005
   2.0824394367384178E-004
   1.1786110212172475E-004
   1.3432526603120908E-004
   7.1372687921526771E-005
   1.1026621922769270E-004
   6.7561657420384176E-005
   8.2355507750163170E-005
   7.9525285122726490E-005
   9.2595748647389406E-005
   9.3690186770279573E-005
   8.0800501368144496E-005
   6.4064639934608263E-005
   9.6369135875446025E-005
   8.0689583110789498E-005
   1.0730600664120215E-004
   1.0069089789228959E-004
   7.9233374582858714E-005
   7.9848202330753997E-005
   1.4010293839689648E-004
   7.6947327905538124E-005
   1.0352774284707541E-004
   8.3861370178850534E-005
   1.3811447923719794E-004
   8.5115468106348064E-005
   8.6961221699815186E-005
   7.0586731674729720E-005
   1.0239549025152369E-004
   8.4141526468840521E-005
   8.2239694047216993E-005
   1.2406563955112801E-004
   8.0997835515930731E-005
   1.2307976495478786E-004
   9.8212783166379134E-005
   1.6392722419574334E-004
   1.1117730826072197E-004
   1.0377527506698090E-004
   1.4230520917794017E-004
   9.5901731200809186E-005
   8.3742394149747480E-005
   1.1074504542877282E-004
   8.8203864148574620E-005
   8.3470656013096911E-005
   1.4048802388892575E-004
   1.2928742957439484E-004
   5.4695137537787363E-005
   7.4483536274305844E-005
   1.0568317108833069E-004
   9.4188451076362420E-005
   7.8652945108879780E-005
   9.9612061184491102E-005
   6.5624621508427440E-005
   7.5226267591791066E-005
   9.7225426183853662E-005
   1.3114418966110212E-004
   1.3824760687652178E-004
   8.9515480248132141E-005
   1.1731085036145070E-004
   9.1797083886393914E-005
   1.2870859792111421E-004
   9.9693056908266073E-005
   7.6764139967882132E-005
   1.4746528150358241E-004
   9.2100205233809564E-005
   1.0419399618088870E-004
   1.2480375562377261E-004
   1.4169471889091445E-004
   1.1743896784738718E-004
   7.2168297454199771E-005
   1.2628245370875063E-004
   6.6042890831932285E-005
   8.7813441609446393E-005
   6.7452962020239570E-005
   6.8948419253690986E-005
   8.5195047637972519E-005
   7.7282227458901306E-005
   6.0967253127891973E-005
   1.1464148831532167E-004
   1.1193816981529451E-004
   8.6202603863459588E-005
   1.1132799971523464E-004
   1.2589529687027120E-004
   6.3898263648320641E-005
   6.0785210960097415E-005
   6.6488734038867170E-005
   9.4027305825779102E-005
   1.0579163955981695E-004
   7.7682916672548746E-005
   8.0211370579512479E-005
   9.2094338515015840E-005
   9.7558069449838435E-005
   1.1288913358405917E-004
   9.0856339932600893E-005
   8.4311378767228654E-005
   9.5756703700923063E-005
   5.9802159433437509E-005
   7.3224813185896362E-005
   9.4834841037141684E-005
   1.0756994455568028E-004
   9.5499662685565590E-005
   8.3384584114234777E-005
   6.4754159741491814E-005
   9.8818630171034754E-005
   1.2821667935674093E-004
   8.3287444644880964E-005
   1.1639225301768735E-004
   1.0980994736746442E-004
   8.4499845214561635E-005
   8.8067014966694207E-005
   6.8492352015283101E-005
   1.0542660804196890E-004
   1.1087064810580362E-004
   8.2159937801147337E-005
   9.4243771507437579E-005
   1.2737398927854094E-004
   7.5717159676302257E-005
   7.3448014460109358E-005
   9.1852303649754240E-005
   1.0843268459904372E-004
   8.6184500593987622E-005
   9.7745613663686632E-005
   1.0101625327413925E-004
   9.4934144005533907E-005
   9.6959182600534998E-005
   9.1323290566318734E-005
   6.0603596419356986E-005
   6.8619395670847108E-005
   9.7073576014327840E-005
   1.2849118688877122E-004
   7.0212763207379956E-005
   9.6629501263116070E-005
   1.1288119411443054E-004
   1.0499145390611446E-004
   9.1428290097910069E-005
   8.4421051306975904E-005
   1.4733435369502067E-004
   1.0103723433775726E-004
   8.3068664325699199E-005
   7.0887135634314734E-005
   1.0714496404497391E-004
   7.9900201662391136E-005
   8.2679532055358619E-005
   1.5099892945869342E-004
   1.2407603207378710E-004
   1.1081588333693820E-004
   6.4060696448285212E-005
   8.2327502756729558E-005
   9.6190276472686622E-005
   7.3949017884365124E-005
   1.0754268003435738E-004
   6.2937497113872294E-005
   5.6745627023584218E-005
   5.1548816299427720E-005
   8.0192520833228156E-005
   7.8297454153456798E-005
   1.5114731093524125E-004
   1.2829144156876584E-004
   1.0837072977372274E-004
   6.7035330201463284E-005
   8.9623671873200310E-005
   1.2883535185274339E-004
   1.0975904162326642E-004
   8.3257110805658112E-005
   8.5969806378820898E-005
   9.1716620709520919E-005
   1.0867796754314679E-004
   6.9170763479682812E-005
   9.7674885689541822E-005
   1.0225328865273636E-004
   9.2589909719878628E-005
   7.0967636402728123E-005
   1.8847381312293567E-004
   7.8118771208407397E-005
   1.1083952769773748E-004
   1.0162992092591483E-004
   8.6954508497549563E-005
   7.0706352368614603E-005
   1.5824503628992094E-004
   8.2472418938546240E-005
   8.2208954122523728E-005
   1.2045720846146330E-004
   7.3180597919718729E-005
   1.0475680710049330E-004
   9.2362513941550905E-005
   1.0106094102490099E-004
   1.3250977996546570E-004
   1.7096878531675625E-004
   9.4398902634858662E-005
   9.4145539851597372E-005
   1.0498895884364620E-004
   8.0318538592932012E-005
   1.1239431527064144E-004
   7.4234647213328484E-005
   9.6567734683496832E-005
   1.1351503140025959E-004
   7.6438785627152420E-005
   6.7099245782274120E-005
   1.0271020706291926E-004
   1.1254470239408151E-004
   1.1712815493361622E-004
   1.0210293625270977E-004
   1.7002008691400575E-004
   8.9416833913840907E-005
   5.6421584981916125E-005
   8.2201874026650840E-005
   7.1504209646947153E-005
   1.3810343549683409E-004
   8.6874730225574448E-005
   1.1058847362311660E-004
   7.3764502486177105E-005
   7.8555665895703523E-005
   6.5129754021251638E-005
   6.1067334637406127E-005
   7.8248758303192456E-005
   9.7811612606643801E-005
   8.1750638079717395E-005
   1.1733906550622928E-004
   7.9163505949756199E-005
   8.2244991879906965E-005
   5.6200961035141716E-005
   7.7376278341178244E-005
   5.7230598904624949E-005
   9.3398750263165751E-005
   1.2109877812879428E-004
   7.4346982397142662E-005
   7.9051193888588289E-005
   5.1978355812521464E-005
   1.2265178693159808E-004
   1.1036553651819281E-004
   8.9569669224208163E-005
   9.5546025097306838E-005
   6.1815861400530336E-005
   1.3273503230629410E-004
   2.0376496538088775E-004
   1.1539097795698981E-004
   1.0192650671243912E-004
   7.0864559470749857E-005
   1.8852445276195130E-004
   7.3810751341590072E-005
   7.9672165318005899E-005
   8.1962705085862836E-005
   1.1834732738788781E-004
   9.8209247486642299E-005
   6.0887011248679697E-005
   9.0798027625891382E-005
   5.8003804048890131E-005
   1.1312786741952266E-004
   1.8187261256971300E-004
   1.4651628422301702E-004
   8.7565888572966786E-005
   1.8261965338418307E-004
   5.6460593648563899E-005
   6.9631163723918765E-005
   8.4018170898700405E-005
   7.8636556965635258E-005
   7.8503034535062829E-005
   7.6441238451271676E-005
   6.7260062084330803E-005
   1.0018405749967381E-004
   8.7038244395851297E-005
   9.2291329992192332E-005
   5.6487730591693727E-005
   7.6329579702494010E-005
   8.2515218814004966E-005
   8.0287801094669156E-005
   6.8278780711295280E-005
   8.1186422927811578E-005
   9.3599261773719871E-005
   7.1358525014590007E-005
   7.3830612608348696E-005
   1.0289657047113467E-004
   7.7805606935098891E-005
   1.0328878070908155E-004
   7.8059038892996604E-005
   9.1984248543403556E-005
   1.1274501212893478E-004
   9.7762999636038080E-005
   6.7299989562753389E-005
   7.5280935130703203E-005
   1.1364206889963584E-004
   7.0563376865038737E-005
   8.3071464682017858E-005
   8.8546097990208005E-005
   1.4597586824631402E-004
   9.2491639038575345E-005
   7.9850144658362589E-005
   7.8634326518518244E-005
   8.9535555043542570E-005
   9.7079610320833446E-005
   1.1029647630202895E-004
   1.2065632493830808E-004
   7.5043919991467495E-005
   6.8139688203705726E-005
   8.3816162511657179E-005
   9.0100248673333249E-005
   7.5071522584259151E-005
   9.6088275295550264E-005
   5.6856593921249704E-005
   6.2251051182957880E-005
   1.0378951804921704E-004
   6.6520822814582074E-005
   6.4454720124858090E-005
   6.5666733196898870E-005
   8.8435986993060499E-005
   1.0101480813152817E-004
   7.6941246661335855E-005
   8.8182657943499139E-005
   1.3942097700067981E-004
   7.3885876324096623E-005
   5.4345838482995210E-005
   7.6700827752694507E-005
   1.1857762992504229E-004
   5.0422619880120588E-005
   6.8685356597729464E-005
