   9.1954194390482939E-005
   7.6343280316644460E-005
   8.9397055996885607E-005
   8.9232315808106949E-005
   9.7548189505419842E-005
   9.7288581879478419E-005
   8.2065799124167874E-005
   9.5198291906236276E-005
   1.0033746456320167E-004
   8.9014279908072237E-005
   8.1209322465413436E-005
   7.3557564765664574E-005
   9.3766379990291914E-005
   7.0815470322695332E-005
   8.4815442553058985E-005
   1.1341447439009102E-004
   9.2802877570355411E-005
   1.0878943675402478E-004
   9.9905703732112040E-005
   7.8640018590881499E-005
   1.3023929814971725E-004
   8.6413376051075046E-005
   1.0738325313252174E-004
   8.1200417907589388E-005
   1.1749565038852893E-004
   7.7225134927491319E-005
   8.9301994713007307E-005
   7.3896525351571245E-005
   7.1753451283013687E-005
   9.5546553236848365E-005
   8.2643947722246873E-005
   6.8442137906086906E-005
   6.7055254309119391E-005
   6.7138129714970285E-005
   9.7604402709420751E-005
   7.3324359992675933E-005
   7.6951815855476251E-005
   1.0535206047451180E-004
   7.2537102931384662E-005
   7.3208022464689323E-005
   1.0087740907876567E-004
   8.5393303104607982E-005
   7.7877844563930605E-005
   8.0265765096597817E-005
   8.5965308588290047E-005
   9.8534289423798921E-005
   8.0952399655425419E-005
   6.4320279907973882E-005
   7.9658232254835537E-005
   6.6622707264275263E-005
   7.9570093689110139E-005
   9.5156251887005281E-005
   1.0429767391873979E-004
   7.5284068711756452E-005
   6.7331461482045052E-005
   6.7410205606405145E-005
   8.8592305741569901E-005
   8.9808777537356757E-005
   8.7701432367663949E-005
   8.9459080033669306E-005
   9.3916781332669937E-005
   8.5944392612337690E-005
   9.3874363186494052E-005
   8.7398331657603201E-005
   1.5063161610764410E-004
   5.2961728595166516E-005
   6.2088572827038955E-005
   8.1200833621417455E-005
   7.0600706987502146E-005
   1.1847392154525896E-004
   1.0123535015440729E-004
   9.9233107773067302E-005
   7.0449056162654445E-005
   5.9172238665254154E-005
   8.8468216770173298E-005
   1.0812417888785502E-004
   9.6179917519665471E-005
   7.0482178741798469E-005
   1.0488252709856241E-004
   1.3311889890070240E-004
   7.3990124468963119E-005
   8.4470991178801493E-005
   8.1253138884729092E-005
   7.3732224690189379E-005
   8.8590417168083922E-005
   4.7843616653523359E-005
   6.7884561110363850E-005
   8.4212969893074884E-005
   6.3737205798350437E-005
   6.9496239885909842E-005
   9.1416974173339971E-005
   9.6419700474720924E-005
   7.6356101419771885E-005
   1.0740512231782265E-004
   7.8647958366229374E-005
   8.2236305279374198E-005
   6.1949359983172963E-005
   6.3356924366316124E-005
   1.0347639163673682E-004
   8.6419086565685501E-005
   6.5650511499488147E-005
   7.8397748547330865E-005
   9.2245360131547923E-005
   7.2273393806038808E-005
   8.3471593411719381E-005
   7.2651119338025335E-005
   7.8642924022443613E-005
   9.4768572475033264E-005
   9.0620816849537321E-005
   1.0338422648926937E-004
   7.6601303672754566E-005
   7.0383089282278152E-005
   6.9538595552054257E-005
   8.4268813185528151E-005
   7.2473542761193881E-005
   1.1458488161738561E-004
   9.8209025467558571E-005
   9.3345791903848047E-005
   8.1502872854256978E-005
   1.1633841011955608E-004
   9.0568328183583802E-005
   1.4783031788750755E-004
   8.2949957078160751E-005
   7.8432129302580088E-005
   8.3496114707718775E-005
   7.1671107475831984E-005
   7.7486927380221237E-005
   9.1904611926867352E-005
   5.6549699401290636E-005
   7.8313239673729262E-005
   1.2326951947396825E-004
   9.4192481923837190E-005
   1.2382037935212205E-004
   8.7104306409387458E-005
   7.8131827166592438E-005
   6.9159035596991087E-005
   7.7756314310797528E-005
   7.8743539267935402E-005
   9.2749672756691897E-005
   8.0323844829799661E-005
   6.8292699346572382E-005
   8.0391899836434298E-005
   1.1659880716003511E-004
   1.1525243716898896E-004
   8.3211881099942220E-005
   9.7556321463989053E-005
   7.1592510443671423E-005
   9.7977222427068518E-005
   9.4181367972803403E-005
   1.1559458962655504E-004
   6.6858841788449875E-005
   9.6823253709877046E-005
   6.8726172009984997E-005
   7.1682764556388451E-005
   8.6969450703515145E-005
   7.5248459774236338E-005
   7.5847233605491526E-005
   8.1072109417500341E-005
   9.7885125536721848E-005
   1.2483040014248429E-004
   7.3206001337424329E-005
   8.0304262985542166E-005
   7.9637510103760064E-005
   8.4941217439202777E-005
   1.2279165089049707E-004
   6.7163577194642011E-005
   7.8395838244545374E-005
   9.0485277434411733E-005
   8.4153974127911641E-005
   7.5291979312749216E-005
   8.1575322201091305E-005
   6.6222859970944910E-005
   1.1486046999433998E-004
   8.8842576007929302E-005
   6.6122483889294155E-005
   5.6714315445374960E-005
   8.6611205597706829E-005
   7.5377958654284407E-005
   8.5491283829149364E-005
   8.7737054820434342E-005
   1.0119151974781934E-004
   9.2020550869503391E-005
   6.2601724423657027E-005
   7.4210067851137492E-005
   9.0986151517727970E-005
   8.4217909676559730E-005
   9.9253394774247085E-005
   7.5648088776571250E-005
   7.2238320756584822E-005
   6.7686033622865372E-005
   8.8562367628967656E-005
   8.4789061729290127E-005
   1.2589155180503465E-004
   5.7868010296007301E-005
   8.6536849603748587E-005
   9.5408761962422606E-005
   8.9281227107048433E-005
   1.0841411582596286E-004
   6.8096336226225742E-005
   7.2270922857794047E-005
   6.9094427425786984E-005
   6.9981405252342161E-005
   1.4221605393963734E-004
   1.1237146968084128E-004
   9.7775283363065710E-005
   8.4194112025002936E-005
   6.5488554566933737E-005
   9.9096420185740153E-005
   1.1794289454678956E-004
   1.0656264377826296E-004
   7.7153235812242479E-005
   1.0323344481147993E-004
   8.5983520354789998E-005
   7.7402851779786354E-005
   1.1548654204677027E-004
   6.7192340992839166E-005
   7.2194791267016787E-005
   1.0176447989319317E-004
   7.2165837995503688E-005
   7.6185638796859976E-005
   9.9561384027379074E-005
   8.5987440214566909E-005
   8.2618684606733487E-005
   7.0831193305857581E-005
   8.1935542501353228E-005
   7.2706736684534126E-005
   7.0213865411994033E-005
   6.2856005445035952E-005
   5.6821999877389385E-005
   6.6068666577848289E-005
   9.5938972847606959E-005
   8.5978899067353737E-005
   9.4076833884633462E-005
   1.0784196380079059E-004
   9.3629086469468854E-005
   1.2684004992724241E-004
   8.1792411606469170E-005
   1.0033177820318826E-004
   9.0659674596601372E-005
   7.8175150213019760E-005
   8.0028854052548978E-005
   9.6144577708028340E-005
   9.9343925477042686E-005
   6.6180722588859753E-005
   8.4578048424159013E-005
   6.8872684566542505E-005
   6.9696084232114710E-005
   1.4832841367742790E-004
   1.1895790410105656E-004
   7.4299344548276223E-005
   1.1441238424675680E-004
   1.0188598157569321E-004
   8.6145144737833056E-005
   8.9140644282045700E-005
   7.9930815636858633E-005
   5.7956135754398390E-005
   6.0405686870687059E-005
   8.0588840904319777E-005
   9.2853354565262920E-005
   1.0058767795001196E-004
   1.2255284519490679E-004
   1.2084576452891090E-004
   1.1016362275464818E-004
   1.0607753592116138E-004
   1.1783632556415928E-004
   7.1994186650375496E-005
   1.0580217747479238E-004
   8.6241711765700106E-005
   7.8170131263632578E-005
   1.0890441531577081E-004
   9.8367311569431376E-005
   8.6469304255058554E-005
   8.5480605324911128E-005
   8.2560028053887144E-005
   7.4076801288382611E-005
   1.1774491634225331E-004
   8.0508894746655465E-005
   9.4351469303783367E-005
   8.3603091351504315E-005
   7.0428917850726789E-005
   8.0584670114909376E-005
   6.5361390363517959E-005
   6.5087306374171945E-005
   1.1578486400798598E-004
   1.0113844674447500E-004
   1.1980646360248404E-004
   6.5760672417969077E-005
   6.8962807565491090E-005
   9.8375499396607759E-005
   1.0286037981243113E-004
   9.0349176275212551E-005
   5.9926394971259863E-005
   7.6685777167915080E-005
   7.4938530459353844E-005
   9.3574451484700831E-005
   1.0793959437217634E-004
   6.4934349804029207E-005
   1.0219587770074061E-004
   1.0033078148478549E-004
   1.0956497949864383E-004
   1.0232006013675924E-004
   7.0142253742306999E-005
   5.9804405694694275E-005
   9.9091686001346661E-005
   1.0146855677239426E-004
   7.8292606538517262E-005
   1.1638703361095279E-004
   8.8486684277270513E-005
   7.9949308005596413E-005
   7.7911599919788441E-005
   8.9071048104783342E-005
   9.3807484547278052E-005
   8.7546220276303415E-005
   8.3848130085996799E-005
   6.8687360751265450E-005
   6.9813401353453717E-005
   1.0106647207343400E-004
   7.8947683254454264E-005
   8.9160584976560119E-005
   7.8118638567599053E-005
   7.2704217861102680E-005
   7.3110364232495899E-005
   7.1965619441905193E-005
   6.8815519551205847E-005
   7.1468045632023023E-005
   6.7496592023659092E-005
   9.0212107813868100E-005
   1.3308958099295031E-004
   1.0245947827003436E-004
   7.5996752058322446E-005
   7.3333736446779519E-005
   1.0036104554749084E-004
   1.1909266842190152E-004
   8.2755716488951736E-005
   8.6334685670970228E-005
   8.1060544306686257E-005
   8.4049631661542768E-005
   8.6729233287083935E-005
   9.0394048899915993E-005
   9.2985658584442303E-005
   1.0710865038882017E-004
   6.8370761250636147E-005
   5.7554491766618866E-005
   9.5568688466272521E-005
   1.1066921175713087E-004
   5.4191882195824486E-005
   6.3267599420626392E-005
   6.4326126220111667E-005
   1.0425380107857605E-004
   8.3287258685712680E-005
   7.6431759032191308E-005
   9.6553875672395837E-005
   1.2128057622105948E-004
   1.0027959404969712E-004
   8.1983883409701230E-005
   7.9390153933901308E-005
   7.1548620012277224E-005
   1.3101361086830261E-004
   8.7510145828973335E-005
   6.3457085114767162E-005
   1.5207055612791596E-004
   9.7362643890255751E-005
   9.0963593771410718E-005
   1.1570021401288728E-004
   6.7339382429419946E-005
   6.4743461349463501E-005
   6.9186780648790712E-005
   1.1368235413616051E-004
   1.0752478335627222E-004
   9.9287718149873892E-005
   8.2337231679695727E-005
   9.0539986880496128E-005
   1.3560763442013287E-004
   8.9666981923043829E-005
   6.6646746408804717E-005
   9.6947991405053991E-005
   8.9792652124047169E-005
   9.7557113431547536E-005
   6.3414709302944423E-005
   8.1587093039986417E-005
   6.8285176648180405E-005
   6.1613926588726043E-005
   9.6419313872988065E-005
   8.9446446736547884E-005
   1.1929859148382531E-004
   9.8429411072692720E-005
   6.9643279936866219E-005
   6.2178165543834446E-005
   1.0397284235072083E-004
   7.0234279931189156E-005
   7.5436111193129154E-005
   9.0938189671566419E-005
   5.7028409593233655E-005
   1.1332331124452366E-004
   9.6467936767331521E-005
   6.7150417345556652E-005
   8.6976536750737066E-005
   6.3307919630773858E-005
   9.6045055443679669E-005
   1.1352003360169051E-004
   8.4931445342709992E-005
   7.1419398453004710E-005
   7.5959132137715939E-005
   6.6591103268901094E-005
   5.8519770902751309E-005
   9.7064185914124134E-005
   8.0095132869342358E-005
   8.1908425455360750E-005
   8.8485017297745095E-005
   5.9173154075784836E-005
   5.6215884759380048E-005
   7.4983015014487263E-005
   1.2134097960579598E-004
   8.0663644667661129E-005
   1.0606467179094786E-004
   9.2844700673586704E-005
   1.0353435726414660E-004
   7.9790257578783423E-005
   7.4690056970953527E-005
   8.6242729780231531E-005
   9.5705278553644946E-005
   1.2308744810610902E-004
   9.5630546983774576E-005
   5.6403268226511309E-005
   6.6888633105080731E-005
   7.3326711892269169E-005
   7.7744339797127589E-005
   1.0255861153417985E-004
   1.0227091934711887E-004
   1.0044569593548372E-004
   7.6678493916181853E-005
   7.3587568936525101E-005
   8.2275004949160487E-005
   6.6456957468448454E-005
   1.0272809866619460E-004
   8.2943910296868329E-005
   9.2923534504918087E-005
   7.8907193992460857E-005
   8.4491375959656136E-005
   8.0700018020468591E-005
   7.5534109216221799E-005
   7.3548120928160451E-005
   8.4528883532874576E-005
   6.9054027742992453E-005
   1.2502955161977723E-004
   7.2019465358920875E-005
   7.3256106673181523E-005
   9.7187910965461000E-005
   1.1580923632540566E-004
   8.5291054260747961E-005
   7.9283406095543999E-005
   9.5873408867121456E-005
   8.5019694294450539E-005
   8.4285156031599137E-005
   9.7541389300873378E-005
   8.1407874490239813E-005
   8.3241411551434152E-005
   1.4089557200130305E-004
   8.5865869233756593E-005
   7.1905889217841162E-005
   7.9735021198963735E-005
   6.7189560281464964E-005
   7.5149973827170211E-005
   1.0342239914169881E-004
   6.5057407899751706E-005
   7.6763650281158358E-005
   8.3855840475760240E-005
   9.5636927130472848E-005
   8.6319309775762738E-005
   7.8385400279257699E-005
   7.8539976383735650E-005
   6.9199601173613562E-005
   7.7225268841955337E-005
   9.5535876758399171E-005
   7.3240492660055990E-005
   7.5171900095819834E-005
   1.0064685045811800E-004
   8.9428276391472736E-005
   6.3009325819099435E-005
   6.5818598276927795E-005
   1.2040699553364241E-004
   8.1152451072418456E-005
   9.8686804069155452E-005
   7.4131575276398267E-005
   8.4925560815153801E-005
   9.5312070027529536E-005
   6.8960651800465208E-005
   9.3874051564659351E-005
   1.2802207731778912E-004
   5.2906994139547476E-005
   8.8486358542977391E-005
   1.1484454581080928E-004
   7.0749002903782720E-005
   1.0115235611549245E-004
   9.5847602813369241E-005
   8.8763346017735125E-005
   9.9796923457249665E-005
   7.8820116373506745E-005
   8.3132493392010709E-005
   7.6679970959619864E-005
   9.1558739737330385E-005
   1.2073611513641674E-004
   8.5089537474627004E-005
   1.0292375108362228E-004
   7.0262548463342192E-005
   1.4255050659442434E-004
   7.9826479281157287E-005
   9.7093698684637720E-005
   9.9104772273405752E-005
   9.5059720779434604E-005
   6.6652877239686692E-005
   1.0038287096785047E-004
   6.2828586638320389E-005
   7.1125382021037438E-005
   5.9788579381323724E-005
   1.2164018435989049E-004
   1.0009573167143000E-004
   8.5748403351064252E-005
   6.5793260596174182E-005
   1.3428464605786075E-004
   8.4160285923070167E-005
   9.3781342113191619E-005
   9.0542960988928734E-005
   1.1207638306003828E-004
   8.0934431417290396E-005
   1.2018676826305706E-004
   8.6433286086249556E-005
   1.2115875308741507E-004
   8.4359149339177157E-005
   6.4595066131184934E-005
   7.5932400624342786E-005
   7.3918675298333778E-005
   9.7954980137827946E-005
   6.3514131057170449E-005
   5.8980561166985989E-005
   8.1680996434012684E-005
   1.8849254753096201E-004
   9.5127324736715124E-005
   1.0574795247812178E-004
   7.6422341393832618E-005
   9.1522594171840170E-005
   8.2030528522448367E-005
   8.6817920363453519E-005
   6.9930427352880950E-005
   7.7624587923286539E-005
   7.9543085569712442E-005
   6.9684732091251532E-005
   7.4875592950043182E-005
   5.0315338783245945E-005
   5.8923322709613702E-005
   1.0112683659373233E-004
   7.7325142882118879E-005
   9.0030339350778723E-005
   7.4600431388412036E-005
   9.0735996875145085E-005
   9.3722126739195698E-005
   9.6363741009599058E-005
   6.7986964090973378E-005
   6.3156794602182924E-005
   1.1332688629146496E-004
   6.1273345138161317E-005
   6.7021693142347332E-005
   6.7948936844222269E-005
   6.7633651935080025E-005
   8.2923014190639595E-005
   6.9371725258312686E-005
   1.0891427743101841E-004
   1.1756344223111864E-004
   8.8239763104501620E-005
   7.8191241866169898E-005
   6.4545434298939205E-005
   8.1665040086667694E-005
   8.8470051267126895E-005
   9.7983541844544046E-005
   9.2422325209820991E-005
   1.0290839447606116E-004
   8.1514544509279333E-005
   6.0423910674931400E-005
   8.0028463479809274E-005
   9.6914163546319934E-005
   7.3225444969815935E-005
   7.3825855705164406E-005
   7.7072723647602178E-005
   1.3254056264557683E-004
   6.8691252329297156E-005
   8.1815915154672992E-005
   7.8640591704002912E-005
   8.7620865168487665E-005
   7.8688019021809589E-005
   7.8985984987643468E-005
   8.6776393962241380E-005
   7.9521980750360481E-005
   7.6909990188408337E-005
   8.3078336682683001E-005
   8.4880128751727731E-005
   1.0241297337239126E-004
   8.4147522857367732E-005
   1.3666127023127868E-004
   1.3752490409637820E-004
   5.6498121249822906E-005
   8.7129139536099091E-005
   8.6121348160559801E-005
   6.9149657335848932E-005
   9.5151894311204516E-005
   1.0305834382206560E-004
   6.2991716194068305E-005
   5.8131991347397669E-005
   8.2203502188908038E-005
   8.4429312369962213E-005
   5.8898527968415038E-005
   1.0904961171225341E-004
   6.8970193819052373E-005
   7.6477186854542222E-005
   6.9743169673929718E-005
   7.6483053350754132E-005
   8.4048497926977542E-005
   1.4367503714319714E-004
   1.0070578185695615E-004
   1.1318327061737302E-004
   1.2959961499296491E-004
   1.3126232898347896E-004
   1.0219593357254949E-004
   7.5147117827593444E-005
   5.7026647118953420E-005
   6.2346060218369437E-005
   7.2764500637670436E-005
   8.1816058827243089E-005
   6.1637270755696610E-005
   8.1730845620051052E-005
   1.0039839857351502E-004
   7.2170791044355096E-005
   7.8953191850550096E-005
   7.2295199355503159E-005
   8.9648346140771447E-005
   8.0956523820276396E-005
   9.3818577779420894E-005
   9.6318098174257212E-005
   4.5968692346475646E-005
   9.7652074674176666E-005
   8.4402411146551371E-005
   8.5595842241746760E-005
   7.2158606991027573E-005
   6.4277181466862731E-005
   7.9841360894887539E-005
   7.9240226215119560E-005
   1.0361156403397225E-004
   5.0786193937366496E-005
   5.7440481675735694E-005
   1.0553468263187534E-004
   8.2761822789953455E-005
   5.6889496904887412E-005
   9.3108952534796905E-005
   7.8073603978443914E-005
   8.2568019501807219E-005
   1.3328913869104498E-004
   8.8401844330624754E-005
   6.4394820485522060E-005
   1.0009496789590055E-004
   7.0405241360325078E-005
   9.3914895501209084E-005
   7.1224710764586504E-005
   8.4083383203179408E-005
   1.1468390416687551E-004
   1.1835451256412790E-004
   1.2352357773153116E-004
   6.3551936620184204E-005
   6.6707980843112917E-005
   8.0508553870197342E-005
   9.1683651648306452E-005
   1.1237708244042865E-004
   7.0092530556468068E-005
   1.2945981746778341E-004
   8.3722784980272118E-005
   7.0358152451155913E-005
   1.1937557750996485E-004
   1.0510348053666614E-004
   6.2691889743919207E-005
   6.4311028873782747E-005
   8.0363790187096883E-005
   6.9068672789173206E-005
   1.2227140424663226E-004
   7.1928134699255351E-005
   7.7874549346351361E-005
   7.3485961895736380E-005
   7.9081590427006667E-005
   8.5257862786060587E-005
   7.2706466464152899E-005
   7.2546780296440518E-005
   7.3808635138464007E-005
   1.0575722282786687E-004
   7.6149165952499605E-005
   7.3208318048920636E-005
   6.0647730137615513E-005
   5.9999278769881480E-005
   1.2932696115485476E-004
   7.9183013757477366E-005
   7.0546407169116117E-005
   9.1798485616032837E-005
   8.2633331438412163E-005
   8.5759133887780342E-005
   8.5983841878910884E-005
   6.4602336958264543E-005
   6.1940422018097463E-005
   8.5788514685077299E-005
   6.7349216118642413E-005
   8.6705018200041047E-005
   7.1903916064378141E-005
   9.2662382682480825E-005
   6.9597502755966488E-005
   8.5760278641293394E-005
   9.6569040482814207E-005
   6.9692493675037532E-005
   8.9624357210789886E-005
   8.1002062689622815E-005
   1.0952523449801286E-004
   7.7225814810594342E-005
   8.2124610457341525E-005
   9.7307648499687580E-005
   8.6041192052588837E-005
   8.2792242681721984E-005
   8.6044336524557886E-005
   9.0868071637556182E-005
   8.1522419788186508E-005
   8.5948773243805490E-005
   7.6043373749142587E-005
   1.0866939455404835E-004
   5.4987907034593857E-005
   1.1931271072335557E-004
   6.2031931004449508E-005
   1.3673625929548015E-004
   8.2089043919366414E-005
   1.0110277153381201E-004
   9.2336840857183054E-005
   8.7697154203326998E-005
   7.4372616823986418E-005
   8.2207008819117983E-005
   1.1082483126797281E-004
   9.8024615698522191E-005
   8.3305097121592076E-005
   1.0684168632543800E-004
   6.8418129656804073E-005
   8.8486113896692268E-005
   9.8091489528932384E-005
   8.0440568188226431E-005
   1.0042116266881766E-004
   5.8359502388490246E-005
   6.0748617539702861E-005
   8.1859774421376761E-005
   1.1852233371265719E-004
   7.7788326796962166E-005
   7.5135117044202026E-005
   9.7078138770356596E-005
   8.3773655722135023E-005
   8.8034921118803090E-005
   1.1106085877653137E-004
   1.1468206280486357E-004
   7.6906630743530443E-005
   7.9776891126353809E-005
   1.1247191577634313E-004
   7.8139913065819694E-005
   7.4287615507532084E-005
   6.0293994926501158E-005
   9.1662363933057658E-005
   5.7449515029923533E-005
   7.9832789501171610E-005
   8.1437249017380785E-005
   9.5497302656652314E-005
   1.0556092978982909E-004
   8.8055899384278176E-005
   1.0183800361943088E-004
   8.4025779090682819E-005
   9.5518792499503077E-005
   1.1178129872707710E-004
   9.2960436338496182E-005
   1.1091135598618867E-004
   7.1206409330402224E-005
   8.9341091927581484E-005
   7.9199816142397179E-005
   6.3303323549181154E-005
   9.7536054076052321E-005
   1.0535587097071009E-004
   6.8015665995495859E-005
   7.9078806147613891E-005
   1.1804211119102090E-004
   8.0886307771050694E-005
   8.0677246656676150E-005
   9.8736657510906762E-005
   6.5346453983239518E-005
   6.6507265462404722E-005
   6.3625282819228813E-005
   7.6578839649750022E-005
   9.7231763050650922E-005
   7.9749749676429535E-005
   1.1220525623393874E-004
   5.2738407910826260E-005
   7.6211733127521872E-005
   8.9390056516575839E-005
   1.3248471859480420E-004
   9.7225606690564436E-005
   6.5959825576687034E-005
   1.0414371492883252E-004
   8.6746948440947767E-005
   1.0325668023103021E-004
   8.9636086606103250E-005
   6.7271192677796786E-005
   1.2599963492393278E-004
   9.6951963833809314E-005
   1.4451546266289794E-004
   8.4105322316612103E-005
   8.9253132784390560E-005
   6.2958739131116286E-005
   7.4924537804810359E-005
   7.1182730601277756E-005
   8.4162949590779176E-005
   5.7262570719635425E-005
   1.2611304626484191E-004
   1.0484270936266515E-004
   5.9070082630541890E-005
   7.8157316041888898E-005
   5.9131351502222227E-005
   8.2667983279910280E-005
   1.2378668486744980E-004
   6.3599261977830162E-005
   5.8439072424550773E-005
   7.6506695513081226E-005
   8.2322703528603337E-005
   1.0163691116642581E-004
   9.8477193423459554E-005
   7.5207823681876760E-005
   6.7874328759656103E-005
   7.3707148881124948E-005
   9.5536646520369198E-005
   1.1810612908262497E-004
   1.0659357629868408E-004
   9.8038329821182205E-005
   9.8536304242059043E-005
   8.6360357343648317E-005
   8.8904705783071717E-005
   8.6422725427300946E-005
   9.7827722513058399E-005
   7.7853228180142426E-005
   8.0760407314913290E-005
   8.5016220074707251E-005
   9.8145029040586155E-005
   1.1456350970417446E-004
   6.8758360982353921E-005
   6.8319212414896634E-005
   8.4496295892882338E-005
   9.1546292380925630E-005
   7.6746876371120177E-005
   6.4496897098266780E-005
   1.0739141209130466E-004
   6.2305103724323720E-005
   8.4734501121841728E-005
   1.0237110278975033E-004
   1.4412540685632261E-004
   1.0078220204889848E-004
   8.7249722785728991E-005
   6.0564478815708387E-005
   9.0871350842422786E-005
   8.8483922030574815E-005
   8.4748444418381689E-005
   7.3224509600576312E-005
   8.1229727944009383E-005
   8.9971634302996205E-005
   8.0897045625350850E-005
   7.6804069785879649E-005
   9.6028357668040390E-005
   9.1493404309406958E-005
   8.8264888879031070E-005
   8.2755247636061508E-005
   1.0056057911841052E-004
   8.4522049069881040E-005
   7.6827121710162214E-005
   1.0085425246321558E-004
   8.0955339750465568E-005
   9.4699908165248376E-005
   1.0458397629169587E-004
   7.3364298668916839E-005
   1.0077709954754942E-004
   8.9670701809664325E-005
   7.2034996823382798E-005
   1.1574207219390339E-004
   9.9472236720767079E-005
   9.3174296679858089E-005
   8.2111555708166902E-005
   9.5368726571099129E-005
   9.2085113101313224E-005
   1.0378428305991143E-004
   6.6053231771515106E-005
   5.4666916749326125E-005
   8.3422142482769779E-005
   7.6568572600095082E-005
   9.1887748772582250E-005
   7.4673368565373867E-005
   7.5348333311620909E-005
   6.5396637130455906E-005
   6.0277863994709618E-005
   9.2098921437870759E-005
   1.1530585700481597E-004
   7.3313576387226814E-005
   6.9641759536771252E-005
   6.9481058580912061E-005
   7.8356589036799622E-005
   6.5530896313460143E-005
   1.0599771983837223E-004
   1.1810893287533533E-004
   6.8008859390759514E-005
   6.6894038352622836E-005
   8.6751761020477616E-005
   7.7018612753757673E-005
   1.0107906877412813E-004
   1.0515102001318078E-004
   1.1697163879477783E-004
   6.7563778330527257E-005
   8.6891137334272364E-005
   7.5321191717946592E-005
   1.0379049543129349E-004
   8.3538953180906219E-005
   8.7603426081706492E-005
   8.1544167659330745E-005
   9.0096171931764493E-005
   6.8479523620526474E-005
   7.0999022145784381E-005
   1.5761059948677278E-004
   9.4198627903052695E-005
   8.9472460502971489E-005
   1.5148105737497708E-004
   8.5175419529643254E-005
   6.6801582767163587E-005
   7.8230980587552890E-005
   7.6131085040235792E-005
   6.4727122601994074E-005
   6.5716004401044110E-005
   9.1842352796481257E-005
   6.8062161641042714E-005
   6.7798361683257227E-005
   6.6296647824017131E-005
   6.9818974999778601E-005
   1.3977059835837771E-004
   7.3315989844136126E-005
   6.3429962210124273E-005
   9.7026045537294952E-005
   7.4779569731973659E-005
   9.4675265723546137E-005
   9.2377711572436472E-005
   1.1459829612637908E-004
   1.0036195079386725E-004
   7.1945719248680068E-005
   7.4598439788939349E-005
   9.5501299254842985E-005
   7.1141935932122617E-005
   7.3555178867507594E-005
   1.0483821193914153E-004
   7.5997072864010965E-005
   6.3364305053062128E-005
   8.5254402266583603E-005
   8.5616147642838169E-005
   6.3926589510578222E-005
   9.4055096437736669E-005
   1.2743032609632691E-004
   6.8935387488209030E-005
   6.6933775068757335E-005
   7.9452798923215098E-005
   1.3103341151190188E-004
   8.2485377318722308E-005
   1.1616112336543911E-004
   9.2435791675764677E-005
   1.2645666899230629E-004
   9.9037302506415568E-005
   7.1795609595209434E-005
   9.3326356060963842E-005
   7.3865230984495594E-005
   1.0542548299452238E-004
   9.6040996710717021E-005
   1.0026677105886769E-004
   1.2613581598282375E-004
   6.7311181464408163E-005
   1.0436004999997456E-004
   7.5323827563278861E-005
   6.2604974250897444E-005
   8.5431686694600829E-005
   8.1531978132976161E-005
   5.9767723805531128E-005
   6.6466403081908709E-005
   6.7282730484609159E-005
   7.8172450783173941E-005
   8.9911608391378550E-005
   7.4598179052614254E-005
   9.3258904473919244E-005
   9.0275189414551710E-005
   6.5330559705179501E-005
   9.0132949252370864E-005
   6.5074046728512438E-005
   1.5567630830342420E-004
   7.0259715545678271E-005
   8.6085602642692544E-005
   1.1766136303570956E-004
   7.3423494999605383E-005
   8.7674611430309799E-005
   9.4801081694823638E-005
   6.5570512174980078E-005
   7.8244073613110756E-005
   9.0812466289215719E-005
   8.7427109887627048E-005
   7.3614826423528898E-005
   9.8880022021800875E-005
   8.4866759450862288E-005
   1.0213506546542755E-004
   9.4221863076686432E-005
   9.7516307636121716E-005
   8.2530538643952383E-005
   6.6309870329651438E-005
   7.9158658477650014E-005
   6.3899669789207041E-005
   5.5010928436888680E-005
   6.2648751010072111E-005
   7.4836175942134871E-005
   1.1273610294243223E-004
   7.3493492857770799E-005
   6.3656075923283829E-005
   1.2495654398638969E-004
   8.6989269762207503E-005
   1.3547507565707956E-004
   8.9961027444539779E-005
   8.2092048586094755E-005
   1.1725009011263062E-004
   8.7755557540534888E-005
   1.1129105304679126E-004
   8.0185745921049759E-005
   8.4002081961287651E-005
   6.8779666127135534E-005
   1.0779582065102961E-004
   1.0228163824416861E-004
   7.6359914614873074E-005
   7.9812764368264620E-005
   9.5975552312475786E-005
   6.5481032370377339E-005
   7.0355186110475988E-005
   7.0212535508315681E-005
   8.9393583694408687E-005
   1.2603854104353002E-004
   9.3454706882884343E-005
   6.8708922720212256E-005
   8.3883771073637201E-005
   8.4623993604767954E-005
   5.9233770682779401E-005
   7.7342240507417780E-005
   1.0423644478892045E-004
   5.7423393196053999E-005
   8.2349349425512648E-005
   8.1485629722080697E-005
   8.8010172965311960E-005
   1.0408678941480106E-004
   8.3413027207050275E-005
   7.2856865722671510E-005
   6.3724288166389597E-005
   8.3078565740514392E-005
   7.6088304591796508E-005
   1.0539177493710690E-004
   8.0357640792691644E-005
   7.4682012211254185E-005
   7.6469636548081514E-005
   9.3382355562869317E-005
   8.7043866668232148E-005
   8.9192594240884062E-005
   1.0401805992480281E-004
   9.4241687519952544E-005
   1.3547463555973373E-004
   6.5968544003687111E-005
   7.2609490748088280E-005
   7.8823083694254544E-005
   1.1088423518901908E-004
   6.8042708687017649E-005
   7.7192995444377063E-005
   8.4920359793695820E-005
   1.1488908003424393E-004
   7.9533595330979432E-005
   1.2057282059818171E-004
   9.3710509687483729E-005
   7.5111887200575680E-005
   8.9120097664202369E-005
   8.2581232754794592E-005
   9.0328580297446685E-005
   1.1159605666814056E-004
   7.9727562940115575E-005
   6.6001245259420731E-005
   1.0688293656575249E-004
   8.2777182166473214E-005
   8.0898358689083491E-005
   1.0168711291229715E-004
   8.3977374132964544E-005
   1.0669663734306715E-004
   8.0292210350557458E-005
   8.3791773664242735E-005
   6.2477616092649423E-005
   8.0114561977259201E-005
   8.8725939540445730E-005
   7.0155258604108039E-005
   8.7146557715960188E-005
   8.6740361427970560E-005
   1.2191458930286623E-004
   1.0421920946102757E-004
   1.0272387491363561E-004
   6.4426555846484762E-005
   8.4996822856789743E-005
   5.9306619997009710E-005
   6.3270931908609738E-005
   8.6489543770188848E-005
   5.3539551827727444E-005
   9.3409650350419337E-005
   8.1216551959465035E-005
   8.6529699452668620E-005
   9.9488208461780952E-005
   1.0136117557110810E-004
   8.6392539025215476E-005
   8.4930070341160537E-005
   9.2948066639401589E-005
   6.4279806547833633E-005
   7.0149792396347006E-005
   1.2876287686671735E-004
   5.8077900948230164E-005
   7.9448102403175257E-005
   6.5111137459409639E-005
   1.0218364331397736E-004
   7.4909500407855083E-005
   8.1171624806439265E-005
   8.0421124387983862E-005
   6.1533748263546700E-005
   9.6768379878191558E-005
   8.1586909618825738E-005
   6.4086666834683848E-005
   8.0925200387633992E-005
   8.5809983435463901E-005
   1.0677325653411882E-004
   7.7722525332798664E-005
   1.0539063795357871E-004
   8.5772077804718266E-005
   8.6658627547576969E-005
   6.5872081941507950E-005
   1.2138692342253900E-004
   1.1128050972715188E-004
   7.9203392841390582E-005
   7.8844253887585075E-005
   1.5870276594366365E-004
   5.5390664414493207E-005
   1.2882831150038012E-004
   6.2122273858889748E-005
   8.5040163684881037E-005
   6.8237646098957664E-005
   6.4914538921250151E-005
   9.6197020111354179E-005
   1.0247047350533043E-004
   5.6659167325368629E-005
   1.0386639462860938E-004
   8.8868086816127072E-005
   8.2382975160326375E-005
   7.1181458540305317E-005
   9.0742986880602391E-005
   1.1236037523761388E-004
   1.0693880647163847E-004
   8.9490639385927286E-005
   1.0037441604168808E-004
   9.0192928580664719E-005
   1.0239752954066134E-004
   1.0346845025802569E-004
   7.4200583271983922E-005
   6.9280808929314742E-005
   8.5482086043320966E-005
   9.5907115166079637E-005
   9.4248538578114204E-005
   9.1815270066696817E-005
   1.2387020593858364E-004
   8.9623259808755922E-005
   1.1499769515068343E-004
   8.1626110868858481E-005
   6.9826710531737781E-005
   7.8437597346400827E-005
   7.9760616656499839E-005
   7.3859423208929420E-005
   1.3567715831912014E-004
   7.2680411312116909E-005
   7.6103544779573706E-005
   7.3860240081815513E-005
   7.2724271922558421E-005
   8.7801682376164209E-005
   9.5031716864739816E-005
   5.6799838648519943E-005
   7.0037518222974211E-005
   9.5796480456654742E-005
   8.5732322637123952E-005
   7.9228552060990924E-005
   8.2961572555106293E-005
   8.4084271127437386E-005
   7.4686377039680194E-005
   9.2524024640316762E-005
   8.5782152081972707E-005
   1.0441533137530991E-004
   8.8780371392197121E-005
   7.1952711347635532E-005
   6.5187371216837513E-005
   7.9148168886316819E-005
   8.3380267922239547E-005
   9.4439059035610488E-005
   9.4102906505228441E-005
   1.2676911758918006E-004
   8.5944569486931085E-005
   8.4252960311286619E-005
   1.0397630657069501E-004
   9.0413490158432780E-005
   1.1338217336881198E-004
   1.0246354882147948E-004
   6.5692016982743872E-005
   9.3076854880049482E-005
   1.0458203912540543E-004
   7.9895291723644705E-005
   1.0306425750552351E-004
   6.3827721309477002E-005
   7.3012255759901103E-005
   8.1483180648367920E-005
   1.0711000659216687E-004
   9.1720734276446052E-005
   7.2876297410339559E-005
   8.7297987544269776E-005
   9.1866992972639610E-005
   8.3983464482679097E-005
   8.7751279334563097E-005
   7.4003228581285020E-005
   9.8202968531696514E-005
   6.6714458573178195E-005
   7.3675895210955741E-005
   1.1606174282302546E-004
   1.1825410469093138E-004
   1.1464424173740441E-004
   1.0993870070480584E-004
   1.0636763905212513E-004
   9.6852538194832030E-005
   7.2056409460399996E-005
   1.1785109123394925E-004
   1.0073241664678121E-004
   9.1559790940337838E-005
   6.3154368526013686E-005
   7.3837396231844188E-005
   7.2666579080797960E-005
   1.0791155259898467E-004
   1.0037089570926974E-004
   8.2691300159406483E-005
   8.3206606968787124E-005
   6.4738381435749986E-005
   7.8149603170818318E-005
   9.9214544558698362E-005
   8.6303928676404078E-005
   9.3801463695008245E-005
   9.4329166401906520E-005
   7.2999058994953993E-005
   1.1599498314169433E-004
   9.1498457534051536E-005
   9.7964436264773872E-005
   1.1111007741600291E-004
   7.9468535395158728E-005
   7.3160971862118760E-005
   1.2106486025304076E-004
   8.1132226731833932E-005
   9.1088831345700674E-005
   9.3404442927122634E-005
   1.0285155311964784E-004
   5.5543883405918025E-005
   9.8634168411021949E-005
   8.4513091910016648E-005
   8.2931116764595425E-005
   7.8808188109106615E-005
   1.0487646629443797E-004
   8.7247893326004112E-005
   9.2913934660107905E-005
   8.3347865269664499E-005
   9.1798776098476424E-005
   9.0199648833551240E-005
   1.3394317197749748E-004
   8.2153608444360864E-005
   9.8692529093317007E-005
   7.5619314374050320E-005
   1.0703320412936164E-004
   8.8471714792550440E-005
   8.7941876240807062E-005
   7.6070513916771208E-005
   7.0880872022045785E-005
   1.3118567210773427E-004
   8.2513581674452705E-005
   8.4082218629337452E-005
   1.1324339958843848E-004
   6.0164442611045615E-005
   8.3299384549253650E-005
   8.3174643190832328E-005
   7.5852115817717685E-005
   9.4329119687063182E-005
   1.4030612529179594E-004
   8.0587167495044059E-005
   7.9010447355350616E-005
   6.7873953252167637E-005
   1.1081010474234189E-004
   1.0397453890830456E-004
   9.2025223792846329E-005
   9.4556155514569600E-005
   7.5376340715247795E-005
   8.6005825253819844E-005
   6.1364870812377886E-005
   8.0402730201441407E-005
   5.6249073254482283E-005
   1.0075878715925161E-004
   8.6372487343577785E-005
   6.3511652851747240E-005
   1.5032623377555555E-004
   8.4573483841880195E-005
   9.7097339323426815E-005
   1.0492354132650845E-004
   1.0521196276208027E-004
   1.2279980175019563E-004
   1.1591004922037183E-004
   9.0534268009176034E-005
   7.8460562582493765E-005
   7.2868107867984504E-005
   1.0745100799908360E-004
   9.1655661531496292E-005
   1.0496350593453400E-004
   9.3009135347309197E-005
   8.3993077840430384E-005
   8.5446301752876004E-005
   5.0556353427293320E-005
   8.4499970508653617E-005
   1.0167210065273568E-004
   5.7822015359312248E-005
   8.2528376038008694E-005
   8.1353404603053933E-005
   8.5293463490807025E-005
   1.1212429001761954E-004
   8.4869792791248153E-005
   8.8393923388024415E-005
   1.3338145225457127E-004
   9.5321539285285893E-005
   9.8754995110310014E-005
   1.2501261056197709E-004
   9.6296067361472656E-005
   7.1937189723921319E-005
   6.9903110173605832E-005
   8.3121981586924487E-005
   6.4478715468268305E-005
   5.5420157711926168E-005
   9.8127520646522224E-005
   8.1909546777260178E-005
   9.5788039185875775E-005
   7.7748331744180901E-005
   8.8019033403521809E-005
   7.0708522301928258E-005
   6.5860193586362567E-005
   6.8078049489200045E-005
   8.1852446917608798E-005
   1.0144295086371293E-004
   1.6622010741612980E-004
   9.9540431018249668E-005
   9.4779181347574593E-005
   9.9003984378523600E-005
   6.6357661949294384E-005
   1.1198172541663334E-004
   8.2095318120781188E-005
   7.7975798101617331E-005
   8.6841564532940066E-005
   5.9710976675099224E-005
   7.2259717558760661E-005
   9.8453622530507315E-005
   5.5870676967727256E-005
   5.9133385973881245E-005
   7.7375511568292634E-005
   7.2742448128730510E-005
   8.7074270358891673E-005
   8.9168281171001003E-005
   1.2570530697501053E-004
   8.9517738758804527E-005
   6.7782622728079520E-005
   6.0292745299378262E-005
   7.2593641059686239E-005
   9.1186984011461890E-005
   8.5368530455067946E-005
   8.9140519861622910E-005
   1.0582572192025838E-004
   1.1411817564946838E-004
   8.5992102142837956E-005
   8.5345379118688866E-005
   9.0439310716569342E-005
   7.8564096302695123E-005
   7.2971875400915077E-005
   7.9507435742251481E-005
   8.4160362748090565E-005
   7.3315511110070376E-005
   7.2965973627784451E-005
   7.5515763132929717E-005
   5.5849845641002867E-005
   6.9898869136911937E-005
   6.4385038491022057E-005
   6.1898615902428609E-005
   1.0118028706866654E-004
   1.0056139414272668E-004
   8.0436023466833566E-005
   9.2166983161707277E-005
   9.5288343760952497E-005
   8.9513951608858927E-005
   6.9556077961219074E-005
   8.9902986598647283E-005
   9.2633003425128920E-005
   1.2008062745560973E-004
   1.1683771002270798E-004
   7.1164950772159826E-005
   8.0671132225701607E-005
   1.0847707091910488E-004
   6.1877736322532912E-005
   9.6980409197669994E-005
   9.3728987962484576E-005
   6.6963791182620723E-005
   1.0006538832761363E-004
   7.9568454677753978E-005
   8.5741537974870101E-005
   1.2949636171767588E-004
   1.0132124193313074E-004
   8.2174806381692082E-005
   7.9209998190811197E-005
   7.5945678298481732E-005
   6.9185970440839350E-005
   1.0537908204065123E-004
   1.1232553257926016E-004
   7.6199702363078119E-005
   1.0690544359568454E-004
   1.0797497823767716E-004
   7.3408709679840541E-005
   7.4141193616001955E-005
   1.1049709377859323E-004
   8.3367303993411203E-005
   1.5016299057754850E-004
   5.7514192318032632E-005
   6.8122825060525701E-005
   7.6636694549175053E-005
   7.0171677060672829E-005
   8.2652363833400237E-005
   8.6782553679057013E-005
   1.0047821348642981E-004
   7.2054111419934936E-005
   8.6399645915456562E-005
   1.1361124715304578E-004
   1.3519190346342788E-004
   1.1048619218339412E-004
   8.9910069040088003E-005
   8.4198284752821077E-005
   9.8498176686087803E-005
   6.4103609901967979E-005
   8.5102691025131416E-005
   9.6912497872297205E-005
   6.7540930990805885E-005
   8.4469739834960663E-005
   9.4917119381819981E-005
   1.1066377251536294E-004
   7.8594340330477409E-005
   6.9431700555950984E-005
   9.8312566688491979E-005
   6.8436136832830487E-005
   1.0307345588251245E-004
   9.2053464329932015E-005
   8.7710630523729405E-005
   6.4990102049702374E-005
   1.5262964948045069E-004
   8.3662386162768713E-005
   7.5208685584799586E-005
   8.8598614401785803E-005
   9.8065486240068910E-005
   8.2396041944846063E-005
   9.0871682123886378E-005
   6.9806215592544565E-005
   7.7773613417155086E-005
   9.5798337081260182E-005
   6.3139869407451000E-005
   9.5977440694447656E-005
   1.6689888334908977E-004
   7.0669754444347514E-005
   8.4069845901034559E-005
   7.9249465544734435E-005
   1.0063001790835540E-004
   1.1152531908058068E-004
   7.4316499937893422E-005
   9.3827998763719943E-005
   9.1212159644669534E-005
   1.1602780700313959E-004
   6.5508674640716173E-005
   7.3773792159353873E-005
   8.1382255172348245E-005
   1.0061497010055805E-004
   7.9016327506137746E-005
   7.6380596433659118E-005
   7.0731722003477767E-005
   6.7426395772244338E-005
   7.1497512641699229E-005
   8.5167539817202650E-005
   8.3336654144097860E-005
   1.1745962007215049E-004
   7.5091632254280496E-005
   1.0761048108257147E-004
   1.0858450723788763E-004
   7.8659562503470256E-005
   1.2610460535084599E-004
   7.7091824903343032E-005
   5.9286357283800460E-005
   9.3179536051061704E-005
   9.2366276493616037E-005
   9.2241781329326704E-005
   1.1085529415868612E-004
   5.9160365493940495E-005
   9.4649237077237475E-005
   7.2730311298625363E-005
   7.7633322332204053E-005
   6.0590968635636762E-005
   9.4533522686487311E-005
   8.1128844888865630E-005
   7.5256746411233344E-005
   7.2488510164937342E-005
   4.8137719275620161E-005
   5.7724917823846999E-005
   7.9449750729769682E-005
   8.8747491896765706E-005
   8.2662755303398536E-005
   8.9517488711735296E-005
   8.6783908545327472E-005
   6.5923246923580092E-005
   8.3870680769554141E-005
   6.3538264066384577E-005
   6.7920684620776574E-005
   1.3561742289645707E-004
   8.3963529145815918E-005
   1.0885272991061137E-004
   1.0320721461757850E-004
   9.2344977197613052E-005
   9.9690035967943131E-005
   9.5178334815819074E-005
   6.5085619185690613E-005
   9.9670597832042699E-005
   7.5515474877789379E-005
   1.0238981501097119E-004
   1.0369560965768956E-004
   9.3680958302120123E-005
   9.2118059946202490E-005
   9.4089439188259490E-005
   7.6406422846203337E-005
   9.3731013399403915E-005
   1.2047105427792346E-004
   7.0072271591472174E-005
   7.6689975197656850E-005
   1.0682207410976359E-004
   7.2373251299213216E-005
   5.9282491459383639E-005
   6.0279265996395012E-005
   9.2789804911178571E-005
   7.8576489109428090E-005
   1.1292901613304210E-004
   1.1260967468900385E-004
   7.9542440959628815E-005
   1.0250694094344254E-004
   1.0388624660800454E-004
   9.3775597119811607E-005
   8.1243241721578905E-005
   5.6600054749356477E-005
   9.8149700817237452E-005
   1.1378747970532882E-004
   7.3945055485204238E-005
   5.9000337587777032E-005
   7.2905050371627761E-005
   1.0386320652079346E-004
   8.3950093906765970E-005
   9.7959274458721743E-005
   7.8223824309129309E-005
   9.6349977027755394E-005
   8.9845191104819853E-005
   7.6371467578923989E-005
   6.1885001321850935E-005
   7.2204026290247271E-005
   6.9831985039605943E-005
   7.2899599408283365E-005
   6.5420171317272360E-005
   1.0459997675616002E-004
   7.9828786138762170E-005
   8.6426226852138395E-005
   8.4412017092540929E-005
   1.0247805868705758E-004
   1.1142968192186982E-004
   8.2525467628178015E-005
   9.4516239322716390E-005
   8.0571389368315800E-005
   7.0863775370941622E-005
   7.4733114132076664E-005
   1.2923994158817311E-004
   8.9071886369696161E-005
   8.9194247118103622E-005
   9.3134915907774367E-005
   9.8605661144382536E-005
   9.0266104475683143E-005
   7.6052519401827778E-005
   8.2308922620956453E-005
   7.6875494794526760E-005
   1.0824290267019368E-004
   8.0991361963698121E-005
   7.4293553943970394E-005
   9.5770330251568672E-005
   8.7262405139393177E-005
   6.4240179022190133E-005
   7.4665785872994478E-005
   7.3041341472479288E-005
   8.9371071499209651E-005
   1.1387806850749441E-004
   9.1144644511788184E-005
   8.0311689305115981E-005
   7.8426588275172754E-005
   8.8170332803675641E-005
   5.8794017509275476E-005
   8.5464911953834192E-005
   1.0061427729556288E-004
   6.9438834332268063E-005
   5.4968985667983085E-005
   8.7621917825758951E-005
   1.0462480760723531E-004
   8.6680700641586175E-005
   6.7457186903500043E-005
   8.1535719200782124E-005
   7.2999393481699640E-005
   6.0056839775771107E-005
   5.8373512834296539E-005
   9.9084598348143807E-005
   6.9578437663996953E-005
   6.0117892150774074E-005
   7.9873873337404184E-005
   1.2840718163307501E-004
   7.5810268206846768E-005
   6.4719202213005849E-005
   1.0134562342869598E-004
   8.6996995601983375E-005
   1.2780205359700541E-004
   7.6339753650843585E-005
   9.5388062341835228E-005
   9.5800293300870635E-005
   8.7567750706998203E-005
   9.8062331382077985E-005
   7.4655156990469624E-005
   8.6212075689575857E-005
   6.8172569934890281E-005
   7.0369529885973522E-005
   9.4967782775046849E-005
   9.3847766397773353E-005
   7.3898688188022929E-005
   1.2195408288750802E-004
   1.1538106026620611E-004
   9.1901103947045903E-005
   8.9494402137999313E-005
   8.2428332041450220E-005
   1.2892952891614914E-004
   7.2894171194479217E-005
   9.3654291392641551E-005
   7.6518062366662549E-005
   9.7962757947423366E-005
   1.1046019307829814E-004
   7.8761935563817037E-005
   8.0190558366501720E-005
   8.9934932626795558E-005
   1.0249233483345929E-004
   1.3281473412969947E-004
   1.0007508979007325E-004
   7.0775707461221860E-005
   7.5051630299621968E-005
   6.4128989190344185E-005
   9.5515322376818568E-005
   7.0824961547424662E-005
   7.9887363831276849E-005
   1.0369659538630572E-004
   7.6405813419834471E-005
   1.0799754350280227E-004
   7.9113405594352198E-005
   1.0992993956101803E-004
   7.4100703198936335E-005
   6.3497574913131091E-005
   5.0737447625074613E-005
   5.4178966202028631E-005
   1.0326788241154300E-004
   1.1338448834710797E-004
   8.5656118690675446E-005
   6.2879252268238978E-005
   6.6915703889342773E-005
   6.4014310108814984E-005
   8.7860326941573318E-005
   8.1940890516551075E-005
   5.2541058225126242E-005
   1.5413379898119618E-004
   6.6372113928499400E-005
   6.9409149576082029E-005
   9.3071981201533371E-005
   7.8823520394211502E-005
   8.3897789576578449E-005
   5.7291813132824573E-005
   6.1032553237261884E-005
   7.5232016038370150E-005
   8.3699158956472103E-005
   6.7669963833026430E-005
   9.2788973690974874E-005
   8.4480436243494756E-005
   1.1408433097714927E-004
   6.9089982991022323E-005
   9.0010856816520986E-005
   8.0564531494270141E-005
   8.9577654511334643E-005
   8.2058158655373649E-005
   8.1631764317634822E-005
   8.4911979598799783E-005
   9.4977560566536788E-005
   8.0963928629893702E-005
   8.3270220202389018E-005
   1.0824713769775192E-004
   1.0564133112093024E-004
   9.7913311060396227E-005
   8.5838284343696335E-005
   6.6319087181864470E-005
   8.2591432478027046E-005
   1.4053151738560734E-004
   1.1278648805372925E-004
   1.2374659642062238E-004
   9.9718852511738350E-005
   8.2206962468416752E-005
   6.6859963455265023E-005
