   9.5070392996408334E-005
   1.0175786041848514E-004
   8.9675592736817526E-005
   1.0550678994667815E-004
   8.5721148615686179E-005
   7.8709117633500185E-005
   9.7043725270768585E-005
   7.8671282363576686E-005
   1.1063991708111548E-004
   1.7335701080364028E-004
   1.1263424807282623E-004
   5.8354280778931698E-005
   8.7739360943363436E-005
   1.0916634883487603E-004
   2.0560867617863739E-004
   7.1615766789334743E-005
   1.1023002558752428E-004
   6.6369987883797092E-005
   1.0419197868766625E-004
   8.1102919838697422E-005
   8.0674496979323600E-005
   9.8458291686470047E-005
   1.1312418134011386E-004
   7.7166094890464314E-005
   1.1775261620780396E-004
   7.8222591262131063E-005
   8.6672205093311515E-005
   5.2068852903484889E-005
   1.3042870289639580E-004
   1.0759045031860520E-004
   8.4885069242812979E-005
   7.0101910170924589E-005
   1.0756070570151438E-004
   8.1352693670037985E-005
   7.2317418550763349E-005
   8.6737746901659031E-005
   7.5999302021660355E-005
   7.7818332483315869E-005
   7.5376133275329430E-005
   6.0147139698491421E-005
   1.0489302596593620E-004
   7.9754242159404436E-005
   7.0960794650474666E-005
   6.6520972495930024E-005
   6.6348877346808765E-005
   1.1064828682236485E-004
   1.0144113500773789E-004
   9.2177968856978689E-005
   9.0492639217713483E-005
   9.2116491926432040E-005
   6.9572565603853864E-005
   8.2195207055809233E-005
   9.8106210819703748E-005
   1.1126052058361101E-004
   1.0570755185735826E-004
   1.3411682435993832E-004
   1.0136556465555967E-004
   1.5494916337561911E-004
   7.8397208061523673E-005
   8.6032360805879821E-005
   1.0195848805569476E-004
   1.0665743376733202E-004
   9.2512759082900023E-005
   9.1117948540886639E-005
   1.1480630498128576E-004
   9.1864639485686776E-005
   7.4500284537077840E-005
   8.5461873335061184E-005
   1.1518769447514023E-004
   5.9317159143029878E-005
   6.6841167574154998E-005
   8.4260603446621282E-005
   1.2106099929116010E-004
   1.0475813582818738E-004
   7.7808266233673505E-005
   1.6379831229680879E-004
   1.0902453709901569E-004
   8.1649322053510207E-005
   8.9680192909895993E-005
   1.0727621009264809E-004
   8.6215822971086041E-005
   7.4121828306230453E-005
   7.6283698523643958E-005
   1.1426466070107105E-004
   9.0632159290059776E-005
   9.3052600655186657E-005
   1.2747937138158995E-004
   6.8303235464772205E-005
   6.7896754445826140E-005
   7.4208666454461149E-005
   1.1095188470818994E-004
   6.0019898571283173E-005
   8.9466124063819101E-005
   7.5265168782073582E-005
   9.3012466791908021E-005
   7.3893136927201476E-005
   8.1732294682257596E-005
   6.2737946210499743E-005
   9.6057349090824761E-005
   7.7420645758557928E-005
   1.0244403241004832E-004
   1.6763108869337009E-004
   6.9865680875224009E-005
   1.4880987404791075E-004
   7.2009447854375975E-005
   7.3646826863158122E-005
   1.0759456300883319E-004
   1.2096382839866137E-004
   1.0948211877185026E-004
   9.5927749258836132E-005
   9.5635052078874052E-005
   9.9753439475463689E-005
   6.6410222916075907E-005
   9.0986921720628749E-005
   5.4876288796715682E-005
   6.2011369813029876E-005
   7.0041055359601264E-005
   1.3594711984692338E-004
   9.8106760146562515E-005
   6.8657110011277774E-005
   1.1066694629740566E-004
   1.1403296778645543E-004
   1.0093439717588796E-004
   1.2971565278789614E-004
   9.7326983847263962E-005
   1.0902975674201747E-004
   1.4368138984446012E-004
   1.3515595649108184E-004
   9.5631462146154061E-005
   7.3370320313389294E-005
   8.5759463828635361E-005
   7.5641519538290688E-005
   7.7427493246416451E-005
   1.4051941839715869E-004
   7.4175924079286209E-005
   1.1615501476862922E-004
   7.0104531704513756E-005
   1.2551871228560027E-004
   1.2651386890152880E-004
   9.0329729940736105E-005
   1.2265014664777658E-004
   6.8211198205909762E-005
   8.1307137515660032E-005
   7.8112977613334862E-005
   6.5692100408640746E-005
   6.1047541981125710E-005
   8.0358335946972883E-005
   1.9540892379976140E-004
   7.4540812497674312E-005
   9.7695432775451684E-005
   7.6512122163027512E-005
   4.8817156738305932E-005
   6.2468077250117028E-005
   8.4193374799302635E-005
   7.8791844648215734E-005
   7.3207746152696303E-005
   8.8401174098562209E-005
   1.2263083650034711E-004
   9.6044602948669946E-005
   8.1043711916830354E-005
   8.4635498179245122E-005
   8.5348690916548810E-005
   1.0219768110455810E-004
   7.6251643638648319E-005
   7.5173854361663413E-005
   6.4683460885430640E-005
   1.3444984133448927E-004
   1.7054661081371348E-004
   1.3839019995101886E-004
   1.3759774651996975E-004
   1.3232374563888440E-004
   1.5360264518415740E-004
   1.2514985856649033E-004
   6.5294544712553900E-005
   8.9352420553515319E-005
   6.0943743548931643E-005
   1.3873105302882643E-004
   8.5509322726055485E-005
   9.9775954622752008E-005
   8.5232282303074092E-005
   8.5873927634464003E-005
   8.3714664398281405E-005
   1.9813647012756810E-004
   5.6759069514056346E-005
   8.6332036069548023E-005
   8.5469561306686641E-005
   1.5780315185502959E-004
   8.4151466609963288E-005
   1.2657391791571590E-004
   1.1600464008163912E-004
   1.1869299975262317E-004
   8.0581789217936778E-005
   8.3696023909679581E-005
   7.9268929132713260E-005
   6.9863668727551841E-005
   1.1284584182094253E-004
   8.1799154539440144E-005
   8.6692080571277273E-005
   8.8921430865132185E-005
   1.1161115580240030E-004
   8.9660538520583478E-005
   6.9453897454998880E-005
   6.4260864778528163E-005
   8.9518716612174974E-005
   8.8037830117894926E-005
   7.2266448329608168E-005
   8.4605869801939343E-005
   8.3672440349199427E-005
   9.0969953747240665E-005
   1.4126830102358391E-004
   9.0886780425226691E-005
   1.1078007212754208E-004
   1.0602332069060349E-004
   1.1658323657113556E-004
   7.7669184989085903E-005
   9.6154624395529937E-005
   9.1640300409407511E-005
   1.4103963815986260E-004
   8.7441412381784975E-005
   1.2128816599479710E-004
   1.5273929020788042E-004
   1.1816019992530978E-004
   1.2572199904661242E-004
   9.4310830443676292E-005
   1.2029246732830478E-004
   1.4076841269159297E-004
   1.4772141146552180E-004
   1.3297825533593099E-004
   1.2353251510131803E-004
   1.0949563078105999E-004
   9.1614078529539026E-005
   1.4278035739234192E-004
   6.1183525092719414E-005
   5.8989145598448121E-005
   7.1061427698388156E-005
   6.4744831618214114E-005
   6.8323648225962494E-005
   1.0711923219892789E-004
   9.5412492777952762E-005
   9.5445544188013355E-005
   6.5618572820711689E-005
   1.0978051384239720E-004
   1.0611278831831960E-004
   8.0724280704053760E-005
   1.0557007528646355E-004
   9.1280723485607300E-005
   6.2464359360188664E-005
   1.2852848611271647E-004
   6.6760421288063657E-005
   7.5626871503542317E-005
   1.0943455714611204E-004
   8.4339527475327882E-005
   9.0018939457104101E-005
   8.8551472294927437E-005
   1.1232108391438351E-004
   9.7805525338321025E-005
   1.0877416570978231E-004
   1.2687767842296379E-004
   7.6680957228291143E-005
   1.0109429566936440E-004
   6.8052224471645595E-005
   9.0702053812285980E-005
   1.1010690990424495E-004
   8.0313574214611395E-005
   1.2644640105997028E-004
   1.0356992304070664E-004
   1.3193502437612795E-004
   8.4899505512420445E-005
   7.7317972421185477E-005
   7.2166047562223040E-005
   7.6245099328869131E-005
   1.5971884030982239E-004
   7.6507767353322639E-005
   1.1212731615116145E-004
   7.3529254426527176E-005
   1.3851539166701178E-004
   9.0996164282754251E-005
   7.0796724087823925E-005
   1.0332311627496795E-004
   9.5437873943628960E-005
   7.5918104100775310E-005
   8.7336161462918047E-005
   5.1290525691645974E-005
   1.0223624916748328E-004
   1.0489056398626766E-004
   1.0037026729316723E-004
   8.8539661746481709E-005
   1.1154511506995911E-004
   1.0854243843754604E-004
   6.9246801865723988E-005
   8.9598996496121437E-005
   1.2264499817768871E-004
   7.1756130857858575E-005
   7.2175990958978577E-005
   1.3076162671161315E-004
   7.6786135434999539E-005
   7.6429298406564198E-005
   8.8005283813087488E-005
   8.9985954101174057E-005
   1.2859636537656790E-004
   9.1195944047674612E-005
   1.0568669959452072E-004
   1.2582422456355085E-004
   1.2361949771601255E-004
   8.8326202882052041E-005
   9.6217484435926219E-005
   1.2254309826020682E-004
   8.2037486113435029E-005
   5.0161500007124351E-005
   6.4455725343656644E-005
   5.9079878958485979E-005
   1.3829894226120482E-004
   6.5770733717253975E-005
   9.3125874337179819E-005
   1.1848860409334431E-004
   8.8667152946707515E-005
   9.8369274700163732E-005
   6.2461945643959470E-005
   1.1328995693551820E-004
   9.5284506033074619E-005
   1.4150045045616415E-004
   6.0607423040592531E-005
   6.3327259368291424E-005
   7.0740878558737727E-005
   1.2229084246329452E-004
   5.6100717935509567E-005
   1.0753717762948462E-004
   7.9929055492549737E-005
   8.4395526946066528E-005
   8.1927661407944164E-005
   9.4384307770023859E-005
   6.6606440084838070E-005
   1.1399025073445998E-004
   1.0279176026730964E-004
   7.5138685639903276E-005
   7.3994436423367209E-005
   1.3265115757074276E-004
   9.4318415840944023E-005
   1.7200558079320338E-004
   1.1279306040100186E-004
   9.4604838675255482E-005
   5.5821020334661235E-005
   6.3773138238514603E-005
   1.0424643776301782E-004
   1.0679937359478487E-004
   1.0680616745409624E-004
   7.1734135572806644E-005
   8.2776547020705041E-005
   8.6803897562297695E-005
   9.1352144257124003E-005
   1.2273348883467373E-004
   8.8451131010878711E-005
   1.0560617889110288E-004
   8.7049652251671957E-005
   1.0002024891557678E-004
   7.8112566829801209E-005
   7.8820527236503988E-005
   1.1746348529985888E-004
   8.0143825065891823E-005
   9.0825306119687459E-005
   9.4883821912830811E-005
   1.1220431843625900E-004
   1.0395091505749369E-004
   1.0874855382856531E-004
   1.1741970187894176E-004
   5.3677523644222440E-005
   8.9268318975536508E-005
   7.4483446697285320E-005
   7.3253753890467629E-005
   9.0095486322590811E-005
   9.3091798253669783E-005
   1.0949810884858392E-004
   8.1926963570630093E-005
   8.0162805625352707E-005
   7.4165890608041083E-005
   9.7555636729467962E-005
   1.3574507427464657E-004
   6.8964889010427732E-005
   9.4339244440470258E-005
   8.9338517487713248E-005
   1.4087109091793568E-004
   9.1408842557294445E-005
   8.3235604112226577E-005
   6.8396040035673968E-005
   7.3229942570005106E-005
   8.8641666844418193E-005
   6.6700707811970814E-005
   7.7782807264277013E-005
   7.1568508736052190E-005
   9.9922554251297049E-005
   1.2241651403147486E-004
   9.7683224874755095E-005
   9.7904679756811742E-005
   1.3187979963722590E-004
   8.2418766166925282E-005
   8.3757604414397768E-005
   9.9762916414471229E-005
   6.3600399119365651E-005
   1.2251098093168702E-004
   7.6661692782957578E-005
   7.9714376634206153E-005
   1.2552179615244699E-004
   6.6152479690349928E-005
   6.5244616153314325E-005
   6.2736907596283329E-005
   1.0918584460364617E-004
   9.6628353225197163E-005
   1.2429379730895018E-004
   6.9271131574714104E-005
   7.1955364684907691E-005
   1.5475829735944789E-004
   1.1157097125889057E-004
   9.0781124460268084E-005
   1.5455827755195842E-004
   1.0011585308036163E-004
   1.1494243602584786E-004
   6.1332236257945989E-005
   8.4130169645196405E-005
   7.6572262239582125E-005
   1.2089577780849010E-004
   8.7417452067799827E-005
   9.6555214015244694E-005
   1.1760365930493192E-004
   6.5800412933140765E-005
   8.6166340538778574E-005
   7.3863793072480118E-005
   7.3095750587936521E-005
   6.5254388197938539E-005
   1.1374583333287345E-004
   7.2107669874799625E-005
   1.3366681144106441E-004
   7.5787269443991341E-005
   9.9859194462297916E-005
   1.2098644993492724E-004
   7.2657282587073552E-005
   7.8295334939363891E-005
   1.5823467845695188E-004
   6.6205948289848834E-005
   6.7125584973011388E-005
   7.4056802210264007E-005
   9.0562211700522744E-005
   7.1612651844318721E-005
   7.9670406957790222E-005
   1.1175749857409647E-004
   9.8772109570755405E-005
   8.6428484676947278E-005
   8.0747137872843192E-005
   8.1041145104069248E-005
   9.2312124188336067E-005
   8.3083869419613753E-005
   1.3977171728495267E-004
   1.0830353039779086E-004
   1.1459532558219544E-004
   5.2689506137754439E-005
   9.5701821958121857E-005
   8.0753538093704039E-005
   1.0941735805719423E-004
   1.3044197753641582E-004
   7.9089472850918618E-005
   8.6173744819264793E-005
   8.0742710337149229E-005
   8.8724943465147885E-005
   7.8527124268696640E-005
   7.5742573022022255E-005
   1.3690936308636000E-004
   8.0062987495190755E-005
   6.7045677806677978E-005
   9.1596961905711274E-005
   1.2502359858586104E-004
   7.5762193736098166E-005
   1.0906021063862167E-004
   1.5562837317143496E-004
   1.0488896595021243E-004
   1.1897240207406237E-004
   1.1270072463179012E-004
   6.8341613461254019E-005
   9.9851927727912535E-005
   7.8645162307299196E-005
   9.1424329531289406E-005
   9.2399112392584247E-005
   1.0189835874025193E-004
   7.9248566726904254E-005
   6.6017522603646652E-005
   9.3683865397053501E-005
   7.0308609996737751E-005
   1.4686091348757290E-004
   1.1474665791481798E-004
   1.0460848670111731E-004
   7.8032293757302786E-005
   1.5576789967578544E-004
   1.0996013529795953E-004
   7.8623169283479401E-005
   5.6065052656840428E-005
   9.2443859889724525E-005
   9.3940485793171625E-005
   8.2552189074785822E-005
   1.0660039248264368E-004
   1.1988059164210167E-004
   9.2927601920556461E-005
   1.1450881008445374E-004
   8.5143947320617981E-005
   7.2118252336957105E-005
   1.3015988635227174E-004
   9.0574818338898981E-005
   1.2413157404377804E-004
   9.3898669598348964E-005
   1.1438104172773105E-004
   1.3952003178555245E-004
   8.0353799101685899E-005
   1.2335608495872040E-004
   9.5094096047239858E-005
   8.3903915357688843E-005
   6.1471863671596976E-005
   6.3021582549886184E-005
   9.0174959533918122E-005
   1.3026695752530937E-004
   8.0033474747611744E-005
   1.3157419371616699E-004
   9.7842848268311905E-005
   8.3166355459437949E-005
   6.9492775837263064E-005
   1.0068948828391174E-004
   8.2923498139664452E-005
   1.1142864552779968E-004
   1.3173352598632525E-004
   8.6709359450374779E-005
   6.8383676203692486E-005
   6.9194640947146718E-005
   6.7974467247258974E-005
   1.2983635400773768E-004
   1.2328776747266490E-004
   1.2353263957807904E-004
   1.2171283914979527E-004
   1.2351288900117462E-004
   6.7311426668755807E-005
   1.0251932756576451E-004
   9.5735658860433880E-005
   7.8333978426208364E-005
   9.1762270766429087E-005
   1.0062720607353426E-004
   1.3704915162086472E-004
   1.1994684675576012E-004
   1.3123623552207465E-004
   8.8923020248989662E-005
   9.7846690072079745E-005
   9.8449824637735774E-005
   6.3350114924138939E-005
   1.2806682904161282E-004
   1.1187360804030119E-004
   7.1750033887844919E-005
   9.5775399013764707E-005
   1.1121265114967570E-004
   1.5065875153033476E-004
   9.0772729327098271E-005
   9.7972748138913331E-005
   1.2541743154323220E-004
   1.0127002129720617E-004
   8.0267369915671197E-005
   1.5755824547369161E-004
   1.5647351135353703E-004
   9.5191211364312653E-005
   9.5076696040445518E-005
   1.1595904900791749E-004
   8.2874582547790923E-005
   1.2181356441337122E-004
   1.2339257256538380E-004
   1.1872781393350569E-004
   9.7550225834030011E-005
   1.0860765508515490E-004
   1.1796377061874092E-004
   9.4194594224050160E-005
   9.7474290768415173E-005
   1.0162581496006807E-004
   8.5099180662555370E-005
   6.3873103101769719E-005
   7.5735513497442462E-005
   8.7735872871749746E-005
   8.6713994181633023E-005
   1.0164093230220230E-004
   6.6539668644697113E-005
   1.0201946963084346E-004
   8.6979920069037161E-005
   5.5029107626619447E-005
   8.9434374421038293E-005
   6.9343139844969267E-005
   1.1161561257062778E-004
   9.6153450976451630E-005
   1.9108591619006852E-004
   8.5866013945373577E-005
   1.1583589396718393E-004
   8.4755528331567038E-005
   1.1372479155433396E-004
   8.5689750560313024E-005
   1.0660623519487452E-004
   1.1659752781760320E-004
   1.3211280956995319E-004
   8.0715501701457697E-005
   6.0469476011831555E-005
   1.2990168997781962E-004
   1.2695906550427914E-004
   6.6330321273252546E-005
   1.1324218161809095E-004
   1.2091563670426924E-004
   1.0209116952530400E-004
   8.4330563098191882E-005
   1.3198579488630781E-004
   5.9807580601420591E-005
   7.0715663295668001E-005
   1.0246173242277584E-004
   1.5004678651452978E-004
   6.5131947721156446E-005
   8.8690737429069895E-005
   8.0616076236615303E-005
   8.7305467643144618E-005
   7.8487986082929445E-005
   7.9065180750441093E-005
   1.5555930198724597E-004
   7.1408549027349589E-005
   8.2055799926223798E-005
   1.2698223859055349E-004
   1.0335294677537088E-004
   5.8958880973843518E-005
   8.8979990640431275E-005
   5.8345182189332744E-005
   1.2865345093660311E-004
   1.0163079431021805E-004
   7.1031313254392862E-005
   6.7358123977243227E-005
   6.3935966735366730E-005
   8.5016371157857609E-005
   5.6512003544538283E-005
   8.7090474505491832E-005
   8.5990847984680868E-005
   1.0604956161122934E-004
   1.3288539646261210E-004
   7.9040287141533683E-005
   7.2201264949787962E-005
   1.0158536290263402E-004
   8.0151229623671422E-005
   8.9869970826233318E-005
   8.2453590191867917E-005
   1.3287767192643704E-004
   6.0306816970226944E-005
   8.6129841044513955E-005
   1.4087710409121037E-004
   1.1065100867607475E-004
   8.7756497954173275E-005
   7.3706743181143201E-005
   8.0806315300997264E-005
   1.3079442590798265E-004
   7.5634997135730581E-005
   7.1683767059601530E-005
   1.1793056292621311E-004
   1.3726901050239572E-004
   9.0076374890640175E-005
   1.1454943140448389E-004
   8.7996848629381356E-005
   9.1622458988879738E-005
   9.9236929683138683E-005
   1.5821304831668782E-004
   7.9902509684707778E-005
   8.1596614645765243E-005
   1.0368166368891239E-004
   7.1185558409699398E-005
   6.7280063070859197E-005
   7.2973089239520214E-005
   7.0289383382825816E-005
   7.9520901063950990E-005
   6.5748824864445704E-005
   7.3379729681165970E-005
   8.9173160623480318E-005
   7.5995716581748495E-005
   1.0547001394518824E-004
   8.3651964925505061E-005
   1.0844909579304669E-004
   7.0815064869661758E-005
   8.2911731098633828E-005
   6.9058881129807533E-005
   7.8381428827235569E-005
   8.1158001748777255E-005
   8.5825418445873897E-005
   1.0679979665168207E-004
   1.0856362619500116E-004
   1.0542461544506453E-004
   1.0954219115118147E-004
   1.0001354377828296E-004
   1.0373563800333026E-004
   6.5997534241172417E-005
   8.3698178961866211E-005
   9.1444247248457833E-005
   8.8722555196468438E-005
   1.2781504324548923E-004
   6.7202428759692245E-005
   7.8865709631122634E-005
   8.7658315889213597E-005
   8.3371174589288053E-005
   6.8206458634011523E-005
   1.0055528176135860E-004
   7.0607643300791959E-005
   1.1250661435509987E-004
   1.2229130965613343E-004
   1.1706475066561650E-004
   7.7507769919497990E-005
   8.4244514119850779E-005
   6.9414944338050489E-005
   7.0941315633505942E-005
   7.8242775040679829E-005
   6.7455065938335545E-005
   1.0661483990800695E-004
   9.7606823512156647E-005
   1.0770704628006349E-004
   1.2568002212153871E-004
   9.2788740578209034E-005
   1.0140812869587812E-004
   6.1436046913193707E-005
   1.0561950385613515E-004
   6.8794863440064448E-005
   1.0160488882506629E-004
   6.1425116936941930E-005
   9.5460783269666436E-005
   8.1222095733154547E-005
   8.9047517134074932E-005
   1.1274399594694307E-004
   8.4833716760351340E-005
   7.9949713347378403E-005
   9.5634803932074407E-005
   9.1438964571045271E-005
   8.4113433999129684E-005
   7.6408581573278851E-005
   1.6044017786099652E-004
   1.0881652523571566E-004
   1.2016051750703197E-004
   1.1483649829426172E-004
   1.4586325748897159E-004
   8.4152334320582221E-005
   6.0772470943996020E-005
   9.2677619091877298E-005
   1.0894564660392562E-004
   7.7981972679551565E-005
   9.6971653476086601E-005
   7.4555600404902858E-005
   1.1918498217067009E-004
   7.8008049592990361E-005
   6.7047890072977003E-005
   7.1717281586969865E-005
   6.9421468947801908E-005
   1.3340849935156575E-004
   1.1346839512559649E-004
   9.4808888340711095E-005
   1.0673190516358863E-004
   9.5706013572045541E-005
   8.9637273053613746E-005
   1.1097510748555935E-004
   1.2691096804260321E-004
   9.9426724449636314E-005
   1.0166849539495371E-004
   1.0070551283585170E-004
   7.9849610049776416E-005
   8.4543936816332889E-005
   7.6740324465677186E-005
   9.1793404334603241E-005
   9.0998928871041321E-005
   8.6984924261417678E-005
   7.4633684830450081E-005
   7.8773822737957623E-005
   6.0368207415874226E-005
   9.7697693964790495E-005
   8.0664021695912047E-005
   7.5728715622672696E-005
   8.5435695244008873E-005
   6.8702759895380189E-005
   6.7335917189931567E-005
   8.7613574097240141E-005
   8.1500248746886549E-005
   9.3003778556766275E-005
   6.0133239887544814E-005
   1.7566594849076738E-004
   5.3096615764167331E-005
   1.0461591671574399E-004
   1.0407708440221711E-004
   1.4609600142934052E-004
   1.4135553278357755E-004
   7.9187349003684594E-005
   9.4990779362748488E-005
   1.3241881553202844E-004
   6.4992450280816665E-005
   8.5371841062793731E-005
   8.9032305692404777E-005
   9.5034921834943176E-005
   9.7082830403921681E-005
   1.1303621460740098E-004
   9.6651964034874749E-005
   5.2952834005354826E-005
   8.1017055899950576E-005
   5.6050490279030218E-005
   6.0420902190413171E-005
   7.3590746784957053E-005
   1.0216425483449977E-004
   9.3969442298140910E-005
   1.2744034577544732E-004
   8.2617905182178397E-005
   1.2384659382476268E-004
   8.1283874930159898E-005
   6.7232383285092354E-005
   8.8718421378556844E-005
   8.9073368903745380E-005
   6.9495582487566723E-005
   1.1894372967816342E-004
   7.6613192127033216E-005
   6.8076268635235981E-005
   6.9431521769634639E-005
   8.5044540047077405E-005
   6.3474812148158318E-005
   7.9578228394165427E-005
   1.3804931611700728E-004
   7.8443133123171470E-005
   1.0149570080867839E-004
   8.4835362657142933E-005
   7.0136020386660019E-005
   9.0121719354575419E-005
   8.1818063505591853E-005
   1.0080639208241438E-004
   7.9597787796048235E-005
   5.8565405931366936E-005
   8.7952111936839722E-005
   8.9485458496804340E-005
   8.5434216656154587E-005
   1.0495888752127206E-004
   9.5532905355194872E-005
   6.7321922258445883E-005
   8.2413745821612895E-005
   9.2340549235764657E-005
   4.2602358462768084E-005
   6.6861724026609306E-005
   4.6986540810766836E-005
   1.2150585894478907E-004
   8.6018559634960188E-005
   9.2054354002252571E-005
   7.0438012247182481E-005
   1.1846818555886022E-004
   5.6858131816372938E-005
   9.0816795015932406E-005
   9.7959315310889162E-005
   1.0865696970587461E-004
   8.7688699722644374E-005
   6.6289142715929002E-005
   8.7276347658890252E-005
   6.0766748652531353E-005
   7.9201316791862792E-005
   1.4064431376357303E-004
   9.7663533103428335E-005
   7.1360766008402387E-005
   9.7398739941740832E-005
   1.2345332213901318E-004
   1.6168504519681708E-004
   1.1088737175613337E-004
   6.5164784845720005E-005
   8.7234229461035837E-005
   1.0446125051368944E-004
   1.1303734105247212E-004
   7.7500180882543590E-005
   9.3685348391980258E-005
   1.2554365001369366E-004
   1.3311973535599822E-004
   5.7495219087061045E-005
   8.2677507980015156E-005
   8.1709348431964921E-005
   9.3838424602004820E-005
   8.5335763167691933E-005
   6.9903154390919453E-005
   6.7231034887454207E-005
   9.5831796560290816E-005
   8.2488262836074926E-005
   8.1657632302200081E-005
   9.6785618863099834E-005
   8.6432689642504862E-005
   8.6856754041353415E-005
   8.0622256910631510E-005
   6.4337872487970520E-005
   8.2925337108183039E-005
   8.3388040379571576E-005
   1.2232555720895606E-004
   9.4894214918815834E-005
   9.6496432026410732E-005
   9.6446762874251594E-005
   7.9648895813516947E-005
   8.0137502563926207E-005
   8.2986044984436675E-005
   7.7532132235337415E-005
   8.7768339172886029E-005
   8.7068089383900211E-005
   8.9360875433831504E-005
   8.8836361836610683E-005
   7.6046688930276024E-005
   9.0138000785082635E-005
   1.0081198100200205E-004
   1.0258885511692763E-004
   1.1486203172401956E-004
   9.1926716428127801E-005
   8.7436523906664492E-005
   1.2114209117142726E-004
   7.8516694248808878E-005
   1.1239872638954483E-004
   9.8930786550309208E-005
   8.2272293928859199E-005
   5.8210330421317111E-005
   8.6928899345195746E-005
   7.0505194739623180E-005
   1.2687093387176785E-004
   1.0693470982508765E-004
   9.1902404017185879E-005
   8.6794041115873858E-005
   7.2156851717451441E-005
   8.7278162834209509E-005
   8.7278424406321773E-005
   8.4754226897036406E-005
   1.2141134238892583E-004
   8.1601576213655464E-005
   7.0281954420678354E-005
   8.3315916153524989E-005
   1.2188330358278545E-004
   7.0147566648336574E-005
   7.4042967020882851E-005
   6.2216513363718480E-005
   9.8429615872815246E-005
   8.1578743229030495E-005
   1.2343400523920120E-004
   1.1870262386442101E-004
   1.0574644316332457E-004
   6.4426409279527312E-005
   8.9445849543274807E-005
   6.5119829271177305E-005
   9.9300822255534075E-005
   1.0710556349420324E-004
   6.1228954801513573E-005
   8.5150753525168202E-005
   5.9594998964174333E-005
   9.7547897688930778E-005
   7.0921724513596626E-005
   1.2345721152216610E-004
   1.1381432300527131E-004
   1.0709961533219816E-004
   1.0275992628973287E-004
   9.1664732895837804E-005
   8.8931337398236092E-005
   1.2416857843575572E-004
   1.0190763484497609E-004
   7.3117026129358115E-005
   7.4390314615147761E-005
   1.3671044649984904E-004
   1.0337285045011567E-004
   8.1869851577801681E-005
   1.0031399176463166E-004
   9.8866161192985404E-005
   7.7565856621433259E-005
   9.5445050279087810E-005
   1.3581981543119015E-004
   7.6420224743420682E-005
   1.0103967013424950E-004
   8.6217340233580951E-005
   9.9482604461070817E-005
   6.2019011903851647E-005
   8.1510641439971082E-005
   7.0607683026579221E-005
   8.6947171624486032E-005
   9.9602707650072003E-005
   1.0194289985461146E-004
   7.2913771217914249E-005
   1.0150732857963259E-004
   1.0351273598255198E-004
   9.6724524211805695E-005
   8.3557503743549139E-005
   8.6148466814698526E-005
   7.3185176973254503E-005
   9.0212402930984106E-005
   1.0159332924061130E-004
   8.7200264682661671E-005
   1.0189843470714095E-004
   7.3408759006647368E-005
   2.0604254077878439E-004
   9.7781102075452750E-005
   7.9529840619960756E-005
   6.7530451014753768E-005
   1.1250305464676031E-004
   7.0819085673272202E-005
   9.5582354177460886E-005
   7.3961297457622057E-005
   1.3363341637437115E-004
   1.0618562753524546E-004
   1.2739113751256557E-004
   7.8525238859235557E-005
   8.5012620675778167E-005
   7.8052592393306519E-005
   7.2012033925698162E-005
   6.8978909233718185E-005
   7.4303211397438789E-005
   1.2997688763580328E-004
   1.0542538023832272E-004
   6.9375958216475505E-005
   9.0648340658249944E-005
   1.3259855362247753E-004
   1.0095339819546921E-004
   6.4712612799099970E-005
   7.5459864733825707E-005
   8.3482045629109172E-005
   1.0606002619760708E-004
   6.2923219027390091E-005
   9.3844858171174684E-005
   1.0823797489670752E-004
   1.0100917126331194E-004
   1.2598276330105375E-004
   5.6205934561117609E-005
   8.9270468300892508E-005
   9.3613634194776677E-005
   2.0442850907861787E-004
   1.0769424788073420E-004
   7.4744628984416771E-005
   9.3992167570250106E-005
   9.5497999005050542E-005
   1.2350340512175617E-004
   8.1923598825556289E-005
   1.3524315308827009E-004
   9.5267715591436646E-005
   5.9059307475102370E-005
   8.9556235554375533E-005
   7.8732993568293426E-005
   5.9261753459229978E-005
   9.3562081806600295E-005
   1.1215474988355422E-004
   7.9044956513328975E-005
   6.1428849181636815E-005
   8.1275687746153860E-005
   7.7076062581199736E-005
   1.2857924074470442E-004
   9.0576097907373704E-005
   6.8651353552699301E-005
   7.5094925918398780E-005
   9.6412759833919780E-005
   1.1182748798908915E-004
   1.2640581248450191E-004
   9.3210481697455670E-005
   1.0400267799992793E-004
   1.2999230413241364E-004
   1.5127912319204141E-004
   6.1464093614915210E-005
   9.2592617667597296E-005
   7.9618494501031915E-005
   6.7870235105480764E-005
   7.5386696844731088E-005
   1.1304189510391546E-004
   1.3430159717991619E-004
   1.0688817155471618E-004
   9.9143517333662870E-005
   8.5686293357769221E-005
   9.7302321854930035E-005
   6.9232517611644875E-005
   6.8206124923247247E-005
   9.5510019398866802E-005
   1.1329990530677990E-004
   1.0820056635785070E-004
   1.2803061872126211E-004
   1.1385430598307507E-004
   9.0750217102472119E-005
   8.6126400860113368E-005
   1.4067149589237548E-004
   9.0084966785991161E-005
   1.7529194630636983E-004
   8.2612247154156110E-005
   1.6739323963092315E-004
   8.7457733097060731E-005
   1.3237210243352706E-004
   1.3932366891889787E-004
   7.5094009005941510E-005
   1.2628316025393115E-004
   8.4549660368807630E-005
   6.3558609745106243E-005
   1.1741410783507888E-004
   9.8279724112225136E-005
   9.5832890930697923E-005
   1.0278580902622252E-004
   1.1218430311337305E-004
   1.0663367482091691E-004
   7.4308581796938487E-005
   1.3419271323890125E-004
   8.9288318966355691E-005
   1.2025420544804346E-004
   8.0015263091133527E-005
   8.2540826235005902E-005
   1.1215534894724934E-004
   7.9333109612029381E-005
   1.5033841401695819E-004
   9.4322592891325698E-005
   1.0893337601931235E-004
   9.0934282136750330E-005
   1.1452031291346317E-004
   8.0273790904603984E-005
   6.5926865998810021E-005
   6.7622717230504992E-005
   1.2337544657911457E-004
   6.2379575510580103E-005
   1.2560582934600126E-004
   5.6387286922017294E-005
   8.5806646617437774E-005
   9.8606276001447917E-005
   1.0184819914066513E-004
   7.2484837086011231E-005
   9.4013209282821266E-005
   8.7844060254244622E-005
   7.3612349198478509E-005
   7.2861991914747651E-005
   1.5676304974537582E-004
   1.0642895041590702E-004
   8.3593773262726065E-005
   6.2832891517915451E-005
   8.9406613598624470E-005
   7.3535579942011657E-005
   8.6091128664335154E-005
   1.2718375275725755E-004
   7.2134533951572299E-005
   7.8282683958640301E-005
   7.0217512828841223E-005
   9.1862537387500759E-005
   1.0532766342629842E-004
   1.1654213609661425E-004
   7.9573348688611654E-005
   1.6597319951108387E-004
   8.3555878430230488E-005
   9.5618286931523902E-005
   7.9158672773601942E-005
   9.8441557588272837E-005
   1.2292535695848671E-004
   7.7489572250073136E-005
   1.1284432069283708E-004
   1.1438763629089767E-004
   7.6349328555878437E-005
   6.3418483973200879E-005
   8.1698242416495124E-005
   8.0252192213421913E-005
   7.6424727235943163E-005
   7.9006168024595819E-005
   9.8687127779200170E-005
   7.7077711620378598E-005
   1.5930170743861288E-004
   6.9671466444042981E-005
   9.1598809607888569E-005
   7.5303897239298599E-005
   1.0550116308738343E-004
   8.8267534548514570E-005
   1.3782597978202350E-004
   1.1735612000786984E-004
   8.4168271096033342E-005
   1.0065081097362307E-004
   1.2414711179336858E-004
   1.1726040611483436E-004
   1.0956578155102608E-004
   6.9893665561370560E-005
   8.7035928029452313E-005
   1.2759165975017523E-004
   8.6604864248145041E-005
   8.8892696350986573E-005
   9.4620278403133743E-005
   1.2123204270600890E-004
   6.6626440629312587E-005
   8.1655457196873164E-005
   7.8082261800859883E-005
   8.5595609517284216E-005
   1.6023967179129884E-004
   7.8179274147918937E-005
   1.0118131805907520E-004
   1.1203749741630025E-004
   5.7901153707137967E-005
   9.4476879446258474E-005
   1.1641894106143229E-004
   9.5327794600566799E-005
   4.7827172492026421E-005
   8.8957217212664517E-005
   1.3465646467547833E-004
   7.7092910949596802E-005
   1.0231397356779200E-004
   8.3398816453801936E-005
   1.1718636740573760E-004
   8.8431053566542933E-005
   8.5021356466595524E-005
   8.8094073857981214E-005
   6.6341939365773474E-005
   6.3247834390128496E-005
   6.4592959197101637E-005
   1.1718587247275036E-004
   9.6431524470903487E-005
   6.4362110008972599E-005
   1.0409230710055755E-004
   1.1502225754808259E-004
   8.7238278817034084E-005
   1.0878855035061236E-004
   1.1099776077239623E-004
   7.3582952992637428E-005
   9.2184470220355922E-005
   9.1606174892890782E-005
   7.5192951700920810E-005
   1.2579766197632548E-004
   6.4297853610902623E-005
   1.1016397014540187E-004
   8.8529456383747572E-005
   7.2036541540657586E-005
   8.1642655781957819E-005
   9.7106563173227171E-005
   5.7059433083048011E-005
   6.8963327934513092E-005
   7.9750092237750411E-005
   1.2416161298851785E-004
   1.0043186643189700E-004
   8.1270168973541118E-005
   7.4037279208385629E-005
   9.6640017557236802E-005
   5.6501925128262144E-005
   6.8466229930091790E-005
   6.6611559693889315E-005
   7.3459523756735481E-005
   6.2097274680169789E-005
   1.1361685061799523E-004
   8.9929145910788496E-005
   7.7584971962583302E-005
   7.8330377853548570E-005
   6.3848085310814486E-005
   6.9974112586356976E-005
   1.0060851047774126E-004
   7.8354830525622385E-005
   1.1646831954077177E-004
   8.7233742683966446E-005
   7.9420040009452208E-005
   6.4392325778478280E-005
   7.7617297196411292E-005
   9.4584410215397242E-005
   1.0849688900669262E-004
   1.1672154735442732E-004
   9.7050966754688822E-005
   8.5543638720411635E-005
   9.2215591232532561E-005
   7.7829370202490207E-005
   6.3677191417536044E-005
   8.6506132952304780E-005
   9.3715111240868330E-005
   1.2556108640774936E-004
   7.0267708104590070E-005
   9.9000253762195699E-005
   1.6001172233770665E-004
   8.3554234963733671E-005
   9.4294291199563380E-005
   1.1212521409724693E-004
   9.0969933611919669E-005
   1.4617779645823565E-004
   7.6925738138937695E-005
   8.7631407018682025E-005
   7.3809398814456731E-005
   1.0607180521661476E-004
   5.9558747340082961E-005
   5.9228057321776248E-005
   9.1657610449272152E-005
   7.4321733844700388E-005
   8.7532885605597497E-005
   9.2289590763523275E-005
   7.7578971293254873E-005
   9.3050886489943910E-005
   9.3345891634766327E-005
   6.8944678397027067E-005
   1.0675534508023838E-004
   7.7411852266448395E-005
   8.1729751670770904E-005
   8.7254708336516193E-005
   7.4662019001250508E-005
   1.1912391943266743E-004
   9.9775692895391223E-005
   1.2730808271647337E-004
   1.3395624811569939E-004
   1.2031155923574054E-004
   7.5742272046734255E-005
   6.8291172268750291E-005
   1.1532750044350439E-004
   1.4178948396144058E-004
   7.9262517878242380E-005
   7.9161791558876493E-005
   7.7832956168167304E-005
   6.5998955246069014E-005
   8.6392092363003011E-005
   9.0830983101366152E-005
   7.1286264250608315E-005
   7.0521914325489464E-005
   9.3564005773673126E-005
   1.2675648041972259E-004
   7.1563580728127471E-005
   1.0785685138791105E-004
   1.2298455893419518E-004
   7.8207891308044574E-005
   1.6631894414650448E-004
   7.6495807669138213E-005
   6.3470250887479493E-005
   9.5316367809001877E-005
   9.0008600984420469E-005
   1.1922271650581780E-004
   7.6459597932032630E-005
   1.1537449553128805E-004
   7.9136260512297548E-005
   7.7391926133120882E-005
   6.6995573793176213E-005
   1.3167853859081196E-004
   2.3172234270813324E-004
   7.3325430069322596E-005
   1.2128140634513773E-004
   9.4022654035734590E-005
   7.4104289282156830E-005
   9.4512816879593285E-005
   8.0473123414599788E-005
   6.6488103633567688E-005
   1.0584798787871160E-004
   6.3399119666284688E-005
   9.2303704807509163E-005
   8.6111897777736595E-005
   7.1219093310553169E-005
   4.8102785804112800E-005
   1.3072675011609677E-004
   6.5365486188921596E-005
   7.5931128690868280E-005
   9.8952508844348829E-005
   1.2766373546890279E-004
   1.2162626454077803E-004
   9.7600961170901212E-005
   1.1376566786753628E-004
   1.1397178444921793E-004
   9.1547934860165459E-005
   1.0083656065813927E-004
   5.5178446379680370E-005
   1.3340677568716758E-004
   1.0669415931381894E-004
   7.1605014261631511E-005
   7.8276919501570432E-005
   9.4271668089374790E-005
   9.6836760020750591E-005
   1.5947292484641459E-004
   7.4330167678394025E-005
   5.5070337860771823E-005
   9.7509640942723474E-005
   1.1092942571781767E-004
   6.4410235122582348E-005
   8.4313508536916222E-005
   1.1028770523790628E-004
   1.5686765467466199E-004
   8.7124912955975861E-005
   9.0982979420173196E-005
   8.0999878062942737E-005
   9.9618045127537673E-005
   7.6819249941314008E-005
   8.4565025958652194E-005
   8.8126632640720128E-005
   8.5944281554804647E-005
   5.9310481634228302E-005
   6.3458293151729618E-005
   6.3923965551318442E-005
   7.0655886270977648E-005
   6.3411752250714675E-005
   9.9802566047235591E-005
   9.9449936355268335E-005
   1.2371166371175752E-004
   1.2082411862989842E-004
   8.1349740821755594E-005
   7.9442114140508612E-005
   6.9756613808062131E-005
   9.3782513826725299E-005
   1.0064589218149597E-004
   7.4071800241203180E-005
   9.6241975310902884E-005
   6.7587092363376904E-005
   1.0861898560215333E-004
   7.4656389720790536E-005
   9.3333865613238459E-005
   6.9694255394701454E-005
   6.0413910448307178E-005
   1.4338423561844927E-004
   1.0241777620745812E-004
   1.1100032548288176E-004
   8.1673237153625841E-005
   1.2107503295178612E-004
   1.1489451356605497E-004
   6.3325539637235147E-005
   9.2261834394839764E-005
   9.7117722480061520E-005
   1.7268790728671462E-004
   1.0324500868886987E-004
   1.0882744958228766E-004
   7.7964232066451167E-005
   7.6282473214947790E-005
   6.1201259547484469E-005
   8.9405545118865888E-005
   1.0339002666970111E-004
   9.5278884511485504E-005
   8.5449765772763046E-005
   9.0565331342431612E-005
   9.2043752001125486E-005
   1.2649397990010123E-004
   1.0575667336422749E-004
   6.2913033885806012E-005
   1.2239678879749728E-004
   9.2553190542009667E-005
   8.5859234959264751E-005
   7.4495108916493104E-005
   1.0674404515207513E-004
   8.7451153510178338E-005
   9.8048099554389953E-005
   9.3351673721203413E-005
   7.0782315674940602E-005
   7.9646257588196286E-005
   1.0312012905807334E-004
   1.3685084772178859E-004
   1.0083360852511749E-004
   1.0066357284329391E-004
   9.9661048330643788E-005
   9.0474276738372725E-005
   9.5934967624241210E-005
   8.6401483383613019E-005
   7.6297740153552602E-005
   1.7361755269376775E-004
   1.3349882984189034E-004
   1.0561770035422793E-004
   8.2489431184881747E-005
   6.3076701064068686E-005
   1.3127732675680522E-004
   1.1824616628447098E-004
   1.3415172437065577E-004
   8.9078042654417219E-005
   1.2320028230268772E-004
   9.2718606617400750E-005
   6.3728865074307175E-005
   8.8435440293526237E-005
   1.1004692669705257E-004
   8.6636721300903570E-005
   8.8108263291009320E-005
   1.0278831228737254E-004
   5.9640161482554994E-005
   9.7619452608547661E-005
   9.9223769936029329E-005
   7.5304204910742057E-005
   1.2128322080232030E-004
   5.8100746627534432E-005
   7.6232876853282974E-005
   6.7136845584166057E-005
   8.2496236894814777E-005
   8.0537490937944829E-005
   5.9306100028660794E-005
   6.8536180563965874E-005
   1.1144101915212009E-004
   8.0149642052790364E-005
   7.7528679094873644E-005
   7.4340708823345881E-005
   1.0077051117519454E-004
   9.3725990822766689E-005
   9.9007097426138022E-005
   1.0698003303522813E-004
   7.2683335100067495E-005
   1.2424661742741608E-004
   1.2902963982183160E-004
   8.9910642798032804E-005
   6.7720444349768429E-005
   7.6936343075016756E-005
   1.0165257576781311E-004
   8.9275204018660854E-005
   8.8966031548329191E-005
   1.1528201939655654E-004
   8.8607301672914351E-005
   1.1777130394957502E-004
   8.1792428894502140E-005
   1.4292585572883137E-004
   1.1036520798547336E-004
   1.8075598625132730E-004
   1.1242826965054393E-004
   1.1006003071037219E-004
   7.3268790761477597E-005
   8.6083184665709897E-005
   7.1700448724959569E-005
   9.4677793044865524E-005
   8.4834096087764096E-005
   1.3501150835494374E-004
   1.0563359282115806E-004
   8.8028268468018546E-005
   9.9210595450771095E-005
   7.4584860136121429E-005
   9.7560676216239153E-005
   8.1718653634637862E-005
   1.0155798714390766E-004
   9.7898827658085381E-005
   7.3537553481215487E-005
   1.7070624642875724E-004
   5.5086156934086542E-005
   7.4811743401610275E-005
   9.9399124563929932E-005
   8.1309723410198989E-005
   5.8684239014106442E-005
   1.0410562127250152E-004
   8.2728322646009883E-005
   8.6311766884163683E-005
   7.8466017825832069E-005
   1.0450716322410763E-004
   9.2037162109932303E-005
   1.1235769664775579E-004
   1.3558613157724854E-004
   7.6678534355624690E-005
   1.0219883340663437E-004
   6.5446530155498152E-005
   9.2937090762838592E-005
   1.3759321209703561E-004
   7.5477028998406780E-005
   8.1748703249461232E-005
   1.5167085298020845E-004
   1.0460018387977073E-004
   6.1638547172453121E-005
   7.3540070603897854E-005
   1.1607852722574617E-004
   9.1472617105420185E-005
   1.1149368400935745E-004
   1.2672597820239292E-004
   9.5506580482015174E-005
   1.0251974491475352E-004
   7.2322103896283561E-005
   6.1929055036178478E-005
   1.5760181010144390E-004
   7.6190230029052881E-005
   8.4924742961696412E-005
   9.6736625350789981E-005
   9.3798265881750995E-005
   1.3348608688889345E-004
   8.5932529741429030E-005
   1.3654044072001993E-004
   1.2164536000357367E-004
   1.0900519494419660E-004
   1.0465190119444612E-004
   8.7158969634589100E-005
   1.3974789537175188E-004
   6.1085100465235295E-005
   7.4112140207400050E-005
   7.4717514347306862E-005
   1.1468577679723608E-004
   1.0890012373796426E-004
   8.5894522884175616E-005
   1.1932016436781274E-004
   1.3542853014659502E-004
   2.7192673978843567E-004
   1.3303209086124954E-004
   1.0405867706812673E-004
   9.2913991673605127E-005
   6.1581130651278742E-005
   7.1443547743526493E-005
   6.5491862335328795E-005
   7.9097301700939654E-005
   7.5521338913390513E-005
   7.4993317509505563E-005
   1.5244182628884332E-004
   9.2641881596425551E-005
   5.8201184714395581E-005
   8.8176749606568594E-005
   6.2885055895086321E-005
   9.4253554148852490E-005
   6.6961872644640926E-005
   1.1794567131735772E-004
   5.3477743165788514E-005
   1.2603558826057118E-004
   8.0515550474223724E-005
   7.9141287002628254E-005
   1.0005643663458171E-004
   6.8833855483111376E-005
   6.4890801973897552E-005
   1.0367428640739424E-004
   5.9913722737145122E-005
   7.8200244721124431E-005
   9.8373010980518037E-005
   8.7216480863204778E-005
   7.5309523218633763E-005
   1.1996173477224062E-004
   1.1223863254173684E-004
   1.0453616820757855E-004
   1.2424805848758471E-004
   1.1656255588774351E-004
   1.2158231384074045E-004
   1.2601990474603989E-004
   1.2204514766961185E-004
   8.1865633207219680E-005
   7.8442107072405526E-005
   6.2811823966363379E-005
   6.8674718709610773E-005
   8.7961168084116524E-005
   1.0632458462518434E-004
   1.1208521879862078E-004
   7.2066084178633245E-005
   1.2219547678058029E-004
   1.0148931592095294E-004
   1.0074648390769720E-004
   8.4008683578071575E-005
   9.0421048638512563E-005
   1.0379716032612164E-004
   9.5272966861014975E-005
   6.5140534210691867E-005
   1.1409299213047671E-004
   8.0868963143555632E-005
   9.5335300259498533E-005
   1.4773978277727792E-004
   1.0833875205195903E-004
   9.5333442742551582E-005
   8.3992754357307649E-005
   1.0597959825989999E-004
   9.0969727063191014E-005
   9.2004159107030294E-005
   8.7755552943733067E-005
   8.5447974628912295E-005
   1.1446408202603602E-004
   5.9103598801577035E-005
   1.0093662267012087E-004
   7.7139076486342075E-005
   1.0153724148764706E-004
   1.0756102788553752E-004
   1.1274608184071767E-004
   1.0511587022208223E-004
   1.1569170779808420E-004
   7.6920185316825811E-005
   1.1221008501094144E-004
   9.9573516066285412E-005
   8.3027439149138755E-005
   1.3911798050967399E-004
   7.5278868276824944E-005
   8.9444783729009106E-005
   9.9554993606411276E-005
   9.4782349213564141E-005
   1.0092552931901413E-004
   1.1881023960417633E-004
   7.7738362025382146E-005
   8.8217419749232699E-005
   1.0621376231376212E-004
   9.6757959548607626E-005
   1.2283754513446731E-004
   8.4025502882481800E-005
   7.8827917966675461E-005
   1.1140433567067973E-004
   8.1448285056386410E-005
   9.6640947516286592E-005
   7.1381336206284194E-005
   7.3894169552154320E-005
   9.6992965890858190E-005
   8.9001110247204348E-005
   9.9343448185363673E-005
   1.6152025493009706E-004
   9.9458225325443683E-005
   9.9470294443699357E-005
   4.9318605180712534E-005
   8.7471146189393561E-005
   8.3636829980694968E-005
   7.0896471267366812E-005
   9.8207358281266136E-005
   1.0620135329391984E-004
   1.2428091081855756E-004
   1.0695756843735360E-004
   5.9764543702760791E-005
   1.1291518885060024E-004
   1.1996881331842666E-004
   9.5601993125738177E-005
   9.8451257022496761E-005
   7.0097916649568536E-005
   1.0381137858531892E-004
   7.2220540032145124E-005
   1.0946386253968083E-004
   7.7066056751073822E-005
   8.6730167531803661E-005
   5.5314675755682320E-005
   8.7641158064438786E-005
   8.2156503780646882E-005
   7.9210278358828577E-005
   7.5856492799294346E-005
   7.7427623968028941E-005
   7.6310471476727159E-005
   1.0474864278213516E-004
   7.2425663159731568E-005
   1.4840056222241132E-004
   1.1058727966513871E-004
   1.1746137703695939E-004
   1.2687464888021995E-004
   9.2172678291465839E-005
   1.1830226536681104E-004
   7.0236466413755569E-005
   9.8006730239572569E-005
   6.3478734512425401E-005
   1.0077085117486984E-004
   5.8794528858112447E-005
   1.1996806462790145E-004
   9.2165348709387452E-005
   6.3207318520041485E-005
   6.5989072890083734E-005
   9.0460754392417009E-005
   8.7932729242757974E-005
   1.0103841557508428E-004
   1.0185839030564838E-004
   8.3633013417770886E-005
   8.9300939940860797E-005
   1.3123004503897320E-004
   8.8964637665026600E-005
   2.2116167543717461E-004
   8.6799346655363642E-005
   1.0424849236935522E-004
   1.2121455285701647E-004
   1.2295606892741937E-004
   9.2864792515605845E-005
   9.3469945793881048E-005
   1.0013468127572437E-004
   8.7945880530049278E-005
   2.0941863001528062E-004
   8.8973999069650011E-005
   5.8781952187513656E-005
   1.1920245932606781E-004
   8.0232017288740901E-005
   5.6394105567016604E-005
   9.2875971818557370E-005
   8.7274227852658133E-005
   6.9583483174628943E-005
   8.4026109875151198E-005
   7.2001976245495878E-005
   1.0391929423275606E-004
   8.5450424844121231E-005
   8.7539152496585458E-005
   1.1163748996486267E-004
   9.2802036140263766E-005
   8.9726974308557622E-005
   7.0658126803919185E-005
   9.1425604309621549E-005
   8.0608818268382819E-005
