   9.0188439607754371E-005
   7.0161325612933786E-005
   6.4706990531333199E-005
   7.5759174593419804E-005
   1.5361071440358654E-004
   1.1381204131605842E-004
   7.2135956356435681E-005
   1.3273531026105498E-004
   1.3615515770783995E-004
   1.3547858857080564E-004
   7.7842892647652496E-005
   1.0998493669322478E-004
   1.1283181290313659E-004
   1.2320037122033779E-004
   9.6167341802958918E-005
   5.4376245178097248E-005
   1.2749289154186799E-004
   9.5724825557036924E-005
   1.1963987276662074E-004
   9.3383560643343718E-005
   9.7303302755732919E-005
   9.0563863489586982E-005
   6.0256805832770839E-005
   8.2382507017852641E-005
   9.9099412368906445E-005
   1.0433597406383004E-004
   1.5759407297232685E-004
   1.2967435852622602E-004
   1.2242814972201571E-004
   9.3105853098800285E-005
   9.8528244536063493E-005
   6.8372996463072065E-005
   7.5670765692676688E-005
   7.3940384421012343E-005
   8.4572089850609161E-005
   8.7464809529656473E-005
   4.9471842411674883E-005
   9.3431471597117945E-005
   9.2967810214351305E-005
   1.1994619755897130E-004
   6.3035458932497564E-005
   6.8500038798308057E-005
   5.1438275147838485E-005
   7.6975332532665182E-005
   9.0562715793658684E-005
   1.1323045612104915E-004
   9.9688170925891196E-005
   9.0812059651448803E-005
   7.8888336798480768E-005
   1.0152819700507235E-004
   1.3171712211390438E-004
   9.6765953667868158E-005
   1.6883162646830649E-004
   9.8683605510027430E-005
   7.9603177936262665E-005
   6.7404300233803687E-005
   1.0328650594443909E-004
   1.0704469670209772E-004
   6.3177428728228613E-005
   9.6258055025419658E-005
   8.5080268274505684E-005
   9.7660691984706579E-005
   1.3558706321726403E-004
   5.6670646201155138E-005
   1.3751190455972288E-004
   1.1854495714760198E-004
   8.3000858201128921E-005
   8.7379025266194781E-005
   9.6080752760536821E-005
   7.7474927384648849E-005
   1.1754808051512872E-004
   1.0070389961270440E-004
   1.1845273587455225E-004
   5.8930759537522219E-005
   1.1384368628565836E-004
   5.3286272652038213E-005
   1.1109051113226323E-004
   8.5425222460251856E-005
   1.1175597270553125E-004
   8.0020064973287407E-005
   1.0752800362159008E-004
   5.6495791318120582E-005
   1.0144879070065504E-004
   8.8314737117785940E-005
   7.0969088300827036E-005
   9.0999061417597774E-005
   9.0845919047538636E-005
   1.0940192944753729E-004
   8.4477167618318203E-005
   7.7385756042565608E-005
   1.0126983252438280E-004
   6.6850189913508990E-005
   9.8648707808882030E-005
   8.2498987618264061E-005
   8.1977633615817140E-005
   8.6750740653665414E-005
   7.3245836411596905E-005
   1.4322193201362078E-004
   7.4191623057441017E-005
   9.9154010297220440E-005
   8.4155319468302964E-005
   1.2540711659225445E-004
   7.3479637165341978E-005
   8.5006781991615605E-005
   7.5692165232253166E-005
   9.0069236125057503E-005
   1.5235431230064400E-004
   1.0143681464115227E-004
   7.5054594229941298E-005
   9.9379326306026279E-005
   6.3454830443336675E-005
   1.4639904019057051E-004
   6.5830037169782455E-005
   7.7609148582884245E-005
   6.1360183917627786E-005
   7.2196927330315223E-005
   7.5059011536005672E-005
   6.9684709590969024E-005
   8.1695230834532407E-005
   8.1007759074154355E-005
   1.0687374944255649E-004
   1.0188372609902052E-004
   7.4365624677569434E-005
   6.9985235398670000E-005
   7.2482818414162952E-005
   1.2219397450145047E-004
   5.3272582684704327E-005
   7.7366098293122073E-005
   8.7261450173258714E-005
   6.9799664923733383E-005
   8.0299364287279959E-005
   1.1346933276105547E-004
   8.0883760660715125E-005
   1.0001858169701193E-004
   1.3658475901544737E-004
   8.8984554788244289E-005
   6.6628297269465608E-005
   8.5778721230367561E-005
   8.3271624724105234E-005
   8.3501633857121954E-005
   7.8581042329146019E-005
   5.2525607992418695E-005
   1.0928182402054575E-004
   7.9186072012169079E-005
   6.5614980058300329E-005
   1.8959495584348931E-004
   6.7905001472283363E-005
   7.8590197249914852E-005
   1.1573920254345939E-004
   8.4120328392757839E-005
   5.9482677528428331E-005
   1.7825435019042750E-004
   8.8778382588757708E-005
   1.0276286380481396E-004
   1.1235063875790958E-004
   9.1273695332700630E-005
   8.4231450512824271E-005
   1.0395661839893244E-004
   1.3256532411603765E-004
   9.0587901382840091E-005
   7.5922701636928160E-005
   5.4281074614782517E-005
   8.2097882547170365E-005
   7.7366699187101694E-005
   8.8470709748265095E-005
   6.3552419797976062E-005
   1.0333997275449739E-004
   1.2257942933530534E-004
   1.1732358915679488E-004
   8.0033621503547192E-005
   7.6779039316749202E-005
   7.2661864846357453E-005
   1.1276452807835801E-004
   9.2944315788781717E-005
   1.1400835036490532E-004
   1.2370684588636547E-004
   7.8047758749508176E-005
   6.9748643841322416E-005
   8.6170338883639368E-005
   7.5382705129872329E-005
   6.6775702288182602E-005
   8.6113492667651650E-005
   8.6776443559411488E-005
   7.0975890160257792E-005
   1.1932716607412061E-004
   1.2665583640906447E-004
   7.4662414834477124E-005
   1.0433871571503649E-004
   6.4892516516818291E-005
   1.0565705194318978E-004
   1.0063706040599495E-004
   6.1867231464944917E-005
   6.8631197006308078E-005
   1.6035794479599510E-004
   1.0720921525091675E-004
   7.2363239258846782E-005
   9.1159158190494747E-005
   9.3652886548306369E-005
   6.2385033908315873E-005
   6.5041544984720631E-005
   7.3874827824713460E-005
   8.1102960226335874E-005
   6.1438809481209023E-005
   1.0896545041212338E-004
   6.7691748802675735E-005
   8.3105923273838077E-005
   1.7897451474197564E-004
   1.1659419501578834E-004
   1.1674433744598731E-004
   9.3324088155504817E-005
   8.7379218318745330E-005
   7.2369157578564859E-005
   1.0240492958789637E-004
   8.1537995788266693E-005
   1.1188339396370152E-004
   1.5424328822599164E-004
   9.0517813602190598E-005
   6.5116015395717109E-005
   1.3221926761579494E-004
   8.2159458123119488E-005
   6.7079099416435966E-005
   6.4425263097537294E-005
   9.6413866247023995E-005
   1.1471090069144011E-004
   1.1929495508059321E-004
   5.9747431781738052E-005
   1.1362685035866659E-004
   1.0269319551094233E-004
   8.3912556384359042E-005
   7.8688940441262669E-005
   8.9269702661727796E-005
   1.5361782707069499E-004
   1.3033817263111041E-004
   7.9944273086217328E-005
   9.4699216535402153E-005
   8.2025820113106130E-005
   7.0007994430268758E-005
   7.7602423793972524E-005
   9.1313352081663139E-005
   8.3700564762208531E-005
   1.6266299449789996E-004
   1.2692313532720396E-004
   1.1411784623625080E-004
   1.0472256142770229E-004
   9.8973222412589975E-005
   7.6765855474730240E-005
   1.0740582899124336E-004
   7.7468490056273987E-005
   6.0181462967882373E-005
   7.3301516630288092E-005
   1.5551425306079364E-004
   1.0978722096925094E-004
   1.0729114813725760E-004
   8.7938278946413627E-005
   1.1961235574521823E-004
   1.2828549217428896E-004
   6.7365199418650514E-005
   8.1838731101562142E-005
   1.0046346944896645E-004
   1.2156607876314009E-004
   1.1888425257760291E-004
   1.3628217304990727E-004
   1.0859298225387690E-004
   8.5395944713123232E-005
   1.5360313296937123E-004
   1.0553257222403544E-004
   9.3977581276172850E-005
   1.0040655899994441E-004
   8.9225642406986941E-005
   1.1505514388817834E-004
   7.3842571396139987E-005
   7.9509566499638893E-005
   1.0364335992887213E-004
   1.5106250598987127E-004
   1.0004282523722445E-004
   5.9035872027525662E-005
   6.9238906876664520E-005
   8.1998534814235158E-005
   1.0234412137806822E-004
   9.7725371280320714E-005
   7.4301296352791664E-005
   1.2896786849242144E-004
   1.1380147368686808E-004
   6.5684579924742522E-005
   8.5397681249790882E-005
   1.2952208121832378E-004
   6.9244573975428387E-005
   6.5484838718311977E-005
   1.0464733963575140E-004
   1.1014570923254461E-004
   1.0407441628556524E-004
   1.1148688714286866E-004
   1.3072935700892416E-004
   1.1119510748953535E-004
   1.1940093867933915E-004
   8.3148092600301692E-005
   6.7890429504919940E-005
   8.4933217179088971E-005
   1.2688858726479858E-004
   1.6324888959331723E-004
   1.1073872941410039E-004
   9.1640328923491143E-005
   1.0606266843943766E-004
   9.9235103843605055E-005
   8.0796049959283554E-005
   1.3931599653585423E-004
   7.7877965139033011E-005
   9.7173262135349315E-005
   1.1501615226521462E-004
   8.7614996903571945E-005
   1.5768304035379370E-004
   9.4476182734476525E-005
   9.7615120233639457E-005
   8.0721785893926720E-005
   7.1746985950212140E-005
   9.7503012319740054E-005
   9.7839898545447028E-005
   8.3982157858350154E-005
   9.0338378270293914E-005
   1.0400347616463486E-004
   1.1171596539435019E-004
   1.1213990813726647E-004
   7.0780202686179780E-005
   6.1725671139047748E-005
   1.2181216540866339E-004
   1.5012049905540980E-004
   8.2113216111225925E-005
   9.8972934887629375E-005
   1.0509221682562784E-004
   9.5325628655181405E-005
   1.0903911534041124E-004
   9.3185198944140387E-005
   9.5014277229730785E-005
   9.8285633897470171E-005
   1.1478552987681668E-004
   1.1387032941002905E-004
   7.1486417773704086E-005
   1.4534570353345400E-004
   1.0549233408129434E-004
   9.5016716975436581E-005
   6.2440926538393906E-005
   9.6106640908146844E-005
   6.8380655541606979E-005
   7.5771570147311473E-005
   9.7984864737335695E-005
   6.9773701831935163E-005
   1.3642881091105973E-004
   8.5184658635412421E-005
   9.2044474304759234E-005
   1.4753682716201150E-004
   7.7545901673448014E-005
   9.2029320131105797E-005
   9.7470911771978461E-005
   1.1558175054205528E-004
   8.3668676365695303E-005
   7.5733262453602865E-005
   6.5965112731135837E-005
   6.5118124315126236E-005
   7.6490443081896810E-005
   9.3610267416748406E-005
   7.4283391212683661E-005
   8.6344445869844774E-005
   1.2005476032545858E-004
   6.6692977654677732E-005
   1.3448701688759839E-004
   6.3502270707798926E-005
   6.3233998417611196E-005
   9.2141841464804368E-005
   7.6154664466242814E-005
   1.8531727437885362E-004
   9.4689978708551188E-005
   9.5294488358170688E-005
   7.5214563746192769E-005
   1.1287004156583040E-004
   9.3523834251188603E-005
   9.1715675463288165E-005
   1.4290283259414349E-004
   1.3641160187919345E-004
   7.4465742568757473E-005
   8.0033337261636950E-005
   8.0910598749703527E-005
   7.6106403055602951E-005
   1.1701630979785339E-004
   1.0382107339975640E-004
   7.0262435721387613E-005
   7.7978398668875748E-005
   1.3164961882210932E-004
   9.0351973905552642E-005
   7.6229609100466467E-005
   7.9823511876576537E-005
   9.3319761606177638E-005
   1.0697109280636305E-004
   1.1916692413613005E-004
   9.3771832031467562E-005
   1.3070804454347549E-004
   9.0446984437774009E-005
   1.3157139523951766E-004
   1.0217002750469390E-004
   9.4787994466702575E-005
   9.3987794225652943E-005
   1.2802757732170505E-004
   1.2134666621217841E-004
   7.6839184298294413E-005
   1.1320264737184099E-004
   1.0561929909755652E-004
   9.8690591711937442E-005
   1.1288030353142927E-004
   1.2610730548644401E-004
   1.1533738954409466E-004
   1.3597741996712278E-004
   9.3054372440426204E-005
   1.2692719726783511E-004
   1.9015342731763164E-004
   1.0534053825029166E-004
   8.8862097872924355E-005
   6.4104475322913104E-005
   1.1747165273325216E-004
   1.1731071470150210E-004
   8.7285466281344985E-005
   1.1487399120633787E-004
   2.0518194317263404E-004
   6.8274589752911143E-005
   1.5186248420248155E-004
   8.1523322832590723E-005
   9.7240939159288231E-005
   8.9985842562908264E-005
   8.1456102140869060E-005
   5.2759613313985767E-005
   1.3074297062420172E-004
   1.0703252011384053E-004
   7.1656310602118874E-005
   6.3789116250349091E-005
   1.2114185243071542E-004
   1.0159556937427857E-004
   9.8152002420028023E-005
   8.2726704497342740E-005
   1.0666871492737593E-004
   7.1958953251602631E-005
   9.1097918478356900E-005
   8.3666538844785938E-005
   6.2255610789069637E-005
   9.9592409821793056E-005
   7.8795272308577427E-005
   8.5846823290072703E-005
   8.8544896886390850E-005
   1.2651643480173804E-004
   9.1864223383511911E-005
   7.7342047149116865E-005
   1.4199261039118586E-004
   6.6636436785320657E-005
   9.8387342420817834E-005
   8.8939477787098741E-005
   9.2284897504888713E-005
   8.3014421115271386E-005
   8.9954363589092508E-005
   8.8606832898550570E-005
   9.5487208913182979E-005
   8.5332696000614376E-005
   1.1266632261565414E-004
   8.3232048231037415E-005
   1.4870640465937995E-004
   8.5303746284193547E-005
   1.0166211386224868E-004
   7.3921303757764045E-005
   8.6178349846753889E-005
   1.1251080256131773E-004
   6.4989454229125136E-005
   8.5698958668652402E-005
   1.2521172621085696E-004
   6.2306020089199045E-005
   9.3628813619841387E-005
   9.8723372044744076E-005
   8.1966865574677411E-005
   1.0282594115956220E-004
   5.8690033718981656E-005
   8.0537194050575364E-005
   1.0844489466735655E-004
   1.1802192601167748E-004
   5.6103294928787028E-005
   7.5743179666991865E-005
   8.4176892897986792E-005
   1.0008354328780294E-004
   1.0586013182328572E-004
   1.0218873355261553E-004
   1.0794820608373825E-004
   1.3141948351146342E-004
   8.3791524374758335E-005
   8.5309444974769535E-005
   9.7070312146882226E-005
   8.2565342514116075E-005
   8.4490441096173177E-005
   1.0699250574084405E-004
   8.3379241542792226E-005
   1.1392941878269177E-004
   8.3550002095434040E-005
   6.1819884485201930E-005
   7.1036245917065956E-005
   7.6147158364509699E-005
   1.1897179474173368E-004
   1.2742580782635696E-004
   7.9014640786833262E-005
   7.6566138158420304E-005
   8.5324567590278270E-005
   8.5141627712020888E-005
   1.2456400964549981E-004
   1.0480004562700009E-004
   7.2094111649339857E-005
   6.9638155290288115E-005
   8.0201283522537560E-005
   1.1376298586996481E-004
   1.1037148981041347E-004
   8.8867463112401511E-005
   7.8689594765992375E-005
   7.8429057573517450E-005
   1.0376088468251431E-004
   9.4939968036245558E-005
   1.2613638128775799E-004
   8.1304151952533814E-005
   1.2442243687752795E-004
   6.5826135745214944E-005
   8.6494006833135920E-005
   1.3587021598968099E-004
   6.9150691365665957E-005
   1.4395290590001408E-004
   1.8303471426427996E-004
   6.5266679042288946E-005
   8.6060381864722825E-005
   1.0918960124177592E-004
   1.0990819129841620E-004
   8.0166625220336337E-005
   8.0915459075104788E-005
   1.0690558228786305E-004
   7.7260233160363144E-005
   9.3043736077092653E-005
   1.2691386322407993E-004
   1.0819990191924044E-004
   1.0211876022043669E-004
   6.9163435511191240E-005
   6.7525874391174634E-005
   7.1977239618016542E-005
   1.0011676200797139E-004
   5.4172214684576901E-005
   8.6337205064859215E-005
   1.2029551119892289E-004
   8.7623828337884285E-005
   6.7009944315950679E-005
   9.2002955832446996E-005
   6.7315073985434371E-005
   6.2607352864852239E-005
   8.5670861304439037E-005
   1.2601129935359824E-004
   7.4532180464475731E-005
   6.7848209967946206E-005
   8.1842168233553302E-005
   9.2747481222307999E-005
   8.0336787572388542E-005
   8.2434304294283690E-005
   1.3096041609507965E-004
   9.4492496484908472E-005
   8.5571163611763079E-005
   1.1658392335682377E-004
   9.9715229081139573E-005
   1.1001181675392197E-004
   7.1998842142995188E-005
   1.3270462302874457E-004
   1.3833730195355958E-004
   9.9494166642284722E-005
   7.3885976267411843E-005
   1.1439154816780073E-004
   1.0231420744136078E-004
   1.1246728610029857E-004
   9.7681334219830836E-005
   7.1790899974329383E-005
   1.2346782607807949E-004
   1.2454968105463229E-004
   1.2244992354520286E-004
   6.6121422806763043E-005
   1.0224379766238705E-004
   9.3060519437278638E-005
   1.0105989411100500E-004
   7.8393350689265882E-005
   6.7987272955961746E-005
   1.4370667382532581E-004
   1.2905696036539805E-004
   8.4519621010264569E-005
   6.9259820494654080E-005
   8.2837731465400030E-005
   8.0425575866148539E-005
   6.2426216537405020E-005
   1.4353811052856627E-004
   9.7484822934009271E-005
   9.2292402206560690E-005
   1.0310385179128836E-004
   1.2833395670690156E-004
   1.1135481110481940E-004
   1.1095271526720285E-004
   5.9032033064223051E-005
   1.0220834373525981E-004
   1.0832923936909407E-004
   7.7928720477687672E-005
   7.4750751820636848E-005
   6.8993230561339411E-005
   9.1627854066558777E-005
   8.1085799725700363E-005
   6.7407892098581950E-005
   8.7412576333073343E-005
   8.2432204210278325E-005
   1.2579351353732545E-004
   1.4446422888898534E-004
   7.0557049719270661E-005
   1.3389372934952004E-004
   7.8550159349008393E-005
   9.3507429704994404E-005
   6.3692747680187497E-005
   9.3493035621214902E-005
   8.5634710621438186E-005
   6.7884669049230611E-005
   8.5942332896236007E-005
   6.6564473741282987E-005
   1.6843142270202976E-004
   1.1666128990684660E-004
   1.0402481970989663E-004
   8.2816344523359766E-005
   8.2357041285617257E-005
   5.4392756943702749E-005
   8.0190171061889551E-005
   9.8302207806358637E-005
   7.1156962155390823E-005
   5.9918353665704041E-005
   1.1535721773030499E-004
   1.0314328053494537E-004
   1.1284896789757685E-004
   8.7918760748072685E-005
   1.2288907333051700E-004
   7.1988025750991497E-005
   5.4533755536166929E-005
   7.7998498368581125E-005
   9.1117086866177773E-005
   9.3170276469263543E-005
   9.0945699713592193E-005
   5.1009504361490451E-005
   6.4271912828441302E-005
   7.1245011690669889E-005
   8.4826406350533372E-005
   8.0541416286553446E-005
   1.0357438605644335E-004
   1.0750263518436179E-004
   1.0479818402817369E-004
   6.2524474103512864E-005
   1.4497877900873115E-004
   8.0258562422990250E-005
   8.9913588680780600E-005
   1.0769117604873876E-004
   1.7279682665832438E-004
   6.8513936986118346E-005
   6.1679956566764861E-005
   8.1703464658349504E-005
   8.5235275247416351E-005
   9.3870887443369395E-005
   5.5018173174293286E-005
   5.3174936502664631E-005
   7.5934655328844719E-005
   1.0093672703003121E-004
   7.8819319349976265E-005
   9.2734032466129228E-005
   1.1059030596464381E-004
   8.5285743623721310E-005
   1.6141589087314228E-004
   7.2125846746814420E-005
   6.6435223774149218E-005
   1.0238699865744497E-004
   7.1561517487442913E-005
   1.1745925602493824E-004
   1.1926930937395315E-004
   8.9705380721517188E-005
   1.0223718093391557E-004
   1.4410355363243322E-004
   9.8163382657564776E-005
   6.6785780653813787E-005
   1.2812994920845768E-004
   8.6815434770266421E-005
   6.1609941071299378E-005
   1.1068796200500641E-004
   9.3663982428328888E-005
   8.6472126471904152E-005
   9.5893570448804579E-005
   8.4053475343433672E-005
   1.1447294814764949E-004
   1.3453100988944263E-004
   7.1864879830171706E-005
   1.1468884480253286E-004
   8.7035350769085459E-005
   8.6464640084807007E-005
   7.8731456780785128E-005
   8.4113018936259569E-005
   8.0152026617521895E-005
   1.0622294484832039E-004
   9.3121608102591426E-005
   6.8173452327967480E-005
   1.0788197339913277E-004
   1.1117674873631058E-004
   9.5054001074549861E-005
   7.2538919982201831E-005
   7.6070411780598777E-005
   1.0961004716093549E-004
   1.1009085272601836E-004
   8.4316279795589201E-005
   9.2664177648111410E-005
   7.6520037600003981E-005
   1.0155197577477651E-004
   8.8316064671003605E-005
   1.6527746717490759E-004
   8.4704068367622836E-005
   9.9732759781531811E-005
   1.1804720125570903E-004
   1.2974710009248372E-004
   1.8185912139581003E-004
   1.0851586690425968E-004
   7.6204418141232242E-005
   1.1848702768343579E-004
   8.0992911264416397E-005
   9.6341805708861436E-005
   9.6338969683692363E-005
   1.3421714751595261E-004
   1.4391629895160309E-004
   7.5505805540159170E-005
   1.1101233017258185E-004
   7.8368726131954348E-005
   7.2418267078847004E-005
   1.1748054514609201E-004
   1.1909808755934158E-004
   8.3824945526677071E-005
   8.1586046844099415E-005
   9.1409985472479220E-005
   7.5060110980983914E-005
   1.7026723506082198E-004
   7.2831569412552111E-005
   9.8843985696205812E-005
   8.4220458503500510E-005
   9.0233462354406553E-005
   1.1932174963150701E-004
   9.2687887959889661E-005
   1.7358965034153061E-004
   9.5854809175422584E-005
   1.2948259612890057E-004
   7.2987692066784100E-005
   1.5653573620218845E-004
   8.7853140126034095E-005
   8.0217608959501566E-005
   8.5364466485333656E-005
   7.5635472737894691E-005
   8.2503388326633442E-005
   1.0343377939990425E-004
   6.9047625487571735E-005
   1.0818586251834780E-004
   1.0076471095529342E-004
   7.4524432082078186E-005
   8.0525628488754602E-005
   1.4089668619424311E-004
   1.5487126064133585E-004
   6.2835498490102323E-005
   1.1639404464069900E-004
   6.1669873785859567E-005
   7.0748199763345264E-005
   1.1641199186930614E-004
   1.6440961943726921E-004
   9.9910241529639995E-005
   1.1376615730964163E-004
   9.6921060877730336E-005
   7.8071459152604953E-005
   1.5813854119297758E-004
   1.0627808974461350E-004
   6.8008884288194458E-005
   1.3997467363187382E-004
   8.0938593163627459E-005
   1.0665764977728750E-004
   1.5208919253480711E-004
   7.2579827893730822E-005
   7.4372285130105357E-005
   7.0453628192588806E-005
   1.2535997638225377E-004
   5.4440561131865434E-005
   1.0408450737176941E-004
   8.9363662285317575E-005
   1.1726745741984362E-004
   6.4718419243382861E-005
   8.2422600076246199E-005
   6.0629812257979191E-005
   1.1900125914519999E-004
   8.6077570091860529E-005
   1.3664860637449923E-004
   9.1288244193372755E-005
   5.6712053100492158E-005
   7.4905602950674471E-005
   6.7360514910894242E-005
   6.1269009439255461E-005
   1.2644386499270803E-004
   6.4838063860960646E-005
   6.7630151478773428E-005
   8.0745449398930748E-005
   8.5701421485349848E-005
   5.4198488171057050E-005
   1.0897049533322055E-004
   7.6757223338147330E-005
   1.1524068057390263E-004
   6.6601190348122309E-005
   5.2376452645280112E-005
   8.8247452521664303E-005
   1.0649837319980827E-004
   9.1746433213543975E-005
   1.2096584162120043E-004
   1.1831591648784316E-004
   5.0675819460075343E-005
   7.6377527859208333E-005
   1.0545005832069208E-004
   1.5896890604592036E-004
   6.4238666752397669E-005
   8.5526205255408408E-005
   6.3543610980925397E-005
   7.4663733651392567E-005
   9.8319561770964469E-005
   7.2311100237429081E-005
   1.0733320328318629E-004
   1.0134907328893474E-004
   7.9029560043792095E-005
   1.1081981680945953E-004
   6.3999887341625641E-005
   1.4992218543611994E-004
   6.3242242415079291E-005
   1.0211282655405744E-004
   1.3223310088942536E-004
   8.8654057923072733E-005
   9.7207914970130632E-005
   8.4139010249164014E-005
   9.0104561391330629E-005
   1.5437292039792731E-004
   8.2752959449219925E-005
   6.9109964497405464E-005
   8.9915211940851637E-005
   1.0619693787464430E-004
   7.2525161905126961E-005
   1.0558617278600611E-004
   1.1278939356403269E-004
   9.3814537881761449E-005
   1.1943886436952099E-004
   9.7202329768403823E-005
   7.5584412363745052E-005
   1.3548461374555780E-004
   1.2988879447964268E-004
   9.1690971224069062E-005
   1.1881126123314523E-004
   8.7876827097452969E-005
   5.5005388781454837E-005
   1.2691746365484715E-004
   9.8108568294640733E-005
   8.0577488065497886E-005
   1.4061046363435210E-004
   1.2075637144350044E-004
   1.3556851305325502E-004
   9.0917474746608992E-005
   8.6014759799980372E-005
   7.2361032768123929E-005
   1.5048629278853712E-004
   9.3714111211903989E-005
   9.3463148353820937E-005
   5.6843266931908276E-005
   6.1168683545643354E-005
   8.9488298640733434E-005
   9.8250629231113031E-005
   8.7381095245249929E-005
   6.7589422495304238E-005
   7.9826954931822057E-005
   6.9926971596786472E-005
   6.5664999657199263E-005
   1.2519341418794014E-004
   1.9056292676667081E-004
   8.0649387018880817E-005
   4.8887415150685057E-005
   8.0270130756798146E-005
   9.8123521589032066E-005
   8.8906697105607376E-005
   1.1020572648855578E-004
   9.1169674148098640E-005
   8.1276516693381385E-005
   1.0277687362392293E-004
   6.5332371103718126E-005
   9.0829277303903656E-005
   8.6054918147850039E-005
   9.4126341494903630E-005
   7.8816253085303148E-005
   1.1168670543653022E-004
   9.0086647888018115E-005
   8.2767693850044520E-005
   1.2103083490583237E-004
   5.7194316620947527E-005
   9.4436139659378844E-005
   1.2878519955055140E-004
   7.8965573963167508E-005
   5.5970026187253315E-005
   1.0968176447947675E-004
   7.7487943592347824E-005
   6.8077744106318072E-005
   9.0556448719167283E-005
   1.0420606009211477E-004
   5.5606736098113469E-005
   7.9086583282890095E-005
   7.6678533387901691E-005
   6.7536117558485189E-005
   8.0667313715196391E-005
   7.2559285086768897E-005
   7.6574278296196054E-005
   7.1986952523836904E-005
   7.7358256162142930E-005
   7.5390849846938843E-005
   6.4756551158663523E-005
   9.9100245431750427E-005
   6.9834919088967011E-005
   7.4901164292571782E-005
   1.1410537953814482E-004
   1.4158726131923203E-004
   8.2034572754268988E-005
   6.6520743554055519E-005
   6.0879343289208330E-005
   9.1888962673539353E-005
   9.1085433627396630E-005
   7.4151546668727689E-005
   1.2287201270462446E-004
   1.6125730297398416E-004
   1.0083096388112411E-004
   6.3542795668792499E-005
   1.0806741190479659E-004
   7.9428545653677419E-005
   1.1058408910112407E-004
   7.7044769771651629E-005
   1.2444878936748317E-004
   1.1843117608486912E-004
   8.4623343459856021E-005
   7.8057486353716755E-005
   8.0373565666838021E-005
   7.9501258777619975E-005
   1.3438730226309547E-004
   9.9970881126821510E-005
   1.2958945528679554E-004
   1.8193223329183289E-004
   8.6287496921013150E-005
   1.2381663888838358E-004
   1.5458412336245419E-004
   7.3004869150190968E-005
   1.0462064890199587E-004
   5.2557469728239146E-005
   7.4027009639724011E-005
   8.8782074423076932E-005
   1.1370899965316571E-004
   1.2050034539330623E-004
   6.9520137210429635E-005
   8.8900936807360085E-005
   7.2808207102051273E-005
   9.7441594297735092E-005
   8.1593640536142562E-005
   5.2592286721815561E-005
   8.5133351690936654E-005
   7.2092770495867412E-005
   7.6727043633883317E-005
   1.1687491839155116E-004
   9.0569848191916273E-005
   1.0724861949464260E-004
   8.7553851983722199E-005
   8.9862642960148950E-005
   5.5450380533688889E-005
   7.5710621723743701E-005
   6.0972366028848966E-005
   7.9165230301038106E-005
   9.5284469783349271E-005
   7.3723039574506228E-005
   9.8915875618262329E-005
   7.9398741058504506E-005
   7.1632075889547042E-005
   8.9470857271431938E-005
   7.1894515216097297E-005
   1.0643319708129234E-004
   9.1489334854302006E-005
   5.8199285955681859E-005
   7.3106719290868134E-005
   1.1595394789017808E-004
   1.2402418231717406E-004
   8.7968368645348889E-005
   1.6972889627220669E-004
   9.7056297971468897E-005
   1.1533705810754586E-004
   8.5481186134041940E-005
   8.5903591712124225E-005
   9.7106536842550843E-005
   9.2705832183327227E-005
   8.9334549664256272E-005
   1.3455776181218735E-004
   1.0909059949867591E-004
   7.9397481478441818E-005
   1.1257848138640371E-004
   1.0377867705158024E-004
   9.5078695521748702E-005
   1.3260800065867430E-004
   1.0130087628100315E-004
   9.9646618469695651E-005
   7.8309518024511943E-005
   9.7973056794386826E-005
   6.3512689794825762E-005
   8.7480459073900133E-005
   8.8624796737391635E-005
   7.6752909802767059E-005
   1.2310884624145831E-004
   7.1946265552835857E-005
   9.0387367715667513E-005
   1.4947348238271552E-004
   8.0220035723401750E-005
   5.6234540377337973E-005
   8.1161923848744566E-005
   8.4927810914017950E-005
   1.1335242529691504E-004
   1.2865688922016012E-004
   9.1975065354267679E-005
   1.0835068851168512E-004
   6.5256219652227030E-005
   6.1311159733841005E-005
   1.2774859717146260E-004
   9.8463281842526201E-005
   7.0307751133180546E-005
   6.2271484087387567E-005
   1.0495940702426658E-004
   7.3600854795563664E-005
   9.6249600801705959E-005
   7.5612798842280012E-005
   7.0695911477173306E-005
   1.1558467116953524E-004
   2.0213901917675491E-004
   1.3352583179827214E-004
   1.2916896018779021E-004
   1.5518910245009118E-004
   9.8214609887851354E-005
   8.1235580256620968E-005
   9.6065925530854670E-005
   1.0381915459489667E-004
   8.7269938554339520E-005
   7.9978849646569625E-005
   9.3643037155507577E-005
   8.8636716137512243E-005
   7.3498177932064136E-005
   1.4262507003489630E-004
   7.5769813107989873E-005
   8.3108587747938499E-005
   7.7839352486164956E-005
   7.3718273751832076E-005
   8.6770674095678580E-005
   1.0925865913612187E-004
   8.9875061956947821E-005
   1.5729212713322375E-004
   1.0975515380424536E-004
   7.7224976833241971E-005
   1.4296396741251671E-004
   1.4391209955499080E-004
   5.4646382476886878E-005
   5.1406401394457259E-005
   8.5957326491311638E-005
   9.5059769592405766E-005
   8.3792168614285552E-005
   5.7075631422992422E-005
   8.3998263552580006E-005
   1.3741683399104291E-004
   8.5339018595452263E-005
   7.2580223470618325E-005
   7.9986067436044179E-005
   5.8410532165694105E-005
   7.7611928114267392E-005
   1.2388058815449412E-004
   1.3034159595862912E-004
   1.0839973432549637E-004
   7.9450948879255829E-005
   4.6533283472169352E-005
   8.1479301030716302E-005
   7.6227777184279118E-005
   8.5336120393241977E-005
   9.1211502094970707E-005
   7.6586047730812224E-005
   1.0739963273650881E-004
   6.3832877250587352E-005
   1.1342830774343730E-004
   6.9331536333527995E-005
   8.7271405318128532E-005
   1.2695368415988577E-004
   6.2387061845883528E-005
   1.1410662776288988E-004
   1.1100068306967217E-004
   8.5982161615178018E-005
   7.9890662823557605E-005
   9.7144341239551417E-005
   7.2216471510721879E-005
   1.2647864868992956E-004
   1.0440223505478330E-004
   1.1608113396716562E-004
   8.0468327840945705E-005
   1.1155591888246691E-004
   9.4464626121826446E-005
   1.0385593020463255E-004
   6.8423025545142423E-005
   1.0944091230223961E-004
   1.1323863736901559E-004
   1.0470141409646366E-004
   5.8919121522065620E-005
   9.5920698056251627E-005
   8.1276612353665292E-005
   6.5299483013750862E-005
   7.6493490058783390E-005
   8.6038027931133689E-005
   1.3121839085768235E-004
   1.1304343589508009E-004
   5.5431452071799515E-005
   1.4593557219111559E-004
   7.0026572153425573E-005
   7.9138562407215295E-005
   7.3481520085648630E-005
   1.5243228122440485E-004
   1.0096550435968477E-004
   7.5066990665749523E-005
   7.3577840187401779E-005
   8.8294297445414956E-005
   9.4078697430167481E-005
   6.8534632892283630E-005
   7.7447433723639434E-005
   8.1728838564967967E-005
   6.4563712932103040E-005
   9.2195265729451133E-005
   8.5326604658505085E-005
   5.8105561967230007E-005
   8.1312705004184545E-005
   9.0697172294058052E-005
   9.2767563293987804E-005
   1.0868705826301839E-004
   7.9237817788264570E-005
   8.1410359479616235E-005
   7.4871084506410152E-005
   1.1989805256112102E-004
   7.8856767283347080E-005
   1.3622331546955143E-004
   1.5014345054665162E-004
   9.2218190899442904E-005
   1.0575815283792943E-004
   8.2103312086327020E-005
   8.4536835809670570E-005
   7.5837947618956082E-005
   1.2384077650752422E-004
   7.0293559917361539E-005
   7.9473561907098396E-005
   9.3606983854862242E-005
   1.8780611202500673E-004
   1.0342108815693550E-004
   1.0807286642558432E-004
   1.0988531458544408E-004
   9.3890405983342387E-005
   9.2518997370661155E-005
   8.6794069122737139E-005
   7.4229826509958249E-005
   9.5207823446931124E-005
   1.0657116673223012E-004
   6.7271056688787901E-005
   1.4908815802529746E-004
   8.2732583273653219E-005
   1.1560348273784674E-004
   7.3434660189798949E-005
   7.5861092078380047E-005
   8.8299563279259922E-005
   1.1688470123853523E-004
   7.5641012436765867E-005
   8.4932909966282236E-005
   1.0308110120838297E-004
   6.7197373203153115E-005
   1.0565829617751290E-004
   8.0403514922027606E-005
   7.0524508894510452E-005
   1.1729281936213806E-004
   1.1511721096960600E-004
   8.6384292026433273E-005
   1.1019835231795310E-004
   6.7300914214995600E-005
   6.4000378660392305E-005
   1.0007955410672029E-004
   1.1993274905510310E-004
   6.9065239797330434E-005
   5.5343199867017429E-005
   1.3078199486623061E-004
   7.4094714391563049E-005
   1.0943049345266324E-004
   1.4785304195005244E-004
   5.1624147486527215E-005
   5.3904699938014751E-005
   7.6668712533908902E-005
   7.7757407523057151E-005
   1.0466991960707258E-004
   7.6943766155001907E-005
   1.0415260818159414E-004
   6.2276312953035432E-005
   7.4449196585472935E-005
   8.5530952331246878E-005
   1.4341687370399966E-004
   8.6274459445552100E-005
   8.4311821720007603E-005
   7.6766031297063943E-005
   7.8996395592906523E-005
   6.4556372668319581E-005
   5.6266524323468608E-005
   1.2312157374512288E-004
   1.7617445607532196E-004
   7.5274596875752706E-005
   8.7411700329094366E-005
   8.6083524491624254E-005
   1.4074255911579646E-004
   9.9564914088223351E-005
   8.3376835249182057E-005
   6.6718285774357609E-005
   1.1230640923595641E-004
   7.9083321032935385E-005
   1.1516977569946310E-004
   1.8137998442376582E-004
   7.2171804539225765E-005
   1.0777183309019225E-004
   1.2687405176996737E-004
   8.5909605199383941E-005
   1.3786174560832717E-004
   7.3898577127097268E-005
   9.2976127107318200E-005
   7.8858601352049451E-005
   5.9879779199086249E-005
   8.0947096617054671E-005
   1.0060697604112119E-004
   1.3092259098732649E-004
   1.0170048751585297E-004
   1.2227899961114716E-004
   1.0726003076385709E-004
   7.0832775950731730E-005
   5.7217868205695960E-005
   9.0096714127492668E-005
   1.1197402680206471E-004
   7.1300576070960518E-005
   7.6330532974299063E-005
   9.4087475543044364E-005
   7.7824208237274245E-005
   8.3258462487126376E-005
   8.5232547614960539E-005
   1.0130313357957365E-004
   8.1601909501048672E-005
   8.9280196666330613E-005
   8.6143423392106224E-005
   8.1875703432921569E-005
   9.2346354466563279E-005
   1.0067843762890061E-004
   1.2688903254031101E-004
   1.3358453685353083E-004
   7.0403645887319224E-005
   7.3902231018906206E-005
   6.8611139323547881E-005
   1.5103727364591124E-004
   1.4208631124795648E-004
   8.8759724829570085E-005
   1.1898889946950767E-004
   8.6198254048233612E-005
   1.0982748845297421E-004
   1.2109433461488460E-004
   1.1667245781519664E-004
   9.2365280173175635E-005
   7.5526747130162555E-005
   8.3569188128905262E-005
   1.1166333999542295E-004
   1.0788624293869053E-004
   1.4450827243627846E-004
   5.8078180030334534E-005
   6.6915939178541122E-005
   8.4867165225714742E-005
   1.3562166730086519E-004
   1.1916346246740593E-004
   8.9467584456605402E-005
   1.4554152593552048E-004
   7.2396048049825975E-005
   5.9073945503061128E-005
   8.1736052961619294E-005
   8.0063420463592690E-005
   1.4115703967964191E-004
   1.3013732209116857E-004
   1.1490064965702490E-004
   1.7858775052204733E-004
   8.7137368023181702E-005
   1.1204336827416500E-004
   1.7229395026497046E-004
   1.2095042040092035E-004
   1.4633403358271021E-004
   7.4710309386301430E-005
   5.8253956728544220E-005
   1.0394432891353140E-004
   7.0300827208262149E-005
   7.0560347065024698E-005
   8.0811170780777306E-005
   9.6028652852969272E-005
   1.2449304293852526E-004
   9.1780668904980402E-005
   1.3063252160639639E-004
   7.5518720501347228E-005
   8.1448853616862413E-005
   1.2921485601138965E-004
   1.3659759695600895E-004
   6.2230228521519083E-005
   1.0658884388098228E-004
   6.2474417441436654E-005
   7.4074348172260048E-005
   8.1060516738880892E-005
   1.1791466717231187E-004
   7.7715078521371517E-005
   7.5101616597855373E-005
   6.6836999901596914E-005
   7.1061020844014424E-005
   5.6113589676409077E-005
   8.7791803635890771E-005
   9.7037811074497196E-005
   1.3948962044054691E-004
   8.3004587248221141E-005
   1.0330754758799809E-004
   7.8324209078211508E-005
   7.0843180174564436E-005
   1.1380589659964621E-004
   1.1995640604238987E-004
   6.5963700505955724E-005
   1.3025167112495564E-004
   9.0258618311681900E-005
   5.3079563833612257E-005
   6.8005517476806384E-005
   9.7386380644281386E-005
   9.2845651776833605E-005
   1.2886849487625995E-004
   6.4351197175513636E-005
   6.1052565071457898E-005
   8.2886050437837967E-005
   7.4990801444458513E-005
   6.9426255609231978E-005
   1.2023231790628827E-004
   5.5323691990909302E-005
   8.6009157958596814E-005
   8.7711655684525149E-005
   1.2655175728720121E-004
   8.2213756822213833E-005
   6.3554775049846454E-005
   9.9902436134273925E-005
   1.0361061291399287E-004
   1.0167187612551824E-004
   9.6374810488288824E-005
   9.8776770990449981E-005
   7.3557488502066883E-005
   8.0747869276643524E-005
   1.5313626958991358E-004
   8.2007175715474061E-005
   7.8801383396966810E-005
   9.5688259484749588E-005
   7.1419900777322282E-005
   1.1818914472892932E-004
   7.3221841650587138E-005
   9.5336335546253228E-005
   1.2138200788633836E-004
   8.1135370285312003E-005
   9.2133441799916211E-005
   1.0033880577527432E-004
   9.8200591688118031E-005
   5.4605616543030784E-005
   7.5079376057590752E-005
   8.3910397388244057E-005
   8.4369406304326655E-005
   1.1434523013765800E-004
   1.1452980261074036E-004
   7.1628857769799050E-005
   1.1026325884034466E-004
   5.9267544238905163E-005
   6.8406359474327294E-005
   1.7523077468016123E-004
   9.7714645562638766E-005
   1.1384533643967426E-004
   1.7163744220052827E-004
   8.9727141306158171E-005
   1.0061579359258977E-004
   9.6279661987666308E-005
   5.9246524942347432E-005
   6.3027650056126229E-005
   8.5322791076312916E-005
   9.6403588192677864E-005
   1.0713810757123532E-004
   8.7979551334612356E-005
   4.8339791743842470E-005
   7.4052304145624296E-005
   9.4154294140826394E-005
   1.1092327982021901E-004
   7.6012079197199732E-005
   1.0495661907889969E-004
   5.0836757016432497E-005
   8.2968046804873612E-005
   7.7783337578122761E-005
   1.2430812428880476E-004
   8.4331219881223028E-005
   7.9014098219779111E-005
   5.9030133525248322E-005
   1.3538768079720582E-004
   9.0339812529363579E-005
   6.2928889422950686E-005
   1.0132259915623845E-004
   1.0315291725888605E-004
   8.5384494994346924E-005
   7.8105343316487555E-005
   9.1596190251993801E-005
   6.5407504862658114E-005
   1.2524578396007506E-004
   1.1271622466064838E-004
   7.2927129460734154E-005
   8.0626392610518068E-005
   6.5489019283464090E-005
   1.0792912227642354E-004
   8.0889309220242149E-005
   7.8067048048393738E-005
   8.6068502856479577E-005
   1.1668375719702036E-004
   9.3401249068886943E-005
   1.6299728207962760E-004
   7.1149095638348619E-005
   1.1236184944675572E-004
   1.0888242057585097E-004
   5.8327145998545338E-005
   8.3131122744011990E-005
   1.0024743202764935E-004
   1.3638914390026006E-004
   7.8476559226006362E-005
   1.2367524570755907E-004
   8.8550704866497592E-005
   9.5633392665896513E-005
   9.6871457216517225E-005
   7.0608919271507127E-005
   8.5628067581590756E-005
   1.0905716484783433E-004
   7.7747411686375284E-005
   1.6372094118783371E-004
   1.2377822780672591E-004
   1.0903065465369500E-004
   9.4325725249294216E-005
   6.7477062627261536E-005
   8.5092210002761997E-005
   1.1934207842056220E-004
   5.9496045908568282E-005
   1.4269813612744202E-004
   6.9964491747467043E-005
   9.7541681704418074E-005
   8.6617742879675026E-005
   7.4551124684224383E-005
   7.4909512855084407E-005
   1.1990963798582780E-004
   7.9445375658632818E-005
   7.2533819905264496E-005
   9.9345164507507773E-005
   1.0487793872272804E-004
   8.8891754945190455E-005
   8.9664239977701191E-005
   7.2619790942697029E-005
   1.3002124846456229E-004
   1.1184623819045679E-004
   1.1203792521169659E-004
   8.4006433377681704E-005
   8.1164166598319569E-005
   6.5226251235304806E-005
   1.4520475790138004E-004
   9.8918581023920536E-005
   8.6828029688750417E-005
   7.6042364844174459E-005
   8.1168857141344927E-005
   1.3687552719064870E-004
   8.2695413859068360E-005
   1.0228209906920523E-004
   1.1621631559205526E-004
   8.1893774655272258E-005
   6.5014778104474717E-005
   9.3901132968714294E-005
   9.9965562971301978E-005
   6.4504571387943380E-005
   9.5189984911340459E-005
   7.0742845532002630E-005
   7.4713166015820192E-005
   7.8666237229169450E-005
   6.0485160095720651E-005
   9.1209445984620626E-005
   1.0563146778030601E-004
   1.3345618269897835E-004
   7.3373269558266106E-005
   8.1136309293934665E-005
   1.0942770568673096E-004
   1.1921865956728277E-004
   7.6339452497750982E-005
   8.4083602995640698E-005
   1.5534740833094869E-004
   1.2052905209692469E-004
   6.5870412486273251E-005
   6.1627080453875764E-005
   5.9838380632049349E-005
   8.9017710911058989E-005
   8.4257964081174867E-005
   8.9876446421217367E-005
   9.5161537459922263E-005
   1.1831126865190217E-004
   1.2851187174965051E-004
   1.0528034216107673E-004
   7.7724754361898756E-005
   8.0165837380906602E-005
   8.8189392731940751E-005
   7.4695066556110967E-005
   7.6334619755790258E-005
   8.9008484309285803E-005
   9.5903584364400151E-005
   1.2231082542295518E-004
   6.9173183077806086E-005
   9.1434413002349299E-005
   1.0724393298780626E-004
   6.6615543218787686E-005
   8.6909321621962424E-005
   1.7957504511484774E-004
   9.9608883022763456E-005
   9.8121768231432778E-005
   7.0276715021755498E-005
   1.5494159093941062E-004
   1.1159186981606799E-004
   8.2632577380849760E-005
   9.7839904217284635E-005
   7.2955109328271786E-005
   1.1416971607209337E-004
   6.8998688509282471E-005
   1.5251330307566351E-004
   1.1104135131818557E-004
   8.9041464689493783E-005
   7.9303895183669389E-005
   6.3052435327041768E-005
   5.8477302311682187E-005
   8.0884686152713254E-005
   1.2693491604990589E-004
   1.1705327645325363E-004
   7.8055876762708019E-005
   1.2293956294677941E-004
   1.1103322649315278E-004
   1.2254095919778368E-004
   1.0633416105422635E-004
   9.3496397633955399E-005
   7.2157889041349362E-005
   8.9449168536520830E-005
   8.1768742740550738E-005
   7.9290590301297326E-005
   9.8484632904258598E-005
   7.4089634309491259E-005
   9.4469665286063347E-005
   1.1121415103392099E-004
   1.1672256286840543E-004
   9.2151319672714873E-005
   8.5709984855845790E-005
   7.7053212258432248E-005
   7.2203331608356605E-005
   1.1568871753801549E-004
   1.3330307699442205E-004
   9.4923932544548024E-005
   1.0159216517029508E-004
   1.1145568976644249E-004
   1.0144720241806033E-004
   7.5383036165345803E-005
   9.7590591312759464E-005
   9.2986182505587053E-005
   1.5221052186918118E-004
   1.0475199557175211E-004
   7.0794665939774719E-005
   1.4775678080389889E-004
   9.4590683899229092E-005
   6.4273499863693202E-005
   8.8505594760636229E-005
   1.0477598624007185E-004
   5.0856604097257124E-005
   9.4181652991288684E-005
   8.5125228550043714E-005
   1.6163408660012054E-004
   1.4746234928819381E-004
   6.4578739452549611E-005
   8.7967140506780561E-005
   9.7456549392727475E-005
   1.0377049902070195E-004
   1.6053438843614812E-004
   1.0118334099676527E-004
   1.1051640149585177E-004
   1.2186053880608855E-004
   1.1138649780466947E-004
   8.8905288185759873E-005
   1.1573170570676982E-004
   1.1868678016460395E-004
   6.7788528581706110E-005
   9.9511137437721079E-005
   8.6612991578080919E-005
   1.3616664623862596E-004
   7.4756839073938179E-005
   1.0313626335556756E-004
   7.1829679954061419E-005
   1.0786509983372675E-004
   8.8209773619843908E-005
   7.8969951714586299E-005
   6.2437181243460112E-005
   7.9227183724327885E-005
   1.1416354694184159E-004
   1.0066008669511536E-004
   1.4480544138370245E-004
   1.1236539606105274E-004
   8.8788474086851744E-005
   5.5370449633140047E-005
   6.3153317597370640E-005
   2.2095844328334389E-004
   1.1087486731515845E-004
   7.0959299668383406E-005
   1.0725484214879879E-004
   8.3172208438220781E-005
   1.1846039229174739E-004
   7.2308750783339442E-005
   7.2582194026694983E-005
   1.2961494245475720E-004
   8.0055174608701187E-005
   1.8068407050824119E-004
   5.9756049508712805E-005
   8.3309880608894505E-005
   1.2366866129470883E-004
   8.1025421777471745E-005
   1.3331874302003908E-004
   1.2120088151742969E-004
   7.6597638130923549E-005
   7.1058955639511097E-005
   1.2889443252748104E-004
   7.3131992861897056E-005
   8.1015769829423864E-005
   7.0846959351057693E-005
   7.7856990468839061E-005
   9.4310292096615894E-005
   1.4837232231733447E-004
   1.1645167442880355E-004
   8.9754523661072982E-005
   8.4964386774776372E-005
   1.0432943238432512E-004
   5.6549770802212134E-005
   6.2235250823038232E-005
   9.6839654105733972E-005
   8.7034142035314114E-005
   7.3200323008022379E-005
   1.1002672798583403E-004
   9.7168075095753850E-005
   1.3405892512078615E-004
   1.4028032687311403E-004
   9.3699651488711000E-005
   1.0388601968835595E-004
   1.1650162525167246E-004
   8.3520110546663742E-005
   8.5723538174450715E-005
   8.1292207413371506E-005
   7.5978589240208598E-005
   9.7013071631741514E-005
   1.0608659757767366E-004
   1.3765129321142069E-004
   7.7148953761945765E-005
   1.1960487617469945E-004
   9.3043323332002106E-005
   6.6698060528304757E-005
   7.7812653737379287E-005
   1.6173035987555523E-004
   1.0579167129457100E-004
   7.9317284455646104E-005
   1.1533562596124489E-004
   1.0109225345286998E-004
   1.0064783699650097E-004
   7.7105746387433482E-005
   7.5778272975838662E-005
   5.9156391085127533E-005
   7.7126576407846875E-005
   7.2087493969247101E-005
   6.1694755078611665E-005
   1.0439076179144425E-004
   1.4125963449816708E-004
   8.6075012326580056E-005
   7.1376286562048520E-005
   7.5473764529875091E-005
   6.8391829950656895E-005
   8.3033611819495378E-005
   1.4462988842766999E-004
   8.2277884712877040E-005
   9.7511840384756029E-005
   1.1288570731582314E-004
   7.4567186737691194E-005
   1.0195517982278688E-004
   1.2299198500957518E-004
   8.3967641951597285E-005
   9.7316904169431005E-005
   7.6614354511829691E-005
   9.4403917210099074E-005
   1.4347285770956706E-004
   7.5530854414848988E-005
   9.1899850613426723E-005
   9.1646725695795580E-005
   5.1608639047659528E-005
   9.3377689912731949E-005
   1.1785258362831450E-004
   1.5509193936941241E-004
   9.0900337305272865E-005
   9.6238883991164336E-005
   9.7510410290053729E-005
   1.5475700314629434E-004
   1.1554720119339423E-004
   9.0267011860015989E-005
   5.0831211576468491E-005
   9.9788958547542678E-005
   8.6011793424453349E-005
   9.7900824688545556E-005
   1.1996269804557325E-004
   1.5762451480481256E-004
   1.5777822973313941E-004
   9.8057513320176648E-005
   1.0467436527576135E-004
   9.0195039983743150E-005
   5.4300669153096206E-005
   1.1066148193867211E-004
   6.1172403880742533E-005
   1.1249546834719866E-004
   8.3908734118749606E-005
   7.2662040949142599E-005
   1.3496268903419903E-004
   6.9916285421640613E-005
