   1.0414351657007116E-004
   1.0301948020963345E-004
   9.0860217822871754E-005
   7.4867016588994867E-005
   7.2053891972234229E-005
   5.2132916045574358E-005
   6.8866648401869049E-005
   6.0353829474035854E-005
   8.3853872414439733E-005
   6.9272804633440020E-005
   9.5335261319487609E-005
   8.0809636518148456E-005
   5.6277067845080231E-005
   9.6541334784355101E-005
   1.0555094267359038E-004
   5.9321622477526830E-005
   1.4434100404796775E-004
   7.5698635767539898E-005
   1.0081795091055197E-004
   6.4684522963599542E-005
   8.6950848053416309E-005
   9.5223803989039264E-005
   9.7915256920415241E-005
   7.3393743484230080E-005
   7.5148147539652106E-005
   1.1013494564206494E-004
   9.9452933220899452E-005
   8.6260514382812024E-005
   8.9101226703643189E-005
   6.6098748471359221E-005
   9.5714192218014480E-005
   7.2054666485905851E-005
   7.8505965717182350E-005
   1.4323602157982100E-004
   6.5486528615810646E-005
   8.4139050716734200E-005
   1.3235107304277829E-004
   8.3735436019641681E-005
   6.7295519996221238E-005
   6.7391388290346198E-005
   7.0942144469322748E-005
   8.4997177097302765E-005
   7.6658377942685893E-005
   7.8618233840176930E-005
   6.7056006617214280E-005
   6.9727052711519562E-005
   1.2468372410074453E-004
   9.6871800394124244E-005
   1.0221335002989310E-004
   8.2777153251603015E-005
   1.1191040797953726E-004
   1.0830060049327017E-004
   1.4107162375616336E-004
   6.8063894176503879E-005
   7.4316883243460342E-005
   1.5530326345877159E-004
   7.7759022220070766E-005
   1.0736439015359813E-004
   7.9696031786319376E-005
   1.5712022710362851E-004
   6.4931733197172469E-005
   9.8394640729764879E-005
   5.8620802943040308E-005
   5.9984241472133074E-005
   5.9439335907333847E-005
   1.1302492422582976E-004
   8.4393061689334904E-005
   7.8277690179915873E-005
   8.7772985186856438E-005
   9.8341924573065758E-005
   1.5147049026402993E-004
   1.1409540068942374E-004
   6.6435139231957395E-005
   1.0386462885298350E-004
   6.5289822183242269E-005
   1.1606896746382456E-004
   7.2323193814707385E-005
   7.9061814545373324E-005
   7.3023360884324142E-005
   8.0599362172722536E-005
   9.1525554622655435E-005
   6.3883859612240504E-005
   8.5111971101964432E-005
   1.2544014778508535E-004
   8.8508706718333879E-005
   8.8644193938386658E-005
   7.4278592042584021E-005
   9.6827625727913548E-005
   8.4515124045779507E-005
   8.1004949206745606E-005
   9.5160003013974653E-005
   1.0009472029881968E-004
   1.4720854776089420E-004
   8.7603030738685558E-005
   9.5372735739683622E-005
   8.5641019206591330E-005
   9.3561360565443843E-005
   7.8872390700179836E-005
   9.7509462852689299E-005
   6.6962462923216931E-005
   7.3570229765919238E-005
   8.3465761872198780E-005
   9.6572224763074929E-005
   7.9305405925282944E-005
   8.7139760132770401E-005
   8.7769691884726289E-005
   8.8606313937550609E-005
   6.3291554589008141E-005
   8.8031799519148950E-005
   8.4812962555406624E-005
   8.2643136955931813E-005
   7.3863344689616226E-005
   8.6151203829943005E-005
   9.3416385797811017E-005
   1.5860973281487837E-004
   8.2326239607545581E-005
   6.4357557601952845E-005
   1.1586406268375042E-004
   8.2672412632447143E-005
   6.7904294351491673E-005
   7.7294549824436599E-005
   9.8194550611460372E-005
   9.7407460024392668E-005
   8.5173808692886330E-005
   6.8056874307113240E-005
   1.6319183688847424E-004
   7.9667127126200213E-005
   9.4554363734658431E-005
   1.0806567650951246E-004
   1.1121409939004827E-004
   7.2583322418528663E-005
   4.9315755738729543E-005
   1.6737110437190013E-004
   6.8914585896269080E-005
   1.1992176431744842E-004
   8.9967055668788834E-005
   7.2950908623123760E-005
   5.4305496685064750E-005
   8.1920513929931017E-005
   1.0030302723594584E-004
   8.5886337146578366E-005
   7.0870217969854708E-005
   9.8270836928273842E-005
   8.9917813700076028E-005
   1.1528415876323769E-004
   1.2472963140196299E-004
   7.4743746368068206E-005
   1.1614643376907092E-004
   1.0835216972691732E-004
   7.6231492022555967E-005
   6.4112238359906478E-005
   7.5655874154813632E-005
   7.1433167496241098E-005
   7.0114278403885096E-005
   9.6725043704687120E-005
   8.7184361126911656E-005
   6.1374823978400280E-005
   8.9392444645630971E-005
   7.9811852855470421E-005
   6.2881690313705866E-005
   1.4923029679688490E-004
   6.5058776892244153E-005
   6.2388536055828645E-005
   8.4960589834388539E-005
   1.0146829614421688E-004
   1.0822103117464629E-004
   9.8626792878327678E-005
   7.9078402080644893E-005
   9.6602329512431522E-005
   9.7596657088824343E-005
   6.6630870646571810E-005
   1.0239771226143634E-004
   1.0109729593391404E-004
   1.8533306324146809E-004
   8.4702027225060764E-005
   7.9072496193144479E-005
   7.5274962059176611E-005
   7.8279838790626583E-005
   8.2522573743604134E-005
   1.4308872536404960E-004
   9.1474634328309455E-005
   7.8731001342199317E-005
   8.3348568751673988E-005
   8.7487828613498641E-005
   8.4404675450324945E-005
   6.5251670842410474E-005
   7.4583426998551684E-005
   6.7275272297793914E-005
   7.4944342868904824E-005
   7.2738703670725930E-005
   1.5619825289051023E-004
   9.3749768857246288E-005
   7.2797230278741023E-005
   9.5626601702828332E-005
   9.6355445814223057E-005
   9.6229001906742399E-005
   9.0945247275274818E-005
   5.8155986426657230E-005
   8.3734656161527803E-005
   6.1572368346530848E-005
   9.1253116982817641E-005
   7.2880228197382831E-005
   9.9530409111960499E-005
   5.8342179687806313E-005
   9.3440942080570970E-005
   6.7609565487781529E-005
   8.7452608912401365E-005
   8.3055639230714676E-005
   7.5532378039573842E-005
   7.4670771511201972E-005
   7.1879479033032406E-005
   9.0749975210012050E-005
   1.0008252055884266E-004
   9.6976912458177159E-005
   6.9808889020158630E-005
   9.1332398016380595E-005
   7.1278365206230564E-005
   6.9271935875493240E-005
   8.3594988261825781E-005
   1.0780700486646825E-004
   7.9724588184624756E-005
   8.5768990164192957E-005
   8.6364272478090833E-005
   8.8962349397559408E-005
   7.4478568819388348E-005
   7.0334723965062047E-005
   9.2793134852323743E-005
   1.1871146535778357E-004
   8.8379864041865741E-005
   1.1189413643456697E-004
   1.0349566226315306E-004
   1.0297093044575751E-004
   7.7582173206107053E-005
   1.1499933731909620E-004
   8.9777494014607235E-005
   7.4349763982681455E-005
   9.0195881535722389E-005
   9.9471923955887504E-005
   1.3134719966761087E-004
   9.1947340024559404E-005
   7.5607296540456046E-005
   6.4786693975943984E-005
   1.1555173451390919E-004
   1.0098659241128623E-004
   8.1282278317028765E-005
   1.5963688315015251E-004
   6.4355635074060753E-005
   7.7057824475110394E-005
   8.3359190644098489E-005
   7.3807897562634046E-005
   8.1209268071451662E-005
   5.8873692388038197E-005
   6.3376086408020304E-005
   7.9870899820587974E-005
   9.5970980116866279E-005
   9.0313003976413397E-005
   1.1582389215319718E-004
   6.2501575153531372E-005
   8.1211491754688841E-005
   9.0110567128615028E-005
   9.3984958179238142E-005
   8.9928121419246873E-005
   9.2270034877996605E-005
   6.9392312172163217E-005
   6.2888958908572553E-005
   7.5576422898236255E-005
   6.4931518251019809E-005
   9.2014458899879526E-005
   8.9654111378079779E-005
   9.6674267757128823E-005
   7.9038790131807609E-005
   8.1316073932733693E-005
   7.7624093006179649E-005
   6.8255427734571777E-005
   8.3045724524230178E-005
   9.9112322779180780E-005
   6.8128477001962298E-005
   1.5582406445515578E-004
   5.9472959645498885E-005
   1.3834662536934460E-004
   9.9112386865447225E-005
   6.0442799717347806E-005
   7.8549735870649649E-005
   9.1360438770870080E-005
   9.5608614742139961E-005
   8.0163167411108574E-005
   7.3367959573584360E-005
   9.3070629970831145E-005
   1.1289530657076593E-004
   8.2886888973741671E-005
   8.2370746807725035E-005
   8.0289336800923295E-005
   8.2014074986458182E-005
   1.1546960512945187E-004
   6.9933134967278953E-005
   1.0944000324073398E-004
   8.6202202892177667E-005
   7.3368551493170690E-005
   1.0430933740941662E-004
   1.2029923461677383E-004
   7.1269486344037239E-005
   1.2561050657864051E-004
   8.0065734309522937E-005
   8.8772557493551198E-005
   8.8882359696634220E-005
   8.5854565252652310E-005
   7.5862085292535851E-005
   1.0350172219567529E-004
   9.8368843695924529E-005
   1.0634696413460843E-004
   9.3285096395164459E-005
   7.2909261155791385E-005
   8.4059904784137467E-005
   7.4573717691883319E-005
   9.9407202375145063E-005
   7.1690328906479580E-005
   7.9819108714687591E-005
   7.8201607930065425E-005
   8.6501672653271845E-005
   1.4883976255613291E-004
   1.0630603083384066E-004
   9.8533633333639303E-005
   8.7778315768089694E-005
   8.9667950335568493E-005
   8.2018150432350563E-005
   5.9361219848631761E-005
   8.2047571063712860E-005
   9.6144001682648371E-005
   6.8349036407071929E-005
   1.0745641026347351E-004
   1.1065693855472732E-004
   7.9840361438727006E-005
   6.6321182809836351E-005
   7.3302609447642591E-005
   9.8657410061559321E-005
   9.4653938545482031E-005
   1.0903631936612339E-004
   6.8465893920530279E-005
   7.4646461096287254E-005
   9.3252770155006034E-005
   8.9821291555693467E-005
   1.0643898424024969E-004
   1.7301066827086226E-004
   1.4984905699012588E-004
   7.6767306037063982E-005
   9.4363210251119254E-005
   7.4681065005626274E-005
   8.7597401915313878E-005
   5.4994654494017436E-005
   8.0001299064655875E-005
   8.4385024995981223E-005
   1.2317595666211248E-004
   8.6337707907870978E-005
   6.6573690509872860E-005
   8.6467681007291761E-005
   9.1762428838980460E-005
   1.1168744276397944E-004
   1.0519208938294224E-004
   6.2978556399527613E-005
   8.0909124456316137E-005
   1.0032692392617638E-004
   6.6108952956652985E-005
   1.0565800565374185E-004
   7.3502155650979954E-005
   1.0006776142298020E-004
   8.0731986790882700E-005
   7.5471140632633153E-005
   7.2493885678076992E-005
   8.4127123284499921E-005
   7.4624050740280666E-005
   5.8825235833628457E-005
   8.2053522884497279E-005
   7.3809414264731701E-005
   8.9754361470975569E-005
   1.3256330817453839E-004
   1.4187195830998338E-004
   8.8686333636088982E-005
   8.6682863717926358E-005
   1.1251430903821967E-004
   7.8787896905933722E-005
   8.8263141342640017E-005
   9.5798109923905204E-005
   1.1157666582587659E-004
   8.6512696215673913E-005
   1.0887185962854026E-004
   7.1242972006598372E-005
   7.6919314230670130E-005
   6.3509624565643295E-005
   7.2396362612424180E-005
   1.0730858838298500E-004
   9.7681137802803892E-005
   9.4659481414533878E-005
   1.1266940504677264E-004
   7.9515098694216618E-005
   6.0414699811242553E-005
   9.9015005888077975E-005
   8.0656156467746957E-005
   9.8324583059407249E-005
   1.1547760714256385E-004
   6.5782153593375080E-005
   5.4394041144111408E-005
   6.8473546475447393E-005
   9.0324725270961816E-005
   1.0557222661229185E-004
   6.7965926573462519E-005
   9.4417322658907040E-005
   9.0720513828455382E-005
   5.5591660492750117E-005
   1.2614987471156144E-004
   7.1460706368230655E-005
   1.0168385227145324E-004
   5.6696333262102838E-005
   7.7009506678151252E-005
   1.3089628117290820E-004
   9.9900526765288834E-005
   9.4451462028312115E-005
   1.1779929509333596E-004
   7.9415791835295044E-005
   1.1488286663540488E-004
   9.9056571228460524E-005
   7.9286710711605113E-005
   8.8131286956716717E-005
   9.0366426265131857E-005
   1.0976250990394579E-004
   9.9836011389925797E-005
   8.4273142035611419E-005
   5.4128303124479050E-005
   9.9742313318565992E-005
   9.1948283160396546E-005
   1.2076489876978547E-004
   8.0481435737658741E-005
   1.1023951600885405E-004
   6.5634099929262350E-005
   8.6137411924690300E-005
   7.8347311954014501E-005
   9.1237947244110306E-005
   9.3199480443896269E-005
   7.6392498915121886E-005
   1.0031426645821564E-004
   1.1048884034001646E-004
   9.5577860643915371E-005
   7.0322807559087508E-005
   1.3234402387341486E-004
   6.8876277320414946E-005
   1.1410968016454825E-004
   8.7912931398761320E-005
   8.0658051115285777E-005
   1.0657209048133879E-004
   6.8960767910588040E-005
   1.0860917870814980E-004
   7.6897036831877642E-005
   8.6048606362363437E-005
   6.8955334969872145E-005
   1.0741668204019601E-004
   8.1098448743339120E-005
   7.0091626191056639E-005
   7.9783311494506639E-005
   9.2613340462265493E-005
   8.9255992631295179E-005
   8.5503161109226963E-005
   8.0642811819240986E-005
   9.7763250482672898E-005
   8.6791786377854303E-005
   9.7405894000267106E-005
   9.5883990077412867E-005
   9.4289552517595564E-005
   1.5117135363953505E-004
   8.5130427125634198E-005
   7.3204239724363880E-005
   7.0574420977167709E-005
   1.2574022167049039E-004
   8.7422478128457038E-005
   6.6171223176287943E-005
   7.4485145552657142E-005
   7.4235943042697992E-005
   8.8820474726233875E-005
   8.0923582730332234E-005
   9.4153315398000825E-005
   9.6129937834694588E-005
   8.1061859533084710E-005
   9.4557831631486775E-005
   8.6501235191961329E-005
   7.1744726699939762E-005
   9.7031020915047743E-005
   9.0427412638582015E-005
   8.0430086113019548E-005
   1.1383538492426980E-004
   8.9835718014401485E-005
   5.9130071140713889E-005
   7.0640911568354208E-005
   8.5513073731849164E-005
   9.6537090536850899E-005
   8.6273459563193821E-005
   7.0783863050234621E-005
   5.4252340095183666E-005
   6.1923916853800058E-005
   9.0646602660981733E-005
   5.6409842228397987E-005
   8.0502534239344572E-005
   8.4446527327269657E-005
   1.1509511905875321E-004
   7.6643532605604589E-005
   6.4001953403204894E-005
   5.5640511738129264E-005
   9.3982748060697488E-005
   9.8453762888543815E-005
   8.1231290554667669E-005
   1.5838089351922008E-004
   1.1606806359382114E-004
   6.1876743276288935E-005
   5.8902906847758249E-005
   8.2040953493043480E-005
   7.9209637590205276E-005
   7.9197457887913072E-005
   9.6347087150293239E-005
   1.3657630305361198E-004
   9.8067025437226999E-005
   9.4764273311825513E-005
   7.9862147314391780E-005
   6.7224955946573045E-005
   9.0451187215810839E-005
   8.3891211304417120E-005
   7.5250334089754884E-005
   1.0142928108179626E-004
   9.9657407156821115E-005
   8.6859187621634432E-005
   8.5254511121011516E-005
   1.4398125072949026E-004
   7.3099513700654916E-005
   9.5565730762183767E-005
   6.0425357598242106E-005
   7.8027191894589144E-005
   1.1372557617096244E-004
   7.7250715957270772E-005
   7.1410306283630195E-005
   1.0265530468802803E-004
   8.0515410008957975E-005
   1.0017755862806834E-004
   7.1485113210790674E-005
   7.2858845859385816E-005
   1.2613498838791562E-004
   6.1579633194624203E-005
   9.1408064444078766E-005
   5.9533448257310076E-005
   8.9139247577938892E-005
   7.6823067457049881E-005
   7.8251420787693026E-005
   7.4548241472541187E-005
   7.1195678682118668E-005
   8.0130952175624541E-005
   1.1683344028739927E-004
   1.0660804205737389E-004
   9.3116312140095124E-005
   4.9187854841220158E-005
   7.5568282832210132E-005
   7.0421400925553345E-005
   1.0098783449921147E-004
   8.6252541841553112E-005
   6.7457173526396284E-005
   5.6722493155719274E-005
   8.2495869033018170E-005
   7.3931915095582718E-005
   7.0227335981060305E-005
   1.0220433972926809E-004
   9.2203345331593478E-005
   8.4500846805907399E-005
   8.9559845354219067E-005
   1.0231729183312019E-004
   6.6089752585220892E-005
   7.7767824605288446E-005
   1.0777250796278384E-004
   8.8589073793302132E-005
   8.3827111888220798E-005
   6.9355268683513619E-005
   5.9895607513535404E-005
   8.4014608113179860E-005
   9.7525669905178150E-005
   1.1752039153070188E-004
   9.4195512361501481E-005
   9.2735343605108354E-005
   8.3564565868304866E-005
   6.1772037985148329E-005
   7.2331299367840084E-005
   1.1087449194372208E-004
   1.0691529884378452E-004
   1.0297913547030016E-004
   1.0849795035293915E-004
   8.2459604487752190E-005
   1.0010088913156184E-004
   1.0709814993437381E-004
   7.9606971363818329E-005
   9.8101322720485509E-005
   6.4343545401876823E-005
   9.0304967247127453E-005
   8.2884269735141207E-005
   7.8197821011836651E-005
   7.1633812215300466E-005
   8.8184549177119858E-005
   7.0921092695052664E-005
   1.0262076102963587E-004
   8.4321628374982901E-005
   1.1009575837742331E-004
   8.2787296044411349E-005
   8.3329211441264103E-005
   8.4131063443558470E-005
   1.1453450819049032E-004
   1.0537670095534564E-004
   8.4698891297713580E-005
   6.4993124206859742E-005
   5.5189549035068368E-005
   7.6011526944864358E-005
   6.1297897387048480E-005
   7.9855051018532078E-005
   7.1658394200214718E-005
   9.2992214541293619E-005
   1.2280835397493605E-004
   1.2184912471784173E-004
   8.3974085413086047E-005
   8.3154686577935276E-005
   5.8934108536747063E-005
   1.0318602750574953E-004
   6.9573958579168224E-005
   9.5059611375964637E-005
   7.6214311695186831E-005
   9.7240637032516714E-005
   9.0904924413044114E-005
   8.3982363141704678E-005
   7.8780811586099948E-005
   7.4421372076641183E-005
   6.3033508758625917E-005
   7.7330437582218107E-005
   7.5357038197366918E-005
   7.8977286309307032E-005
   7.9558342457612303E-005
   1.7873736853471996E-004
   1.0608230089519764E-004
   9.9474076050140649E-005
   9.7670639508554990E-005
   5.4624687466295686E-005
   6.1587648649091828E-005
   1.5105314003161980E-004
   7.9033424356830641E-005
   1.0983654787830549E-004
   8.9535654588201056E-005
   6.8723580396064176E-005
   9.0174925845777317E-005
   1.1572068346319601E-004
   9.6694483710663977E-005
   1.1839733031642222E-004
   7.7106971174628689E-005
   1.0134467067778498E-004
   9.3771180490921397E-005
   1.1883408092206368E-004
   7.6090367277607739E-005
   6.7694129317416739E-005
   1.5756701100079021E-004
   9.6819309058927358E-005
   1.0232661271954399E-004
   9.4946817650455421E-005
   7.2196764379162042E-005
   9.6997589160700918E-005
   7.5509752696786801E-005
   6.9067489447723312E-005
   9.0194177941958014E-005
   6.6264724658288509E-005
   1.0616523490246964E-004
   8.7806289124573206E-005
   6.9894961805379378E-005
   7.6920692679614136E-005
   9.4068155084548076E-005
   7.6568568861413828E-005
   9.4691216521582163E-005
   7.1388344345272363E-005
   1.4781211340201381E-004
   1.0231285749988165E-004
   1.1188600059869802E-004
   7.0924036383356737E-005
   9.8973500406916956E-005
   1.0585183532979237E-004
   8.1637132697480694E-005
   6.3079627599106619E-005
   9.4972416848772254E-005
   7.1966374034547579E-005
   1.0629889776169959E-004
   7.1899463286645589E-005
   7.2153296274034832E-005
   8.4538203053993957E-005
   6.5060011998290833E-005
   9.2126545275645862E-005
   8.8773602127030905E-005
   9.1984860149509607E-005
   7.7121263304845642E-005
   8.5103944163509123E-005
   9.0014198275745129E-005
   7.6363678551351108E-005
   1.1000767517982701E-004
   7.1603620555554885E-005
   8.9413250885599573E-005
   8.5998524117288265E-005
   7.9237536059090360E-005
   8.1841807968128632E-005
   9.7380110234775836E-005
   6.1884111290926282E-005
   6.5592959977338268E-005
   1.0905577221498523E-004
   1.0425177338829294E-004
   7.8909140132547208E-005
   8.4190468206680829E-005
   1.0709931086694464E-004
   5.5360273380686326E-005
   1.0184212556732450E-004
   1.2213677927989258E-004
   6.7671006405839058E-005
   8.5065772850375290E-005
   8.5786623552267527E-005
   6.4729037105420864E-005
   7.4271199480328896E-005
   6.4564063713350067E-005
   9.7399159343709634E-005
   1.4069481172513803E-004
   6.7162680360600247E-005
   8.6066320247420703E-005
   1.1806131602211839E-004
   6.3663218625871465E-005
   8.6502794224045600E-005
   5.4206082903508828E-005
   9.3517441464260268E-005
   7.3957572525565500E-005
   1.0280912778347637E-004
   1.0006804195674391E-004
   7.6880321311460222E-005
   1.0833602543851618E-004
   8.4506552779835679E-005
   7.0928058594894246E-005
   7.0470438673553816E-005
   6.5667225798341321E-005
   6.4715588908448543E-005
   7.4296931302987061E-005
   8.1632661212909411E-005
   9.0211022772022611E-005
   1.0128564713630554E-004
   9.7917871625104739E-005
   9.6844215606156812E-005
   1.2042012899303202E-004
   1.0128792803497543E-004
   6.1824381384924289E-005
   8.1170893213310807E-005
   8.7852670839293090E-005
   7.7729934623329441E-005
   9.2267319994821306E-005
   8.2681825264581624E-005
   8.9732993093627678E-005
   6.9987154749549498E-005
   8.4154148605098856E-005
   9.0824941747516378E-005
   8.0662164691291848E-005
   7.4973514570170479E-005
   4.9530111916021726E-005
   9.9362774208980212E-005
   8.2308395065078604E-005
   7.3363477021128458E-005
   5.5484614013788306E-005
   7.7054282179476520E-005
   6.4706534774524658E-005
   9.0740318443889681E-005
   1.1273884977620257E-004
   7.6897372592591429E-005
   8.2611885914963174E-005
   1.1250269992201182E-004
   8.9365444943419900E-005
   7.8690742066186325E-005
   8.8103299905189570E-005
   6.9861524078920886E-005
   7.7463356353399317E-005
   1.0249463550642483E-004
   1.0665815606534344E-004
   1.2080826954786812E-004
   9.0528535028904980E-005
   7.0704000726259499E-005
   7.6081488060385487E-005
   8.1562928580129689E-005
   9.2922682210934678E-005
   6.2865766584980392E-005
   8.0764892486541716E-005
   6.2559643512563557E-005
   1.0383202071806872E-004
   9.3084409035142825E-005
   8.9008884551445395E-005
   6.7713541408720909E-005
   8.5082604839772867E-005
   7.7535474376768521E-005
   7.7127559076887618E-005
   6.9587230506826744E-005
   8.7065445296688392E-005
   1.0349226255901203E-004
   1.2650002704690227E-004
   9.4132037244676147E-005
   1.1470353610390151E-004
   1.1677874054420574E-004
   6.5725790200211388E-005
   6.8841725431393992E-005
   9.4843682401340825E-005
   9.3554675904061038E-005
   7.9353630161229280E-005
   7.7080506974263081E-005
   6.8998257425240974E-005
   9.8835226595560266E-005
   1.2109512851264102E-004
   1.3350091085245934E-004
   7.4718831514502989E-005
   9.3293563293591990E-005
   7.6213972462278872E-005
   6.3515184972633311E-005
   7.8996790689201058E-005
   1.0645991599179192E-004
   8.5272183293129961E-005
   1.0028445143987062E-004
   1.6645974698235023E-004
   7.9728933519581521E-005
   7.6158117558009617E-005
   6.7718222431618484E-005
   7.8115560778342890E-005
   1.1970196806074166E-004
   1.1789725666629218E-004
   7.7417832929637989E-005
   6.2665902577534966E-005
   8.1443458523018219E-005
   7.4635682169484495E-005
   1.0192949166860624E-004
   1.0039954056213904E-004
   7.9641373004012231E-005
   7.2083200506238519E-005
   1.0431411902580391E-004
   6.8808690799597059E-005
   8.2640874581906010E-005
   8.2262797570596352E-005
   9.7729987734471700E-005
   7.7112262345824714E-005
   8.5589598572718501E-005
   9.5170462251654108E-005
   8.4647177831446771E-005
   6.5811488501807809E-005
   7.6425573864371226E-005
   7.0413846631196117E-005
   7.0427817245140222E-005
   9.9300903995678053E-005
   1.1821199733700080E-004
   6.6317805219185229E-005
   7.8331120428097297E-005
   8.3766104670697332E-005
   7.5118643190125734E-005
   8.9791327523864144E-005
   8.7155013613958419E-005
   6.8560779331368652E-005
   8.6388298103022749E-005
   8.4018584462692918E-005
   9.6323018578444643E-005
   1.0469930521377111E-004
   1.0062782725838897E-004
   6.9886917921542908E-005
   7.3546996577644549E-005
   6.1307295702053556E-005
   1.3115283011706517E-004
   7.6475416885428985E-005
   6.0794426544909109E-005
   8.1405029685089738E-005
   7.7005563804950587E-005
   1.3504943483896945E-004
   8.5466175894773910E-005
   7.2891006809251870E-005
   1.2474239480418471E-004
   1.1437366154186813E-004
   9.6827242115461008E-005
   6.0669561187263453E-005
   8.8921061192758391E-005
   1.2286079286267848E-004
   9.1434131620635119E-005
   9.9992084174491434E-005
   8.6531152420259630E-005
   8.2963421932412401E-005
   1.1886598394815813E-004
   7.8951040764405818E-005
   8.1343617727614934E-005
   8.9842329935405248E-005
   8.6793068485482511E-005
   9.2151001785885126E-005
   6.3430726392054831E-005
   1.2253400848789077E-004
   7.2445030335363184E-005
   1.0481135226683783E-004
   9.0389645725857108E-005
   7.4198288262456084E-005
   1.1617044388576344E-004
   7.7649071215105076E-005
   1.2915948317289866E-004
   9.5139537437287732E-005
   1.2366448931287936E-004
   8.8587931128931334E-005
   1.0238776009511697E-004
   6.7170612044339860E-005
   7.0736553421389250E-005
   7.8433862803996068E-005
   9.1638497819409169E-005
   5.8272402751774152E-005
   8.7094027818963472E-005
   6.4238289110691500E-005
   9.9029146171767077E-005
   8.0378567695282095E-005
   7.7327959331223239E-005
   8.4607318286406208E-005
   1.0373160195960089E-004
   1.0007434925312520E-004
   6.3067619275342782E-005
   6.8296123647449767E-005
   8.3008010269223245E-005
   6.7496111223651117E-005
   8.1634381584776131E-005
   8.3381673409370266E-005
   9.2628086677389653E-005
   6.8598414753805406E-005
   8.5967453850946542E-005
   7.2897101931974082E-005
   9.3818833739218562E-005
   9.2440723060809919E-005
   7.4899006775299413E-005
   9.5764241034485868E-005
   6.5751004273620128E-005
   5.0136566356863536E-005
   6.0620256676543741E-005
   7.7452363033124710E-005
   8.2250547799200634E-005
   6.9287328101787888E-005
   8.8821503866629513E-005
   1.3224050586583278E-004
   1.1142320407165544E-004
   1.0274828559256555E-004
   8.0572084143608057E-005
   8.4190173788886824E-005
   9.8783580803196166E-005
   8.7843701165763789E-005
   8.3265486498708530E-005
   5.3432427516242032E-005
   6.9151405783356179E-005
   7.3528152826443725E-005
   1.2899551241855856E-004
   1.2523601961645275E-004
   7.6424492005821418E-005
   8.8366691355379562E-005
   6.3875905084464983E-005
   6.2331033630987586E-005
   8.2399422157524997E-005
   6.4923611083874801E-005
   9.6290078268151740E-005
   8.6419164821337433E-005
   1.0299214114898873E-004
   8.8895781864406303E-005
   1.0887399695324592E-004
   7.1025341580592308E-005
   5.1276044929858928E-005
   7.7903278457912899E-005
   6.3173331092608665E-005
   9.2018581206834449E-005
   8.0162046982986304E-005
   9.9010306819246444E-005
   7.8752145267003241E-005
   1.1352507338076920E-004
   1.0712919442654607E-004
   6.7741824312077188E-005
   6.8161288862953156E-005
   7.3911227789422976E-005
   8.4016354170928428E-005
   6.6987080378526752E-005
   8.3182591529272997E-005
   9.0988025441930779E-005
   6.1881685042108447E-005
   6.8313261646577500E-005
   9.2188360008319561E-005
   8.9747381367852967E-005
   6.9935136826434623E-005
   9.7755023660239216E-005
   9.7122673204862918E-005
   8.4737979348579201E-005
   8.4843415555816389E-005
   9.2847306821046381E-005
   6.8060967138537166E-005
   9.6434124068324670E-005
   6.3540382390348015E-005
   8.1912418521507921E-005
   8.7773536968835039E-005
   9.5448055016541749E-005
   7.9288478731768397E-005
   7.7187433363828565E-005
   9.1749278574699474E-005
   7.3490167847855599E-005
   5.2908525239427278E-005
   7.6304438573067382E-005
   8.5414743940612976E-005
   9.3815243194868780E-005
   8.9210596648903659E-005
   8.4800805788696606E-005
   8.7133892844877656E-005
   7.3682177493020190E-005
   7.5473870695339030E-005
   8.0945318572118153E-005
   1.1105526619507001E-004
   7.2569913513259845E-005
   1.1658586060479944E-004
   9.4896571230995564E-005
   8.1607387647920023E-005
   1.0292515095775400E-004
   7.9123505798956546E-005
   8.1405397086845865E-005
   6.2177158471843420E-005
   6.1843057401417018E-005
   8.8726151251162789E-005
   6.0655660476390730E-005
   1.2043185783107417E-004
   7.0643173649166289E-005
   1.1982453029938505E-004
   9.7661404804713905E-005
   1.0284897871308344E-004
   8.0085846270277111E-005
   8.7628830842000581E-005
   7.5705599118741781E-005
   7.7835816546885814E-005
   9.0242338442990627E-005
   1.0367174805693206E-004
   7.2885905300668066E-005
   8.6242769360292656E-005
   1.0400036855843531E-004
   1.0362066630222321E-004
   1.2941592172045763E-004
   6.1155424206964891E-005
   8.0783251916802227E-005
   6.1322236368483956E-005
   5.7739921780469747E-005
   8.2126421436464332E-005
   1.0157522831710471E-004
   8.4652042472893951E-005
   8.2966661793830936E-005
   8.2548703651244662E-005
   8.7594221379812785E-005
   9.2104964668679015E-005
   8.1633998449069431E-005
   1.0211054365894419E-004
   1.0142461483850610E-004
   1.0908084613766492E-004
   6.7810551054549163E-005
   1.0702842031000102E-004
   8.3203554183060603E-005
   9.2747633065050860E-005
   1.0555880084428975E-004
   1.0144417155736026E-004
   7.7377396235574287E-005
   9.2063425830099822E-005
   8.8286786303601035E-005
   1.3348484728880453E-004
   8.9202346364927385E-005
   7.4700402326346541E-005
   6.4381172527626834E-005
   7.1462179626004054E-005
   8.0138144029950710E-005
   1.0076694042002984E-004
   9.7609402728255739E-005
   1.0177518657906908E-004
   9.2307872684969044E-005
   6.1982338492762185E-005
   7.4981031203056326E-005
   1.0407559722351315E-004
   8.2821635489160439E-005
   8.3591325836261530E-005
   6.9529090716108892E-005
   8.3846570129013549E-005
   8.5138018733897704E-005
   1.0587900984192358E-004
   7.3772949886163498E-005
   7.8243388536654242E-005
   7.1569077545925876E-005
   8.5903779635920703E-005
   7.1563497697226482E-005
   8.7385081325981300E-005
   9.2543580259551886E-005
   6.8881796035518230E-005
   6.8731621028951100E-005
   9.3613863658174274E-005
   9.1260368382428163E-005
   9.1951411137790751E-005
   7.1865318429392396E-005
   8.6353868426753623E-005
   9.0906548764567032E-005
   1.0175881232337100E-004
   1.0371974466309970E-004
   1.2445826295369580E-004
   8.5888509105550010E-005
   7.0321803159590097E-005
   8.3294953612655142E-005
   9.6972597062199058E-005
   1.3567386330957243E-004
   7.5123921885621774E-005
   1.0178529912996090E-004
   1.0215119687541978E-004
   9.6026794243742923E-005
   8.5844571746268548E-005
   1.0353265076521930E-004
   8.7600142467581638E-005
   1.0844709233135335E-004
   1.0980479598380709E-004
   9.1668983560284003E-005
   6.8888605776215752E-005
   6.7691878364657009E-005
   9.1571619902776160E-005
   8.1273646630187457E-005
   6.1793740666030647E-005
   9.5219184637686268E-005
   8.6017194589541298E-005
   1.1434870033307225E-004
   8.1372790100249216E-005
   9.7560143013373260E-005
   9.1371177471089192E-005
   8.1724563165496352E-005
   7.9641899373135907E-005
   5.5596281004368545E-005
   6.0333716961295861E-005
   9.7772855725358694E-005
   7.4317081449216485E-005
   1.0703279794969750E-004
   7.7824176078682199E-005
   1.1307362036866388E-004
   1.0889665421296690E-004
   7.7292530535251830E-005
   8.4118234879603949E-005
   7.8884752839661676E-005
   8.6136774815421909E-005
   6.3574153012538239E-005
   8.6911103744776220E-005
   7.2199990834236034E-005
   7.7957522267065694E-005
   8.5706599585543510E-005
   8.3966996107170383E-005
   8.1702104203511906E-005
   1.4134468729161620E-004
   1.1165199394972823E-004
   8.4723122989836355E-005
   1.0475114235348169E-004
   7.1373517246348328E-005
   5.4218939303847378E-005
   6.8101352171625918E-005
   7.9920219476897140E-005
   1.0792818816045705E-004
   5.7148625943808669E-005
   1.2172973772475584E-004
   1.1431914176599453E-004
   9.7679258790726381E-005
   7.4149844577258781E-005
   8.7167696837601918E-005
   1.0935030131988455E-004
   6.0531393770214203E-005
   7.6415019812297872E-005
   9.0663061288181313E-005
   8.5987762279842291E-005
   1.4148810387822373E-004
   8.5965876508333722E-005
   1.2171348779922978E-004
   7.0217410554570316E-005
   1.1562828854352147E-004
   1.0762913723060337E-004
   1.2793633645333225E-004
   9.6940086695437454E-005
   7.9237185757350230E-005
   9.0338608911988961E-005
   8.3070392458218785E-005
   1.1706560590924059E-004
   8.5588454501390538E-005
   8.7721445524352785E-005
   9.5333040525790789E-005
   7.5235196691532237E-005
   7.5911972541460463E-005
   8.6185295210272557E-005
   5.9256426918798331E-005
   8.5004700699358577E-005
   9.4699790563225732E-005
   7.1075767137969407E-005
   9.3399324519993036E-005
   8.9016269182445529E-005
   1.1098571483530860E-004
   9.5387071307858923E-005
   6.5353051849993438E-005
   1.4167262766140768E-004
   7.1996167582075922E-005
   7.7423477321505652E-005
   7.0697164184368471E-005
   9.4808015363793616E-005
   8.7760412198853555E-005
   7.7830510120942888E-005
   7.0972326509549741E-005
   8.3289480499090001E-005
   6.5576627666930472E-005
   1.4374074718352488E-004
   6.9888587542028965E-005
   5.8500060811793683E-005
   1.1890832934838401E-004
   1.2512562368383515E-004
   8.0338288697796045E-005
   1.0716109949193756E-004
   1.0084812841106411E-004
   9.9317148924508845E-005
   7.1717153231428148E-005
   8.6220709567917699E-005
   6.9313925065149094E-005
   1.0478372655053442E-004
   7.5224811960692824E-005
   7.2874022602689828E-005
   1.0582572437341260E-004
   1.0196834541976381E-004
   1.1485688939267913E-004
   1.0680085890431557E-004
   7.8537080181316092E-005
   1.4058634710050478E-004
   8.0040587315518524E-005
   6.4492020918361653E-005
   9.2242175995969902E-005
   9.8905046024955618E-005
   1.0746257824523581E-004
   1.5442474897386335E-004
   1.0002036073598822E-004
   8.5793209338376613E-005
   6.7313880696750930E-005
   6.8246548754518412E-005
   1.2097709980346603E-004
   6.7495285749355144E-005
   6.9335380530112940E-005
   6.5692053309167811E-005
   7.3937098695663913E-005
   6.3600525984595818E-005
   8.0706016355968510E-005
   8.0015544733752272E-005
   7.7825490610330405E-005
   8.9206563564832685E-005
   6.4844594086520556E-005
   1.2362192467417615E-004
   8.4458147003254442E-005
   7.5780415622918903E-005
   1.0030023506967706E-004
   1.2779978343859471E-004
   7.5474355810291173E-005
   7.6808955632748851E-005
   1.0660042340614858E-004
   5.8346678292164054E-005
   1.2940024485613504E-004
   9.0096681682611779E-005
   1.0763124003584153E-004
   7.8981503093528921E-005
   7.2467582284043257E-005
   6.8835996298578022E-005
   1.2753870571004797E-004
   1.2598209577749611E-004
   5.9072053625572935E-005
   9.4164780976451669E-005
   8.6710806417427790E-005
   6.1015879423649223E-005
   1.0406011974638460E-004
   8.3721358200982459E-005
   9.4647569335124120E-005
   9.1886953871796594E-005
   6.7394962780183268E-005
   9.0934159490769990E-005
   9.1415626611444377E-005
   9.6847840812286633E-005
   8.9677323851305597E-005
   7.1644294961524342E-005
   9.9105160675006985E-005
   8.5673800283012335E-005
   9.0069789083591174E-005
   9.2402510842031030E-005
   9.7095713574585127E-005
   8.7256077392885902E-005
   1.2717005035157284E-004
   9.8005585424109249E-005
   8.2646430686393092E-005
   1.0267773241248982E-004
   8.2121088745378825E-005
   8.5935837284001703E-005
   6.7379489972465236E-005
   8.2462038479222654E-005
   7.1183790836071460E-005
   7.3935807813104186E-005
   7.4226806834546037E-005
   7.3798077461616793E-005
   7.6443990328551667E-005
   9.5617449899775925E-005
   7.0490888644171213E-005
   9.0558936340034800E-005
   1.0356285566481909E-004
   7.4416255044110275E-005
   8.1102401095867860E-005
   1.4200089938584535E-004
   7.0508061462173794E-005
   8.6443538327826258E-005
   7.6979963965377298E-005
   5.2061157982332384E-005
   6.4405658578489355E-005
   8.8159540224951816E-005
   7.8587408129126779E-005
   9.3940887583046528E-005
   7.7066820725443956E-005
   6.3959422361998635E-005
   5.4144064046064786E-005
   9.1290550357704466E-005
   6.6598500774479299E-005
   7.5733832406853070E-005
   7.1975071815700482E-005
   1.3014466161971906E-004
   1.1124597188292168E-004
   9.5068446703918896E-005
   8.8317050764482111E-005
   1.2916463536874682E-004
   8.3761606595983160E-005
   7.2024296866413735E-005
   5.7805282708179952E-005
   1.5830720363351031E-004
   8.5344244219644685E-005
   7.4480678781287273E-005
   7.7615687844336429E-005
   7.4779440290238211E-005
   1.2586138104058470E-004
   8.3530497384278317E-005
   8.6012084662763971E-005
   1.3532181485870917E-004
   9.9613377683234307E-005
   8.4417936037639233E-005
   7.5110994808813103E-005
   1.0916803307276135E-004
   6.7410797013588516E-005
   8.2060323808069209E-005
   1.2091795882269661E-004
   6.7114333263883674E-005
   8.2679756004680244E-005
   8.0025261162004952E-005
   9.7662611120097535E-005
   9.0580335285243041E-005
   5.7034093232991385E-005
   7.2071950581285867E-005
   1.4341190459619404E-004
   7.5213950221293739E-005
   9.5047020007256079E-005
   1.1912103915793389E-004
   8.2977046929902620E-005
   1.1014978473761187E-004
   8.7419043083277598E-005
   6.5555058455589834E-005
   7.3587164066940479E-005
   9.8911597380211096E-005
   1.0271850375166012E-004
   6.4065538466600631E-005
   1.1517102081246590E-004
   1.0556864123670690E-004
   9.3733366890304994E-005
   1.4497305146144473E-004
   7.4331465276595914E-005
   1.4685584459793604E-004
   5.6451944945348910E-005
   7.2885202577165455E-005
   9.1526487025736015E-005
   8.0954122914913366E-005
   1.4123204506129026E-004
   7.2404231051282253E-005
   7.1817633220453320E-005
   8.7102966202890354E-005
   6.7158787223040698E-005
   8.9660009334262793E-005
   6.4309762110797291E-005
   7.6913315759129117E-005
   1.1303371161142057E-004
   1.0621879887148388E-004
   6.8401357545679585E-005
   1.0803649237531029E-004
   7.5179237271652365E-005
   9.8854369333689092E-005
   8.9212073717399425E-005
   1.3330957044062941E-004
   8.1174189112481350E-005
   1.0812469056011962E-004
   7.8930637966292917E-005
   1.0172296206059118E-004
   8.8338214363232182E-005
   6.4532040317545050E-005
   7.2790436488754631E-005
   6.7813579538253537E-005
   7.2937830758103189E-005
   9.3584262203165108E-005
   7.2118868514241431E-005
   5.4153173554847517E-005
   6.7606755843517471E-005
   1.1577813067544788E-004
   1.0854487993549245E-004
   9.7390213349615373E-005
   7.9363647379335407E-005
   9.9699107243944243E-005
   6.6181705602623715E-005
   8.4589985862910770E-005
   8.0557161592653478E-005
   8.0690794573627856E-005
   6.6044140170674445E-005
   7.3419659743129414E-005
   5.3628010809289901E-005
   8.0947184452409058E-005
   1.0013988763044340E-004
   8.6965503337229892E-005
   1.1123041511024830E-004
   7.8226456400205653E-005
   6.4563386428269183E-005
   6.2781641342338348E-005
   9.7528025526398898E-005
   8.1854768566999383E-005
   7.5112212406912936E-005
   1.2924439900425700E-004
   7.3027840864138671E-005
   8.1664279515957983E-005
   7.7143857126548207E-005
   1.0219705727498609E-004
   9.8678448397488864E-005
   6.6541416110956373E-005
   1.0673895514426118E-004
   7.4363644494775385E-005
   9.7002839535424406E-005
   9.0500403600124639E-005
   7.3752298438445785E-005
   1.1745175847455279E-004
   4.7858151167987587E-005
   7.3127207005945296E-005
   8.7386750717422234E-005
   8.1264302149542541E-005
   6.2924989992910603E-005
   7.1454729052553446E-005
   6.1646083660988970E-005
   1.0147295034173774E-004
   1.0346221375265057E-004
   9.1170791051824586E-005
   6.6362328874397292E-005
   9.4115459574330797E-005
   5.4713823483444171E-005
   6.4943686399346397E-005
   9.3827598450025356E-005
   5.6386220259686668E-005
   7.8890958176175663E-005
   8.2727812939972754E-005
   8.4502492256412930E-005
   8.7922374254063764E-005
   8.7619177730097393E-005
   7.9496873682134288E-005
   5.1599395498100244E-005
   6.2855120334499181E-005
   7.9312493803999537E-005
   8.3276788363434301E-005
   9.9273830394581476E-005
   8.3407598446122853E-005
   1.4582532471513318E-004
   7.7379302694777737E-005
   9.3805454925301410E-005
   9.4935429934870798E-005
   9.2051146854866812E-005
   9.0722903363945297E-005
   6.5239399398932957E-005
   9.1576646015853488E-005
   7.4781034059259063E-005
   5.8007067682327444E-005
   1.0800344963633781E-004
   8.8273464446642387E-005
   9.0930382942342629E-005
   9.8508042712791026E-005
   9.1301134206643519E-005
   7.4179940537560780E-005
   8.5097744351496688E-005
   6.5959488197674232E-005
   1.2369490304070744E-004
   9.8718991845056498E-005
   8.6421749982337875E-005
   7.9630513706350104E-005
   8.9965120118209280E-005
   9.3089198239879240E-005
   7.3976097250760746E-005
   8.2687192719489052E-005
   1.0768935807306278E-004
   6.8868007163377495E-005
   7.8247752171346324E-005
   1.0781148144488627E-004
   8.7581977293918345E-005
   9.4279032865862697E-005
   7.2899995022886454E-005
   1.0535627917558399E-004
   9.2495536803404531E-005
   1.1290596774085214E-004
   9.7357885007755065E-005
   8.9748934966854340E-005
   6.8960637471448286E-005
   1.1258954395008193E-004
   1.0564343719489654E-004
   8.2693833483579778E-005
   1.0998549670837521E-004
   1.6613102124526629E-004
   6.1826288838959465E-005
   5.9873104035686777E-005
   8.1713055449544352E-005
   8.3269570985449547E-005
   6.7792619640968138E-005
   1.1239936283414572E-004
   9.5217179426432215E-005
   1.4267003030805569E-004
   8.2737264122372862E-005
   7.5281254850445651E-005
   9.2333235897243849E-005
   8.3313882428028387E-005
   6.8126188264369241E-005
   7.2892968083342405E-005
   8.1815427747742881E-005
   7.3671147554058442E-005
   5.7204061470416217E-005
   6.0101376439387609E-005
   6.5868983706038691E-005
   1.2358613971340192E-004
   7.0892033159769308E-005
   6.9936178233677806E-005
   9.3887242461120819E-005
   9.3852004674784060E-005
   6.2283247499017252E-005
   7.3792487130982037E-005
   9.9306966008098492E-005
   7.3445697407693186E-005
   1.0141906702517733E-004
   7.8303911275586511E-005
   8.4761721570274381E-005
   1.0258387627514323E-004
   7.5603181699672507E-005
   1.1670158300301851E-004
   7.2390205918213121E-005
   1.1435829154285943E-004
   7.0040766114879679E-005
   5.8249912519793395E-005
   7.5574974297324519E-005
   1.0279195612070827E-004
   8.9515368993695610E-005
   7.8936832621754073E-005
   7.8212784224193847E-005
   6.7402531792133037E-005
   7.9075252592181923E-005
   8.1453949072304749E-005
   6.4855462548344477E-005
   1.1441525895128287E-004
   1.0296094043165809E-004
   7.7977189545607334E-005
   7.3517492492866551E-005
   1.0924748665791407E-004
   7.2063726858538626E-005
   7.5878260441798940E-005
   8.3433686498025553E-005
   7.2596919764934470E-005
   1.0794036852058724E-004
   8.6620548933646037E-005
   1.0966072904864406E-004
   7.6452574591576731E-005
   8.7714960636154927E-005
   1.3288538137171994E-004
   9.3863419465533575E-005
   7.5725484490479417E-005
   9.6690934699503178E-005
   6.9550739863941580E-005
   7.9194395706143580E-005
   1.0229327935838933E-004
   7.5013644922780864E-005
   5.7767159206290123E-005
   9.6476065208046186E-005
   7.5656965167757669E-005
   5.3996067207332347E-005
   5.3484227090962772E-005
   6.9561760347425857E-005
   7.0699937869096982E-005
   9.3710753986882568E-005
   6.7622207232687591E-005
   5.8525855633383860E-005
   8.1161402443197695E-005
   8.3048772581315256E-005
   1.1624321140639526E-004
   7.4538889465276101E-005
   9.8674937116802503E-005
   6.7516917475548681E-005
   6.7326178089528786E-005
   7.7055092727429874E-005
   1.4756509414151872E-004
   7.4494703086954307E-005
   9.8591917839907706E-005
   8.7494039858026330E-005
   7.8034767355963065E-005
   8.0128199686375497E-005
   9.7454564893831736E-005
   8.2428258131954320E-005
   8.2581263643128990E-005
   9.7350759335292013E-005
   9.6178333882162111E-005
   8.4768246689328509E-005
   7.0287671235353798E-005
   8.3122048348043865E-005
   1.0883847873072664E-004
   8.6771602121192234E-005
   9.2822568809470865E-005
   6.3320372259750447E-005
   1.0312526222944215E-004
   7.0640446285609909E-005
   6.5778971437315740E-005
   9.0670130799549561E-005
   6.9724003059903634E-005
   7.6105429261908385E-005
   8.4128589409580230E-005
   1.1086250312488001E-004
   9.5663121285220943E-005
   8.1185846607934042E-005
   8.2334711633092286E-005
   7.8480715845778901E-005
   1.0436212634083844E-004
   8.7198089189384137E-005
   6.9440886273074325E-005
   7.6040452638098712E-005
   7.1069114225570957E-005
   1.1718974783475840E-004
   8.0833633478212842E-005
   6.4699836449432624E-005
   1.1728322722940980E-004
   7.0241156451210094E-005
   6.3263175391385789E-005
   1.1083463859744047E-004
   7.7636604679866251E-005
   8.0472964876918365E-005
   7.0475846422816810E-005
   6.4388295569482688E-005
   7.6690209849882221E-005
   8.3811772701386221E-005
   8.3657003535746066E-005
   1.0199647931935250E-004
   9.2046886846786809E-005
   6.2579680234085922E-005
   1.3497262492997107E-004
   1.0625729734383762E-004
   7.7483688191941710E-005
   8.1161439906807519E-005
   9.2500775754904066E-005
   1.0406265459441575E-004
   8.2764593882479390E-005
   8.2113665713222549E-005
   1.1318786914163788E-004
   8.7726845388199338E-005
   8.8991715923709844E-005
   7.6237331560385737E-005
   6.3793002507094891E-005
   1.0059928155224040E-004
   8.7609182129596812E-005
   9.6785082997037278E-005
   9.5527821347781490E-005
   9.5777357917518135E-005
   6.5188156927565303E-005
   7.4256053972422968E-005
   7.3165540992781411E-005
   1.0190010612287616E-004
   9.4084203802125921E-005
   7.0100880739885872E-005
   7.7274631101643092E-005
   1.0556865175946007E-004
   6.9845667561210133E-005
   6.2466967411686547E-005
   9.6014662545509523E-005
   9.5957986316832776E-005
   7.6472993159444939E-005
   1.1495926884622798E-004
   7.1315134247333523E-005
   1.1025532758120044E-004
   9.6622677934163502E-005
   1.0784293904089447E-004
   9.7421626307803594E-005
   8.9642026542060196E-005
   1.1040455041601723E-004
   8.6443042537153662E-005
   1.5950679092011967E-004
   9.0413277990816459E-005
   1.0895563520908024E-004
   9.2476845492404415E-005
   7.5549952643070146E-005
   8.1759349444156961E-005
   7.5933548009287708E-005
   1.0648563370839475E-004
   1.0735204584667354E-004
   6.0747161121729212E-005
   7.8904220517442565E-005
   7.0889720013212889E-005
   8.1774241520192456E-005
   8.2476117361854069E-005
   1.1033820523623290E-004
   7.5801066314245790E-005
   7.7737587592775846E-005
   6.3239312857634841E-005
   7.5889474419342805E-005
   7.8448626291225320E-005
   6.4613691529839969E-005
   1.0535997321498178E-004
   8.8888840369819177E-005
   8.5255378289656134E-005
   5.7184438885278726E-005
   7.2652927095222757E-005
   9.0139034409168290E-005
   8.1903939227788458E-005
   7.7509600804550553E-005
   1.0102588442450385E-004
   9.8388564017859578E-005
   9.7055433371640357E-005
   4.7488079671011565E-005
   7.3655712209379660E-005
   6.7042551946262390E-005
   1.0264726545329202E-004
   6.9290688145618893E-005
   1.0132798588911336E-004
   6.2050405665468953E-005
   7.4019559646055529E-005
   7.2257170849011922E-005
   8.4295851039570851E-005
   8.2649087228351442E-005
   7.2763937973298960E-005
   5.9899938067088387E-005
   6.0981714119774773E-005
   7.6317352297395163E-005
   6.9465975978524926E-005
   8.5988443036097531E-005
