   1.0158445690101352E-004
   1.3594010596153089E-004
   8.4667933295351464E-005
   6.0355048170943675E-005
   9.9706731491668640E-005
   8.7218385249141281E-005
   6.0164454567165947E-005
   1.0400356217593701E-004
   7.7648841837186236E-005
   8.4037252842343696E-005
   1.2869994042949035E-004
   9.0408381058025729E-005
   9.2121583072912253E-005
   1.1151924590855418E-004
   1.5595017817651938E-004
   1.2416442819876967E-004
   6.4194056750080860E-005
   8.7147873944953675E-005
   1.0786926590933789E-004
   7.7832690184416762E-005
   1.1189906763819953E-004
   9.1451471258649172E-005
   1.1478222723470653E-004
   7.8023114920920580E-005
   7.5919491864740834E-005
   1.0618143706124415E-004
   1.1123127681130954E-004
   1.0292048270379982E-004
   5.7855052935540494E-005
   8.8368882236136988E-005
   6.7315250761209040E-005
   8.8066105129315335E-005
   1.2555539780393724E-004
   8.1942046810929843E-005
   1.0842928149713196E-004
   1.9495310835566823E-004
   6.5158080243000180E-005
   8.3952363243183171E-005
   7.7869553331125476E-005
   6.4480427034144827E-005
   1.0699211598799980E-004
   1.0844401287979023E-004
   8.6172053539338179E-005
   1.0349788726109976E-004
   8.1540956317384381E-005
   8.6148823565752679E-005
   1.0766088294496014E-004
   9.3019440064766906E-005
   1.0345201110489437E-004
   9.8721817991487959E-005
   9.9040904864095694E-005
   8.4283910351915493E-005
   7.8808023349174382E-005
   1.4702654841220174E-004
   9.6888402811965164E-005
   1.1213121913286372E-004
   8.6507383548209147E-005
   5.0162789332814631E-005
   1.0394577461750830E-004
   8.5546710250266475E-005
   8.4399315744305582E-005
   9.2822015674044866E-005
   7.5127611713607395E-005
   9.4317228071426923E-005
   9.7076945525267216E-005
   9.6830246595228157E-005
   7.4455752540392826E-005
   1.1603396486848419E-004
   7.2807726616171172E-005
   6.3435884721137095E-005
   9.2748559905489404E-005
   6.2033995989624021E-005
   1.0510411648247647E-004
   7.0755960382021152E-005
   7.2401420772621132E-005
   1.1761617739348626E-004
   1.1645599835733713E-004
   7.2651811985289613E-005
   8.4604433282481269E-005
   7.3194981764611398E-005
   9.8431332594838518E-005
   9.3521782831103206E-005
   8.1235473571300668E-005
   7.6802737717392668E-005
   8.2371804997549415E-005
   1.2437199921079409E-004
   1.1121096341729143E-004
   7.4900558994600301E-005
   9.8528675371489192E-005
   6.0036849570523970E-005
   8.5898992612320961E-005
   7.7458612288885598E-005
   1.0597081459586032E-004
   7.1475145436995335E-005
   9.3681780221656908E-005
   1.0355686412783269E-004
   8.6283756204706994E-005
   6.1564834296970670E-005
   1.0763451908463966E-004
   7.7002602326816630E-005
   8.5916825422489021E-005
   1.0182722229458663E-004
   1.1484091831954415E-004
   1.1568048143614997E-004
   8.0461937479966501E-005
   1.3311807877773403E-004
   8.4423786974057130E-005
   9.7212710251241518E-005
   8.4415648778863963E-005
   6.7501533232643522E-005
   7.5178659594105521E-005
   8.3315486699565535E-005
   6.2990402306292072E-005
   1.3825535017122624E-004
   7.9160159035118646E-005
   1.3039980778544705E-004
   1.1092283084604553E-004
   7.7474540474545798E-005
   8.2234139142106514E-005
   1.2512571299513981E-004
   1.7563237767303727E-004
   1.3466793959575720E-004
   1.0469933542636913E-004
   1.2683055750468034E-004
   7.6208675079786451E-005
   8.5939168229312118E-005
   7.0400128588305589E-005
   6.9103228963215540E-005
   1.1940723386245084E-004
   7.7341542248139081E-005
   9.7925508866502452E-005
   9.6110652700931605E-005
   9.2125462732555130E-005
   7.9874587827907513E-005
   7.6661779180386557E-005
   1.6054549565765536E-004
   1.3317117976576406E-004
   1.0166040328168513E-004
   9.1911772757255518E-005
   9.6360455536982721E-005
   9.6896258979734808E-005
   7.0368145304674218E-005
   7.0719816387070615E-005
   9.3053005591881021E-005
   1.0565290609175992E-004
   7.5901036062911938E-005
   1.0615509131476150E-004
   6.4990165761253844E-005
   1.4644271652201429E-004
   4.9087074324456379E-005
   1.5138095470149066E-004
   1.0437368982747051E-004
   1.1082320709029368E-004
   1.1473337639072353E-004
   6.4219970718154407E-005
   5.9984968024357389E-005
   1.4281606156925467E-004
   8.2391951128772101E-005
   8.9474266932437977E-005
   9.2950393804924498E-005
   2.0315623262116524E-004
   8.2078595312044393E-005
   9.3873437250450406E-005
   8.2688854757747253E-005
   5.8503162290189580E-005
   7.1985717572026480E-005
   9.8829828164584787E-005
   1.4348043932696833E-004
   6.4363999674778673E-005
   6.8440338283181336E-005
   7.1381706174599523E-005
   8.6020550398532774E-005
   1.0858903873675595E-004
   6.8930973095566195E-005
   9.0570710925850587E-005
   7.5533754499043711E-005
   7.3383080049229288E-005
   9.6270786601810609E-005
   8.5704245710256345E-005
   8.6774830612010249E-005
   6.2504691046476481E-005
   5.8119405140718883E-005
   7.9681442029990300E-005
   6.3899575900924177E-005
   1.4499364011984271E-004
   8.2999100090168951E-005
   1.3791119286366840E-004
   8.4974645460435957E-005
   7.0723552765613318E-005
   9.2390835620842691E-005
   9.8283676964016346E-005
   9.8737383109520873E-005
   6.7005348062207067E-005
   9.3295333490747936E-005
   7.1324778885349091E-005
   6.0771101994559850E-005
   1.0315363065987834E-004
   7.7178024429043395E-005
   7.9093515166246762E-005
   7.7380860231215505E-005
   1.1396472769378120E-004
   6.9577344330519963E-005
   8.7372074784112811E-005
   8.6369786434794063E-005
   6.1600876218954198E-005
   1.1662037007220826E-004
   5.7114999040653599E-005
   1.0450191229808585E-004
   6.9683430474556422E-005
   6.6361650849280229E-005
   9.7570322110692519E-005
   8.2625479832645299E-005
   8.8311162286336064E-005
   8.8256301093960423E-005
   1.2371805662949592E-004
   8.5491890533628934E-005
   7.7863559725105210E-005
   9.5880537562396571E-005
   7.5290067738920260E-005
   1.0048920974345927E-004
   8.4317485322959689E-005
   1.2226025696489826E-004
   8.6261989163488592E-005
   8.9874724261601105E-005
   7.9825088003164898E-005
   9.4034209377306726E-005
   9.8093614919634957E-005
   1.0884076821222344E-004
   8.5521836460531478E-005
   1.0885871028238051E-004
   8.5047371202874890E-005
   8.3464691056498496E-005
   7.4806917501493930E-005
   8.6379081124439354E-005
   9.8059954609714197E-005
   1.1665095602822527E-004
   6.8576034221097841E-005
   7.1760502672666367E-005
   1.1119411980345097E-004
   7.9514227344049386E-005
   5.4747013255598357E-005
   6.4348572540079137E-005
   6.1373524211374744E-005
   7.2783062145174502E-005
   8.2161660782599795E-005
   8.8642330370317660E-005
   6.8887381411528222E-005
   7.4112038421637939E-005
   6.1905289840317326E-005
   9.8742776515675976E-005
   8.3391577280556042E-005
   9.4053533751266671E-005
   7.3823349539539268E-005
   1.1754086321283624E-004
   8.3390407511115103E-005
   9.1980940551987623E-005
   7.3831531080423621E-005
   1.2190531814689654E-004
   1.0598808906655231E-004
   7.3044098107782641E-005
   1.1954153490997806E-004
   7.7876254870205762E-005
   1.1908955476030804E-004
   1.4025561069174453E-004
   1.1582471407917094E-004
   1.3672727043639982E-004
   8.6666556508936576E-005
   7.0573417753418721E-005
   8.1061575373069693E-005
   8.6085500169880624E-005
   1.1233620521829141E-004
   6.1798555413658391E-005
   1.1886230799273321E-004
   9.3304579806921238E-005
   1.1665839376841865E-004
   1.0705973068015860E-004
   8.3922677013945339E-005
   6.9460860645636303E-005
   8.3643981114545901E-005
   9.8803437104840058E-005
   9.0771088869540513E-005
   9.5329390318727041E-005
   6.6433427049605645E-005
   6.9482552139147916E-005
   8.0934288175108310E-005
   7.8854907017890713E-005
   7.8703862316945465E-005
   6.5028323757083874E-005
   7.7908575678895775E-005
   9.4040398254178822E-005
   1.3285765972306709E-004
   4.0180347870857667E-005
   7.6568473142199007E-005
   6.7891329493625205E-005
   7.8226632566264702E-005
   8.9962422924401978E-005
   7.2196604518197976E-005
   1.4994866163305255E-004
   6.0232567278078843E-005
   6.7887139266019326E-005
   1.3199612461189342E-004
   7.2711816560979263E-005
   1.4215757361317211E-004
   7.6111045921453926E-005
   1.2167890241928129E-004
   5.8461661048651522E-005
   1.0415803198730170E-004
   8.0992077592770154E-005
   7.2960351781178398E-005
   1.3240136561235225E-004
   8.9512737239360075E-005
   7.9849300552899423E-005
   1.5597825243737347E-004
   1.2295536672330478E-004
   6.3411946557663339E-005
   8.4759071333345270E-005
   1.0740343747466908E-004
   1.0584173505310807E-004
   1.6945756628890856E-004
   7.1133242548510232E-005
   7.2287887188236769E-005
   1.0282846723283395E-004
   9.1199710566149125E-005
   7.7832061979625164E-005
   1.2988999700424235E-004
   1.4279121404332221E-004
   8.1216922354486614E-005
   8.2729138697142625E-005
   9.9847634275396888E-005
   8.6529562896078122E-005
   5.8856933909652154E-005
   1.2026930438619040E-004
   1.1918047244042998E-004
   8.0750276659148496E-005
   9.1937510184253118E-005
   8.0122370170437667E-005
   1.0349674642520065E-004
   1.1245611071954048E-004
   7.3837817045681157E-005
   9.6180607858413741E-005
   1.1586076063138854E-004
   9.2280750974520353E-005
   7.6516258331713779E-005
   6.9064400148978434E-005
   7.0238016526381637E-005
   9.7212193460419482E-005
   8.6148816591489322E-005
   7.9842769624815388E-005
   9.5009624489274472E-005
   1.0989059914939922E-004
   6.3138359465773680E-005
   1.6799519996465166E-004
   8.4355417819427373E-005
   6.9663599118227035E-005
   1.1766844690060409E-004
   8.0237475177660103E-005
   6.3848426137550149E-005
   1.0144069253423629E-004
   9.3178294003141895E-005
   1.4849767460552743E-004
   1.3070539630550675E-004
   1.0339200970576977E-004
   1.1904396297967657E-004
   9.2327267367803352E-005
   8.2343951294426242E-005
   8.2661814025208311E-005
   1.0865434768677550E-004
   1.0688982072481771E-004
   9.6252794912949578E-005
   1.2722919058270714E-004
   7.0469380046115786E-005
   9.6382145682183967E-005
   1.0929997996435294E-004
   1.3916880034094907E-004
   8.3447791748974599E-005
   9.2886772753757947E-005
   1.0843624953475103E-004
   5.9399715937422165E-005
   6.9559919474597348E-005
   1.2165544223248506E-004
   6.0015172900204246E-005
   9.0738283274566602E-005
   1.3221773997972830E-004
   6.3381283829117173E-005
   8.0191109995647402E-005
   6.4613595728527312E-005
   6.1342495698997972E-005
   9.0650838306265301E-005
   1.0450967455824536E-004
   7.1252863790023980E-005
   1.0361160450598687E-004
   8.4500853012149597E-005
   9.1686127348746284E-005
   7.6672954885546028E-005
   9.8377611024344562E-005
   6.0287191888157803E-005
   9.9744954476021168E-005
   1.0840644110237948E-004
   1.3274558732941186E-004
   1.2108318943408665E-004
   8.3998482653465566E-005
   1.0172404711429081E-004
   1.3767458124871424E-004
   5.8689325846180042E-005
   1.0611507724566849E-004
   9.7920226214977561E-005
   1.2662864091234923E-004
   1.0295171155598214E-004
   1.2870375800897200E-004
   1.1694763346698400E-004
   7.5237919907442441E-005
   6.9632187523187787E-005
   6.9994408192007492E-005
   1.4578508842645149E-004
   1.4656597230041578E-004
   1.1352253770497194E-004
   9.1296287769339826E-005
   8.2759471538190857E-005
   9.6238431961849695E-005
   8.2658813472513302E-005
   1.0201760897864356E-004
   1.1258895090336076E-004
   9.7971818707238981E-005
   1.1689849354150617E-004
   1.1384422092159770E-004
   1.8633648585861121E-004
   9.7648444471861589E-005
   9.7448881078809730E-005
   7.6555221786282944E-005
   9.5696941822380718E-005
   9.2826296564588989E-005
   7.0348011460401243E-005
   1.1486831209296910E-004
   8.2261419125633008E-005
   5.2679684477656068E-005
   8.7412417287769642E-005
   1.0543561904214285E-004
   8.2171508883281878E-005
   1.7353130380869960E-004
   8.1891625977987374E-005
   1.0087218962791863E-004
   7.1549154530321782E-005
   5.3227672357370826E-005
   7.4788067834600150E-005
   8.3652375046786695E-005
   1.0577046840804664E-004
   8.5525980331800769E-005
   1.0500028816559977E-004
   8.2727836566697909E-005
   4.3437807964903672E-005
   7.8457568023984414E-005
   8.5277271966468542E-005
   1.2772531548154692E-004
   9.3510357047013108E-005
   1.0767554092526152E-004
   1.0685721300110777E-004
   1.4404596537343295E-004
   8.9817384001274190E-005
   7.4698384842928530E-005
   1.0940716347801058E-004
   7.1851508109837083E-005
   8.2588077199934043E-005
   1.0778647216073195E-004
   6.1021276737519548E-005
   6.8099713903959480E-005
   6.8945441989289974E-005
   7.7841541659967614E-005
   1.2313870557180973E-004
   5.9283331588614545E-005
   7.3280144617580013E-005
   7.2876472231437695E-005
   9.9523435877638158E-005
   7.1875417746434110E-005
   6.8348831944821441E-005
   8.9509098753382628E-005
   7.8024754376621389E-005
   1.5124825314531774E-004
   8.6447418898788128E-005
   8.9975810307311272E-005
   6.2244007441656743E-005
   9.7984629597069292E-005
   9.7519815998489047E-005
   6.6931490460510787E-005
   1.2476128696256995E-004
   9.8060748284838517E-005
   9.6756022624754128E-005
   6.6659538466214502E-005
   9.9977503784341455E-005
   1.2216537813185190E-004
   8.4149822159485454E-005
   1.1199547874001157E-004
   1.1083455607370567E-004
   7.5005382133193352E-005
   1.3426333513662602E-004
   7.6860541186143946E-005
   1.4591243808229160E-004
   1.3256039773551056E-004
   7.4414372712162073E-005
   1.2600556345671507E-004
   1.1418544740018984E-004
   7.3435836940812679E-005
   5.6757222219227752E-005
   1.3519405192037858E-004
   1.0674920599616848E-004
   9.0613421519545567E-005
   6.9785250889704001E-005
   8.9022013803669310E-005
   1.1041378217922303E-004
   6.7950863183470974E-005
   7.5481858428879796E-005
   8.7019879976704760E-005
   5.9236407475176268E-005
   8.6787659595028222E-005
   1.0460962565579617E-004
   1.1707443181266254E-004
   8.8258777254675018E-005
   1.0027543009189984E-004
   1.0824953712863030E-004
   7.8756420430814366E-005
   9.0196929121954424E-005
   8.0749486896273417E-005
   1.2430286629986132E-004
   9.4595837477775318E-005
   8.8257616038242816E-005
   1.2576697522810455E-004
   9.8411827798808657E-005
   1.1306158928762950E-004
   7.6917551612666482E-005
   9.9300841514144190E-005
   9.0884556804573808E-005
   7.3349373106648420E-005
   9.0445592452731451E-005
   7.9854740105259953E-005
   1.3667405595777499E-004
   9.7824678734941654E-005
   6.2740764614872867E-005
   8.6095864267236576E-005
   7.8491292350391608E-005
   1.1727569603568669E-004
   8.3869435320474444E-005
   7.0283193628682510E-005
   1.1926810944810726E-004
   1.1617693316772932E-004
   9.0897528437640916E-005
   5.7417236976186500E-005
   9.3513584647234824E-005
   9.9717357454793203E-005
   6.5420150658649517E-005
   8.0748232389875552E-005
   1.6014290068015478E-004
   9.9833835483281047E-005
   7.8769645713536152E-005
   9.0257199766534789E-005
   8.4955818307542010E-005
   8.8640549898346752E-005
   9.4391743916685304E-005
   7.8134617379127131E-005
   7.5661752904160220E-005
   7.7688549648898396E-005
   8.0281524320403635E-005
   1.0345488409685962E-004
   1.0535722967024162E-004
   8.0282765699403108E-005
   8.2634729074058269E-005
   9.2067152920043623E-005
   1.0638976220774623E-004
   6.9560364144167990E-005
   9.3109097527857554E-005
   9.0972611148566496E-005
   9.4769563831154685E-005
   9.2732521756110030E-005
   6.6468570019584039E-005
   8.7732305073801839E-005
   1.8218434138266040E-004
   1.7207580045422934E-004
   8.5193488582986076E-005
   1.0076178183395639E-004
   1.1154878044844172E-004
   8.8160753929021735E-005
   1.2002419638586662E-004
   8.4084946206295475E-005
   7.3715275443101278E-005
   1.0213234701939284E-004
   6.6591330296711965E-005
   9.5067665565254294E-005
   9.8063914185926273E-005
   7.9666361314294123E-005
   1.0060971794091437E-004
   8.4425105934692935E-005
   1.0830554500409781E-004
   8.4568312177093794E-005
   6.4789849488955801E-005
   8.6613107684551088E-005
   8.6459604199424576E-005
   9.4510181989189629E-005
   2.3771196095861188E-004
   6.9936262924258580E-005
   6.4502557276879374E-005
   8.2365603010757662E-005
   9.2815034574153448E-005
   9.8635583381235525E-005
   1.7010355996919534E-004
   8.6674881108422827E-005
   9.4919486565831344E-005
   9.7524129703250713E-005
   8.5366815265084915E-005
   1.8303252658249705E-004
   1.3230137233673811E-004
   8.5978410056968398E-005
   1.6094349421059178E-004
   8.5447656263099131E-005
   7.2538870895225079E-005
   5.8628322615971049E-005
   1.0498748500433813E-004
   6.1633593451751497E-005
   5.8557106634735562E-005
   1.5082792379569958E-004
   7.0444994896403141E-005
   7.1841714586514776E-005
   5.7430513359425001E-005
   7.9411567059575880E-005
   7.5896866963573367E-005
   7.1480747691691791E-005
   1.3856537465081989E-004
   7.0969560249367980E-005
   9.1945079710743555E-005
   5.5661554593270757E-005
   7.9902217958526263E-005
   1.2282194385694091E-004
   7.8326028773824207E-005
   7.2600396383306647E-005
   6.7204705819765362E-005
   1.1500673968193231E-004
   5.8318539530828054E-005
   8.3359502980779205E-005
   9.6303809617049620E-005
   7.6271732240739657E-005
   7.2075745759997623E-005
   1.4106390348930410E-004
   6.7644451996946278E-005
   6.6954580763157152E-005
   7.3368151153693992E-005
   7.4192794672333861E-005
   7.2230642303553773E-005
   1.2865837580617589E-004
   7.7146194825720603E-005
   8.1640012171127222E-005
   9.7239322123530685E-005
   1.1774004679359773E-004
   9.8567844594216810E-005
   9.1006939619069226E-005
   1.6580823329722481E-004
   1.2301523304923681E-004
   9.6003050859323503E-005
   6.7812188280140550E-005
   1.0664279787797868E-004
   7.5308654292093857E-005
   6.4387174401964149E-005
   9.6371158879068257E-005
   6.6205641496854952E-005
   1.2121264310036875E-004
   1.1543494818081614E-004
   5.9551615575533458E-005
   8.3785035953476184E-005
   8.4151720560673155E-005
   1.3307764493125052E-004
   8.7835494124866121E-005
   1.0039072392802626E-004
   1.0116684089696960E-004
   1.4036336845739473E-004
   7.3510325141186238E-005
   7.8766115613525533E-005
   8.2156256654462173E-005
   8.8003280513781411E-005
   6.5075305944943773E-005
   5.2888035488946735E-005
   8.1836692233501200E-005
   1.1619012638467201E-004
   7.7529054950343466E-005
   6.3324424540742329E-005
   8.4694332911466948E-005
   9.1456343156406746E-005
   8.5015624535514435E-005
   1.0046468910421749E-004
   9.1145265585049188E-005
   1.0276576735501263E-004
   7.8689374862516169E-005
   9.9321285470927028E-005
   7.6783484576070540E-005
   7.6895769626771874E-005
   1.5535719395159123E-004
   7.2982577708372731E-005
   9.9815737292370351E-005
   1.1459523645455171E-004
   1.3765324718851903E-004
   1.0060537216130499E-004
   6.6574002952522006E-005
   9.0737919113857921E-005
   9.9509963370184907E-005
   8.1793140084036772E-005
   1.0666280238995727E-004
   7.8041711265683104E-005
   8.3320602478210382E-005
   6.7937315478785155E-005
   1.0607806043016948E-004
   8.2338617966328320E-005
   6.6410873602526618E-005
   1.0483320802602150E-004
   9.5964284665481039E-005
   1.5404538688468283E-004
   6.5875526760074513E-005
   9.3646997831939408E-005
   7.8464381077025349E-005
   7.6425816099403484E-005
   1.2487163642923831E-004
   1.0667191135871713E-004
   1.0636866915531792E-004
   8.7448856092991738E-005
   1.0905024219129303E-004
   1.4824158135868677E-004
   9.1518098641074421E-005
   9.1782769151202659E-005
   1.0324347401387688E-004
   1.1615267123686319E-004
   1.0204245452562413E-004
   1.5492602041444051E-004
   6.6519856225424578E-005
   5.9997799658454520E-005
   9.6215606876616736E-005
   7.4823483277542210E-005
   7.8931435399051157E-005
   9.6307955106714405E-005
   7.5827189249261896E-005
   8.5555425833565055E-005
   9.0731853330311817E-005
   8.7440035345204007E-005
   9.8864757895522607E-005
   1.3767908309107073E-004
   7.4470858139651688E-005
   7.5010343703648362E-005
   1.7873365459049188E-004
   1.0550862802026800E-004
   9.0948037112567723E-005
   9.1291903129120212E-005
   7.8204556516438644E-005
   6.3200348850550800E-005
   8.2834234145327354E-005
   1.0456027361226592E-004
   8.0899312398600179E-005
   5.8161537745613860E-005
   8.3175306229380574E-005
   1.1025686098125061E-004
   7.1446007926286614E-005
   7.7193411535102577E-005
   1.0983628457337329E-004
   8.5651087278528640E-005
   8.0091461524995212E-005
   1.5790448571732080E-004
   8.9460746332559516E-005
   8.4060830086639363E-005
   9.9167209207405395E-005
   1.0587246355415630E-004
   1.1651847692751770E-004
   8.0033379113544090E-005
   1.1351474598193665E-004
   8.0746734337008291E-005
   7.8475789518570038E-005
   1.0703862019322416E-004
   9.0638679106736281E-005
   9.6281003169195546E-005
   9.4121461746944570E-005
   8.6319172932862364E-005
   1.0435135228236257E-004
   1.2098731608121833E-004
   8.9793222141019500E-005
   9.4090413159938786E-005
   1.2405469839706933E-004
   1.1243673764053872E-004
   1.1091928646725646E-004
   9.0782272029114376E-005
   1.1015592499773648E-004
   9.9142555807738085E-005
   1.1330515415727932E-004
   8.5777069738060977E-005
   7.7340672861400388E-005
   7.5478041804162370E-005
   8.2816927658308908E-005
   8.5327809252344625E-005
   7.8583265602568371E-005
   1.2029127243634412E-004
   9.3386612204720407E-005
   7.1795612686102807E-005
   7.2237948904925643E-005
   1.0148482423295579E-004
   7.5592177306983607E-005
   8.0936797237345516E-005
   1.2093990036171506E-004
   1.5498455349924361E-004
   7.5937294316592448E-005
   1.5187776750920866E-004
   1.2784223235961012E-004
   9.3230212654495440E-005
   1.1737574628298668E-004
   5.4475845538667819E-005
   9.7813370690366674E-005
   8.4321183184276079E-005
   9.9517646348121634E-005
   5.9489886163983732E-005
   8.7171193062841263E-005
   8.2577614508447930E-005
   7.6062656576117657E-005
   9.7443945710073331E-005
   9.0110288241086045E-005
   1.6034769298960369E-004
   8.6640072542658875E-005
   1.0503764995937147E-004
   8.7097762895128604E-005
   1.2745992628024829E-004
   9.3337225540074956E-005
   8.4706969411302803E-005
   1.4936252587241497E-004
   8.6833860136976577E-005
   1.3266769662434414E-004
   8.2804312346079125E-005
   7.4146336247614812E-005
   8.5125744298017298E-005
   1.1682243544347689E-004
   1.2772811181227658E-004
   7.4389329712830438E-005
   7.2251507837765150E-005
   7.4426436837740862E-005
   1.0949995251473075E-004
   9.2581590020136346E-005
   7.1601149438329544E-005
   8.0136160551881190E-005
   1.0529579418685736E-004
   1.0594467284689018E-004
   8.2439240493311586E-005
   1.0604573592746341E-004
   9.3884501151421019E-005
   1.0270259136954680E-004
   1.0601665454174758E-004
   1.1064412661236825E-004
   1.4316651557335947E-004
   9.7181118981831322E-005
   8.2540556799860781E-005
   8.7016084924309645E-005
   7.8387427778767101E-005
   1.4470555488180320E-004
   1.2006522109222585E-004
   9.4573671373005859E-005
   1.0922226913582431E-004
   8.9921984610844200E-005
   8.2501500389895970E-005
   1.1369349332433136E-004
   8.7621575132382806E-005
   1.1629845066430335E-004
   1.4093761470686142E-004
   9.2058627605031196E-005
   7.7544288914619023E-005
   9.4564107198880602E-005
   8.2024084267615603E-005
   9.1977397818090322E-005
   9.4781442486794980E-005
   1.1564356659549538E-004
   1.0629874495416566E-004
   8.0577389834848739E-005
   9.5174510158140606E-005
   1.3645179864065225E-004
   5.9912143969435364E-005
   7.3221564050155482E-005
   1.0875058532805671E-004
   6.9031092354116823E-005
   1.1282481202088799E-004
   1.3419306328138491E-004
   1.1364003377294188E-004
   1.7880953705561939E-004
   7.5795268393372850E-005
   8.8867694761329469E-005
   4.6929530743696006E-005
   1.0564517747096998E-004
   7.6567447657007709E-005
   8.3766683452213712E-005
   1.0467166289340645E-004
   7.7035564542740894E-005
   8.8839458402666230E-005
   9.2792185190435946E-005
   1.0752932252864440E-004
   1.1581624483274706E-004
   7.4210628082002595E-005
   8.5266802370963419E-005
   8.9960335112340586E-005
   1.0747675927853145E-004
   9.9390230317632759E-005
   1.7854151856749501E-004
   8.1101442623533008E-005
   1.1786862299562672E-004
   1.0614608234348804E-004
   8.8322187042430574E-005
   1.0583023742058720E-004
   1.2198623386876604E-004
   1.2637524000974986E-004
   8.2327345285205091E-005
   1.0008832378038821E-004
   1.0146745387576130E-004
   1.1520308718501724E-004
   6.4376368231217242E-005
   1.0507577366748539E-004
   8.5323468213298139E-005
   8.3709950066311831E-005
   1.1228287182749809E-004
   6.3887148247772314E-005
   8.9722021044041041E-005
   9.5312939350660920E-005
   1.0350998885050682E-004
   9.2846690279275930E-005
   1.0311851529501002E-004
   1.1787116391877769E-004
   6.0589047204633322E-005
   9.5373211686386027E-005
   6.2958019095666078E-005
   1.0092205802166906E-004
   8.5791960644702572E-005
   5.8494827985473830E-005
   1.2493252574971681E-004
   8.8007032993604254E-005
   1.0310479135204091E-004
   7.1296324652137574E-005
   8.8029401196207732E-005
   7.8832059047276271E-005
   1.9011583906717807E-004
   1.0522639776882721E-004
   5.5913751455201556E-005
   8.6691876169010988E-005
   8.7658329258856392E-005
   9.2201895869358739E-005
   6.3010035860333171E-005
   1.0046262405088138E-004
   1.1951140654571598E-004
   8.4224168253304490E-005
   1.2983894929217285E-004
   1.0831196772528119E-004
   9.7833784156937730E-005
   1.5889743931452887E-004
   6.2980587297525455E-005
   6.8627289677805023E-005
   8.7059911329357120E-005
   5.9937970258378685E-005
   1.3223689457373953E-004
   9.6811721173955344E-005
   1.3952191111397074E-004
   8.9082606548057059E-005
   1.5765254706936939E-004
   1.2204215522662171E-004
   6.4642534146800774E-005
   1.1669277693249080E-004
   7.6402736131630727E-005
   1.4562008758269062E-004
   6.9444087281611742E-005
   8.2411265299648780E-005
   7.2877087749429359E-005
   7.6424627087075069E-005
   9.4994737139439948E-005
   1.2035071829613081E-004
   8.6089537182731547E-005
   1.0774527782263910E-004
   1.1330235172710916E-004
   7.7870875149092312E-005
   9.6293511091330751E-005
   1.1733852694560833E-004
   1.2681148624071778E-004
   1.0450366370177876E-004
   4.7403811024664236E-005
   7.6401683743019481E-005
   7.4641881250166840E-005
   1.0525857676114418E-004
   7.6885863351935902E-005
   8.2271100500277045E-005
   8.3116065596926635E-005
   8.0102751790656082E-005
   8.9618482507094211E-005
   1.1102870739148851E-004
   1.3855678178985041E-004
   8.5445731983745392E-005
   9.2439021131170056E-005
   8.8382137695465715E-005
   8.2081503768218007E-005
   8.5555141167846025E-005
   6.7286571026969191E-005
   1.3748456841560834E-004
   8.0898998056405069E-005
   1.0924567228401627E-004
   7.5622100642759943E-005
   9.9760521561494358E-005
   7.4574166867974213E-005
   1.4599835893890959E-004
   7.3096077813515782E-005
   7.5217568447033648E-005
   7.2654278167012698E-005
   1.0816639717586705E-004
   1.0252168650869157E-004
   1.2832839939312898E-004
   1.2566433304091656E-004
   1.5069541800992342E-004
   9.3698557512850999E-005
   1.2391853506407894E-004
   1.1299592203818051E-004
   7.6761256023111124E-005
   7.9776497234922104E-005
   1.8853267710502517E-004
   1.1342705117326494E-004
   1.1489872165593389E-004
   9.1403876829467790E-005
   9.4122389461123363E-005
   1.1706605943465435E-004
   1.2531340899416891E-004
   1.3969820010057690E-004
   5.8285851615770025E-005
   1.4816016989657648E-004
   7.1458887532887522E-005
   1.0023423052469292E-004
   5.9331484295711639E-005
   9.8875429653984921E-005
   8.7445480225931436E-005
   9.3512548031020882E-005
   8.9217901087445623E-005
   9.1933549245961580E-005
   8.3477411650498710E-005
   1.0293933332696102E-004
   1.0403664006244523E-004
   9.7590189488345593E-005
   7.0777959313426917E-005
   9.8821098424902392E-005
   8.0396486066468414E-005
   2.0832987572362487E-004
   1.1080845787845325E-004
   9.0394020037114101E-005
   1.1189955205240026E-004
   1.2307034961999758E-004
   1.3708217952147637E-004
   8.1099160363078601E-005
   6.0830601588000856E-005
   8.3641438411974117E-005
   5.6924250780535253E-005
   1.0127581579228234E-004
   8.0855197230479410E-005
   1.3787152272211261E-004
   9.0351417979382364E-005
   6.8099922239711790E-005
   1.0939942312649641E-004
   8.2309518716229584E-005
   1.4449440356678264E-004
   9.9188039500887559E-005
   9.5246769174987811E-005
   9.3374145176478401E-005
   1.2308479908409520E-004
   1.0814751108412511E-004
   1.0736389334705090E-004
   1.0192451447942961E-004
   9.7197605606487482E-005
   7.1926618121117051E-005
   1.2220322915088892E-004
   1.0847683984637965E-004
   9.4556991535390923E-005
   9.2223310044617395E-005
   1.4581332914135776E-004
   9.9522321902968284E-005
   9.0107485459500706E-005
   8.5871778332059860E-005
   8.2597107041506947E-005
   1.0168618179394885E-004
   6.2640296864299348E-005
   5.4971125789585954E-005
   8.3608730251055768E-005
   1.6018753064987650E-004
   9.5096250989232760E-005
   1.0149208068550973E-004
   7.7813846662461489E-005
   6.9479252323912242E-005
   7.5855902555779298E-005
   8.5880769855589946E-005
   1.4333587215136873E-004
   6.6000967182323154E-005
   9.6380827885239484E-005
   7.9287811597896217E-005
   9.0351722325928457E-005
   1.0111503720647760E-004
   1.0315946503115863E-004
   1.0172850706895506E-004
   8.6222588744723711E-005
   9.0045668895332362E-005
   7.7191438830718549E-005
   7.5480029809396260E-005
   1.0173218632842680E-004
   6.7274532643023499E-005
   8.0729618607179132E-005
   1.2924977994765069E-004
   1.3908493169681276E-004
   7.3894946949027676E-005
   1.0399329865134987E-004
   1.1452263628556811E-004
   7.8380725825790074E-005
   7.9561833212429925E-005
   7.0253603980851409E-005
   8.3268702846962247E-005
   8.0638374639252871E-005
   7.8749294677265175E-005
   9.6171651836428825E-005
   5.4196432077481406E-005
   1.1609375143194103E-004
   7.4990725419932903E-005
   6.7236567319114502E-005
   1.2194122765054469E-004
   6.4387014079345375E-005
   1.3496190999177582E-004
   8.5583933260162195E-005
   8.2974477572551054E-005
   8.4395841738793014E-005
   7.9747086809726231E-005
   1.0634739034016812E-004
   1.1291509877075417E-004
   1.0006011045981623E-004
   9.6016398537014436E-005
   9.0162093806182177E-005
   1.1884588668662529E-004
   8.1821188397549380E-005
   8.8750156374067181E-005
   8.0921547853078773E-005
   9.8241712397273873E-005
   1.2153924696305506E-004
   9.4328589812681465E-005
   7.8326876430105175E-005
   1.0995289119405243E-004
   9.7863069049524068E-005
   5.4183694638385250E-005
   7.1046796322508541E-005
   6.2188091116044026E-005
   9.4630023993984879E-005
   5.5112540034601785E-005
   1.1681071173458673E-004
   7.6254319366089190E-005
   1.0208830743784424E-004
   1.2096804492264904E-004
   8.4017782368784021E-005
   8.3128453120473293E-005
   9.8471747184309189E-005
   1.1077622966262703E-004
   1.3678480595737312E-004
   7.1409181437593933E-005
   6.8671864348783323E-005
   7.1981941173087247E-005
   1.0804302928699717E-004
   6.5750115896615315E-005
   1.5491463893636234E-004
   7.7162186641712831E-005
   9.6258716813461234E-005
   7.8111208485129332E-005
   9.5461113404042910E-005
   1.1044932637759362E-004
   9.4108334495676343E-005
   9.2238738410182250E-005
   7.2700683111988205E-005
   8.9700449854755604E-005
   7.5014289777945221E-005
   1.0920617652920594E-004
   1.0604730198857451E-004
   2.1540540606530768E-004
   7.4067555950866392E-005
   5.1161562601419438E-005
   1.0392992040590733E-004
   1.1909856200223485E-004
   1.4183140115893889E-004
   8.1173855302334806E-005
   1.0458565874383464E-004
   1.6528879086239113E-004
   8.5787869512218856E-005
   1.0211963138434092E-004
   1.2387390846285381E-004
   8.6704185436369617E-005
   1.0984801207860305E-004
   8.4316413553680135E-005
   1.3288217756167350E-004
   7.0878512233726323E-005
   7.5454063671384300E-005
   6.6601080308582763E-005
   9.3501341548818157E-005
   9.6251045606023851E-005
   7.6178129714840799E-005
   1.0242335124453392E-004
   9.6939191832872139E-005
   1.3130257378892254E-004
   9.7851996015200962E-005
   6.1999321677293649E-005
   5.9835556076758722E-005
   7.6416606217088960E-005
   8.5820715167235953E-005
   8.8800663936117188E-005
   6.7214791221054939E-005
   7.6526804987085418E-005
   1.7066935117821758E-004
   1.4421171330424083E-004
   5.9677058462665303E-005
   6.3192335847602171E-005
   1.1209633374373450E-004
   1.0344496731196845E-004
   8.0746355803228503E-005
   8.6068108969772716E-005
   8.9291964790721634E-005
   7.2721923116903065E-005
   8.4937559318635844E-005
   6.7473406898705006E-005
   9.9863701814652050E-005
   8.1908294374923569E-005
   6.3222795530113476E-005
   9.8946002347264362E-005
   6.4513556937697753E-005
   7.7545177856113169E-005
   1.0373681056714007E-004
   1.2150455912437209E-004
   9.6026663904622987E-005
   8.7124358687839983E-005
   7.5834314622818825E-005
   6.9615100646531979E-005
   1.0629172129713959E-004
   7.2094303302623500E-005
   6.2668784231915265E-005
   1.0051867731265253E-004
   1.3542334681788587E-004
   1.0523715471853503E-004
   8.4235768423374148E-005
   8.7387718436170400E-005
   1.0169287475251202E-004
   1.3285558613213109E-004
   8.6244236733242638E-005
   1.1815625397334019E-004
   9.4652707344514424E-005
   6.7743234854524640E-005
   6.3324015252092658E-005
   1.1314992749078033E-004
   1.4048932892512470E-004
   1.0760843741121706E-004
   1.0921047281834466E-004
   7.5222250053043788E-005
   1.2431766282192309E-004
   1.0981899520968045E-004
   9.5393577318105078E-005
   7.6037324902341350E-005
   8.3761833619553201E-005
   1.2390096934400716E-004
   1.3329178020334633E-004
   1.1632575523607438E-004
   1.3482894213395533E-004
   1.2170121098243845E-004
   8.4104534248497946E-005
   8.5043472742036007E-005
   1.1276933321725821E-004
   9.9749186529456686E-005
   9.0618962561805766E-005
   1.2278848193675163E-004
   8.7351919959610373E-005
   1.5639937727770112E-004
   1.5114846939955293E-004
   1.3657709498926038E-004
   1.2834611394419110E-004
   5.7615823141830654E-005
   8.5288269902425971E-005
   1.1630411110936833E-004
   9.8293320422396680E-005
   1.2427576122803102E-004
   9.2973102493379905E-005
   1.0172743137334579E-004
   9.6056195134811009E-005
   6.4783111049664804E-005
   7.3104383491294652E-005
   7.4480255266389425E-005
   8.7230061730188510E-005
   1.0686565869925240E-004
   9.1367782979724413E-005
   1.0385644378136302E-004
   8.6751446020982582E-005
   8.3609537037302492E-005
   9.1431954875703815E-005
   5.5397011158548069E-005
   8.9668542516769216E-005
   5.9451703992885739E-005
   9.0623747348023327E-005
   7.9856478378556659E-005
   1.3028250455348692E-004
   8.4386183866301214E-005
   8.0103713287025584E-005
   9.3575589807261663E-005
   7.4923798566030130E-005
   8.3683539651786628E-005
   8.0536857302760564E-005
   6.8185438061556104E-005
   8.7125636455449016E-005
   8.8801878837749311E-005
   7.6060040201082264E-005
   9.0847545197415716E-005
   1.0102778349459133E-004
   8.4166309412905013E-005
   9.8540868181106313E-005
   8.4241520292626198E-005
   6.5824072100054089E-005
   5.4178649389132246E-005
   6.8120082154946750E-005
   6.3012262794311634E-005
   1.2248683407951552E-004
   9.7833559750768153E-005
   5.5548632911584210E-005
   1.0035670427762687E-004
   9.9123826097110443E-005
   9.0944773842395547E-005
   8.3689088059487590E-005
   8.9244583978860848E-005
   1.2038194113019627E-004
   8.0689332609752362E-005
   7.2136686951617906E-005
   6.7887744980251651E-005
   9.1029820405163752E-005
   1.1356568382484915E-004
   7.3582489596074336E-005
   6.1887678510752004E-005
   1.0014241991435893E-004
   8.3369535279915235E-005
   1.3023609726024409E-004
   1.9959352235484815E-004
   1.6051709211383012E-004
   1.1653565870615712E-004
   1.5520348402820700E-004
   9.8960807304348549E-005
   1.2289786783545959E-004
   8.2819274370527215E-005
   7.0447028983658150E-005
   6.4569660054082529E-005
   7.8159263337625111E-005
   7.2586891872557360E-005
   9.3190230515920107E-005
   1.3507622126529692E-004
   1.1763521490203598E-004
   1.1593597536017729E-004
   1.0908685847100745E-004
   6.9480386747611603E-005
   1.0239934147021970E-004
   9.8101305526087856E-005
   1.7774395504539410E-004
   7.8996281544110034E-005
   8.0800367507305741E-005
   1.4706645890368963E-004
   8.6181981345076388E-005
   8.1579176177822208E-005
   8.4301850133742149E-005
   7.4290017419644742E-005
   8.9796822197183159E-005
   6.4379437443337644E-005
   9.0793242753544530E-005
   9.4034947748768572E-005
   9.2426489976291893E-005
   8.4425128657710156E-005
   1.3588793067058049E-004
   8.7906557358156489E-005
   9.9188670652528032E-005
   7.2813060692876474E-005
   6.9157668650612691E-005
   8.1899229362427308E-005
   6.8053323709260806E-005
   9.9225185353338621E-005
   1.3574933810676728E-004
   8.8119884257671887E-005
   6.2718765293504124E-005
   8.4554702452124426E-005
   9.6266698649287609E-005
   7.3229406525749722E-005
   8.5625875652358912E-005
   8.8829282942434184E-005
   7.5627714575309053E-005
   1.1964588950117176E-004
   9.2462483878955388E-005
   9.3992949298389616E-005
   1.1585368890061540E-004
   7.8470578583423548E-005
   8.7459341458959446E-005
   1.2355000630793315E-004
   1.4075890948365134E-004
   1.1581527715163437E-004
   1.0470870222977714E-004
   1.5201879545731351E-004
   9.3634926710909933E-005
   7.0330384313675582E-005
   7.2171715038994090E-005
   8.0368500310943553E-005
   1.0575093648575753E-004
   6.1576886364753683E-005
   8.1644149182459768E-005
   5.9064099101024827E-005
   7.9581454778560333E-005
   1.0445424085652254E-004
   9.4878683647893445E-005
   1.1161384536887363E-004
   9.1153570191294868E-005
   9.0197378799867765E-005
   9.6232801456524786E-005
   7.0113606309800121E-005
   8.0203851555292905E-005
   6.6375147986336158E-005
   8.9579859181155262E-005
   8.0445865182356686E-005
   7.5623198145582560E-005
   9.8137147622119768E-005
   1.3801538808105735E-004
   1.0479465750196741E-004
   1.1399646358756517E-004
   6.6271224276117510E-005
   7.6464792878179255E-005
   8.8261779371449607E-005
   1.1076934680957135E-004
   5.6868016556588516E-005
   9.1388438114071009E-005
   7.0825581028320834E-005
   8.9399987918132570E-005
   2.2862438297352125E-004
   9.4010902064461705E-005
   1.3652681622632135E-004
   1.2088068641107656E-004
   1.0880667430902875E-004
   1.3670943035012893E-004
   1.5771930451116597E-004
   7.3693095264655648E-005
   8.2642194371369246E-005
   1.3691193113927330E-004
   1.2946748316994738E-004
   1.0687543033482146E-004
   8.1544415339963693E-005
   7.2195234208974205E-005
   1.1320372027510079E-004
   7.2626484743251458E-005
   8.1386440853465830E-005
   7.2327745962569954E-005
   1.1343676623325621E-004
   8.0664175162809535E-005
   9.9944569326755448E-005
   7.2754676277878561E-005
   7.2345337811139101E-005
   7.9784285728019675E-005
   7.6206928993351316E-005
   1.1263446825726274E-004
   7.0489697046828876E-005
   9.7665649229903610E-005
   1.1526975550664566E-004
   8.3804876397026144E-005
   9.5174914116137623E-005
   1.0751939548000517E-004
   1.1507281556590703E-004
   1.5297728531596619E-004
   1.1606248907640379E-004
   7.2084719216629323E-005
   8.9329458466879354E-005
   1.0016993924279728E-004
   7.4345133643844276E-005
   1.1617231634829542E-004
   8.1506701545710280E-005
   7.6044930985951382E-005
   9.2388854789106356E-005
   1.0666190696173427E-004
   1.0218380504349334E-004
   1.1181375933819125E-004
   9.4118874856333288E-005
   5.2889778093657520E-005
   6.6412921261304833E-005
   6.8444307600226822E-005
   7.4321277899471253E-005
   9.7334050892853327E-005
   1.1124585815869837E-004
   1.6355536010076931E-004
   1.4812591156355959E-004
   1.5557227398075289E-004
   8.5779311375634362E-005
   6.6068279317975194E-005
   1.0180225465826160E-004
   1.1959818408254545E-004
   7.0601199470732450E-005
   8.4033706983688633E-005
   8.1211277642091872E-005
   7.8757689345265689E-005
   6.7044861984780690E-005
   9.1079224748230524E-005
   6.6470157444836091E-005
   9.1170805571797972E-005
   8.5564670344926225E-005
   1.1355834951566499E-004
   8.0812354991142681E-005
   1.1170568128584642E-004
   1.6700494995510563E-004
   5.6180241202309327E-005
   6.8670354723027459E-005
   1.0861720323037888E-004
   6.8815927503560796E-005
   8.8066129397383684E-005
   1.1462990993328123E-004
   9.7817465135930628E-005
   1.9258569514645331E-004
   1.1081725742304387E-004
   9.8393866780441643E-005
   7.6443394561201108E-005
   6.4490922827473401E-005
   1.1731141672685023E-004
   7.3300851812808297E-005
   9.8178455386591697E-005
   9.0304667768529770E-005
   7.3891005259310078E-005
   7.7998109367928133E-005
   1.2122817585142364E-004
   7.1972748799604131E-005
   7.2207118651136979E-005
   8.8632645831729649E-005
   1.0638960082006574E-004
   7.6396728118496667E-005
   9.3407290011399683E-005
   6.2427759891218706E-005
   7.8317474297292307E-005
   1.0661204674764314E-004
   8.3926178644581789E-005
   7.6957872140201179E-005
   6.7706782168821362E-005
   9.2973823769770312E-005
   1.1595311428061961E-004
   9.0166030305077028E-005
   9.7764972352999720E-005
   6.5654175732596286E-005
   8.1600174027711937E-005
   1.1217247984153178E-004
   5.8148406647871056E-005
   1.0692446392637791E-004
   6.3876786811582761E-005
   1.1525872668503869E-004
   5.4772823126867654E-005
   1.2942761037218657E-004
   7.7094959567590009E-005
   9.5358221526987757E-005
   7.9158876705122077E-005
   9.5814979742931872E-005
   1.2355188059249279E-004
   8.3330134684919999E-005
   8.7409416671335187E-005
   9.9853599650314356E-005
   7.7999745995985074E-005
   1.0507430049232384E-004
   1.0262742770164562E-004
   7.7399856586191445E-005
   8.7140324234109284E-005
   1.1984728575060633E-004
   7.4136642648016274E-005
   1.0744087900127612E-004
   7.1901026320213195E-005
   8.5289491986819275E-005
   7.2297415919590627E-005
   7.7126071021094530E-005
   1.4858145977916150E-004
   6.6953402081274181E-005
   7.0616170650425732E-005
   1.5369744368521498E-004
   1.1671645754783619E-004
   1.2707274241140120E-004
   1.0133792464833317E-004
   8.3610723527110031E-005
   6.5127769562709376E-005
   1.1068499796532575E-004
   6.7749181271583333E-005
   1.0089764175321167E-004
   1.0930178412396238E-004
   6.5417595425630595E-005
   9.8903976342595718E-005
   8.9677113198262560E-005
   1.6192461561482925E-004
   6.0633126053464040E-005
   1.0761581769595971E-004
   6.3688452257938623E-005
   1.1942262122971460E-004
   8.3561957843591493E-005
   1.0435603337192031E-004
   6.4640674010569895E-005
   8.0164557343142463E-005
   9.6095707394385264E-005
   8.0159649726929311E-005
   1.2109445087112427E-004
   7.2824871128792060E-005
   1.2878930066327865E-004
   9.3257934856315073E-005
   8.6423748481998774E-005
   1.0393637505407321E-004
   8.1870954579366250E-005
   7.8132730928181902E-005
   1.1628812813432011E-004
   8.1238620491299072E-005
   5.4808889136929699E-005
   1.3998044880134052E-004
   1.8254917966004739E-004
   1.0990776447224500E-004
   1.5612335137957505E-004
   1.1898891814874431E-004
   7.7125010868131039E-005
   1.4594310343801555E-004
   9.8520216781019214E-005
   1.1004055075279145E-004
   1.4304754739717079E-004
   7.1560030620152666E-005
   5.8087486535102904E-005
   8.1744886257404333E-005
   6.2927556807947096E-005
   7.9107910140294741E-005
   7.3004841362965336E-005
   6.9400573854370509E-005
   7.3402804452622137E-005
   9.6741945653513328E-005
   6.1577750370488493E-005
   7.2641652457949496E-005
   1.5457135048166316E-004
   8.8677995940761697E-005
   8.8998422337030125E-005
   9.2181495794131408E-005
   9.2015043964350124E-005
   7.2335422005583708E-005
   9.7232729497864575E-005
   1.0145701948429855E-004
   1.4968507175673598E-004
   1.4715397746916165E-004
   6.8787986647375960E-005
   8.1612419684496198E-005
   1.0822109401318719E-004
   9.0506577380132302E-005
   8.2740924959478406E-005
   9.7480458362765896E-005
   1.1433039325542814E-004
   1.3345654859299891E-004
   1.0627784167527661E-004
   7.9775244880018743E-005
   1.0463295167535099E-004
   1.2831220793993404E-004
   1.1658339171897470E-004
   9.5653787639421201E-005
   1.3853325820422469E-004
   8.3127142308077044E-005
   1.1856600087938286E-004
   8.7028385972197814E-005
   7.4346138420923469E-005
   7.7984557675941075E-005
   9.2999765630306518E-005
   6.9746553475564445E-005
   8.8421405480513762E-005
   7.9095873011002953E-005
   5.7927043005249497E-005
   8.0814950027661021E-005
   7.9488617408056845E-005
   6.8076467398484679E-005
   8.7176063659648279E-005
   1.2712824799228381E-004
   1.0300090650450984E-004
   7.4190385020874361E-005
   1.1098387711356662E-004
   9.0875921406697197E-005
   8.0648768608805349E-005
   8.7436722611477607E-005
   8.0689833361422865E-005
   6.5007012035035074E-005
   8.4842351303714877E-005
   5.5512309318609829E-005
   7.0979595630914856E-005
   9.6879238860272970E-005
   6.4901743940990917E-005
   7.6917246175218538E-005
   9.9703430958323136E-005
   8.7163841755068486E-005
   1.0123335669970342E-004
   5.8601682489392085E-005
   9.8661458816459797E-005
   8.7523631050176072E-005
   1.1205590415062930E-004
   7.0108262163646817E-005
   1.0406988927125617E-004
   8.6878132821179230E-005
   5.7473183961960679E-005
   8.2696882524532222E-005
   8.9959937990036104E-005
   7.4359130778335221E-005
   1.0129129966771663E-004
   8.8162140087269259E-005
   1.0820455390938714E-004
   9.4341300438385159E-005
   8.9514521916014649E-005
   1.1316328287064512E-004
   7.6108650290282611E-005
   8.9289402691016727E-005
   1.2153825661885351E-004
   1.3052812794063344E-004
   6.6482653026609043E-005
   8.3711486475287217E-005
   1.1413638494781372E-004
   7.5925267944595333E-005
   9.2700532678021216E-005
   1.2196728774189037E-004
   6.9670491683642018E-005
   7.2194586962992310E-005
   7.2188152504160851E-005
   6.4464877735274990E-005
   9.7351219847794615E-005
   1.0386082837979275E-004
   9.0154545746609936E-005
   6.4394367337345648E-005
   6.9829850600972509E-005
   8.7185067509723492E-005
   9.1608704143403586E-005
   7.7811310755926855E-005
   9.2317363147311867E-005
   1.4898669044288018E-004
   7.7001084444271878E-005
   1.1779846837710532E-004
   7.0556768645729063E-005
   8.7437774728571318E-005
   1.2352054613835230E-004
   8.8436555091549933E-005
   6.0637744400640117E-005
   1.1506661831237163E-004
   8.1004443715428128E-005
   1.7036094189021734E-004
   7.0118588649038891E-005
   9.0864468169237132E-005
   8.1054871410453331E-005
   1.5384801764865987E-004
