   7.0835233366287810E-005
   1.5488232536082022E-004
   6.9894255592407108E-005
   7.7380106222521997E-005
   9.0032945411058679E-005
   1.0845076463814307E-004
   8.7953296446910249E-005
   1.0310164796159753E-004
   7.7097116150103448E-005
   9.1164983198457745E-005
   8.4430010116525147E-005
   6.2719300709261129E-005
   8.4471332006137777E-005
   7.6493343992768313E-005
   8.0439077141695030E-005
   1.0462408821338643E-004
   7.7074089299467277E-005
   7.9377269488237521E-005
   6.2224292938825411E-005
   1.0392919575815606E-004
   8.1810884287274161E-005
   9.1027305754553357E-005
   7.2058105455678119E-005
   7.9304568497255319E-005
   9.5417653516694940E-005
   9.1095726619015317E-005
   8.8941004702899177E-005
   1.1082429767888481E-004
   1.4652699875984692E-004
   7.6051953198247270E-005
   6.5929937630152108E-005
   1.0213456621790336E-004
   7.8742996673456791E-005
   7.2664039198152178E-005
   1.0454714687169272E-004
   1.0729409476981536E-004
   7.2813719950503750E-005
   6.6478090337042666E-005
   9.4771299068550609E-005
   7.5266694827028169E-005
   8.9125694313128961E-005
   1.0442206667404652E-004
   6.5447058623919262E-005
   8.5569915148873111E-005
   9.9931354911570309E-005
   6.2249397300165985E-005
   7.9475484605048033E-005
   1.1297254712352967E-004
   5.1309317098367183E-005
   7.2738865764899693E-005
   6.7189538506901163E-005
   1.4984843042054342E-004
   9.4106572952421709E-005
   1.0018559367241760E-004
   5.6098426699063172E-005
   6.2242915107327458E-005
   5.9778121856773427E-005
   7.0192461464400717E-005
   7.7221708943815299E-005
   1.1434737888518514E-004
   1.0993258516873926E-004
   7.5699799390632134E-005
   8.0199643161447178E-005
   8.9095538568107795E-005
   1.0371823472793861E-004
   7.2036623602899245E-005
   9.0769377317878396E-005
   7.1363105816894012E-005
   7.0134823828256782E-005
   7.2259917349012508E-005
   9.0113400321391104E-005
   9.2812822529342344E-005
   1.4416912264479247E-004
   7.6278554383789937E-005
   1.6289887483894998E-004
   6.9681014903056856E-005
   1.1665356760085996E-004
   8.9864192061247147E-005
   9.4980502205704569E-005
   9.4512332630470862E-005
   7.0072744602250086E-005
   8.8327353461143326E-005
   7.5746111423637504E-005
   9.5418114388547964E-005
   7.8811086101763944E-005
   9.3425845774625324E-005
   8.0608045337684383E-005
   7.7581562796450395E-005
   1.6483932443031311E-004
   7.7020010307741834E-005
   7.9436242595123179E-005
   1.0955410162573208E-004
   1.0756754677733835E-004
   8.4910679080342358E-005
   1.0480651866513978E-004
   7.8504983419395470E-005
   5.9633203129819703E-005
   7.1777112766732273E-005
   1.1001894616961595E-004
   9.6217238184392786E-005
   1.1108039744330037E-004
   5.6131552533377892E-005
   6.5126843785130620E-005
   7.2215976414206662E-005
   8.2995514990862455E-005
   1.2687092765894148E-004
   6.8388693726636476E-005
   9.4878036191330283E-005
   1.2416547014548553E-004
   1.1598904694093203E-004
   1.3683709648371834E-004
   9.3472970342829974E-005
   1.2252642134762823E-004
   1.3753247253494279E-004
   1.6269283361474771E-004
   1.5689266272081890E-004
   1.0609702248960505E-004
   8.1555830320104299E-005
   8.8151257574239217E-005
   9.0726568742344058E-005
   8.1226892252618887E-005
   7.7535665889921161E-005
   1.1300395729926966E-004
   7.9856921345525781E-005
   1.1821853522332920E-004
   6.5303306951553322E-005
   5.5572731681764536E-005
   1.0007647322135191E-004
   6.3838444489574739E-005
   7.7710907024861563E-005
   1.1098160994081941E-004
   6.1035344892381501E-005
   8.1333654895004900E-005
   7.9088259364635223E-005
   8.3148042892360342E-005
   7.8915394096214551E-005
   1.0271757418242775E-004
   8.0492600558961747E-005
   6.2176228121020333E-005
   1.2122285673738657E-004
   6.8872508866081109E-005
   8.5496157872984755E-005
   9.3917784144446643E-005
   8.2586978750637298E-005
   5.3536818197315791E-005
   6.7103165828380796E-005
   6.8519085644305001E-005
   8.9120090409662274E-005
   7.1755984386004778E-005
   1.0909844161789846E-004
   6.4387724217359523E-005
   6.6341968336304920E-005
   6.4233300623897893E-005
   8.2019036505349825E-005
   9.8910928461217278E-005
   8.5832598051417566E-005
   1.4513138715390952E-004
   6.7160385936915754E-005
   6.7346862235697353E-005
   7.6867670369365753E-005
   8.0296121763640354E-005
   1.3655344052795429E-004
   9.9499412882185747E-005
   9.6358172965073906E-005
   7.2909496241327560E-005
   1.1446194785287776E-004
   8.2532191656551485E-005
   6.7676170282639450E-005
   9.3481374337174182E-005
   1.2048422531172154E-004
   1.5606077363172787E-004
   1.0258016267710060E-004
   9.6705517632082180E-005
   9.0647732883833619E-005
   1.0526912018589368E-004
   8.5144384757707204E-005
   7.3465412836272196E-005
   6.2818231509019373E-005
   6.8932006290074971E-005
   8.5169393235727466E-005
   9.3752865389574094E-005
   9.1898611848248112E-005
   8.7913115140298049E-005
   9.8598604352705813E-005
   5.2802647725719855E-005
   1.7388815975764450E-004
   1.0958005417519389E-004
   9.8813055442983298E-005
   9.0057517229375468E-005
   4.8416168724058039E-005
   8.9356776451549529E-005
   7.4809115662519691E-005
   6.3095204137206709E-005
   1.0013593438613917E-004
   7.5206452903629650E-005
   1.2218235577490628E-004
   5.0976163304176471E-005
   1.3019798869319050E-004
   7.7514044382230804E-005
   5.9597079134278942E-005
   6.0090936695978976E-005
   1.2505187719228579E-004
   9.4226951376344704E-005
   1.0882579398621526E-004
   9.5239959652645219E-005
   9.5930458418883174E-005
   7.5692552614113588E-005
   6.6654586657519495E-005
   6.3261916899198984E-005
   1.0017233149592055E-004
   1.2545731453456966E-004
   9.5668824486390029E-005
   9.4582557214382325E-005
   9.9215522923507533E-005
   9.0039758291466629E-005
   9.7441004603850739E-005
   1.0022123961456189E-004
   8.2841916932585986E-005
   8.0634862573576897E-005
   7.8097233195177667E-005
   6.4629281228877351E-005
   8.1565053126107079E-005
   5.0330298562398784E-005
   1.3728735155046895E-004
   1.1713036374211408E-004
   9.6932423922690191E-005
   7.6428870651139137E-005
   8.2898400053806818E-005
   7.3020065261893168E-005
   7.3632711596429882E-005
   5.6905765926511469E-005
   8.5277080925370006E-005
   7.3751984969719535E-005
   9.9969998570953076E-005
   6.7338432869380109E-005
   8.5826682594180765E-005
   1.0365659911809973E-004
   9.9219380784421382E-005
   7.3947694400787998E-005
   8.3240309342021680E-005
   5.3750466369679263E-005
   7.0767765482817997E-005
   5.9982868898647568E-005
   7.7532848332091006E-005
   1.4637138823464293E-004
   8.4823269027026362E-005
   9.2606271052374556E-005
   9.3085245043022908E-005
   7.4436832715535446E-005
   8.9534166983720010E-005
   1.1127420813309047E-004
   6.5271605182223879E-005
   5.1569102042626411E-005
   5.7603411660799765E-005
   6.0800043183354943E-005
   7.0685203701175765E-005
   1.0964823713872849E-004
   7.2347362136167330E-005
   1.1191971976563279E-004
   7.0729006938167712E-005
   5.7855220026434668E-005
   5.3462251530869759E-005
   8.6437505379753277E-005
   9.1862205743587581E-005
   1.0906748911792951E-004
   1.0264361907534147E-004
   1.1143547475093609E-004
   8.8635362935110291E-005
   9.4878855223339150E-005
   1.0942296904947843E-004
   1.0680167525361101E-004
   8.0329047328811751E-005
   5.6157603335797261E-005
   9.3693646632988175E-005
   1.4022208236496859E-004
   7.4309425178352347E-005
   8.0846611196231014E-005
   6.3092633582030562E-005
   7.9389667941269685E-005
   1.4180434691725362E-004
   1.3109080962927003E-004
   7.2382899917938900E-005
   9.4358693598330660E-005
   9.0425140386676977E-005
   6.7589130071522488E-005
   8.2594037348000061E-005
   7.4670613729474741E-005
   7.8584260035620198E-005
   7.4232221877936465E-005
   9.7999476373209158E-005
   7.1946171265885417E-005
   6.9175515120951876E-005
   6.2560086132250716E-005
   6.7529599790755064E-005
   6.2836837480157007E-005
   1.6561610568854613E-004
   9.1191402320072034E-005
   9.2594660931365181E-005
   8.1032104939240992E-005
   7.7024326421926788E-005
   6.5944776748575471E-005
   8.5415003253651452E-005
   7.2955358632405452E-005
   4.6684253913971712E-005
   6.5130715370368447E-005
   1.0827457178504524E-004
   1.2713552559959592E-004
   7.9069993151544699E-005
   7.7014367086942567E-005
   5.7097091849907399E-005
   6.8538603739563605E-005
   5.5264452342113004E-005
   6.4998366513283255E-005
   6.6569920789948323E-005
   7.9675557164877100E-005
   6.3782116215251134E-005
   8.0517947599109709E-005
   9.8474267937265331E-005
   8.8502322169984525E-005
   8.7042195458025576E-005
   9.2479571534759156E-005
   7.8724656979538087E-005
   6.4592407543744229E-005
   6.1291881347630951E-005
   9.5475582128407900E-005
   1.0669472334651249E-004
   1.1430133256834725E-004
   7.4659855140439123E-005
   6.8424824998865631E-005
   7.6076115704533731E-005
   5.2619498373894608E-005
   6.3546829742699805E-005
   8.4042189427669723E-005
   1.0940918104506353E-004
   7.0593771037998741E-005
   9.4387430580787526E-005
   8.7550543373805722E-005
   8.7267348043256233E-005
   6.1953236310031460E-005
   7.8050307604426427E-005
   1.1576407940222276E-004
   8.8436009132450565E-005
   1.2533469292897153E-004
   9.3592213425843250E-005
   7.5223330307209164E-005
   9.9603317071613202E-005
   6.7110324023076138E-005
   9.4724305146977371E-005
   8.9329738108331018E-005
   9.6685857426384355E-005
   7.4088000512349657E-005
   1.0744117588711583E-004
   8.8806754280440939E-005
   5.8895278501060529E-005
   7.0712893091320878E-005
   1.1642805164313358E-004
   9.4315272550948615E-005
   9.7902728395837162E-005
   1.2723353697830043E-004
   6.0458921960066244E-005
   5.1770257259184571E-005
   8.8075835342933429E-005
   8.3140223987157903E-005
   7.9841307199232886E-005
   6.7607821897141130E-005
   9.5285199776445800E-005
   7.5638792590906450E-005
   7.2334353408089091E-005
   8.1285005540946301E-005
   7.5612563593800203E-005
   8.5643543329526545E-005
   8.2372382262511280E-005
   7.4437006045914467E-005
   7.6358327313940386E-005
   6.0501887635788800E-005
   9.1203480644786030E-005
   1.0960256663871217E-004
   5.7857221559688644E-005
   1.1132956430730614E-004
   9.4629472545948963E-005
   1.0445927133584104E-004
   1.0243539909312895E-004
   1.1980395707742383E-004
   1.1129039502950200E-004
   6.9171987012141999E-005
   6.6794463955654885E-005
   8.0930932816642505E-005
   6.7451271097555403E-005
   9.9060955620438823E-005
   7.4601864433658415E-005
   1.0773005895525124E-004
   6.0829251924519524E-005
   7.4913242465391534E-005
   6.9882763609821607E-005
   6.8551851626807013E-005
   1.0737646805316279E-004
   7.4876838781905714E-005
   7.2396605845615595E-005
   8.8939066434953266E-005
   1.1041753872737336E-004
   8.3776033527033464E-005
   7.4490343362779385E-005
   1.2542735561735680E-004
   6.8006964929306311E-005
   7.6048658342264019E-005
   8.7338780712416911E-005
   5.4536091467688628E-005
   7.2939418062069244E-005
   8.3051513882890384E-005
   1.2399719785682341E-004
   9.4141449975168378E-005
   8.9658556715382413E-005
   7.7704519103301970E-005
   6.9591702604000498E-005
   9.1397450452433538E-005
   7.0015180955679030E-005
   1.0136562979516631E-004
   9.9826400298601344E-005
   8.1799772108789157E-005
   9.4776199444183406E-005
   6.7442816432011673E-005
   1.1615447180180216E-004
   7.5354776475966339E-005
   9.3345752742463571E-005
   1.0593423535320790E-004
   1.1785910044450605E-004
   9.4631956677858009E-005
   1.1146787887715845E-004
   8.2473771016388411E-005
   7.2892644858293140E-005
   7.1475436559207095E-005
   6.7038754222245182E-005
   7.1474850665846602E-005
   9.6355813300560750E-005
   7.8415664808937109E-005
   1.0849055296164520E-004
   8.3875445740652673E-005
   1.3018205229831703E-004
   8.3746181770248763E-005
   8.8025430637679838E-005
   1.3890519890759215E-004
   1.4096542390726601E-004
   9.8728482525127487E-005
   9.9511550714207964E-005
   5.5233333108340842E-005
   9.9658991336660927E-005
   7.8625779724297620E-005
   8.4777537887807162E-005
   1.4077493658243409E-004
   6.4401298772167714E-005
   5.7366532604115371E-005
   8.2716295856574346E-005
   1.1141266744165904E-004
   1.0659508357130509E-004
   1.3586866595084875E-004
   6.5286396798048383E-005
   6.5167217453446208E-005
   8.2623063872980552E-005
   9.9852566899090691E-005
   1.2913719220556048E-004
   9.8851807278474652E-005
   7.8151073006348801E-005
   5.7400298879368208E-005
   8.0335003068722843E-005
   9.5415789591061703E-005
   7.5336120639765130E-005
   1.0351115136093871E-004
   8.6854400425482179E-005
   6.2672582252504470E-005
   8.8861690814808666E-005
   8.5745010746913084E-005
   8.0733481130199444E-005
   1.2226458316886213E-004
   1.3799405980687398E-004
   7.8309363676420181E-005
   7.8277771466572126E-005
   1.2696381683432504E-004
   6.1459066644785985E-005
   8.7255717194022233E-005
   6.5117582754712697E-005
   6.3580809821715679E-005
   1.2461321081912673E-004
   8.4527106674681443E-005
   6.9850864999188356E-005
   6.8255862200364804E-005
   7.2572402021638143E-005
   7.9490977656587210E-005
   8.3074963870175065E-005
   1.1074546390300417E-004
   7.8208692374520490E-005
   1.0364976228541308E-004
   9.5888341485557592E-005
   1.0656686700482906E-004
   8.4463735305579223E-005
   1.2824079339466985E-004
   1.0154210020394650E-004
   6.0211439435685035E-005
   7.7768362965868643E-005
   8.3697960619596518E-005
   7.2270114456000813E-005
   8.0569030198721122E-005
   1.2240652123871813E-004
   8.7487332077706260E-005
   8.3557531478332616E-005
   1.0567052598312115E-004
   1.0131423381244322E-004
   9.6867970260132132E-005
   1.3338456239842816E-004
   1.2497237459356352E-004
   6.4078602889919851E-005
   8.2257701625780433E-005
   7.0651063815215236E-005
   5.7968119996060775E-005
   8.9504135868657541E-005
   7.2596297763419913E-005
   7.2437533065508114E-005
   5.5770042819167580E-005
   1.1031328280918991E-004
   8.4162820951079196E-005
   1.1862987816405542E-004
   1.1427257522948040E-004
   8.1960101385810576E-005
   1.1277694204473664E-004
   7.4376581913265520E-005
   1.3240379628042524E-004
   1.2612002103258425E-004
   9.8062401939760728E-005
   7.9180774665292604E-005
   8.3987084005432894E-005
   7.2404865640129882E-005
   9.1689026155812971E-005
   7.8624938765783125E-005
   1.0804786437261824E-004
   8.3593967436980702E-005
   8.1700975607363268E-005
   6.0276181249231386E-005
   1.1837019198460244E-004
   7.5724531285290944E-005
   8.1555489384359847E-005
   1.3736692794849041E-004
   6.2570130930276189E-005
   9.8571373438239820E-005
   1.0814976504992414E-004
   6.9618968530914442E-005
   7.1014460972097213E-005
   7.3880396085407993E-005
   8.1647786092865524E-005
   8.7583493127433098E-005
   7.1601764415030468E-005
   1.1727518311240620E-004
   1.0670479857346262E-004
   9.1266737751188675E-005
   1.4176993356589671E-004
   8.4899084761779397E-005
   1.0259113309121666E-004
   7.6384421124859735E-005
   6.4733072615816143E-005
   7.8564204615229588E-005
   9.5684933964024528E-005
   1.2346533140941953E-004
   6.9186868185457375E-005
   7.8913181741260938E-005
   1.1931987920886533E-004
   1.2766059181349465E-004
   6.8057612066807925E-005
   9.2119587847807355E-005
   1.0778304763569527E-004
   1.0416127685458290E-004
   6.1700202106198282E-005
   8.4768011809797808E-005
   8.6477499202453089E-005
   1.4156896750392944E-004
   1.3314791072646860E-004
   1.4908069519204057E-004
   8.0358068230958148E-005
   8.3224170536458559E-005
   8.4209182554390149E-005
   7.6627648119846742E-005
   1.0829102453195704E-004
   7.3587716338381650E-005
   7.8815896833192965E-005
   8.6117869838846123E-005
   1.0937110812926317E-004
   7.3761431508189383E-005
   8.7921693887628129E-005
   7.3174018709527323E-005
   7.9297721687658672E-005
   1.5803787930620327E-004
   9.2859568035244357E-005
   6.7893174685357063E-005
   8.3399673294762004E-005
   6.8086337720783981E-005
   9.7848438203250896E-005
   8.7361673470075029E-005
   9.2261832201438976E-005
   7.3471631458448995E-005
   8.0420074584238815E-005
   5.9704214611581486E-005
   8.2211020184132444E-005
   1.0416052431378353E-004
   7.5282881523836839E-005
   7.7873005184909784E-005
   1.0538145247383371E-004
   6.3559603410040676E-005
   8.6288236078231695E-005
   9.9539421074995262E-005
   1.1716882327641168E-004
   7.4863826093065594E-005
   5.9773007440454738E-005
   6.5332009038020729E-005
   6.1417494776510139E-005
   7.8501680290047940E-005
   7.1408505927456157E-005
   6.2727671084937780E-005
   7.2640592597697146E-005
   6.9213268968560711E-005
   7.6272930375780422E-005
   8.5218336196336351E-005
   8.4194657774273445E-005
   8.8601939852898159E-005
   7.5479046854159875E-005
   5.6488369073932852E-005
   7.1314237997336901E-005
   1.2075408530053335E-004
   7.2778663537566147E-005
   7.5510600219176607E-005
   1.4658069649667167E-004
   8.7816694187741362E-005
   1.1119753910587841E-004
   9.5334808455682383E-005
   1.0426606737542597E-004
   1.6018443303102516E-004
   7.7469306686279819E-005
   7.9732516896561240E-005
   7.3611075654139783E-005
   1.9671193539971067E-004
   8.8374707810042773E-005
   9.0460754061182810E-005
   7.3042784953191567E-005
   1.0554699567332789E-004
   8.3368551313355068E-005
   1.1724353578127346E-004
   9.6408031393841048E-005
   7.2288448120038929E-005
   6.5549595565785699E-005
   1.5660258180931374E-004
   8.1136733043134173E-005
   1.1018602030950994E-004
   9.9697788893625560E-005
   8.6152857301913702E-005
   7.0303120847244816E-005
   1.1499055139831744E-004
   8.9346983904254438E-005
   9.5305684992847976E-005
   9.8798563955764424E-005
   8.6615217777517086E-005
   8.4552232475414935E-005
   1.1593797315345811E-004
   6.6260568326003154E-005
   1.1332750601725041E-004
   4.6343436760042839E-005
   8.8925562858532630E-005
   6.4485194150958931E-005
   1.3348904489658564E-004
   1.0453022290767747E-004
   7.4648526919541102E-005
   7.5193030361317677E-005
   6.6269614494340081E-005
   8.8364624157070371E-005
   1.0873658855701287E-004
   7.2939440005908513E-005
   9.7892642167768143E-005
   8.4027383755836299E-005
   1.0317383511729645E-004
   8.8671185607771074E-005
   8.7964463041726137E-005
   1.1114825247045600E-004
   8.1035469293511860E-005
   1.0568873019737696E-004
   6.8726997192225406E-005
   7.2022630315413249E-005
   7.2506932180591723E-005
   8.9201957780933369E-005
   9.2294585337915759E-005
   8.4871453514124307E-005
   9.9001662221071663E-005
   1.0056259122000003E-004
   9.5557339683621990E-005
   1.2622103979676314E-004
   8.4064211428896567E-005
   7.8328375304288582E-005
   9.5751512694718777E-005
   9.3909793112362472E-005
   7.3589162728476761E-005
   1.1770938690422478E-004
   7.3672019300263897E-005
   7.8977209315894559E-005
   8.8287444603358216E-005
   7.1523697367428140E-005
   7.4587895753489309E-005
   9.5414983060312209E-005
   1.0194353405725492E-004
   5.8972831014203486E-005
   7.0157015871383024E-005
   8.4815854798260299E-005
   6.4774087622829890E-005
   7.8970671408801058E-005
   6.3297655561379149E-005
   7.0734351515399922E-005
   8.4244416927651422E-005
   5.5968076500964150E-005
   5.9686208390512214E-005
   9.2797082542495313E-005
   7.9486688259087503E-005
   9.0422268691773308E-005
   7.7756611832879789E-005
   9.2055953560252039E-005
   8.6878619444643533E-005
   7.1310653092671597E-005
   1.0624576109792342E-004
   1.1730885087186381E-004
   9.6330385141230168E-005
   9.2975646108092142E-005
   1.7185842703631719E-004
   1.0180889634414173E-004
   9.3643173494204379E-005
   1.1630298251670973E-004
   8.8636583392613782E-005
   7.4963274366437576E-005
   7.2463892964300201E-005
   8.1500911536352044E-005
   9.3177262836061298E-005
   9.4607046290163201E-005
   9.9633031523270444E-005
   8.2268478108620219E-005
   9.5743297835859106E-005
   7.5904763805882106E-005
   1.3179984657211611E-004
   8.7167546294180859E-005
   6.3209470215175808E-005
   8.6046325141830651E-005
   7.3882345843435495E-005
   6.8929413208034185E-005
   9.2597182760301706E-005
   7.2773034576217611E-005
   8.8921176113656791E-005
   1.0644213306887169E-004
   8.0785701866191786E-005
   7.8376044671326598E-005
   9.3451569160749913E-005
   1.0690218897011630E-004
   7.4824607567274446E-005
   1.0445093490712377E-004
   9.5137078756628410E-005
   6.1013900933008847E-005
   6.1487157580864850E-005
   1.2794290561265006E-004
   9.1101382444452010E-005
   1.2674180919988620E-004
   9.5470646726980175E-005
   9.4867828063588264E-005
   1.0214403277212505E-004
   1.0392792963997149E-004
   9.6298081365043682E-005
   9.7771336644398552E-005
   8.1871573900170892E-005
   7.1298241729625419E-005
   9.6976691461262110E-005
   6.9252930185964109E-005
   5.6562593341175913E-005
   9.1675014528394146E-005
   7.1222506303635468E-005
   7.0015601852034084E-005
   6.6478951544181824E-005
   6.6702413587575008E-005
   9.0528631668166041E-005
   1.3410789709158129E-004
   1.1028415427552411E-004
   6.3980635289752534E-005
   7.5692190974179877E-005
   9.1504184085656234E-005
   1.2521873244448136E-004
   6.9178148983184317E-005
   1.1496524561051716E-004
   9.6348512386362607E-005
   1.3263436116502946E-004
   6.9934219375470086E-005
   9.7097691254916028E-005
   1.3265584584295579E-004
   1.1003374173386639E-004
   1.1296727098553642E-004
   8.8951708565657180E-005
   8.1721259412672061E-005
   1.1537202076435452E-004
   1.1133447556898137E-004
   1.0927849940408958E-004
   9.2282766780327229E-005
   8.2489276778590311E-005
   6.9662598423203228E-005
   6.3866167574379071E-005
   8.8937798336892327E-005
   1.0917574916063196E-004
   1.0017575522415991E-004
   1.0258571433350601E-004
   8.1527129516092343E-005
   5.7587926120848978E-005
   8.8097553612508802E-005
   9.8228521690995249E-005
   6.9436437044267750E-005
   6.2220610664811020E-005
   8.0056897924968558E-005
   7.3413174246188872E-005
   8.1021072316220987E-005
   1.0272013416654080E-004
   5.1903751255667275E-005
   6.9734011296551104E-005
   9.8639143731425079E-005
   9.0519969893714162E-005
   8.5640270684006026E-005
   6.4523357768677618E-005
   1.0985503688642242E-004
   8.0242577213420055E-005
   8.2320214206337060E-005
   9.2085404622639319E-005
   1.0510538754566375E-004
   8.4930433957121717E-005
   8.1161052319221320E-005
   7.1342318551052651E-005
   7.8047560892730543E-005
   1.0708531796425994E-004
   1.1859379850760259E-004
   8.1121444718750484E-005
   6.1851365752859112E-005
   1.0815964378629465E-004
   7.8292927363652357E-005
   9.6683831300179568E-005
   8.8066239446848830E-005
   8.2544841111091788E-005
   6.0170508243344690E-005
   8.1731813348245885E-005
   1.2808152101201779E-004
   1.1442994117351962E-004
   9.7253444839029069E-005
   1.2621384710539664E-004
   1.2502783211013063E-004
   6.1405769616625365E-005
   6.5941461919624496E-005
   6.8436575942819458E-005
   1.0071952611698088E-004
   8.5039963303655834E-005
   7.8009105466766686E-005
   7.4566962415932190E-005
   1.0088174809407939E-004
   7.9043855758622773E-005
   6.5005005773503954E-005
   7.2483935456108887E-005
   8.4137003987543325E-005
   7.7002363083977251E-005
   1.0892147872601348E-004
   7.6250537948681555E-005
   1.1528332622352957E-004
   1.2644448414702051E-004
   1.1331783677685195E-004
   5.6988662940772296E-005
   7.2847220773359652E-005
   1.3061605365140961E-004
   6.8566694698496612E-005
   1.0069353544823818E-004
   9.6862646400952210E-005
   8.1384573754825367E-005
   9.9230667140524096E-005
   6.4951718059747305E-005
   9.0255198756762942E-005
   1.6230794993265713E-004
   7.2386385231902335E-005
   9.2438486128106545E-005
   8.0046249544140694E-005
   9.9248771647998424E-005
   7.3076783972150683E-005
   8.3860688272639213E-005
   1.1543050146251024E-004
   9.0592115951043393E-005
   7.5577460292359483E-005
   8.9571389924985299E-005
   1.0897413186450004E-004
   1.1789799146166239E-004
   9.8744501189623171E-005
   7.4064264458251509E-005
   7.4696670727322835E-005
   1.0965572022612496E-004
   9.8902780042080471E-005
   9.0226421569253152E-005
   1.1045903745480256E-004
   1.1359087352465319E-004
   8.7399215982290288E-005
   7.3137072245966616E-005
   5.6956468949517851E-005
   1.2136019755839983E-004
   5.8065932765917342E-005
   8.1530125981842417E-005
   8.7028844054336116E-005
   7.2559465892216795E-005
   1.0124814041507725E-004
   6.9707497503068082E-005
   1.2647154011082547E-004
   1.0180754045071991E-004
   9.8147387551459031E-005
   6.7751834763320353E-005
   7.2046904606592576E-005
   6.0812788018781345E-005
   6.7161368589948713E-005
   7.9239280323382201E-005
   2.1988228548429015E-004
   9.7771815006981929E-005
   6.6019090492804933E-005
   5.8265550214396531E-005
   8.6571142512776884E-005
   9.4401200154417732E-005
   1.2740083381395710E-004
   1.2881118331758862E-004
   6.4239012304817463E-005
   9.9842094028840212E-005
   6.2599991772190403E-005
   9.2494533235801379E-005
   6.1870750313082609E-005
   8.6569106420033488E-005
   9.0938058213333204E-005
   1.2500212754292122E-004
   6.5064151420842945E-005
   1.2682169642663736E-004
   8.4850352707098922E-005
   9.1519390023141105E-005
   9.1850814809335654E-005
   8.7246152552071572E-005
   8.7112219335949240E-005
   5.1168670136842477E-005
   6.6521896960119984E-005
   8.8967700609356219E-005
   9.3843932608476775E-005
   1.2596554940163759E-004
   9.8585305132891168E-005
   1.0235557040369707E-004
   7.8482961388126265E-005
   9.9875559791054455E-005
   9.0794073201760271E-005
   6.6031766831478950E-005
   1.0619495931256663E-004
   6.7842195225124741E-005
   6.9069581175747676E-005
   6.3967929569918984E-005
   6.8388165514556782E-005
   9.2568462896944407E-005
   9.5352528284482421E-005
   7.3660772486005077E-005
   9.4810778263611497E-005
   8.3788200798521966E-005
   5.6951958756404540E-005
   6.9721920214011238E-005
   9.8042395033190737E-005
   1.0245632040786950E-004
   7.8001364348177782E-005
   1.1010776476535083E-004
   8.6029984602234623E-005
   6.1541285718703877E-005
   8.6076160007884079E-005
   8.2676343631848785E-005
   8.8994554364847127E-005
   1.0604794486408284E-004
   5.2427460492151373E-005
   5.7650637331997675E-005
   1.3766271698202533E-004
   1.0026184582943639E-004
   6.3137846867852891E-005
   6.9639683831003720E-005
   9.1567343293287703E-005
   9.6493165373864152E-005
   8.1761898329612418E-005
   1.1252930257259310E-004
   6.0032815534190910E-005
   8.1232516739183572E-005
   7.3019837458182499E-005
   6.8923832233581736E-005
   7.2599067874177986E-005
   1.2275111610025307E-004
   6.5242580139341795E-005
   8.6721237214128289E-005
   8.9472769824525239E-005
   7.0720261510409871E-005
   7.6075758715671919E-005
   6.7323876160015341E-005
   7.1771002528505780E-005
   7.3431203923761160E-005
   7.5398002526723946E-005
   1.0967706111908943E-004
   7.0397020253797673E-005
   8.2326587000425166E-005
   1.3125440722715404E-004
   7.5507676563940635E-005
   5.8648201297355234E-005
   6.9857606368827876E-005
   9.4846822502745945E-005
   7.4908276394385645E-005
   1.0969845765991453E-004
   7.0354147037794251E-005
   6.8925958811908418E-005
   7.4055243969140620E-005
   7.1067485775077514E-005
   8.7401795654869734E-005
   5.2967163845028849E-005
   8.2249498798376739E-005
   7.4014647556466158E-005
   7.5902852331574628E-005
   8.1955609188317152E-005
   1.3191944025618609E-004
   7.9302112497624640E-005
   1.1858273426396304E-004
   8.1946197284132855E-005
   9.9850336438032897E-005
   7.5961288585075406E-005
   7.3749476971982569E-005
   1.3708286247967146E-004
   8.4948789524938077E-005
   8.0040670447144958E-005
   5.8440892728703681E-005
   6.9181205885413970E-005
   1.0199496023764619E-004
   1.5056302712477369E-004
   9.9634155479531622E-005
   7.9761662472494394E-005
   1.2085581530609234E-004
   1.0142647713556427E-004
   8.0992828853389867E-005
   7.8662732747879883E-005
   7.4300878343180920E-005
   5.6118140243436060E-005
   6.6985346884282607E-005
   6.6536893797624158E-005
   7.9233114833494539E-005
   9.7461564122869085E-005
   7.4532997845208694E-005
   7.9059009933585926E-005
   1.1609002512636221E-004
   8.0668225338982277E-005
   9.1722090190547915E-005
   7.2186066250729637E-005
   1.3213058026628204E-004
   9.4569463641264021E-005
   9.0144444412869050E-005
   1.0758694101742454E-004
   9.0291772703854887E-005
   1.0212721532936821E-004
   6.9218501425823348E-005
   8.5454807056390696E-005
   1.3701804555440989E-004
   9.1421059016336405E-005
   7.3758449810257029E-005
   7.8648015066958758E-005
   7.5081267867325511E-005
   1.1825655982861244E-004
   9.8757035576118064E-005
   1.9261544892264907E-004
   6.3844072460672005E-005
   9.7338249785898747E-005
   8.1937319236214718E-005
   1.0377258692145731E-004
   1.1824010683493167E-004
   9.8318052345424724E-005
   8.0870789507896264E-005
   1.9310420965539755E-004
   8.3919163611236762E-005
   8.1449456714878169E-005
   8.8287510426212056E-005
   1.2937208127519943E-004
   9.9309037397677559E-005
   8.5384914089977723E-005
   6.3414813235621828E-005
   1.0085568707621233E-004
   7.7824963604153575E-005
   9.3096238378120213E-005
   9.2961689522841161E-005
   6.6394199931153584E-005
   8.7123617257160382E-005
   8.1855395833430589E-005
   7.8241776694578145E-005
   8.0668202421544242E-005
   1.0588676602795863E-004
   8.2098481715889141E-005
   9.0635536640136180E-005
   6.2912478884283692E-005
   6.8938520094975045E-005
   1.1745281408672276E-004
   1.1323661097556009E-004
   8.5604641735836037E-005
   8.5096462407693123E-005
   7.7967099984539048E-005
   7.4543848446797053E-005
   8.0844438072358988E-005
   1.0496112722332094E-004
   6.4043900420921495E-005
   1.0001609857793828E-004
   1.1671804020718284E-004
   8.1096525042749563E-005
   8.2141462797944632E-005
   7.3890472524833442E-005
   7.5215182302640585E-005
   6.9714869112449290E-005
   1.1468759878277948E-004
   6.6077258812117880E-005
   8.6447023767623036E-005
   1.0271356638008475E-004
   7.8070009559179365E-005
   8.7041803511699772E-005
   1.0027164746652582E-004
   8.4384186464215905E-005
   8.6063224797223851E-005
   8.0117421092390468E-005
   7.2668651485579259E-005
   6.4611539935058125E-005
   7.5584164420119582E-005
   7.5461769245592532E-005
   9.1915793673108493E-005
   9.1877536755358044E-005
   6.7116548216435517E-005
   9.6914169248783134E-005
   8.3271447026355016E-005
   9.9061753324989295E-005
   9.6638421722330226E-005
   8.4685330137088843E-005
   6.4998114230489424E-005
   6.8571784160178459E-005
   1.0673590262237494E-004
   8.3218380540446595E-005
   1.0003166423299915E-004
   8.1532940695460958E-005
   7.4427522268816665E-005
   7.6012585877822714E-005
   6.4939035441555760E-005
   9.6623096440063603E-005
   8.3124544145037947E-005
   7.7897451502004325E-005
   7.4701401757373018E-005
   1.0036742523172514E-004
   8.2573864418399745E-005
   8.2207734381888926E-005
   8.2192029711364230E-005
   9.3014998205949784E-005
   5.9255219011540397E-005
   1.2831372879291630E-004
   7.0428043815289556E-005
   6.9455042945480320E-005
   7.3668696359662940E-005
   8.0260956583618598E-005
   1.0329635235415865E-004
   7.1214934911013311E-005
   8.3762726566882900E-005
   7.5855559122920216E-005
   5.4054548073107238E-005
   7.5078578327014521E-005
   9.7271420915466975E-005
   8.3102547885125985E-005
   9.5532680687452942E-005
   6.7144883802344344E-005
   6.2673359492577689E-005
   1.0828773136966324E-004
   1.0462765956841533E-004
   1.1203787517523721E-004
   1.0317192081595480E-004
   1.1543060058504875E-004
   9.4442137172758857E-005
   8.2468971908176536E-005
   9.4026108561829770E-005
   8.8867929190063083E-005
   1.1162280407330037E-004
   1.4428726087753425E-004
   8.4631380706173858E-005
   7.8789887767704463E-005
   1.0445990919377389E-004
   7.3684792475480320E-005
   9.6177700295788302E-005
   5.8623520906027145E-005
   7.1998197187632133E-005
   6.7868636504295513E-005
   7.5877309729250364E-005
   7.6028703452530179E-005
   9.5041485185108263E-005
   7.9084522611411453E-005
   1.2193394885110760E-004
   7.1336359471939204E-005
   8.9777535876230506E-005
   9.8071909360401884E-005
   6.4830839784911073E-005
   7.7424238106645575E-005
   1.6623303385738424E-004
   8.8197048680771595E-005
   8.0261711170820336E-005
   8.5194024357042910E-005
   8.8964077357191464E-005
   8.3566593715924601E-005
   8.9649141922845907E-005
   9.2978630559123826E-005
   1.5201473232286843E-004
   7.3189492212248140E-005
   6.5376172597156259E-005
   7.3155452278165372E-005
   1.1234188917813233E-004
   7.8919514340820702E-005
   5.2171020013968739E-005
   7.6352315423978823E-005
   7.1246015419468493E-005
   9.9336774554076732E-005
   8.1334370912447706E-005
   9.4138313298414215E-005
   9.6765316578853775E-005
   6.4318032601216367E-005
   7.8995236252039970E-005
   1.0265961279093844E-004
   9.2504029975382318E-005
   1.0144181741673205E-004
   6.1443697903188908E-005
   7.0029964090296409E-005
   7.8954680260315448E-005
   9.8894771695247802E-005
   7.8809308732350879E-005
   9.7892092405279043E-005
   9.4578446949137045E-005
   1.3571336933794991E-004
   9.7183759999805935E-005
   1.0473208695935630E-004
   5.7643798573084684E-005
   7.0688692472216597E-005
   1.0408858073478929E-004
   6.5325905514203403E-005
   5.9294986394867416E-005
   1.1477202127827174E-004
   5.7869399687722763E-005
   8.1761155870645227E-005
   7.5486259577580746E-005
   8.0002267089206814E-005
   1.0916218410555674E-004
   7.2526606067159963E-005
   5.0202877877877825E-005
   1.0362285357463815E-004
   1.2339019250424323E-004
   7.3605990024784332E-005
   5.8169310653888008E-005
   7.5654371461535608E-005
   7.0577031590233561E-005
   7.1012823984928781E-005
   1.1448970865794304E-004
   7.1621094217739470E-005
   8.5751836879795077E-005
   9.7011545607232568E-005
   8.7830521180546682E-005
   1.2252359299513138E-004
   1.6047344352240040E-004
   6.6061607601770983E-005
   8.5369669791621785E-005
   9.7115680385656826E-005
   8.5861979711109870E-005
   7.4794310143506027E-005
   9.1362008521260910E-005
   7.7135091950096692E-005
   8.6227490872715996E-005
   7.9482736849824750E-005
   1.0639680103077226E-004
   7.6787096046329590E-005
   6.6704518465400824E-005
   5.2239162685980063E-005
   8.2797390516538622E-005
   7.3688192727324134E-005
   7.2911166689199221E-005
   8.5202475616693208E-005
   7.6454440914236460E-005
   1.0305524926642084E-004
   6.7105890634765349E-005
   6.2757928172994920E-005
   1.1471052628638722E-004
   9.4337757526318070E-005
   8.4944474934745386E-005
   5.8836063286032885E-005
   7.6735333546003117E-005
   5.9235137425371102E-005
   9.0200557225711818E-005
   1.0584863377669037E-004
   7.7187819557393716E-005
   8.8673260676910555E-005
   8.0985482594519886E-005
   8.0237311727569428E-005
   8.7450823789502418E-005
   7.7007284314776220E-005
   9.5942012936473138E-005
   9.7719799724328945E-005
   1.0902448997698044E-004
   8.5050128789034837E-005
   1.1255403598145442E-004
   8.7787465440464604E-005
   9.2188077871951569E-005
   9.5221269092262472E-005
   9.9803769068823524E-005
   1.3263393208519440E-004
   7.9904969836174056E-005
   9.1819778702605743E-005
   1.3896798882259681E-004
   7.2183320211289501E-005
   1.0231687772812248E-004
   1.2208775779377009E-004
   1.1035355978875927E-004
   1.0136845338568039E-004
   8.2065245656580182E-005
   7.7147610596218062E-005
   8.9963562746535669E-005
   8.4280366666361606E-005
   8.5910028880910463E-005
   1.0841318776069133E-004
   8.0707882471319162E-005
   6.3189959506547669E-005
   1.4027811159707498E-004
   7.7307927272596649E-005
   1.0399379889631425E-004
   9.1595331658936581E-005
   6.3680187550218235E-005
   5.6589345514717731E-005
   6.7787434189635465E-005
   6.2695762633352365E-005
   6.2128792760675084E-005
   6.9266189599930059E-005
   9.2725879798194751E-005
   5.6439903693185150E-005
   1.0547235893858168E-004
   5.3736113916332471E-005
   1.7282744459709372E-004
   7.9479848748973585E-005
   8.2841179637465332E-005
   9.5888766444023849E-005
   1.0645536696447986E-004
   8.3513288607777296E-005
   7.2333544458865227E-005
   9.6987111372973464E-005
   8.0933757310850117E-005
   8.2199017704092509E-005
   9.3486006423153343E-005
   6.6625779948537660E-005
   8.4739957567209244E-005
   1.0716372986503770E-004
   7.5990064860711876E-005
   1.0763337906936561E-004
   9.0479428304368357E-005
   7.9701102096364486E-005
   7.0951987405037663E-005
   1.7624686744586079E-004
   7.2574918708345469E-005
   1.1343888425381029E-004
   6.6575860543768316E-005
   1.0541201061691186E-004
   1.0507511990324316E-004
   1.0666842261416784E-004
   8.6899733954172879E-005
   7.3110949080265275E-005
   5.2064094144935427E-005
   7.2998220449353929E-005
   5.3713366872348587E-005
   6.8785388655225204E-005
   1.0137337021137701E-004
   1.0461070807529343E-004
   5.6767360167789141E-005
   7.5575677339662041E-005
   6.7056589733304552E-005
   6.7366787414353940E-005
   7.4823500888193361E-005
   5.7941140491931388E-005
   7.1722738159099385E-005
   1.0097779344351733E-004
   8.9734063840603206E-005
   7.5864448447066798E-005
   9.1721764357079053E-005
   6.9804505982130107E-005
   9.2441226524256633E-005
   6.7001556260755453E-005
   5.4229768246290441E-005
   6.6288435957063946E-005
   1.2910769210334704E-004
   1.5763641432364238E-004
   1.1098265573119410E-004
   8.7577477972194571E-005
   8.6603072353407619E-005
   7.1102148143003532E-005
   1.0906075335605151E-004
   9.6719847815680270E-005
   7.7889230031578488E-005
   8.3970416684777635E-005
   6.5351259601847687E-005
   1.1124538444065411E-004
   7.9362074441869976E-005
   9.2101933909020326E-005
   9.5426212787638384E-005
   1.0781803394880296E-004
   7.0018189020179655E-005
   8.4346544995900766E-005
   9.2898633600575913E-005
   1.1551359137063566E-004
   1.0637004008983292E-004
   7.8342226250592537E-005
   1.3975414386163860E-004
   7.4669172356165459E-005
   6.9016287415747443E-005
   8.5981325241088933E-005
   8.1793436946623056E-005
   7.6178468954303709E-005
   1.2204540868703818E-004
   1.1497280891427558E-004
   6.4837280678949066E-005
   5.9921105571965610E-005
   1.0028297272276375E-004
   1.1588273982567127E-004
   8.6104480869749443E-005
   9.9118829107162261E-005
   9.2805974591477972E-005
   8.4106424475976664E-005
   7.4243892112222962E-005
   8.2872319033689510E-005
   7.9099108724910988E-005
   9.2985277949037652E-005
   9.5265488659957432E-005
   9.9355572940073043E-005
   6.0762433604030277E-005
   8.0671103677670182E-005
   1.4136757738407419E-004
   9.4560774703999562E-005
   8.1795513039772515E-005
   1.0282080113109353E-004
   9.2491812814463271E-005
   9.4971151389716880E-005
   8.4828352981916464E-005
   6.0447905584806083E-005
   6.4237977933022690E-005
   8.2580969218809701E-005
   5.8549715428506813E-005
   8.9114284700352080E-005
   1.1660870138964586E-004
   8.0408588026224630E-005
   6.1221866765629704E-005
   9.5432043449187204E-005
   7.1169788594354784E-005
   8.4662336077259945E-005
   7.1199740434666007E-005
   8.7005370537009466E-005
   9.5650449651141266E-005
   8.4319666797955586E-005
   7.2772088921073440E-005
   8.1374456034559830E-005
   6.5699374338100877E-005
   5.9775306979161664E-005
   9.2153614434503653E-005
   9.0337345751118666E-005
   5.8386097877544821E-005
   8.5115485075139331E-005
   1.0409662966276133E-004
   8.6779144405851484E-005
   1.0865349927118873E-004
   7.3360580047544870E-005
   6.3677538251561533E-005
   7.5166076107693544E-005
   1.4588500741445011E-004
   7.2644976015620894E-005
   8.7876261605266133E-005
   8.6954741332157345E-005
   8.1294053765926293E-005
   1.1763190397860529E-004
   1.1260167326599057E-004
   5.5862962769521003E-005
   1.0267825337397171E-004
   6.4828984741840896E-005
   7.7912451452570133E-005
   7.4823291117418039E-005
   6.7984369063461370E-005
   7.4159351469160571E-005
   6.4227554235572645E-005
   8.5332429665825626E-005
   6.5929276238983306E-005
   1.0994706875339924E-004
   1.5821733619879097E-004
   1.0518795632887791E-004
   9.0308212903455760E-005
   9.5043373157577271E-005
   8.7650219486689568E-005
   1.2157155652010754E-004
   1.2009397458333580E-004
   9.4404092106231251E-005
   7.3218192223857413E-005
   8.5553199220097679E-005
   6.9829019502576581E-005
   7.2968909282778124E-005
   7.9010792111818687E-005
   9.0426874061644126E-005
   6.7906662336684003E-005
   9.7337728158851947E-005
   9.2711937394961377E-005
   8.1189097107213151E-005
   6.9981932873824039E-005
   9.7559543506329195E-005
   1.0148700211585503E-004
   1.0830731776414114E-004
   1.0178946189173807E-004
   5.6646921995882568E-005
   7.5887945946087926E-005
   1.0225316014762948E-004
   1.0017239984989202E-004
   1.1713608596268936E-004
   1.4925980567722497E-004
   8.2893231153191810E-005
   7.1193176494929614E-005
   8.4917738479934634E-005
   8.1177247895378675E-005
   9.1506121590875878E-005
   8.9688105374389511E-005
   8.5914518117160250E-005
   8.1265998752515806E-005
   6.2668117123970574E-005
   9.5728028231892873E-005
   9.9822858518714338E-005
   1.0471622846026719E-004
   8.8240983213130414E-005
   7.1302366327310760E-005
   1.0622721069692869E-004
   6.0546687410217845E-005
   5.8859591026120982E-005
   1.0407369269991544E-004
   6.4444587761451836E-005
   7.0058237236908150E-005
   7.4482651808605241E-005
   5.5323128485635385E-005
   1.1009020826388224E-004
   7.9892186211150584E-005
   7.8916292307147117E-005
   6.7717471485229564E-005
   1.1152671113256030E-004
   7.4122252954461677E-005
   1.1077829263672456E-004
   9.9279055235864327E-005
   8.9197513080996519E-005
   5.1092033157131708E-005
   8.7752271558031375E-005
   7.1048933012860671E-005
   7.2199312163260672E-005
   9.0336045433786274E-005
   8.2524961767944390E-005
   1.0705094097736532E-004
   6.9989334223881071E-005
   7.9103936058506726E-005
   1.2337623816235959E-004
   9.2184925688812194E-005
   7.6976458883600175E-005
   1.2996431665272869E-004
   6.8766824599634951E-005
   8.1696503230873407E-005
   4.5882856824923456E-005
   8.0828440151748957E-005
   1.0703804739807597E-004
   5.2833096078326759E-005
   1.1593300303611532E-004
   8.7402179817389400E-005
   6.5441499525953302E-005
   8.8803359108536117E-005
   7.3539863213211687E-005
   7.4113376047302171E-005
   1.2351750665155913E-004
   8.7356933838199363E-005
   6.7362620398613257E-005
   5.7753747666228585E-005
   7.7089866818202455E-005
   8.8737304722476731E-005
   6.4019010929203639E-005
   8.3593000630282472E-005
   9.1000448398664881E-005
   9.0419543279234252E-005
   9.7220284381712671E-005
   1.6230506278709211E-004
   1.3305671238885924E-004
   1.1026772675772814E-004
   1.2396135857906937E-004
   9.7674904770860636E-005
   1.0878499220020144E-004
   7.6209619166498876E-005
   9.3632551809630528E-005
   9.3106763697517646E-005
   7.7730321247589364E-005
   6.7675281212486340E-005
   8.2485326704294349E-005
   6.8350280310702528E-005
   8.9662662011831797E-005
   1.3725798966153518E-004
   7.5697570463284443E-005
   7.8689066514457508E-005
   1.1994305111052258E-004
   9.8167322406555606E-005
   6.6707201527479908E-005
   9.3159609724842318E-005
   1.3433319248370052E-004
   1.0493115808722731E-004
   8.0538642174356369E-005
   8.7172506419445548E-005
   1.0038511947448076E-004
   8.1370019050695349E-005
   8.3468844518795805E-005
   6.5822703944090825E-005
   1.1008401944237841E-004
   7.5552918834023486E-005
   1.2409601493571667E-004
   7.2449201193124359E-005
   1.0359223034800392E-004
   7.6742642887708961E-005
   1.0886668743094565E-004
   8.1532818036634990E-005
   5.2850908900206336E-005
   7.8235890816719813E-005
   1.4466222735467352E-004
   7.4677080526672397E-005
   1.0230706082205808E-004
   5.7172739223214841E-005
   6.7293907286867659E-005
   8.0084659088871344E-005
   8.5210022441089018E-005
   6.0354822594218949E-005
   9.9245557588438531E-005
   1.1921693461995525E-004
   8.3305285508158608E-005
   7.0528597311607253E-005
   1.0153701500231165E-004
   7.3200970618096453E-005
   5.4814459523793482E-005
   6.4635291849983668E-005
   1.0680927705724736E-004
   6.0400553369832959E-005
   1.2111120993887402E-004
   7.3348578888576238E-005
   9.0621387492894188E-005
   8.4840467149721976E-005
   7.7150705452254411E-005
   8.9194267215583170E-005
   9.5552546362452049E-005
   1.1390387745494399E-004
   1.2295167045567681E-004
   8.3464606204059077E-005
   8.5017496746012789E-005
   5.2220522082271734E-005
   6.1714282910074733E-005
   1.2323188910544976E-004
   8.2400507294165439E-005
   9.0180328465422295E-005
   8.3396251740132482E-005
   1.0220593242864034E-004
   9.1318048099492063E-005
   1.3911388005160966E-004
   9.3159344172969510E-005
   9.6570056823539464E-005
   9.9491920940813504E-005
   8.7843749354086479E-005
   7.1923421906972421E-005
   1.2332112998385511E-004
   7.6433798880803637E-005
   8.0779308032221644E-005
   8.0553653270488824E-005
   9.7732894133201987E-005
   9.9891011188973748E-005
   9.5949577379857628E-005
   8.5933350526408076E-005
   8.3741689525233944E-005
   8.4730332731586665E-005
   7.1566814506324677E-005
   8.5987763523157854E-005
   6.7749535961587101E-005
   1.3477798374076874E-004
   8.0436788402664646E-005
   8.3777399804389744E-005
   8.9967181996341000E-005
   9.0924566863261218E-005
   7.3126405948595327E-005
   7.5961433562590709E-005
   9.2359660554510180E-005
   1.0124304527305978E-004
   7.8821130366607696E-005
   9.0306600799540366E-005
   1.2214502860235051E-004
   8.9619194656723381E-005
   1.0317836250592193E-004
   7.9376840037154495E-005
   6.0298335761521489E-005
   1.0517965460259468E-004
   6.1894015146760149E-005
   9.5899802067119967E-005
   8.1388739714123709E-005
   1.0209600331667633E-004
   5.8819697237383024E-005
   8.2309792316607669E-005
   8.2582214510207696E-005
   1.0289447940632648E-004
   6.2721648621968959E-005
   6.5851337181615152E-005
   1.3360090736389869E-004
   6.5318858490624645E-005
   9.5691116499959150E-005
   1.1398733675750809E-004
   1.1188542888609911E-004
   1.0638519410731547E-004
   7.6876682301912398E-005
   1.6243626325091148E-004
   8.7083147500161858E-005
   7.4736596735953224E-005
   7.3154953126848549E-005
   6.1591693101205783E-005
   7.7748201873714985E-005
   4.8936868971841553E-005
   5.8636563137465525E-005
   9.4606284838495830E-005
   9.6844375347621118E-005
   7.1720004426959136E-005
   7.9339254178192092E-005
   6.4865078743774681E-005
   8.6886583075903757E-005
   8.9818938235966037E-005
   6.6622590009998703E-005
   5.8515908433286750E-005
   8.0212881316769533E-005
   6.2017576051739200E-005
   6.7264319393449268E-005
   8.6955788316757599E-005
   9.6379550395674668E-005
   5.7332947409920704E-005
