           3          16          16          16
   4.5000000000000000        7.9138000000000002       -5.2000000000000002     
   51600000.000000000        745791.00000000000     
       18233          40       16471
   25745516.666662402     
   5187305.3333338695        8780615.3333334830        12812388.666669890        14984744.888885085        15870037.777780171        16676462.444443488        19181373.777775940        20807713.111110512        21002829.777777046        21764489.333329406        22424658.222217001        22956566.222227726        23130326.888886217        22811846.666665472        23190001.555555549        23282173.999996167        23063213.111106612        22945200.222221907        23100942.888889845        24283344.222218812        23128903.111109145        23197640.444447663        24438385.333339084        25514072.444446944        24297088.444441553        24577559.111115374        24465672.444438450        25261770.444439456        25383349.111114576        25304393.777774405        25472423.111107621        25663061.111108527        25483816.888887260        25323982.000002243        25366363.111114059        26188131.555564329        26547345.777775742        27711704.444446541        28183877.555550933        28524946.222221956     
   18386304.923090920     
   10472254.148942016        13367517.093126826        14466875.209074028        15441718.109820915        15111192.143604275        15517758.268570550        15281017.561802687        17032627.305254903        16567950.275649875        16476856.013122514        16704235.383635802        17859714.180375244        18100744.631677017        18146902.444994517        16888199.321826961        17215124.484145012        17266563.269378319        16814718.781886980        16844882.776194338        17703101.075461153        16801428.174303263        17338086.050397716        17954392.734097160        17584007.075099554        18973425.178801950        18511106.710322075        18446353.685026355        19195285.471633125        18551633.107745212        18564484.366011955        17541935.280494858        18683398.589384966        17181597.222218100        18440197.428024888        17504353.495753285        17496356.337401241        17385148.504335597        17739462.129859056        18658611.236480109        18036769.840969786     
   2688.4566304083301     
   1128.5524798270180        1484.0689305900860        1920.2874463548501        2040.9625568756414        2149.9227107123515        2145.2855451377882        2242.3858051084462        2411.7596318340757        2578.4354667415760        2497.1545930287089        2577.4370604516034        2625.1736257387711        2677.9967161077207        2648.9749372029523        2629.3137738958249        2682.3634779337249        2615.5341863453959        2501.8945279872496        2596.6867673649976        2802.8411744509181        2590.1994384638574        2606.5710254881533        2721.5111730813337        2798.0788373077380        2689.6314363034899        2672.0067575232629        2665.1893960819898        2831.6230972544363        2811.4618244678568        2699.5804753055577        2746.8101621037108        2834.0978898262201        2804.9674968840645        2718.6584444595037        2846.8511205226700        2771.9425246970809        2736.5676033372579        2877.4564763600197        3002.2235837512776        2972.8536769688767     
   3490240.0000000000     
   480.10120821410237        539.65210290072309        1245.4303928010586        1006.2984788537677        46.320309629913950        1791.5567295048174        5170.2797124197277        3391.3145840022303        87.521513723945162        4257.2753043567463        2014.9527589833515        36.103799900505024        2309.4761436655917        2492.4039921696935        7457.8905480309704        1174.8455711562656        1534.3066059500736        478.81118397401889        5422.2130070971189        3056.6774736040475        1936.3070942832333        2685.6303332521065        4279.5336478337758        1529.3321760299011        1865.1339251345516        1101.1574575544869        6091.7572890428100        9101.9673661409706        2481.8378497023182        3007.8590983428694        6421.8395288063793        67.148775771673272        1215.6682073891882        11064.803145824950        2749.3285955890892        2420.7992074341432        891.07158472130038        4798.4103323185000        5941.4610256621654        562.37823086854917     
 ------
   0.0000000000000000        0.0000000000000000        0.0000000000000000        0.0000000000000000        0.0000000000000000        0.0000000000000000        0.0000000000000000        0.0000000000000000        0.0000000000000000     
   0.0000000000000000        0.0000000000000000        0.0000000000000000        0.0000000000000000        0.0000000000000000        0.0000000000000000        0.0000000000000000        0.0000000000000000        0.0000000000000000     
