   8.4278808312357391E-004
   8.8972791028111729E-004
   7.7499276777758918E-004
   7.6090864142475774E-004
   7.4637710347094232E-004
   8.3476433554306652E-004
   7.9349614178259812E-004
   8.5279769115106767E-004
   8.4912948654175416E-004
   8.1461671445448320E-004
   7.9502204981930465E-004
   8.7721220809092637E-004
   8.5331420359150095E-004
   7.5490349350785526E-004
   7.8501843431056002E-004
   9.0389610250052376E-004
   7.6563113517447048E-004
   8.9122840363015305E-004
   9.3236400135962507E-004
   8.4223245598467195E-004
   8.3068784659015820E-004
   7.5298936452079996E-004
   8.0434746889103501E-004
   8.4689137850477907E-004
   8.8279933961657225E-004
   8.6468796645290571E-004
   7.9441518360239883E-004
   8.8566410535821476E-004
   8.9546341865340620E-004
   7.3678252305271644E-004
   7.9971662241256106E-004
   8.4065449677538161E-004
   7.5829407655165267E-004
   7.6404120617814273E-004
   9.0431267192738352E-004
   7.8483106302712946E-004
   7.7258176425189370E-004
   8.4527114165177384E-004
   8.6454826418370402E-004
   7.3858020330580868E-004
   8.7129860018268096E-004
   9.2459334008800488E-004
   8.3777196524799022E-004
   8.1926825442791380E-004
   7.8874078133404793E-004
   7.4908696559299439E-004
   7.6122106889412236E-004
   7.7806310010819567E-004
   8.4589187131689546E-004
   7.8164997253855222E-004
   8.9192009582056636E-004
   9.2296744177920438E-004
   7.5222056371823686E-004
   8.8543045351844837E-004
   8.9668930714870295E-004
   8.6312483963554355E-004
   8.7264356418259852E-004
   8.4935819813881388E-004
   7.3232536139439654E-004
   7.4036082504446072E-004
   8.2725139654006693E-004
   7.4439946577525980E-004
   7.4341058259990074E-004
   8.7977298765948015E-004
   7.9364286919848229E-004
   7.7401990736028047E-004
   8.6561454210866287E-004
   7.8499060549473221E-004
   7.9465989105572885E-004
   8.7465387824035303E-004
   8.9666476781565701E-004
   8.6435334539056489E-004
   7.4528609349032047E-004
   8.6838844383842065E-004
   8.2133257685407083E-004
   8.3334806688797598E-004
   7.9828405954072599E-004
   7.6914146724113683E-004
   8.8133972086314573E-004
   8.7605948645818276E-004
   8.7345868117208025E-004
   8.9695683622518347E-004
   8.6286561766633441E-004
   7.7312816143848876E-004
   8.0060039791346861E-004
   8.8225542774804909E-004
   8.9832531285028924E-004
   9.1159539836465405E-004
   8.7366050510832112E-004
   8.5366962531189779E-004
   9.0937685561772689E-004
   9.1576646777592492E-004
   7.6454066575720324E-004
   7.1945749806451732E-004
   7.6022511196768242E-004
   7.4660252531177885E-004
   7.7300130167290047E-004
   8.2795478148248061E-004
   8.7935904272812835E-004
   8.9935059619429005E-004
   7.4753204412538431E-004
   7.5358326080082457E-004
   7.6336515448726121E-004
   7.6505850244781067E-004
   8.4491138656489582E-004
   8.8931109367395406E-004
   8.2410320371198269E-004
   8.9604237742960645E-004
   7.7118655727596852E-004
   9.0560046549427236E-004
   7.5652297527720701E-004
   9.0750064329031674E-004
   8.6294258073192924E-004
   8.4831321462813889E-004
   7.8047107017714386E-004
   8.4061201418616572E-004
   9.0604936322444740E-004
   8.6797081146614582E-004
   7.4129779685029975E-004
   7.2975046697058257E-004
   8.6934050913390053E-004
   7.2321369409110393E-004
   8.7644382293569840E-004
   8.1047263735924060E-004
   7.3819141037860254E-004
   7.3130198555147925E-004
   7.3618069444267927E-004
   7.3772153083730293E-004
   7.6803060771357429E-004
   8.5211484720835822E-004
   7.3071896197452987E-004
   7.4023594248103235E-004
   7.3353551678047193E-004
   8.3857555463523806E-004
   7.9393837462359636E-004
   8.6060734154340998E-004
   7.6259492494887445E-004
   8.5183527773621478E-004
   8.5335269844189247E-004
   7.5013898987042295E-004
   7.4084901420630911E-004
   7.7870725820129044E-004
   7.5799666147735004E-004
   9.1092760139334079E-004
   8.4450964498332946E-004
   7.8684411939892258E-004
   7.5386390028688770E-004
   9.5901315184553299E-004
   7.8859854202833742E-004
   8.7611123542469705E-004
   7.5189057819458169E-004
   7.5983258354165000E-004
   8.7447098521137767E-004
   8.9472726075063528E-004
   8.8945725884621797E-004
   9.1391944272970589E-004
   7.6832844323606361E-004
   8.1137736027103171E-004
   9.0871221759071877E-004
   7.7442876127850309E-004
   7.4677384560649016E-004
   9.0162742867896147E-004
   8.2643374340471399E-004
   8.8332937965002222E-004
   7.6333552849899790E-004
   7.3306267975919927E-004
   7.6268695226804583E-004
   7.7198398124556013E-004
   8.8849626696169538E-004
   9.2257064395128352E-004
   8.4341667526067077E-004
   9.0420545350135674E-004
   9.1131781179185165E-004
   8.9218955427624452E-004
   7.6623331107111587E-004
   7.0725164096054668E-004
   7.3500030025879122E-004
   8.5300657745658354E-004
   7.0775589855006651E-004
   7.3564061334914000E-004
   7.7847452567194697E-004
   8.4649894972469916E-004
   8.6128494391031572E-004
   7.5327329140095192E-004
   8.2866394211928102E-004
   9.0062357781940411E-004
   7.5623490916738531E-004
   8.4781645416979903E-004
   7.6959449536883012E-004
   7.6814789648693878E-004
   8.4789842273671340E-004
   8.9108879665452420E-004
   7.4337784942125906E-004
   7.8503511453039288E-004
   9.1900284589398868E-004
   8.7067851785693816E-004
   8.5663403036792486E-004
   7.8989152420980483E-004
   7.6052807700672598E-004
   7.7421664246419284E-004
   8.6028483202161459E-004
   8.3876046657460580E-004
   7.4070724604473207E-004
   7.7736302927862227E-004
   7.2408764547695053E-004
   7.5307328551685651E-004
   8.7873267224632698E-004
   8.4667842229606087E-004
   7.7682560843490335E-004
   7.4856252997165297E-004
   7.6333285047897200E-004
   7.5219640672230179E-004
   8.7478805483922489E-004
   7.6971483855975875E-004
   8.6253458966664101E-004
   7.4613981059894847E-004
