   9.4861001148174200E-004
   7.6395027876505466E-004
   8.4065810653601426E-004
   8.0588494082583909E-004
   7.8521947358757961E-004
   8.2862574597944265E-004
   8.8943838439098247E-004
   7.6964426801423471E-004
   8.0154131472231994E-004
   7.5539423578720156E-004
   7.9947706443538535E-004
   7.8398939150067066E-004
   8.5887235792034126E-004
   7.7398384124238836E-004
   8.5119496256700537E-004
   8.8088197937904382E-004
   7.5491243875799342E-004
   7.3350673239303726E-004
   9.0027320050196230E-004
   9.1018307384188200E-004
   7.9425134075477633E-004
   8.8142199254700711E-004
   7.5275944713247545E-004
   7.2624372357073252E-004
   9.3816697107928777E-004
   8.9490427291484174E-004
   7.5535618674037739E-004
   8.9249857753595941E-004
   8.4510094156197519E-004
   7.4952742813005077E-004
   8.6828534114996526E-004
   7.5971847141482226E-004
   7.5208433172360473E-004
   8.5805344415871979E-004
   7.4599927859236826E-004
   7.8228599641802098E-004
   7.7250467593513884E-004
   7.6965883537456032E-004
   8.6902494367224021E-004
   8.8470395404571973E-004
   7.6885661876908648E-004
   8.8792101107117844E-004
   7.7416189688326730E-004
   7.8280055426027543E-004
   8.9675846959230004E-004
   8.5961583057635952E-004
   8.8627486967309574E-004
   8.8441478655134579E-004
   9.2257600445892968E-004
   8.7173497058827543E-004
   9.4912262756800196E-004
   9.1613990864483565E-004
   8.8100919310538095E-004
   8.7357585588495039E-004
   8.9171899803080709E-004
   7.6423307708811184E-004
   8.6433966047325496E-004
   7.9641211455207131E-004
   8.0294582645536704E-004
   7.8455733901536024E-004
   7.7131071491563633E-004
   7.5744140228572998E-004
   8.3951331140424241E-004
   7.4995173507418631E-004
   7.2077823232697042E-004
   7.5699460437428801E-004
   7.9604309027089142E-004
   8.7589127375648759E-004
   7.5969543475273469E-004
   7.7646028404556775E-004
   7.5506072381292984E-004
   8.8999628516180757E-004
   8.8947526151258625E-004
   8.0264305404017914E-004
   8.7248265708492342E-004
   7.6340556910390667E-004
   8.8931096293287833E-004
   8.6899433008378409E-004
   7.9540923724566752E-004
   8.5251401192266605E-004
   8.8133548562349868E-004
   7.5819209929657756E-004
   8.3130043791828528E-004
   8.6854158923506777E-004
   9.1760102242473209E-004
   7.9553400654225651E-004
   8.6927784902035760E-004
   8.0100323266780039E-004
   8.1262487260736610E-004
   9.3832916853961966E-004
   7.8088905701331681E-004
   7.5665891440662226E-004
   8.2189375430865132E-004
   7.5741960734946939E-004
   7.5448832598815833E-004
   8.9848716126859896E-004
   8.6708470007488810E-004
   8.9646209037898782E-004
   8.9483574894317687E-004
   8.7133543533735231E-004
   7.8679201582149410E-004
   8.0973883894841861E-004
   8.8805109035266290E-004
   8.5902411954635741E-004
   8.8464858861737211E-004
   7.9907120202009081E-004
   9.0382937655394307E-004
   8.9805951982432496E-004
   8.3541982009207824E-004
   7.5447544242241446E-004
   8.5023089899445787E-004
   7.5889093399419613E-004
   8.9092314528144568E-004
   7.6314520260795029E-004
   8.8258517951310693E-004
   7.7183352656733887E-004
   9.0237375881925845E-004
   7.4008500779632698E-004
   7.5148009121536513E-004
   8.8562563742479764E-004
   8.7125837635029985E-004
   8.6501811021405593E-004
   8.9482975055915636E-004
   7.6445252598861312E-004
   8.2914254843725920E-004
   7.6225258865550601E-004
   7.5505718339005580E-004
   7.8237225297207963E-004
   8.7956550651365265E-004
   8.9174867589508354E-004
   8.9244514845268250E-004
   7.9417603541375565E-004
   7.4257098736400275E-004
   8.5629842023698239E-004
   9.0910283582155071E-004
   7.6348248133152597E-004
   7.6661340448941763E-004
   8.6328883532775459E-004
   8.1717740130260138E-004
   7.7837901814268575E-004
   8.7921548835883116E-004
   8.6273989860397591E-004
   8.5838268512108246E-004
   8.7881111359356485E-004
   7.7987892469070402E-004
   9.3281903876208988E-004
   7.7505957624742492E-004
   8.7685223004160514E-004
   9.2630595857179506E-004
   7.4243421987263370E-004
   8.5153640220876051E-004
   9.4100992924966173E-004
   8.6037739364984585E-004
   7.6192527508415575E-004
   7.4155558331426643E-004
   7.6060401658330310E-004
   8.6325038837059803E-004
   7.8035825109645893E-004
   7.1904623274823679E-004
   7.6402775243528576E-004
   8.2345190093826431E-004
   8.3569768614767768E-004
   8.8304941150713643E-004
   8.5910664768296867E-004
   7.9251515421519220E-004
   8.7804279458037154E-004
   8.4319885640368828E-004
   7.5453978299947237E-004
   7.7599420384152527E-004
   7.6986310083837690E-004
   7.7165802503618910E-004
   7.2817920712672573E-004
   7.1938141534554209E-004
   7.5846353094794784E-004
   8.6772131494865300E-004
   9.0946356836108400E-004
   8.9224144948718879E-004
   8.9441790781091596E-004
   8.8091133853140263E-004
   7.5954215137042757E-004
   8.5138651930988707E-004
   8.9045495442916715E-004
   7.4327735295211380E-004
   7.5708599471400160E-004
   9.0087993822380718E-004
   9.0310817815030583E-004
   7.6541485625773818E-004
   9.0305415417506424E-004
   7.2434386189609552E-004
   7.2310007788716553E-004
   7.5263959840878567E-004
   7.5092694278845273E-004
   7.5503900250616064E-004
   7.3677743753296871E-004
   7.5934820591893064E-004
   7.7321329737918109E-004
   8.4659350014092225E-004
   8.0113603567301883E-004
   9.1239242294402230E-004
   8.7318454367196709E-004
   7.3348807462880142E-004
   7.7132506717930249E-004
   7.8214434069819136E-004
   8.6372602076755650E-004
   9.2301385411635206E-004
   8.6170387741141849E-004
   8.6463563614625546E-004
   8.6409369330651823E-004
   7.9212198704425624E-004
   7.4666109511721231E-004
   8.8570453281693810E-004
   7.5587453383329898E-004
   7.2874337738838228E-004
   7.6587749181945581E-004
   7.5281582941876966E-004
   7.6862319335542278E-004
