   6.8658246756545817E-004
   7.8119838677737986E-004
   7.8592720726712952E-004
   8.1439827565732371E-004
   6.9874935513868607E-004
   6.7971837392814599E-004
   7.2424537076747530E-004
   8.1750889539779464E-004
   7.8094999348538399E-004
   8.1396306679208360E-004
   7.6676164199565339E-004
   6.8738764431557249E-004
   7.9573729731852204E-004
   8.1328445694720322E-004
   7.3601325024447747E-004
   7.9197837938338662E-004
   7.3588103228381524E-004
   7.7873130248583213E-004
   8.2583466023971480E-004
   7.8242654570314892E-004
   8.0444070523337356E-004
   6.9347193326038507E-004
   7.9042424485235667E-004
   7.0207585709530459E-004
   7.9829970848419463E-004
   7.1509378105307452E-004
   7.7526700547145787E-004
   8.3478763185266061E-004
   7.9376357031778200E-004
   6.8855710944528575E-004
   8.0718301202692888E-004
   7.1781036859499680E-004
   7.1558976576835615E-004
   8.0099532162128807E-004
   7.4977241927932578E-004
   6.9738690900072553E-004
   6.7369040282661170E-004
   8.1447312423776560E-004
   8.2946234008928659E-004
   7.1997370131254206E-004
   6.9694870707833758E-004
   6.7199906236022511E-004
   6.8163113354785727E-004
   6.9873117854651228E-004
   7.1399558495184329E-004
   7.8916673410529055E-004
   7.8154358457761515E-004
   7.2263988202895255E-004
   7.2032182156960196E-004
   6.9558306741137059E-004
   7.9236959883881948E-004
   7.9188940196803562E-004
   7.3460379416521050E-004
   7.5326126016578840E-004
   7.7504080690040517E-004
   7.0701769437867348E-004
   8.1760746486104086E-004
   6.9952776430982553E-004
   7.7397457432329723E-004
   7.1239484683622775E-004
   7.0570261789228215E-004
   6.8540954339713143E-004
   7.1728545241694106E-004
   6.7662934661884896E-004
   6.8813299269276354E-004
   6.7743702120249378E-004
   6.7481035274200886E-004
   6.7563813323713194E-004
   6.8372457410063609E-004
   7.9729831486327726E-004
   8.0540190160003321E-004
   6.7887810211241136E-004
   8.0820829489991095E-004
   8.2456170666993266E-004
   7.1983684704756345E-004
   6.9888882567846163E-004
   7.5339993920174944E-004
   6.8232573764948643E-004
   7.5984099848952263E-004
   8.3323634793633307E-004
   6.8371142585364742E-004
   7.8060291376116941E-004
   7.6091583543798488E-004
   6.7844398385878354E-004
   7.2002032425525495E-004
   7.1392460850425654E-004
   6.8184639567715353E-004
   6.8525308373945366E-004
   7.7999946780475953E-004
   7.7838210229969984E-004
   6.8129732222218880E-004
   6.8757855014962312E-004
   7.4985991362856946E-004
   6.9994649878414215E-004
   6.9153033594069311E-004
   7.8541705874784562E-004
   8.0041929111628312E-004
   7.8762738272555898E-004
   7.7728059805703682E-004
   7.0390586108474941E-004
   6.9509942406841040E-004
   8.1608664050207634E-004
   8.1781228705368172E-004
   7.6489459601457538E-004
   7.2641876051553124E-004
   8.3557937608287993E-004
   8.1589638114720081E-004
   8.1453900076488607E-004
   8.1418049273344081E-004
   8.0385849447660513E-004
   7.0442690549214922E-004
   6.6318378150089625E-004
   7.0050095355912072E-004
   7.0415593244768778E-004
   7.1085296625421313E-004
   6.8637554961799502E-004
   6.9391227805830910E-004
   7.1636308247734659E-004
   8.2477366878899153E-004
   7.8656411752717279E-004
   7.6555524408623908E-004
   7.2579538517818058E-004
   7.8235813875497206E-004
   7.9994880980529095E-004
   7.9121210982033112E-004
   7.2764644403261838E-004
   7.9460409040774962E-004
   8.0882900970894150E-004
   8.0548269401327268E-004
   7.3769269932133508E-004
   7.0846774397400291E-004
   8.2163981479411866E-004
   8.3839773808762157E-004
   8.0547414873735233E-004
   7.6025541082065564E-004
   6.9961606345307441E-004
   8.0094990917340693E-004
   8.2221619411752302E-004
   7.2068902627456721E-004
   7.4060498809908905E-004
   8.2107744016349758E-004
   8.2046488206372417E-004
   7.6934229792747870E-004
   7.7137273323962753E-004
   7.1221507644813925E-004
   8.4026609402756600E-004
   8.1263793919408454E-004
   7.0368504106751322E-004
   7.7007408702182251E-004
   6.7340569655437730E-004
   6.8099002741256291E-004
   6.7420954919256929E-004
   8.2847222860061892E-004
   7.1153406914318520E-004
   7.2747065129833365E-004
   7.6968194570721743E-004
   6.9955381887526577E-004
   6.9265387522657014E-004
   8.0633607181613718E-004
   7.9978483748633451E-004
   7.2067478552675620E-004
   7.7223108983258653E-004
   7.1424153080653177E-004
   7.6885274979118670E-004
   8.3159012912508887E-004
   7.7192119985573327E-004
   7.0324200940838290E-004
   8.2935702650653359E-004
   8.2040845673391079E-004
   7.1332300722286865E-004
   7.6173872534664470E-004
   7.4485339697805391E-004
   8.0441596034333356E-004
   7.2145141255410136E-004
   7.8937514264052833E-004
   8.0510448480182895E-004
   6.9324109809836931E-004
   7.9978451985283211E-004
   7.3766393567751697E-004
   6.7838179572148819E-004
   6.9348408258213922E-004
   6.8488321475981199E-004
   7.1434710730045058E-004
   7.9344513074240447E-004
   7.5613243273600639E-004
   6.8878892463479567E-004
   7.3716905383886130E-004
   6.9187778896356497E-004
   6.8896984703671420E-004
   7.0895409997029867E-004
   8.0518854686403298E-004
   7.2420535711247437E-004
   8.1258289449617890E-004
   7.9181063480985876E-004
   6.7761750789495411E-004
   7.6226219732001220E-004
   8.1641957061579786E-004
   7.3499656568164185E-004
   8.0001152871636615E-004
   7.2194164000005483E-004
   6.7375736896199830E-004
   7.1567786406809102E-004
   7.2926976806424334E-004
   6.9836116006661479E-004
   8.3239017387182440E-004
   7.9045090653999254E-004
   7.2236458791614705E-004
   8.1848031761832087E-004
   8.0673785904396007E-004
   7.9187504615448739E-004
   7.1601323087974234E-004
   8.2933882455880339E-004
   8.1148868438179729E-004
   8.3688266885824131E-004
   7.0761005610372508E-004
   7.6909618140752782E-004
