   8.6117858186879467E-004
   8.9845324752381754E-004
   7.8147832217876560E-004
   8.7412218324701150E-004
   7.5089487972082993E-004
   7.5601091635402011E-004
   8.5623986051397340E-004
   8.8693562462526746E-004
   7.9149889260070132E-004
   8.3284725526248579E-004
   7.5189876716630821E-004
   8.6727811486153107E-004
   7.6810575120955956E-004
   7.8250015561832204E-004
   8.4970868074631079E-004
   8.6035847527498796E-004
   7.1146026062772396E-004
   7.3109428156833598E-004
   8.6390695370764335E-004
   8.9133291334663682E-004
   7.7256067410930217E-004
   8.1427302607711715E-004
   8.5155830727145609E-004
   8.5518757602806919E-004
   9.0212916832200986E-004
   8.9182364419678893E-004
   8.7723617769359876E-004
   8.8705069132174661E-004
   7.8586467098458305E-004
   9.0932437629487296E-004
   7.6867506455114256E-004
   7.9148246864445650E-004
   9.0105517462549386E-004
   8.2056177132058339E-004
   7.3116667383996972E-004
   7.6088154937811389E-004
   8.4844458751782861E-004
   8.9528431437881312E-004
   8.6083013923372387E-004
   7.4291250631827103E-004
   7.5881492780047752E-004
   7.3944620107629325E-004
   7.5929702278855677E-004
   7.8588989928027851E-004
   7.5310491240599699E-004
   8.3934747664187728E-004
   7.4401526912287101E-004
   7.7149873356595268E-004
   8.4026499449478455E-004
   7.5445314760479057E-004
   7.4984379609798369E-004
   8.7254156301742240E-004
   7.5265039367989738E-004
   9.0459571739366488E-004
   7.6145542906841705E-004
   8.6954238647241695E-004
   8.0440003803334246E-004
   8.6332195140657387E-004
   8.7623348156886673E-004
   8.8356602695806731E-004
   9.1822662633128378E-004
   9.2462395118152250E-004
   8.8142581075648834E-004
   7.5889983477841496E-004
   8.6465002958322596E-004
   8.9654603675435891E-004
   8.6182339441559475E-004
   7.7299404404044592E-004
   8.8733323917419870E-004
   7.3481732043625058E-004
   7.6565041035964990E-004
   8.8086587626817401E-004
   7.6857950393901403E-004
   7.9353775721344036E-004
   7.4729973765975206E-004
   8.7540157774376899E-004
   7.4089900757011440E-004
   7.6106918782414639E-004
   7.4710917542904318E-004
   7.5402872955790227E-004
   7.7007123500151607E-004
   8.0427177605257492E-004
   7.0971208877164751E-004
   7.5317040639913564E-004
   7.9359920217333762E-004
   8.9751297377936167E-004
   8.4113091542530223E-004
   7.5920886389855430E-004
   8.7271587983664130E-004
   8.1329960154068095E-004
   8.8713841826085118E-004
   7.9442802546305703E-004
   7.6076829187731311E-004
   7.3318383576964977E-004
   8.8100712237108435E-004
   8.6366966893255015E-004
   9.2883385255373334E-004
   8.8987509525507622E-004
   8.6827561657879047E-004
   7.2821194216759642E-004
   8.3900884986390205E-004
   9.0678793323940485E-004
   8.3559656072083063E-004
   8.5436047188248510E-004
   7.6518634867083716E-004
   8.5122763598380249E-004
   8.8412263171742218E-004
   7.9288246725389526E-004
   8.7011398593128111E-004
   9.3554386602407911E-004
   8.2611259930722260E-004
   9.1286170479495314E-004
   8.2574130166399951E-004
   7.7229355722869186E-004
   7.8418534132901081E-004
   8.8198659598267106E-004
   8.0020910339078635E-004
   8.0120051925628138E-004
   8.8920575719628886E-004
   8.5379310899602893E-004
   7.2437757728014383E-004
   7.6692878996095402E-004
   8.6689727255503122E-004
   8.1125431241389073E-004
   8.4861879730773132E-004
   8.4584757033798793E-004
   8.5268172473199533E-004
   7.2136515176715967E-004
   7.6305850412241303E-004
   9.0573141217936107E-004
   7.7470061930542782E-004
   7.7193883929844878E-004
   7.5746180988340488E-004
   7.5910730137823809E-004
   8.3828423257957139E-004
   7.7517798608020224E-004
   8.0561642766994210E-004
   8.7531087867198350E-004
   8.9549934684860020E-004
   8.2522049869463907E-004
   7.5997505953708086E-004
   8.6210836200356969E-004
   7.6803223310680272E-004
   7.7954679118610187E-004
   7.4177422937569439E-004
   7.6870993264738425E-004
   7.8910169386856683E-004
   8.6849140627043016E-004
   7.9297738320863284E-004
   7.5570957321116898E-004
   8.5829295408267991E-004
   8.7506737995134696E-004
   8.3852078275983052E-004
   7.7049191815864275E-004
   8.9554637749754049E-004
   7.7884787804944288E-004
   7.2682430634730499E-004
   8.6988559421565317E-004
   8.8477225913167221E-004
   8.9429472487056300E-004
   8.7882616583203862E-004
   7.6278111757821748E-004
   7.6703354845462403E-004
   7.9354645179957768E-004
   8.7673355523278389E-004
   8.9366188670756753E-004
   7.8507876362164772E-004
   8.5652363361794813E-004
   7.9952750513889725E-004
   8.8871905651194925E-004
   9.0637648052125188E-004
   7.3406988983703084E-004
   7.8090292910407697E-004
   7.6054381865466785E-004
   7.1968202250423440E-004
   7.7261622584368821E-004
   8.6732204907282275E-004
   7.7027847596580540E-004
   8.7207604164102055E-004
   8.4586734468489633E-004
   9.1367295193394284E-004
   8.3688960094720633E-004
   7.7151064823118107E-004
   7.7924804273195704E-004
   8.5102453875285030E-004
   7.5198183397511107E-004
   8.2711236382547232E-004
   7.6285028043901731E-004
   8.7366226114924436E-004
   9.0334851732933161E-004
   7.9130096566603085E-004
   8.2877195827317930E-004
   7.7310679373973569E-004
   8.7394371449235229E-004
   7.7162758932271041E-004
   8.4370479571831602E-004
   7.4893507248717441E-004
   8.5957927383232668E-004
   8.9733777823993691E-004
   8.8605843601724098E-004
   7.7221341293177200E-004
   8.8167399247924389E-004
   8.7417159197851339E-004
   7.9587278964748389E-004
   7.5305674519655192E-004
   7.8584496218902849E-004
   8.9746790235389114E-004
   7.5654601598952858E-004
   8.3312960447722440E-004
   7.6432521090175163E-004
   7.2702366395810945E-004
   9.3565505247601222E-004
   8.6563929511705804E-004
   7.4967882191216868E-004
   7.5163514845124181E-004
   7.4075936894494330E-004
