   8.6047229443602454E-004
   7.4168765465537840E-004
   7.6672612218659680E-004
   7.5052861559153508E-004
   7.1833080823940909E-004
   7.7793998450010411E-004
   8.0026391404419001E-004
   7.1865689309944588E-004
   8.2778456099576582E-004
   8.6337088172275072E-004
   8.7325524604451514E-004
   8.6830015370701220E-004
   8.2186016371964753E-004
   7.4946927338042377E-004
   7.3960433300154121E-004
   8.7858942270663330E-004
   9.4254452296199090E-004
   8.5852199515096196E-004
   7.2880226526651467E-004
   8.2850477346970905E-004
   7.6204895567458144E-004
   7.3272052583291624E-004
   7.9381651618190292E-004
   7.5262438707671164E-004
   7.4913784975752333E-004
   7.3627263150381447E-004
   7.4416735680199768E-004
   7.4691037937413556E-004
   8.7396305751545882E-004
   8.1804934953307918E-004
   7.8813377949368401E-004
   7.7119323628583258E-004
   8.5823693179072386E-004
   7.7319386917062700E-004
   7.5538862458090312E-004
   7.7212872046063014E-004
   7.4403888852890749E-004
   7.3429890086612593E-004
   8.6704463293420860E-004
   8.5019794550676210E-004
   7.7984846532454255E-004
   9.1768809135716418E-004
   8.7747058580138558E-004
   8.8799752733423885E-004
   8.7309330302708663E-004
   7.7374949271261876E-004
   8.4787225843924695E-004
   7.8356947615276047E-004
   8.9243091530603587E-004
   7.5137904623914580E-004
   8.9503620772305326E-004
   7.6279819839447584E-004
   7.6150347575130041E-004
   7.8088204814334564E-004
   7.1799052849274496E-004
   7.5479573430137432E-004
   7.5143067229159423E-004
   8.4045266422537739E-004
   8.0275932447048087E-004
   7.5422184013945780E-004
   8.9432149260725219E-004
   7.4222015248260492E-004
   8.6329115647351207E-004
   9.1207937361877241E-004
   8.2109837905891645E-004
   8.9367635987910117E-004
   8.8068772998655233E-004
   8.4938300449221963E-004
   7.7014879187003484E-004
   8.7939161128545204E-004
   7.6185299017896371E-004
   8.7471582398489060E-004
   8.8907079168376417E-004
   8.8748004155033116E-004
   7.7607728574790582E-004
   8.3735442668384115E-004
   8.1828896494716712E-004
   9.2870317612221156E-004
   8.7523056626321542E-004
   8.6987187425627266E-004
   7.3330842811054843E-004
   8.1447715207646685E-004
   8.6303568638202517E-004
   7.7778049593913844E-004
   8.0788508518346081E-004
   8.4944294546618793E-004
   8.7274252722167336E-004
   7.8364271071127366E-004
   7.7215142409439285E-004
   7.6247573308452069E-004
   7.5528148233847754E-004
   7.6900883125039367E-004
   8.3994244413363979E-004
   7.9464777599244131E-004
   8.6920335410112172E-004
   7.3035158816719785E-004
   8.5451542781803038E-004
   8.4412458921324593E-004
   7.5472115652567358E-004
   8.5091078899207900E-004
   8.7320730462108994E-004
   7.7236643108457735E-004
   8.0218057680267571E-004
   7.9057719854977752E-004
   8.8447499211517571E-004
   8.5510292650555820E-004
   7.6388583386678515E-004
   8.7132067459431810E-004
   7.8442633480238565E-004
   9.0940008416239937E-004
   7.7031929431444260E-004
   8.6950356132321912E-004
   8.4935177737909082E-004
   8.2784796020554945E-004
   8.5725844867790956E-004
   9.5611525369475889E-004
   7.6989288897135778E-004
   8.7991095444749101E-004
   9.2323731476711877E-004
   8.8444107642577936E-004
   8.5634142151133879E-004
   9.0864267020520045E-004
   7.7776623598631149E-004
   8.4032034419914898E-004
   7.6399216410301266E-004
   7.9013154709687975E-004
   7.3801756137759815E-004
   8.6246232494538130E-004
   9.0450362613101647E-004
   7.8627610682316439E-004
   8.8919771624202597E-004
   8.2786467457541201E-004
   7.3475351835658833E-004
   7.6247675352443642E-004
   8.6265377504780741E-004
   8.1159377006407099E-004
   8.0026659031703147E-004
   7.5639368835571212E-004
   7.7471864682269640E-004
   8.7468150427704122E-004
   7.8726367841203007E-004
   7.5021628793030184E-004
   7.6633866454497101E-004
   7.6886940514979602E-004
   8.8191775896705226E-004
   7.4517215244734598E-004
   8.6772831309367415E-004
   8.5960892029217980E-004
   7.6420450478432262E-004
   7.7292180439512905E-004
   8.0906333221341796E-004
   8.1821598855793328E-004
   8.0483849500900611E-004
   7.5581840815273330E-004
   9.1315111303174917E-004
   8.8222130595270423E-004
   9.3036614654152508E-004
   7.7710026799043418E-004
   7.4469180064715786E-004
   7.8335466409793061E-004
   8.7424185046728285E-004
   7.7324426868058231E-004
   7.9384515392839352E-004
   8.4016262807132204E-004
   7.6089866656179510E-004
   8.6784516437978995E-004
   8.4163299084566803E-004
   8.9937500887042122E-004
   7.8019069225689942E-004
   7.7733533975465755E-004
   7.6783725475757598E-004
   9.1576604561510744E-004
   8.9141956172148666E-004
   7.8375057752927402E-004
   7.9185943027743034E-004
   8.8569255226518821E-004
   8.7628291391960659E-004
   9.1231140474656294E-004
   9.6439141915485155E-004
   7.9844200134717054E-004
   8.0717475941620897E-004
   9.0244255386220582E-004
   7.8478742873954810E-004
   7.8897363807477097E-004
   8.5103368928337783E-004
   8.5801394099945796E-004
   7.7832701281040843E-004
   7.9039398145094517E-004
   8.9230150251126206E-004
   9.0863265806429396E-004
   7.6373891604303616E-004
   8.3980870084799752E-004
   8.1027454859030213E-004
   8.7772108787246509E-004
   8.7451343635381739E-004
   8.1772939139616364E-004
   8.3198508831281077E-004
   9.0979863833913314E-004
   7.4017473668801291E-004
   7.8289199010698140E-004
   9.4086385541186732E-004
   8.0452587323373212E-004
   8.5005375996298797E-004
   9.5507059709938841E-004
   9.0275433409103747E-004
   9.1652376348361610E-004
   9.3111788363649673E-004
   9.0227980757161394E-004
   8.1969210934106920E-004
   8.7359213636123510E-004
   8.7230087270977522E-004
   8.9464391884709984E-004
   7.8612367658270036E-004
   9.3788042929488034E-004
   8.9376047603742916E-004
   7.7352145218065934E-004
