   6.9734268157654183E-004
   7.8056097143566132E-004
   7.6962352208648970E-004
   7.7842603411771021E-004
   7.0842561798368478E-004
   7.1083478255907660E-004
   6.7589870810571759E-004
   7.2443748195599083E-004
   7.2168020978158743E-004
   8.1854829035274965E-004
   6.8226773481250942E-004
   6.6812148183966391E-004
   7.1933975650728666E-004
   6.9310961156760918E-004
   8.0082344606955671E-004
   8.3486753769324582E-004
   8.3027393420563199E-004
   7.9997771230949709E-004
   7.9181910213837233E-004
   6.8710026949038005E-004
   7.2675773855510810E-004
   7.1988341633911958E-004
   7.9454869867392640E-004
   6.9988573320472493E-004
   8.2377019290744450E-004
   7.8093474857443405E-004
   8.2711923038250612E-004
   7.1627064173688225E-004
   7.9114282470251342E-004
   6.9359845032225217E-004
   7.0814291672920224E-004
   7.8497551754247484E-004
   7.2761358808795550E-004
   8.0428053120318907E-004
   8.0639058817761635E-004
   6.7208337456068550E-004
   7.3738598432913417E-004
   7.8314782968811800E-004
   7.1579583421089543E-004
   7.0297258930247005E-004
   7.8269368661066643E-004
   7.1546737495255914E-004
   6.9886604554731334E-004
   7.5990171939190499E-004
   7.0629136834716891E-004
   7.4912542552291086E-004
   7.7812557930353793E-004
   8.1212721331997393E-004
   7.0620924404630298E-004
   7.9254861572058976E-004
   8.1978137035779099E-004
   8.1082270297589158E-004
   7.2614748759463785E-004
   7.5342559422814277E-004
   7.8793433079414913E-004
   7.9229664029134604E-004
   8.3817833869461085E-004
   7.8389371107762931E-004
   7.1144402372474915E-004
   7.1430694274077428E-004
   6.8842248421749754E-004
   7.0801143094009842E-004
   6.8287226543487206E-004
   6.9865871377036259E-004
   6.9731748601844915E-004
   6.7691409795682302E-004
   6.8635781945018931E-004
   7.1493796807950362E-004
   6.8745199659436438E-004
   7.9987901743477897E-004
   8.0898564295712311E-004
   6.7256307033576818E-004
   7.2991771545119835E-004
   7.4871939450721651E-004
   7.3645366723775201E-004
   6.8319429839258042E-004
   7.2634604210216182E-004
   7.5656906029478947E-004
   7.9045052092333262E-004
   7.2793265359665633E-004
   7.6781895549736566E-004
   7.1321523516985658E-004
   7.1998178169041657E-004
   6.9272247390366750E-004
   7.7390502271141670E-004
   7.4505499553465654E-004
   8.3785741033037711E-004
   7.7876855437305776E-004
   7.0585469349369163E-004
   7.1454102420565654E-004
   7.6857661513149271E-004
   7.4294147696104510E-004
   7.7227062548384791E-004
   7.1940651712193210E-004
   7.7873818109883597E-004
   7.7199820439086131E-004
   7.1133675243881928E-004
   7.7934184020225685E-004
   7.9118592195278020E-004
   6.9166958387983761E-004
   8.1804065297032247E-004
   8.0059475461609667E-004
   6.6755065565093084E-004
   6.9643780898657483E-004
   7.3358945236499679E-004
   8.0605234940153909E-004
   7.8152351969415642E-004
   7.0620449133402337E-004
   8.1801661078439818E-004
   8.0615129876526433E-004
   7.0857061119322575E-004
   8.0622332022195411E-004
   7.7734984299931509E-004
   7.2138508631178460E-004
   7.2005990523204698E-004
   8.5798080463166180E-004
   7.3484142931165119E-004
   6.9355150856972945E-004
   6.6979460192642345E-004
   6.8652380076121566E-004
   7.1418172819414142E-004
   7.7451071307512397E-004
   7.3296569677891823E-004
   7.5704643737253569E-004
   6.9500444310440542E-004
   7.0554581048050380E-004
   7.1489354220933394E-004
   7.6642258350789316E-004
   7.9404637324334418E-004
   6.8120622513858666E-004
   7.7802916806923026E-004
   8.0614711176926507E-004
   7.0656150939461338E-004
   8.3230958756927279E-004
   7.3444623390103876E-004
   6.9037551731749062E-004
   8.2460740350742104E-004
   7.7388753503501273E-004
   8.0062194757637766E-004
   8.2432711250564285E-004
   8.1906495971769409E-004
   7.9369600405885035E-004
   8.0519457344759037E-004
   7.9318976542206679E-004
   6.8632845636751685E-004
   8.1004026044009781E-004
   6.6646983428237131E-004
   6.8373256359897450E-004
   8.2959507118011869E-004
   7.6965341160184335E-004
   6.9667771351628548E-004
   7.9664486895231993E-004
   7.1062037623553548E-004
   7.4833538861872112E-004
   6.9826685649389915E-004
   6.9005229932999886E-004
   7.6811980521162822E-004
   7.2734280556894864E-004
   7.1207955357356905E-004
   7.0210607497190214E-004
   6.9065826261813267E-004
   7.9394827774548042E-004
   6.9559374971392841E-004
   8.4547091341939673E-004
   8.0763514756870510E-004
   6.9404614255338503E-004
   7.9065703568696960E-004
   7.9561201096519881E-004
   8.2004426845303478E-004
   8.0884548836464060E-004
   7.9955457688572892E-004
   8.1435082783694974E-004
   7.3563976971022487E-004
   7.2029529282499995E-004
   8.3723935055020587E-004
   8.2305866843471491E-004
   7.1670621971024577E-004
   7.1210626249920987E-004
   8.0642417328705401E-004
   7.1694936354588289E-004
   6.9377459406219318E-004
   7.3534225850923512E-004
   8.1738136803192227E-004
   7.0193156335243202E-004
   7.2693869428112413E-004
   8.1752100088462655E-004
   7.9088060038859950E-004
   7.5775696490446563E-004
   7.8303668386984810E-004
   7.2005417056652599E-004
   7.5695408270054086E-004
   6.9415987073542188E-004
   8.1708447120924311E-004
   6.8140830894101198E-004
   7.2362999587320936E-004
   7.7172426685675913E-004
   8.4620617754666710E-004
   8.4010003140217056E-004
   7.0865455986921573E-004
   7.8802733357612219E-004
   7.2940131419689394E-004
   8.0573625439295574E-004
   7.8358180858588520E-004
   6.7530295184242901E-004
   8.1691876246833492E-004
   6.8120129881725597E-004
   7.7659976403012616E-004
   7.8422500961766034E-004
   6.9888243806714848E-004
   7.9075246864484475E-004
   7.1664294750890182E-004
   7.0871062849228012E-004
   6.7523155017241456E-004
   6.7322637771234509E-004
   7.7871438083923462E-004
   7.7088472305988540E-004
