   6.8039534990912650E-004
   6.7591155058703632E-004
   8.0717496843149246E-004
   6.8687512327373962E-004
   8.3853092201324720E-004
   6.7585138137393015E-004
   8.0507157377208819E-004
   7.0980028014537534E-004
   6.9574909851496123E-004
   8.0390611218187215E-004
   8.1512263373760725E-004
   8.0443304726856148E-004
   7.8403865119811575E-004
   7.8236630825240282E-004
   6.8232399927132376E-004
   7.1353326965174931E-004
   7.6853703072175816E-004
   7.7818406423424576E-004
   8.0760645223440291E-004
   7.2010710070745181E-004
   7.0487538349852167E-004
   7.9798915575717499E-004
   6.9559848462689522E-004
   8.0803031020774637E-004
   7.9723816905425120E-004
   7.0344094019495146E-004
   7.0226167749854666E-004
   8.0605470512280493E-004
   7.3596910444753466E-004
   7.7844369889329466E-004
   7.2451711860863717E-004
   6.8979039303356687E-004
   6.7754458938699502E-004
   7.2074744067435680E-004
   8.5004610211520271E-004
   8.3629755102868270E-004
   6.9267115139527409E-004
   7.6538436097711628E-004
   8.1268451701674543E-004
   7.8428710607508290E-004
   8.0422098298005154E-004
   7.1034352671301381E-004
   6.9669671319639854E-004
   6.7160999092803547E-004
   6.9816693012834052E-004
   7.0824204476945842E-004
   7.6880282289682985E-004
   7.7781519896817804E-004
   6.8282945524784856E-004
   6.8739973776771649E-004
   6.9919093894982049E-004
   8.0971300434365563E-004
   7.1770472291257095E-004
   7.0159519298835886E-004
   8.0997711742965728E-004
   8.0575783283550904E-004
   7.9225186695348340E-004
   8.2176394614726631E-004
   7.9873980204502721E-004
   6.8571515224456791E-004
   6.8689334430186691E-004
   7.1756117186425549E-004
   8.1288403238321649E-004
   8.0868550823570608E-004
   8.1549108611663444E-004
   6.7487444618144043E-004
   6.7155646534815705E-004
   7.7265291549407321E-004
   7.2252920379397830E-004
   7.4268493565946773E-004
   7.2336311881630324E-004
   7.6868147959054903E-004
   6.9501118691848497E-004
   7.9154654581166156E-004
   6.8499952823929155E-004
   8.0673620353079222E-004
   7.9517612591431725E-004
   6.9605485166311426E-004
   7.7679349762767302E-004
   6.9516386042057403E-004
   6.8924017009360243E-004
   7.7545259798029618E-004
   7.3090056095148094E-004
   7.7412219068773353E-004
   7.1859973640631017E-004
   7.0798388545747202E-004
   7.0299989723682775E-004
   7.1995392965921111E-004
   7.0664413311698855E-004
   7.9538107630606179E-004
   7.0874427380724476E-004
   8.1743735785491493E-004
   7.7205375456272424E-004
   8.1148827725935899E-004
   7.2079532360814005E-004
   6.9097786809534838E-004
   8.0618713847962673E-004
   8.2949058522739476E-004
   7.9191225764870313E-004
   6.9878796293489608E-004
   6.9467947608073172E-004
   7.0729867234870013E-004
   7.3010069611653629E-004
   7.9721326648840238E-004
   8.1411748354242479E-004
   8.1286123848703254E-004
   6.8920010942547774E-004
   7.7649325902032879E-004
   7.6751825497591508E-004
   8.1100532647048460E-004
   7.3385199208738923E-004
   8.2096473023396800E-004
   7.7443966461993713E-004
   7.9613517989775317E-004
   8.5200712378939237E-004
   7.7215099993346880E-004
   7.8825969024689981E-004
   6.9707044662372286E-004
   6.9912413835738682E-004
   8.1311858255500515E-004
   7.5658487940386638E-004
   7.0093961398484184E-004
   7.2608141597446858E-004
   7.4978860926008491E-004
   6.6352361038428485E-004
   7.0257230391892447E-004
   7.3346589808132359E-004
   8.0874284376849896E-004
   8.0936345086946525E-004
   8.3478349047433743E-004
   7.8121149842052563E-004
   6.9251110077441283E-004
   8.0440233320737842E-004
   7.6287288598489661E-004
   7.0380066066826779E-004
   7.3382768026112666E-004
   7.7972991487316339E-004
   7.9417624000983444E-004
   7.9259985491944487E-004
   7.4395259796375206E-004
   8.1935079529145438E-004
   7.0290126701036447E-004
   7.1653986806447466E-004
   8.2790299600940889E-004
   7.9203245575318576E-004
   6.9124123899187088E-004
   7.7764416512644124E-004
   6.9806850852065336E-004
   7.8840818306961176E-004
   7.1687779399240068E-004
   8.0268554536805771E-004
   7.0583404472347267E-004
   7.2094625980698743E-004
   7.8317955000723274E-004
   7.1732162672413628E-004
   7.0679901313176513E-004
   7.3294004549587417E-004
   7.8046615986584675E-004
   6.9185353348062098E-004
   7.2985013136602124E-004
   7.6197020211265858E-004
   8.0989036827428982E-004
   7.8364178605995873E-004
   8.1272422723805663E-004
   7.8244471247679022E-004
   7.6116819334605065E-004
   6.9684273994451954E-004
   7.0522350382817660E-004
   7.2636769632363504E-004
   8.2981211461423756E-004
   7.1576348206037416E-004
   7.8870743483319032E-004
   8.3161160678039861E-004
   6.7351986853107391E-004
   8.0354510659970131E-004
   7.8415612961409045E-004
   8.2143621166504317E-004
   7.9247855266461806E-004
   8.1759403166969014E-004
   8.1598271544949461E-004
   6.9379513953633429E-004
   6.8431781784235367E-004
   7.9501935672068478E-004
   7.8913057963164615E-004
   7.1338909660295571E-004
   7.0557388599986888E-004
   7.8125709526482049E-004
   6.9923195122388810E-004
   7.8631159991874905E-004
   7.8587411346573962E-004
   6.9573731960110164E-004
   8.0499985066115863E-004
   6.9661475483491205E-004
   7.7366812755109580E-004
   7.4808249742629315E-004
   6.6882998197293321E-004
   6.9270301541672348E-004
   8.3847807236746882E-004
   6.9826200048950769E-004
   8.0157371266379915E-004
   7.5160725601010586E-004
   7.1107847312047072E-004
   7.0465903012283961E-004
   7.7295406014274795E-004
   6.9811609430763736E-004
   7.7265931464230568E-004
   6.9170937924511696E-004
   7.6749789330981318E-004
   6.9635408359190200E-004
   7.3183287101808196E-004
   6.7757195570226274E-004
   6.7351381922958861E-004
   6.6887473204223279E-004
   7.1666904565808947E-004
   7.5676754831840326E-004
   7.9074514504702499E-004
